1559.0360376752656
1157.1265336069569
1047.6522898838439
987.4735655949033
933.880826818532
899.0292410686098
863.349418673022
810.1062190614898
785.1269470412155
753.0506584890958
722.43308192286
697.8719700944835
671.4084275344322
645.5424798439288
628.3983958014127
612.4573802290291
593.4268523084706
576.2089142470525
563.4363447551069
545.6590708864146
529.8063936562373
518.6498895678027
511.14081905628075
498.2559421473536
485.39056472120615
479.6570963859558
469.7024354112559
464.3681711657294
453.79547401954386
449.10114878621596
441.32551185838105
432.6516011418967
427.0093268854865
424.87639292355243
416.99026175202994
414.2249297437997
412.6386700498647
406.2882883055457
401.949988332288
395.28310793843764
390.73129303701995
387.0144529013798
383.4752789776901
380.08925687033553
376.30862101193134
374.56474206365385
371.3902105956242
367.789073401484
363.5517431538681
362.3169497950324
359.16599168448613
356.7481734094949
353.0227189886159
353.7298616623056
350.4167950893271
347.40627047111246
345.4110548167393
342.5281178046917
341.65664913736543
338.7660777404391
338.9991504817173
335.4248489182571
334.1082543175796
332.9887763631755
331.4561124012388
331.17823419077644
328.9671886131681
327.29580550358213
327.1368701375764
325.1491850326801
323.60140793076874
322.92924566104494
320.9669521923723
322.21996011405156
319.63621645960313
317.2640327502941
315.9131771778238
314.75010430401767
312.85763253014665
313.4381045719673
311.88102951543084
311.3194347661117
310.28437288054107
309.00181385566447
309.09905496959027
307.8327630470539
307.48462650693693
306.3793524133748
305.52986386726644
304.4454616842599
303.26956901879146
302.9414412070965
303.17514948187204
303.0149768467607
301.20008906002704
301.87113937838325
301.0178752027709
300.1045708080818
299.9274613775056
299.25820579199956
299.01690308801057
298.132100039515
298.61085049859406
297.3199017294522
296.01670750256244
295.77194683305146
294.9223791730815
293.90198229099144
294.0743355915464
293.30491154769373
293.33034237499896
293.6338891160899
292.86777831768165
293.3128826864835
292.59632936017266
291.7817983545106
291.5437920011323
291.46478201603065
291.40738708397436
290.72578193401466
290.4555827502547
289.91963400511906
289.56573851355193
289.33186197280884
289.58428131300826
289.1206177843028
289.21289291052983
288.5954540186915
288.11892033445423
287.7955677509308
287.3722950672281
287.5874330750827
287.423965215683
286.92114474033485
286.95764215239166
286.0393065337477
286.229692697525
286.7508145447435
286.4601616119516
286.3241302556005
285.8914547048766
285.4074700043119
285.21366029772264
284.3134355791684
283.97474801951444
282.8387505925935
282.6612052259774
282.3244386130366
281.8172296820016
281.83553748295225
281.6441440993342
281.25639418075826
280.76203745809096
280.29764738576165
279.715098792109
280.1504762748192
280.3392006282149
280.3632416231879
280.6530742151984
279.6164942445426
279.54767197576064
277.8704066112124
277.52483030023245
277.1817345865842
276.86127217884723
276.15747160747134
276.2826967814873
276.2089077768655
276.34443782115807
276.5496768129283
276.2603418827057
276.2188119723879
276.0416877351958
276.0659230659748
275.22062614046297
274.91815234052723
275.0590404806466
275.37909136147334
275.34230022594846
275.2324260843211
274.74546998944777
274.76434332748937
274.6001300893981
274.09950606576325
274.0369466255451
273.91673281274996
274.22002375536954
273.87602886660346
273.4377484074954
272.81059980392456
272.37476387517205
271.53715784796356
271.26273017916185
271.22892046796863
270.7654966650338
270.77467334681546
270.77568070641877
270.5678846260597
270.1967909253877
270.30542940106886
