4.3532793901475335
2.8481661366491484
2.4279061977205605
2.1963556194999097
2.0112826420829215
1.8947841128141716
1.7472064435995858
1.7011706699328175
1.64363389956797
1.5568950481327444
1.5154676923913688
1.4588557955134531
1.4169015008956194
1.379239549218067
1.3659567429587758
1.318473473897782
1.301724923999402
1.2748413206045996
1.2449114717671583
1.225857807451795
1.214700657488971
1.1938914617459322
1.1632380332669308
1.1708682704524234
1.152755403120456
1.1391804427036951
1.1249210079810743
1.1114664272051946
1.1330690873979494
1.1200015686837763
1.0804870872083923
1.1176825991093085
1.0688535837649271
1.0590053161541964
1.0659332361457676
1.0639089548253808
1.0337405263542616
1.038125302321438
1.0374466773636382
1.0268307178891425
1.0388984407201922
1.0164767076935748
1.0216770300898572
1.005201190838526
0.9948512734202989
1.0115303827835054
1.0022348407655954
0.9723054362011367
0.9600383344845012
0.9911635261478609
0.9698830650284372
0.9726118315653555
0.9562643042540756
0.9639254521321634
0.9745916554961225
0.9443434332979137
0.9377663332390888
0.9432591718204063
0.9496749505593345
0.9444750472582106
0.943556502268746
0.9212085524060089
0.9421658855702343
0.9330386694456483
0.9215190438553691
0.9118392823328232
0.9305518591969177
0.9059539089172051
0.91471141499692
0.8977606238090786
0.9081151625141501
0.8960733421403786
0.9095221292066934
0.890871674272007
0.9084037086476797
0.8863133124942923
0.891979397403012
0.87627354964357
0.8953692410462375
0.8770653290417174
0.8714452858628898
0.8625616838127889
0.8723142350991738
0.8564322646065005
0.8698518564603452
0.8705909408885857
0.8622471780741009
0.858361457378186
0.8628088943820832
0.8514178227954383
0.8683679919561436
0.8538206655146747
0.8588705002330244
0.8480571688891485
0.8605266585946083
0.8345730285449274
0.8364783585200022
0.8324012348171452
0.853050131928818
0.8503286422326647
0.8464686363807012
0.8458797023149913
0.8238197376887346
0.81614106700852
0.8178839864337752
0.8147137396294495
0.8449886262673756
0.8329192705709358
0.8151738700810177
0.8258047212750234
0.8101655709685693
0.809393624004362
0.8207279836502055
0.8180310048548312
0.822899913993375
0.8099944848599362
0.8136550937618675
0.8003868428701214
0.821929976761598
0.8124846359875438
0.8140049883292924
0.7979178968816996
0.7881151849949926
0.7843769425847407
0.7806689661028313
0.7970027048622483
0.80632899987415
0.7904340338347287
0.7899072639451459
0.8001766032699881
0.7994155787124202
0.8088868827526939
0.8041140384939981
0.7921056607738137
0.7849444814251157
0.7798099116711267
0.7749710329647722
0.7735327256779219
0.7830786564355267
0.7731112301799243
0.7750486905911359
0.7721610677524887
0.7653374388203795
0.7773481063737437
0.7716322723005352
0.7755523665711798
0.7632308584188336
0.7625844463673902
0.7606447182659959
0.7655633181365656
0.7854476258447715
0.7800772958274546
0.7613156914132936
0.7583023589104414
0.7711088545299296
0.7444327884706957
0.7591584065832712
0.7628898071928014
0.7648424519033268
0.7581033680009944
0.7602502029260685
0.747746627729643
0.7783509471357383
0.779940974657777
0.7596990347454518
0.7817597220780264
0.7663186108372335
0.7336513284786508
0.7401144425705846
0.758441399445693
0.7769311302951698
0.7506904718466103
0.7673617704482428
0.758820918966727
0.7410308510257766
0.748162289696007
0.7519389513301952
0.7405674226325134
0.7464977061568663
0.7443841637658148
0.7439471058675955
0.7616418137632567
0.7746423562860181
0.75593009860865
0.7324089250238291
0.7477003589015583
0.7413720705963928
0.7279324163522186
0.7224357620780838
0.7446032024855758
0.7543326863087714
0.7284018671750252
0.7268028864315872
0.7374468935525109
0.743733248705494
0.7675421899826876
0.7310070627176299
0.742223656607856
0.7482522801207058
0.7298689051691828
