46.76851799673047
32.328303293935186
29.389346156654685
27.583828968220743
26.028738994536727
24.132115992492643
23.003411785281937
22.36207277302084
22.046885977017467
21.48416360493364
20.95977563282539
19.917130458457716
19.638452271962986
19.049662230343653
18.570717890200942
18.00476645087374
17.916219376284502
17.856961618209706
17.030778943464675
17.277585566043854
17.037099736517874
17.050282543075497
16.991746759620206
16.44409803686471
16.70073954606878
16.322355764179395
16.198568478740494
16.15631551732277
15.987983509898186
15.703834387762793
15.892552019193255
16.2809805387053
15.970467036140375
15.253338985402008
15.616691876074363
15.816407939997212
15.388719561284987
15.740878085637915
15.131414470487627
15.296304921651709
15.206902992622606
14.91595609794403
14.973182684902486
15.021087902887114
14.866975975704603
15.051265912323162
14.618410381777533
14.454988983427656
14.58888800724827
14.26298402403963
14.610331565141678
14.474969880848095
14.680778744919547
14.371605567891022
14.01341458538483
14.331447143493028
14.195611321720584
13.936603818987978
14.17337717270029
13.837960186703452
14.111188146060911
13.800547642954465
13.629196845765772
13.758618365074026
13.875720817981096
13.980178576091241
14.020841327206842
13.875366308565798
13.724695775786351
13.339143099969831
13.453327045872294
13.384769426337604
13.5220496166369
13.510829287356344
13.451153387283457
13.469805355472811
13.332610028057262
13.162160916061238
13.104881855948218
13.19256622909472
13.285539592648375
13.29172003834412
13.332520066921052
13.164552713776457
13.148016423500817
13.101714370322638
13.439661838885012
13.09498130144744
13.173833620702398
12.932796869812341
13.136612138357656
12.85267227245816
13.03441006741647
13.21032328389842
13.120228669252889
13.029637734951644
13.096624465081199
13.03799040744017
12.996970743454735
12.81470296814524
12.850721318917028
12.978413633745292
12.637217080798642
12.887544573637946
12.696063978918668
12.63830107399102
12.913742954874861
12.908856057915195
12.697277542845956
12.748351948785372
12.84677143163722
12.764093677031584
12.680574128083114
12.565990041042197
12.729636015306259
12.775507825201956
12.58178782000624
12.378250020588267
12.474210252278837
12.576506597728565
12.562176731639894
12.660069079491599
12.570383766601825
12.666853435080627
12.397959310946794
12.588854792816885
12.377406412671352
12.367959962322795
12.502099641438189
12.385996341705322
12.420290365044412
12.208513438444713
12.223269995687337
12.233782861767144
12.149479418479164
11.856724395320333
11.886444991518712
12.504448661773369
12.243240575338232
12.008495992627637
12.361171842135231
12.020093889585857
12.465944002414572
12.46471619374793
12.278158987904417
12.010562389575203
12.148307453455596
11.92704872016249
12.221752880719201
12.227655581102288
11.924899649003457
11.986058766728846
11.98474592766885
12.122614251128558
11.938760197368161
11.92885675384053
12.007010032390726
11.978380962692459
11.884985952027913
12.292670265867793
11.88419686874439
12.056171952136632
11.98173877237172
12.020866192106542
11.672633140251554
11.747468993581574
11.806760377154268
11.809267976931457
11.953836512976679
11.866043889830852
11.728659731817656
11.783667548463262
12.1316158029026
11.957704856991768
11.880967300256778
11.56837096502041
11.908061808553235
11.830455253864157
11.849049779618609
11.764997614354924
12.08029631448203
11.858084932226559
11.802114927563174
11.858842573289213
11.86290044337511
11.645435114359033
11.675504719388895
11.794215457963533
11.650752101735822
11.757327190247075
11.566438853740692
11.709857369034454
11.649156925750189
11.629845535446858
11.685398873070191
11.501659430820366
11.639785119428717
11.704575091600418
11.610924222859843
11.839127152901272
