-48.11201263193426
-53.80878667584781
-56.29198634624481
-57.075679063797
-57.23233980557014
-57.31381650834248
-57.10440092148452
-57.45970068615058
-57.684069991111755
-57.57205982865958
-57.8439297933003
-58.81228907971546
-58.2448647916317
-58.117837533868595
-57.679664215137215
-57.7939709106396
-58.10476898324901
-58.07363637767989
-58.18678834315004
-57.98789349301108
-58.561970120873944
-58.560160121013375
-58.49356756744714
-58.561676403571816
-59.04040607090654
-58.48783919420735
-58.62287647868025
-58.1709331931739
-59.065103639816414
-58.90381663729404
-58.724546173523215
-59.13663203654618
-59.07146353248892
-59.04165208134158
-58.99916828500813
-59.05054108438821
-59.13088945684762
-58.905799018925634
-59.14522512514016
-59.10956663509895
-59.57964842483915
-59.61665192554737
-59.514611819694785
-59.31018478294899
-59.71356342064923
-59.63937256665066
-59.67269585975285
-60.09483727607234
-59.82509890918074
-59.631604546102984
-59.448747020343255
-59.42721948952511
-59.49144303387609
-59.72462898698346
-59.5141438985693
-59.31374850971945
-59.517575395518335
-59.83845809204825
-59.65358165831402
-59.588455988415355
-60.0850935249493
-59.67572833854577
-60.0647189493837
-59.93367357500668
-59.805428571742155
-59.5396933709753
-59.857226173425545
-59.96677038176306
-60.297491306888645
-60.1136637884995
-60.166856042270005
-60.30484539578701
-60.12512561370586
-60.42159931207525
-60.23936345556687
-60.10833045120897
-60.02060714261285
-60.06528574536587
-60.09720587935941
-60.1068785046709
-60.298948774050025
-60.38773053884506
-60.04592180046542
-60.37243226684373
-60.25333333940342
-60.051788965175895
-59.71844547986984
-60.30333431116466
-60.43331694705733
-60.21828142527876
-60.58134515943198
-60.442668897324594
-60.28909958231038
-60.06236766330127
-60.18713298851046
-60.138905539594845
-60.343929583656376
-60.45378013314872
-60.397009512473794
-60.3033547956368
-60.159265549018464
-60.33275274367168
-60.531414732850834
-60.66358967896166
-60.43432204271185
-60.41974712445818
-60.27560304978798
-60.35189690877651
-60.337265493540926
-60.514578054691185
-60.37151025081503
-60.407964805076865
-60.376244606642885
-60.372006065886595
-60.375645569686235
-60.53596497712464
-60.5732658741803
-60.34736099325377
-59.9780477747835
-60.36827870689589
-60.44749936666982
-60.59862766183656
-60.237006525541176
-60.24877143522789
-60.24439079186012
-60.60634294255026
-60.51303531589179
-60.630169708153296
-60.70908104140183
-60.745296971551305
-60.64871816902325
-60.52018989365676
-60.505873652367754
-60.35666019546574
-60.61718238222188
-60.372231191602246
-60.35048554991854
-60.414058590757435
-60.520142253102925
-60.572547678289745
-60.61626549835863
-60.65993502633325
-60.40552106910739
-60.667035468693435
-60.571385682656846
-60.671349443238356
-60.620784290905654
-60.80255757734693
-60.90585463005921
-60.6565842628479
-60.39437482891412
-60.495287543740766
-60.709793434060856
-60.827060757012205
-60.62232333421707
-60.57439031477632
-60.56362828098494
-60.429127945982174
-60.65056326882593
-60.73065493230162
-60.90559433760314
-61.10069105440173
-60.967252883417856
-60.9360449663524
-60.879832446575165
-60.81301157536178
-60.81950397532562
-61.06839798031182
-60.910417002850565
-60.888999628609625
-60.81984916226617
-60.927553953795595
-60.86771186877941
-60.82410982353934
-60.624214699556084
-60.65157018447744
-60.77220609989659
-60.97530961447749
-60.81025592417553
-60.79961785776862
-60.85666940849403
-61.00929854656088
-60.98261907902257
-60.89743929690328
-60.80947688941298
-60.702772526905456
-60.78172115724662
-60.76648641454762
-60.706277870926364
-60.64142058224514
-60.69080207573956
-60.79589860398194
-60.55833673682706
-60.665741677941945
-60.80915270591604
-60.61226079998345
-60.67176933432447
-60.633990826277895
-60.600300764215405
-60.869271156089056
