1303.335057290395
1282.336049715678
1268.230002784729
1269.8372788747151
1269.0626303990682
1259.269167550405
1253.4216060320537
1251.908263683319
1250.689089425405
1251.071532122294
1248.5693044980367
1251.653776327769
1245.9013710657755
1246.7259766578675
1239.1768018404643
1240.184040482839
1237.9761395454407
1239.2999376296998
1235.0855858167013
1236.2210238774617
1232.3905966440836
1232.3251059532165
1237.07833182017
1231.018716653188
1235.4396463076273
1231.6578930536905
1232.9139473279317
1229.0793321609497
1234.3781059900919
1228.7044260978698
1233.553552055359
1230.3578037897746
1231.8548183759053
1230.45431915919
1223.7792448361715
1226.1106480916342
1227.7736629486085
1227.0870070457458
1217.7058236122132
1226.8027607917786
1215.2771931966147
1220.7288577397665
1219.4576102892559
1226.3076500256857
1219.2402012825012
1227.4455822308857
1227.5344380378724
1216.5898380915323
1215.6337496757508
1229.2252498626708
1222.756308778127
1225.3265534718832
1216.4421925544739
1222.4101373990377
1224.5313824971518
1210.1584215482076
1218.7446555137635
1223.297755209605
1220.365617243449
1218.6253194173178
1212.743449751536
1218.6654469807943
1215.5344979286194
1219.8506784756978
1216.6323797225953
1216.0866229693095
1217.7273486773172
1219.0668499628703
1218.306882095337
1213.1853444417318
1223.5620149294534
1217.4532610575359
1212.5934083620707
1211.1842630704243
1212.4238812764486
1213.7913779894511
1214.3557839393616
1212.5113451957702
1208.234302997589
1216.2962464332581
1216.4383903503417
1213.9640857378643
1212.8206539789835
1210.053389453888
1212.4170755704245
1214.140085220337
1213.35533507665
1222.2760311444601
1212.77096379598
1208.8876318613688
1209.0595617294312
1209.3644761403402
1222.0210943222046
1215.4428059577942
1210.1476081371306
1212.6516310691834
1212.6878448486327
1217.0673177083333
1211.895378557841
1203.9873632113138
1208.2843546231588
1208.914830907186
1210.7063193003337
1208.1704672813416
1213.6965015411376
1205.2342641194662
1208.5788053830465
1203.3602338790893
1210.83352839152
1206.9322472572326
1206.5251419067383
1214.4343013127645
1214.4748921076457
1213.254702313741
1212.6802583694457
1209.0793320337932
1207.496700032552
1202.2450088500977
1203.281861225764
1207.2265192349753
1210.2533415794373
1207.7984842936198
1209.0524022738139
1207.0078689257305
1212.9173796653747
1205.0159788449605
1209.3547948360442
1206.4271784782409
1211.1880471865336
1205.735137875875
1208.437523206075
1205.2577224413553
1203.3285848299663
1212.8888204892476
1210.8581395785013
1199.3598020553588
1204.830616792043
1201.5643955548605
1206.7935585021974
1199.3087478955588
1209.0282605489094
1204.5141554514566
1198.3531563599904
1200.889415772756
1209.7494482676188
1199.5645433425902
1208.254886118571
1206.653755315145
1206.5016324679057
1202.6356723467509
1200.2797169367473
1210.1479390144348
1206.7774001280466
1199.686848481496
1206.558638413747
1202.2771242459614
1205.9686517715454
1207.0218521436057
1202.3890771865845
1201.121259911855
1198.0659752527872
1202.365652624766
1206.0064749399821
1198.4911830425262
1196.3607042630513
1198.2565463225046
1199.1704347610473
1203.8884855588278
1202.9021240234374
1200.8966528256735
1196.9808887799581
1204.2505872408549
1211.3089145978292
1205.5651549975078
1204.545017337799
1201.08908478419
1203.1392757733663
1201.6879663785298
1205.5567356745403
1210.5523263931275
1207.216869322459
1213.2564589500428
1200.2254704793295
1206.105652586619
1205.9685305277505
1204.5651682217915
1201.996618684133
1200.3691382408142
1201.7401398658753
1199.7000756422678
1197.6308129151662
1200.007082080841
1198.091991408666
1205.977218945821
1200.9779804865518
1208.0176904996235
1211.9614398956298
1203.5571884791057
1204.716832256317
1203.720073413849
