-49.53010472603913
-55.10207744096888
-55.74873698374321
-55.95560644412863
-57.98872166049892
-58.5912660247293
-57.69109211296871
-57.63857015659069
-58.26677268743515
-58.13310322165489
-58.59345130057171
-58.70911882458062
-58.82153405814335
-58.34909292952768
-58.537572476370585
-58.6427282382702
-58.46189632395218
-58.520067204689155
-58.66182353373232
-58.72845331759289
-58.867454025252115
-58.86588572839211
-57.90958367339496
-58.216811348652016
-58.25778059301705
-58.54536848129897
-58.43442449076422
-58.4744647124718
-58.79832032220117
-58.35672259741816
-59.105343358270055
-59.503465638078495
-59.521673615636495
-59.61579743335987
-59.225548686652346
-58.96306505079927
-59.0645601173927
-59.293794212670164
-59.54648600261787
-59.289545172247394
-59.24769604000552
-59.59612895702494
-59.243013531997285
-58.76690862713189
-58.80159153814974
-59.026423343296706
-58.99245140881374
-58.94601798879689
-59.434525923482305
-59.38618949775038
-59.18206507481378
-59.25386038525351
-59.06554424146126
-59.265966084496725
-59.268850432387715
-59.33651180411207
-59.467297975359294
-59.50474278269143
-59.57286298069461
-59.92864694883083
-59.66495359046706
-59.5471119798463
-59.783039927482605
-59.85980969564668
-59.51515571824436
-59.78658742843003
-59.4959482673941
-59.811493111067804
-59.93519643976771
-59.80289014249012
-60.07997866334586
-59.99906168312862
-59.961625652066594
-60.162984087549404
-60.076362572867296
-60.757999503406985
-60.13509302406475
-60.15666042525193
-59.98458433356778
-60.01134173623447
-60.02416316805215
-59.84693730288539
-60.1345407294816
-60.250954126489574
-59.95395146978313
-59.859610182457956
-59.84770539300195
-59.66139847862309
-59.94761565019344
-60.16859784208495
-60.57577987785997
-60.454153216090695
-60.033871759628425
-60.12688550147517
-60.25722322381776
-60.13906301506634
-59.66694774093299
-60.50146695354889
-60.636870279394344
-60.34881206422016
-60.356121359200316
-60.455087975181385
-60.47480072440772
-60.62112108592329
-60.62688285523448
-60.687641980319185
-60.87182551827924
-60.70826501681887
-60.804470191741814
-60.89764721640225
-60.94351918327397
-60.94868162171594
-60.725794738736646
-60.507795156076035
-60.948544043919135
-60.79910350462486
-60.57535397287073
-60.60624642413238
-60.66631066696397
-60.71390260704632
-60.93485429163637
-61.05124597508332
-60.669828805430186
-60.60790937933429
-60.809733114365876
-60.750243141733364
-60.79025718672522
-60.99970208570875
-60.76082776538257
-60.57654922995074
-60.62381384084965
-60.72545703115134
-60.47550716071293
-60.75567293064348
-60.509332930219585
-60.49856613011196
-60.63453117115744
-60.72804269913969
-60.86841542967434
-60.89117660604674
-60.78764896454482
-60.76161210701383
-60.93453685168562
-60.876576999138145
-60.75673990002994
-60.673193991184235
-61.02135718485405
-60.970457903270066
-60.88958430906822
-60.878196685478606
-60.77131497037822
-60.727027753303794
-60.79490952039587
-60.87948639845026
-60.92322201358861
-61.09045578076922
-61.13260940025593
-61.34901009962476
-61.10644363329328
-61.222974321965516
-60.947045854453386
-61.16699400852467
-61.0640847312993
-61.162533159913686
-60.99850527993564
-60.948170437895016
-61.00852654309109
-61.18647247861172
-61.21067321608807
-61.261823812435416
-61.194911475839284
-61.34232640574719
-61.07472378940418
-60.91421839594841
-60.76841874985859
-60.77664977003788
-60.92062021946085
-61.10538628800162
-60.892597745204796
-60.836354693462106
-60.95850168836528
-61.10867488487013
-60.95466982701729
-60.77177019571436
-60.84867686855382
-60.737592129871764
-60.48032109593523
-60.73354747274826
-60.955684045265464
-60.627246485701924
-60.74101479505671
-60.95705983967617
-61.328153016238375
-61.44992552646275
-61.56354269590871
-61.37720853501353
-61.300451806907
-61.50289572518447
-61.17732957930401
-61.18261649485292
