490.8739656448364
420.28358540534975
353.85204220612843
346.48158142566683
339.2505998929342
341.5972560485204
332.6678628285726
320.1307903448741
332.78303089936577
326.34148002465565
341.85267242590584
316.9775028069814
329.6917777379354
326.3876669088999
339.4467184702555
328.5666691303253
322.5831028779348
327.2818354845047
301.4334015607834
320.71691227753956
320.38532487948737
303.7395043849945
301.9381441275279
303.69128204186757
310.0849483648936
328.0201684077581
300.0175188660622
289.22062367598215
316.3384474198023
337.99271294275917
319.8493759314219
314.92900342941283
329.99406402111055
301.4388751029968
298.1448162555695
300.63809766769407
323.0850467920303
304.1408864498138
325.4512283404668
293.70894543329877
292.8670954267184
318.9604471286138
324.23705271085106
297.0909779946009
299.9008375048637
301.9222140153249
325.80030437310535
324.24846528371177
305.19755186239877
298.35485722223916
294.8929070631663
307.55844736099243
335.7526746193568
302.3693040847778
319.032744940122
283.44862325986225
279.987096563975
291.61008179187775
298.6533459186554
315.3901725769043
283.87871340910596
285.0350178321203
275.8195229848226
323.53029255867006
320.0554929614067
295.8297052939733
296.7298534631729
283.1538989782333
295.4849681218465
287.76055392424263
298.5397689739863
303.5687184095383
296.5755341688792
300.7349983930588
308.8217466751734
294.70018621285755
295.74794410069785
300.26863613923393
314.7892075061798
307.1005850315094
311.72554029623666
297.2939985195796
301.7547424952189
298.75242647329964
313.27926598389945
313.7708455324173
282.2707879304886
282.2695882956187
316.47379647493364
285.45529466470083
300.23578232924143
292.88969390392305
292.9524136821429
278.76186180909474
283.395353047053
296.0303103526433
293.05874905586245
274.86024523178736
287.41604647636416
318.77726000150045
290.8490040540695
285.32507351239525
286.25836801131567
301.9121204217275
286.394278772672
287.88352586428323
316.93444290955864
273.05962145725886
282.65214092731475
279.56591947078704
289.695045042038
301.6971736907959
293.9414205869039
303.6329144199689
279.4412702520688
297.04837064743043
294.2760638078054
251.3916516939799
275.3387123823166
280.08897737264635
307.30875911712644
281.92961858908336
300.4397195736567
286.9209405501684
278.8981786688169
284.8251795490583
305.52540761232376
293.3734204808871
303.9748192151388
283.8946431040764
276.4443400184313
299.5051746646563
296.9475444396337
296.1574379762014
268.7962009747823
267.0674881299337
303.24668401082357
272.35317515532176
287.3664359092712
286.35413279533384
287.43892907301586
273.1562895218531
303.61191151539487
277.11862387657163
274.003859158357
288.59204672177634
298.4571197112401
268.6289628148079
271.6957328240077
283.48277394771577
272.03745875358584
277.98524565696715
308.5032263239225
285.00393737157185
288.7891235033671
305.33204663594563
279.4030307531357
306.5488691647848
269.60641956329346
274.9481912612915
291.2883466005325
306.3721407175064
298.0835367282232
257.78311641216277
279.88220448493956
276.072398241361
290.2794950962067
269.71759152412415
309.6925428946813
295.26440081596377
279.7850332458814
288.3872853159904
277.6409861127535
283.8313575665156
274.87756489515306
285.1560801188151
271.4193294127782
316.55951563517254
263.9402420202891
293.75446056524913
295.29078959623973
267.8031011899312
277.1049575169881
278.4708452304204
280.17307746013006
266.3512422601382
271.08388835986455
300.919211657842
289.23476792176564
276.9776619434357
294.1641806443532
275.2126983126005
283.4463250041008
272.0832351287206
296.2379161993662
267.08391794761025
282.0257895151774
291.7237560113271
271.2415927728017
299.5767066558202
