36.10982600471069
15.428305296805398
13.375375940881927
11.610910633000834
10.725051324943017
9.798412843511022
9.248432230846635
8.510381203273248
8.07831750527538
7.544291249893862
7.183231123562517
6.638384212193818
6.618152434969771
6.143640391528606
5.929029865768449
5.871150974441191
5.7243833415981
5.519733813173812
5.322159597585941
5.173785119991878
5.004293148887569
4.831480596342991
4.671966411815635
4.620362223479255
4.495301536830334
4.285050026815513
4.129934523640008
3.9647331896783977
3.9700813308872025
3.9079727330084504
3.80172738972409
3.771181459121149
3.7831765189124593
3.6621125655826825
3.626200207091611
3.5921821323191296
3.637590030657834
3.618821160739352
3.5909527293567
3.506761669213402
3.4848929204303642
3.481898072593171
3.55106867612179
3.4122571692127606
3.4687436847979654
3.399791047747793
3.3694764549747624
3.445999956336515
3.3967180804445825
3.3217566527169327
3.3137350114512034
3.2668884304705363
3.263152095842464
3.1679974501502923
3.2335202354809334
3.118546768766025
3.1032206942166747
3.005994186897216
2.996564660478255
2.950712773563533
2.9156220212321857
2.951191783850563
2.866723823328984
2.81983965609608
2.829745180776407
2.8764108468232483
2.7602036631312865
2.7831050439512937
2.7128660193933496
2.6949934475766173
2.7166381026136466
2.669799819460203
2.6534330774227093
2.623979288699298
2.6106416834197166
2.6023857605097622
2.5260518387216946
2.5527546382027455
2.5596443277237744
2.535195128671054
2.5148588245541883
2.4783359498813233
2.4747004171769165
2.4581992635182264
2.4230138116098683
2.416336383028277
2.395457419342008
2.4176911892818995
2.3279787203746625
2.35417955240299
2.3284448322936377
2.3183273014066548
2.3028806096007086
2.2528224974742224
2.279716733778859
2.238956641534279
2.2752798635127216
2.2034592101800032
2.1848296311138005
2.1855182106253404
2.1400875113904476
2.140080207252297
2.1874340184932124
2.121650453207308
2.109906988346885
2.104732203586348
2.112118884086095
2.0431551421382306
2.0927191160876175
2.0686528725099973
2.0288459634215665
2.0190705758487355
2.017297945531278
1.9876029188263005
1.9891087204089453
1.9733253613371273
1.9783936006755665
1.946397148329636
1.9860153832826122
1.9520150767318134
1.9495350609950979
1.9435933718522047
1.9594984813753902
1.9212622178140386
1.907936082639057
1.9137646615633677
1.9133230278204227
1.921860829637996
1.9028860671638415
1.8925412501497516
1.8556949863659924
1.843514306149606
1.8667347476143261
1.8398112075981394
1.864145118165119
1.8583538297820708
1.8365094909637139
1.831097351836747
1.8245489232499024
1.7855993070607554
1.801142498593906
1.8292026758707802
1.8191736056629955
1.7956640419775043
1.7787834195227459
1.817174310250015
1.799159206257298
1.8088269852872552
1.7510244805879633
1.7476617527547582
1.7516925486511197
1.7290485320163185
1.753129185916021
1.7607363268476108
1.7493589860868866
1.7382783012400413
1.7615582119545032
1.7249225597700168
1.7343704201409529
1.7246378229224477
1.7161521510188948
1.7429312163771227
1.7241367584030176
1.7185434799898287
1.706300672272156
1.6995617904025933
1.7038903597356945
1.6778044070534666
1.6844057933395278
1.7289602526559913
1.7030949863637317
1.6782589847671574
1.6828723011602615
1.6767911992581754
1.6626816430803517
1.691646932592166
1.6785004010488247
1.6758812607490812
1.6387391869492571
1.6616461128638735
1.6711671703719888
1.6410172593233914
1.643003084407798
1.6557366263827886
1.6551924687970816
1.6363993204873184
1.63453891699941
1.627830860558255
1.6206310366055574
1.5941731778840567
1.63371633988773
1.622685873238691
1.6067925059589847
1.616639146966667
1.6096899747077762
1.5894807843041832
1.5980235377390837
1.6055280265623126
1.586637549584025
1.597659834339444
