-165.7747369845708
-224.4148975769679
-225.11259036461513
-231.74918939272564
-231.58353024323782
-221.36349391539892
-227.99498614470164
-232.36448451677958
-232.3866672237714
-231.3576143582662
-227.42999654213588
-232.59085149765014
-234.76357768376667
-236.04273882309596
-236.2039673368136
-235.7607053041458
-231.5201910018921
-228.73970348040262
-230.49401133855184
-234.75816513697308
-237.46520347595214
-238.68264679114023
-238.79471489191056
-236.9860658566157
-236.89872441291809
-237.51894601980845
-238.69284963210424
-236.66926855246226
-234.539240026474
-231.9924689133962
-231.898089269797
-233.56944579283396
-228.73177252610523
-234.6154383937518
-239.18916711012523
-240.2717429081599
-239.37630789677303
-238.6411266962687
-239.168172844251
-237.61390167474747
-238.77885547478994
-238.9997533639272
-238.19763045310975
-239.926340564092
-237.85928579568863
-236.97013948361078
-239.9943335612615
-240.4832704703013
-241.45331301689149
-240.77978969017664
-238.43037277062734
-239.94184442361197
-241.07781651814778
-240.6953195810318
-239.66104820569356
-239.9651971101761
-239.06062797307968
-236.42050271034242
-240.235142827034
-240.49906838734944
-239.02695021629333
-236.09412078460056
-237.19782644112905
-240.15923573176067
-240.95462801853816
-241.40991605520247
-241.59976472854615
-241.37266353766123
-242.0437002023061
-239.52306088606517
-238.39129248460134
-240.38356295426686
-240.79965909719468
-239.269992852211
-240.87550894021987
-242.12347546418508
-240.57602606217065
-241.49402361710867
-241.44999288320543
-241.50267227490744
-239.75403664906818
-239.7575155178706
-240.84969228903452
-240.8344642996788
-240.09954868157703
-238.5548570871353
-238.2396266023318
-238.84268652598064
-238.8327345132828
-237.4230053941409
-238.42430142958958
-236.94779769976932
-236.41075860659282
-236.77673774957657
-236.93202905654908
-239.1365237236023
-236.40199041366577
-234.5404118816058
-238.258356320858
-239.97637567917505
-241.05515718460083
-241.39527475833893
-242.02863575617474
-240.6609077334404
-238.486949356397
-239.32485400835674
-241.0432116985321
-241.16759788195293
-239.9503697792689
-241.08867670694988
-242.11399582624435
-242.530100552241
-242.50394344329834
-242.039016409715
-242.59302090803783
-239.35918266773223
-237.7032589395841
-239.80388724009197
-240.07963636716207
-240.64554053942362
-241.8323374112447
-241.62428424358367
-242.2558860063553
-241.74181884129843
-240.99536942243577
-239.26306222279865
-240.8824598391851
-241.27634650071462
-241.36736732323965
-241.50579856236774
-241.86793923775355
-241.64550574223202
-238.46619784832
-240.40399463971457
-241.28038824399312
-241.55755494832994
-238.87990282376606
-236.67363982995352
-239.49968073368072
-240.82588671445848
-241.4697749376297
-241.34739402532577
-242.09416784445446
-240.61786854664484
-239.4329129378001
-240.85224025249482
-240.97759995857874
-239.65349953174592
-240.69112793604532
-239.14244396686553
-239.4791559934616
-239.32140061457952
-240.8320309440295
-241.39618278344471
-241.81090885798136
-240.88251141707102
-241.8805913011233
-241.79892024993896
-241.6766890923182
-241.72560443083447
-242.51758782863618
-242.51837089061738
-242.49218559265137
-239.85586088498434
-236.22023940881093
-237.0010117371877
-239.41246659358342
-240.22207308212916
-241.0880214770635
-241.31662316322326
-241.87900693416594
-241.87097653547923
-242.01063791910806
-241.07262430985767
-241.091681877772
-241.73247199058534
-241.16069851716358
-241.03685699303944
-242.7064216097196
-242.14041604995728
-242.17162120739619
-242.21645959615708
-241.94632363319397
-241.65093475182852
-239.99136547247568
-237.1216671705246
-238.7065233786901
-239.97040130694708
-240.41565987269084
-240.24788708686827
-240.65435554583868
-240.31579249302547
-233.64716453552245
-236.38743090629578
-235.6853068868319
-235.2370372970899
-240.21722776095072
-238.1519927183787
-239.48652934233348
-240.97987172206243
