182.96173289616902
69.20074182748795
56.926817882061
49.910074309508005
46.25581422944864
43.902569216489795
40.16906998256842
39.59405537843704
35.88890706400077
35.539025723934174
33.18910091022651
32.168248573939
31.429350419839224
31.33442044556141
29.88383107185364
30.10674501458804
28.963261834780376
27.885428002476694
27.204873140652975
26.284669097761313
26.03780037164688
25.810784868399303
25.22677598943313
24.553867461284003
24.694023028512795
24.202172121405603
23.033154694736005
22.3345017850399
22.509315107762813
21.92576879064242
20.600474945704143
20.997556774814925
19.58500872651736
19.460490181048712
19.802935700615247
19.42753540376822
19.193969311813515
18.690080102781454
18.391207792361577
17.846941235661507
17.65781930933396
17.224840209881464
17.430238873759905
17.069560646017393
17.190643997987113
16.880527371664844
16.536958143115044
16.632908415297667
16.401156768699487
15.713942928612232
15.855338691671689
15.689270113905271
15.369867795705796
15.07724685271581
14.630394526322682
14.743217975894611
14.35530906021595
14.427564839522043
14.501254895577828
14.543523887793222
14.016791587571303
14.381683436532816
13.988204319526751
13.787469318260749
13.62392738411824
14.383508832256
13.827444209655125
13.513209936271112
13.910484071572622
13.710108717282614
13.121171568334102
13.292825318376224
13.520527616888284
13.460073625544707
13.496865091224512
13.192732045054436
13.436116397132476
13.246707416077454
13.252380843957265
12.690034891664983
13.029922338823477
12.94731737350424
12.502821079641581
12.537711288034917
12.70487112502257
12.757106469074886
12.249718571702639
12.51139494329691
12.44302975560228
12.081354805082082
12.386518476655086
12.374894800285498
11.881327705830335
11.392903679360947
11.5841203254958
11.379785598317783
11.544730424384277
11.406778338551522
10.732951306551694
10.918756749977668
10.847974748164415
10.604567313939333
10.581141341974337
10.53110807115833
10.336212650934856
10.419777318835258
10.78624986882011
10.551459433883428
10.496847503383954
10.564455284923316
10.725877977907658
10.66946279083689
10.495001714428266
10.416600829362869
10.124843217929204
10.289423057933648
10.67988318602244
10.354163250823815
10.11120106826226
9.918771144251028
10.304130233824253
10.204178964098295
10.188446467618148
10.1664094393452
10.038917949795723
10.180821267267069
9.64185475508372
9.925989209860564
9.690400304893652
9.843957049399615
9.990819637477397
9.582963596781095
9.712173245102168
9.613825472692648
9.500644845267137
9.484003045658271
9.422278984387715
9.500896356999874
9.587794308861097
9.631486059725285
9.386843560139338
9.237638029704492
9.232576310634613
9.191838646431764
8.975964064896107
9.30887679681182
9.253636712332566
9.078509858002265
9.05160062983632
8.929735089838506
9.016268353909254
8.675531898935636
8.79418459435304
8.498445999870698
8.865101723124583
8.722424527009329
8.78897371441126
8.724536097298065
8.41540500621001
8.346872228384019
8.226083403329055
8.49323265304168
8.37132694820563
8.274489361047745
8.510009538630644
8.124549121161301
8.0571961744378
8.107844224323829
7.98039914170901
8.173469298581283
8.083747245371342
7.997373084475597
7.609903808186451
7.964360218743483
7.73493137533466
8.017800888419151
8.064459326366583
7.703760276486476
7.867777394751708
7.9723740498224895
7.7126133640607195
7.6502054857710995
7.461908394594987
7.518312107274929
7.28507283826669
7.231138450404008
7.247813098629316
7.408591939757268
7.387179030974706
7.3890479872624075
7.316317170361677
7.166531068583329
7.144520826637745
6.9942923230429495
7.072007609903812
7.24092883815368
7.0606762702266375
7.213239534447591
6.999563528349002
6.938212569554647
