-66.69271685878435
-97.01560841798782
-93.28915515740712
-98.65041558742523
-102.76356750329336
-134.57245422204335
-136.10480771859486
-128.73158941666284
-120.23912400603294
-132.12869323094685
-118.55812500913937
-105.8195724606514
-110.02646967768669
-124.48832631905874
-134.08713202476503
-127.2572642147541
-115.22623709042867
-109.1171417037646
-109.55944383541743
-116.37769091924032
-122.38795288403828
-124.94269528786342
-116.16260018348694
-123.40750903288523
-132.00342626571654
-130.6258359313011
-126.94635888735453
-127.39270349343617
-134.61769940058392
-129.2688684304555
-120.71096177895863
-112.90480924844742
-107.58551176786423
-108.23727905352911
-108.4172647356987
-101.0248810172081
-101.58004885514578
-100.63034723997116
-106.13859063784281
-113.37914683024088
-122.98201256990433
-116.54082595507303
-106.17956373294194
-104.14728497266769
-97.28519587318102
-96.60929375489553
-99.86973467667897
-104.24050759474436
-103.11933489640553
-98.84534916480382
-94.97489880919457
-101.04028460582097
-105.03376489082972
-108.01030231714249
-109.69466307560603
-114.76643500526747
-107.70877272288004
-108.37724694609642
-108.7391653239727
-110.28449554045996
-111.15266851584117
-111.85731953382492
-110.90850601991018
-115.51688468853632
-109.08038181861242
-107.91004314422608
-105.1971759001414
-104.96927018761635
-102.2799932440122
-106.40805780887604
-104.69924644629161
-100.83878952264786
-102.11815636157989
-103.04138502677282
-101.82867563962937
-103.29976770480474
-103.29385627905528
-101.88149840831757
-102.52767345110576
-98.99619175394376
-100.70722906589508
-95.64080532193184
-98.08779958486556
-100.27046655416488
-101.31886886358261
-100.90581672986349
-100.92085897525152
-100.87749348680178
-100.4295381585757
-97.05544036428134
-98.42305562496185
-102.058380484581
-103.73586070934931
-100.66539854208628
-100.5534047961235
-97.23250541687011
-98.80768461227417
-99.27294106086096
-94.75383166472118
-96.49635562499364
-101.85618546406428
-93.69798254172007
-100.81505509614945
-97.51702005267143
-92.57792415618897
-93.24923273523649
-95.79862220883369
-91.97693481047948
-95.8396556576093
-94.66699104309082
-95.49574385881424
-95.70118084351222
-99.93386898438136
-97.24308075904847
-97.13948330283165
-92.29672737121582
-97.9008439163367
-96.13631174166997
-99.20267085035643
-97.9593443195025
-101.9066222469012
-100.85544366439184
-103.21692835887274
-97.61758623123168
-98.66664338509241
-99.73992754817009
-97.73380968173345
-94.78462980190913
-97.56804073254267
-101.5515821059545
-98.3467713713646
-98.6243009408315
-97.03558335900307
-96.88859777649243
-97.82703874111175
-98.67228986024857
-100.28354352911313
-97.50035565296808
-94.48294819295407
-97.6373390396436
-102.97893273035685
-100.1058907588323
-94.19540781180064
-101.62805534203848
-102.17434327403704
-98.67537720998128
-100.92303041617076
-99.00653845071793
-98.093674604098
-98.47444317142168
-99.81483483115832
-98.56176381111145
-101.52762527068457
-94.89493187069893
-98.61561482946078
-99.20762342413266
-97.7243092139562
-95.85678385297457
-95.9188560962677
-95.15786505540213
-94.03275255759557
-95.15692033370335
-99.01876775423686
-98.6266298631827
-99.1026161511739
-98.07551869153977
-95.74736231366794
-98.67826893726985
-96.3606464544932
-96.97538259824117
-98.60215594768525
-99.6299239317576
-95.70111055374146
-98.716502648592
-94.16497707366943
-98.67544762293498
-97.11654197772344
-98.05710742076238
-96.1658227443695
-96.81495838960012
-97.80954575935999
-96.36874094605446
-94.70720713337262
-95.96149148344993
-94.27002404530843
-91.9254968603452
-92.72374789118767
-97.53500403960545
-95.77040994564692
-102.02649495800337
-98.5944429119428
-93.26123670339584
-92.86528211832047
-96.11143230597177
-97.470381017526
-95.17275494535764
-100.22157225012779
-98.46568030714988
-97.40517793099086
-96.4515642106533
