3530.371128718058
2214.976830991109
1888.2858633677165
1679.3849690119425
1560.027998574575
1433.419934908549
1353.8745644887288
1262.8592636744181
1183.7339166005452
1132.1322656631469
1104.69070186615
1063.1091799418132
1014.8069082578023
953.4969192504883
917.103512541453
879.4380331039429
863.1441554864248
840.4725212574006
813.147102022171
778.0944155057272
776.8853474934896
760.8752033869425
743.5587252616882
720.4698217074076
705.3463546435038
683.2824130694072
664.1579327424367
664.9810750484467
630.3044532140096
624.481448841095
611.4294270674387
603.7955600420634
589.7513806978861
588.6331557114919
585.1496800899506
569.678070529302
558.1230505625407
555.8162243525187
548.9868660767874
536.7982950846355
536.1123260339101
524.3782066663106
522.1811270872752
519.9562876065572
512.2998258113861
507.74419091542563
506.8928585370382
502.72002862294516
490.2021694660187
492.6696502685547
483.1368958632151
483.1436722914378
486.43616167704266
479.2051779747009
473.7389788945516
467.36355290412905
469.0887399991353
456.1737875143687
452.0506381193797
449.03064212799075
451.30326167742413
444.46082468032836
438.01454779307045
438.687965075175
431.535006904602
430.39791062672936
425.389576737086
419.3160716056824
417.5502461751302
413.4885956287384
410.5137187163035
418.85115230878193
405.9585045814514
401.5032545725505
406.7751129468282
407.2168822447459
403.6011601607005
396.1332726955414
394.31765824953715
397.5452133814494
396.39074687957765
405.91712449391684
398.09713176091515
395.2399824778239
391.58842701911925
385.0162790934245
378.5366913874944
378.64719926516216
377.7404642264048
369.4620173295339
374.05378858248395
368.63448338508607
367.31502695878345
364.3542546351751
362.73495995203655
366.55665593942007
361.6537065903346
358.32974698543546
363.70508937835694
362.3736141840617
360.2324959595998
360.19509909947715
356.18532908757527
348.57459589640297
342.014814043045
342.91940668423973
339.5336399396261
340.1407520691554
336.04329257011415
337.24498862425486
333.3644893725713
332.99277386665347
330.67720248699186
331.2347838242849
335.0591235637665
333.81765348911284
328.6664800326029
327.24344062805176
322.3239099184672
322.276171485583
322.0803798834483
322.3297355016073
318.62459201812743
317.22562629381815
317.25701746940615
326.185541899999
322.80559713840483
332.33081358273824
345.43938166300455
333.9261242548625
327.28607869148254
323.8453232049942
323.16689083576205
322.1747794469198
312.1495834509532
306.78840041160583
303.6742114464442
308.1722958723704
299.0318336089452
298.89507928689324
302.96915070215863
301.46628918647764
299.29648927847546
295.11281356811526
293.10729308128356
292.4423991282781
292.87721665700275
291.43666921456656
288.4326381444931
286.8408264080683
284.94605469703674
287.1178250471751
283.8879801829656
284.08938299020133
286.5111675262451
282.39744683901466
286.28033264478046
284.6056256612142
283.7747955560684
281.6420132478078
282.95281358559924
277.90322903792065
273.77381993929544
274.79934979279835
276.2718423684438
273.13946115175884
271.8225808938344
270.32251617113747
272.2379110256831
269.18175048033396
268.25891382694243
266.47940730253856
262.9649020115534
265.0537783384323
265.0381977478663
261.90405794779457
265.5522378444672
262.73410120010374
259.4226013024648
258.7070852120717
261.89049348036446
260.01749365329744
260.15532126426695
256.8176640748978
256.80254560311636
254.82081309954324
255.1982281923294
255.3180540561676
251.66093382835388
255.34016507466634
254.1215070406596
247.92263077894847
247.42172127564749
250.30613327821095
250.41294683615368
248.02263207435607
250.18180707295735
252.48863265514373
262.46603094736736
250.90467348893483
