-22.02636584144985
-27.556277186706147
-28.615063690933688
-27.34891789329463
-28.455347623290688
-29.86889185473837
-28.826341424522727
-28.660452676230463
-24.573396869774523
-25.612610821580066
-26.407955111100755
-26.804696909312543
-26.11293973388343
-26.244655213479337
-25.42963040286097
-27.341436145634486
-26.32477408236471
-25.610952986725444
-24.973970647515923
-24.864673920746508
-25.01918920977362
-25.106410216668557
-25.756208619680898
-25.854858157449755
-24.67309262834746
-25.443376317106445
-25.31219542540353
-25.158365295878774
-25.160849779844284
-25.569246819820897
-26.241425396039567
-24.89872832955985
-25.546672898119894
-26.505815343096337
-25.821576181156882
-26.455323015821392
-26.06081768253754
-24.70937293767929
-24.934629182877213
-25.45336987746173
-25.976892177914753
-24.965147326732502
-24.900809986837977
-25.025644642525705
-25.08354045707604
-25.416725698216208
-26.95040647736911
-25.483367294073105
-24.91191544614989
-26.56400333601853
-24.781851274186167
-26.409196748815734
-25.7499543520911
-26.461547574092602
-25.327737240441913
-25.474379449055114
-25.706542505786338
-24.34428086363036
-25.03536973174276
-25.54224535103502
-26.005558546760987
-25.158821338209613
-24.490232999982506
-25.348793121247457
-25.309304815941843
-24.014166115172976
-25.120369049495665
-25.382672557543064
-24.908188284984952
-25.980070237455696
-25.065920291789645
-24.11679656135625
-24.957470282398422
-24.966114764583523
-25.636505680865255
-26.083818660727864
-25.20326227669058
-25.789445457787348
-25.991201248662225
-25.516658467465433
-25.665726577413494
-25.422791473824404
-26.039037209132623
-25.73346129470858
-25.729192765622305
-24.625276420907728
-25.31059240832411
-25.046621328284
-25.588196444100348
-25.181096405818543
-25.802059046153364
-25.718873714578564
-26.147068055539297
-25.661554468089136
-24.542247606762523
-25.624979058216358
-25.153549749275733
-25.30424187820533
-25.701989021280717
-25.52866497738608
-25.30114538094093
-24.658776596702378
-25.110804061437474
-24.2758141046968
-25.161407258490037
-24.567509271975222
-25.365120188943273
-25.10381209644778
-24.46374881370314
-25.575381568793592
-24.748737725204435
-25.72714854725476
-24.537236044119144
-24.45308103849148
-24.591054948239492
-24.68857293961377
-24.292337335389234
-24.64463446674676
-24.907626709033703
-25.84998042110739
-25.11109173965865
-26.412567290766486
-25.128659727244543
-25.756126191595506
-24.926971848668725
-26.288518145166595
-25.467664969892336
-25.621504942918644
-25.047712043441575
-24.793731684828625
-25.188534041417057
-25.419294046430753
-24.983594967373485
-25.758567738121954
-25.159611433230598
-24.737617427932804
-25.737843496018442
-25.37527389773007
-24.919904431392407
-24.64557586558934
-24.463730820807918
-25.221413313314834
-25.846791605497227
-25.06116727919414
-23.787774042836553
-25.17722528761831
-23.830207675181587
-24.74713503389523
-24.35193069947177
-24.290746240266436
-25.011762744907674
-25.005019039429467
-26.00378993153572
-25.212089708139157
-25.75834858417511
-24.352048642162618
-24.680006598090305
-25.07912146839602
-24.611285026731164
-24.247461725411743
-24.060843981031713
-25.433454203194586
-24.239178001366813
-24.616947476206153
-25.42156556402815
-25.08893910050392
-24.685819671328726
-25.227515540246305
-25.082097054041665
-25.23326100768714
-25.324252309470342
-26.00386724800899
-23.942317984741308
-24.65515201770026
-23.704568243232266
-25.252027343059407
-25.279596319486355
-24.719197103689456
-23.967657400616282
-25.099504962049682
-24.3001915000636
-24.210167818028353
-24.514884321854034
-26.208350337271032
-23.945455405218848
-23.651098836598724
-25.19318092485954
-25.532766928446705
-24.465489092571982
-25.062066558106192
-24.278750291158413
-24.5324088021599
-25.175190061330795
-25.215745307248213
-24.277885702663454
-25.65628259346403
-25.02863186906124
-25.323112857239
-24.373771034438036
-25.11765042461198
