30.914986045709973
19.779150093423908
16.55754300027058
15.01479967966162
13.943245875167436
13.00734609982063
12.34604366380593
11.627559458901143
11.179236903272827
10.948051333684345
10.520733463866957
10.152957283217331
9.877700711118765
9.618775300938507
9.46218003769373
9.215816043317318
9.142282529123898
8.8776389920506
8.840067105560466
8.657725147902966
8.566637706139993
8.436164669692516
8.26779026358292
8.227717915485645
8.094868424380648
7.923763157992528
7.89361262629772
7.875569613072379
7.85825518390228
7.7550226647792195
7.783985108650964
7.5788517709949925
7.601198778584085
7.508510986535714
7.460344719989546
7.371192899243585
7.226765889802883
7.228048105178209
7.2724122381929694
7.174847518575603
7.089246341637496
7.181032406872716
7.111605459759975
7.02600575932141
7.073530120839333
7.013013622113343
7.078634903862558
7.06434400739341
6.972101113148804
6.924800216380892
6.857330933213234
6.893251212506459
6.861764649892676
6.88367431816356
6.743908133743139
6.7339404551633475
6.803474142248261
6.675272090167835
6.661956675607582
6.719786251927244
6.616761140011508
6.714724799168521
6.7385468757871925
6.561760431219792
6.606405481182295
6.611904650284298
6.460700398246789
6.4972861655827225
6.565163315883998
6.634989482190075
6.391171617626116
6.457125008106232
6.508012573266852
6.399960622448345
6.35438159480691
6.482112989214988
6.450244878258171
6.372662925000848
6.313507128635357
6.289910613462843
6.300737373402407
6.310082775508535
6.224196918565651
6.23945535770778
6.231100301804213
6.175099594454313
6.221219900096285
6.295513914063059
6.224080335605761
6.125513468708458
6.089953156509276
6.145828484589684
6.214227154337126
6.081055618565658
6.185458693524887
6.307842298571406
6.0637856421285665
6.084957026715936
6.05618689119302
6.126812341526665
6.0671921089805405
6.046802833034047
6.0660394034509
6.012077762905894
6.058708980936428
6.046483475458006
6.030308311483983
5.993541068429577
5.989903508332269
5.949664448612723
5.9394236561553235
5.977973652810886
5.850256766738562
5.928993510531968
5.859212223954242
5.904440348775222
5.929087632560525
5.92581515810613
5.9427756913777054
5.922320670994191
5.854841783128935
5.971313932460958
5.8784095891590775
5.901938389858295
5.8487563211599305
5.797633280913377
5.817219502710063
5.813363365700533
5.845169901719381
5.890105191489746
5.778712725973334
5.872565668461652
5.776668620006792
5.780644764417205
5.823607928794006
5.830172335921691
5.756025242265956
5.897434890013317
5.838509936913334
5.742544708452348
5.683372561016987
5.80741401556237
5.712960947690339
5.697331052787345
5.75433779764792
5.763357012436308
5.751022648708574
5.7150018838202135
5.703272586238795
5.715590126684
5.703091412654211
5.700736087971721
5.645012618395789
5.598296748024636
5.574678681405453
5.699876062443544
5.6912022668482924
5.580196526800764
5.631187719517741
5.652563180645992
5.582321655904424
5.61271225609656
5.603535670658638
5.54391693375234
5.647915619329132
5.558573400537515
5.602633034617736
5.607136574927075
5.544441835890556
5.70101717833815
5.605824640855707
5.5778544938256
5.631477163526519
5.605146488239026
5.585855243534877
5.538224711500365
5.593773054793991
5.573511332915775
5.514882398576572
5.459105186806671
5.553438672731662
5.539087828377197
5.485372801150741
5.5412759279896475
5.617190406625641
5.518734684920516
5.527375712476927
5.412566016074912
5.671523226232364
5.550982641377326
5.484041172882606
5.529536748497651
5.512571310945626
5.4587306214560725
5.458448962276352
5.4619736842297275
5.415280463880506
5.566091536704836
5.454905407567477
5.373266685754061
