-35.925806666242664
-51.114246878130686
-52.88602030174486
-53.53354633368295
-54.84755326756115
-55.398280534250986
-55.7933830721625
-56.33615305711483
-56.784059941768646
-56.944757311508575
-57.36323706446023
-57.648515750621925
-57.93992899409656
-57.666656845602496
-57.934334504193274
-57.941036082547285
-57.93138216281759
-58.423688118827755
-58.17452934898179
-58.33154032764764
-58.346126556396484
-58.57058634840209
-58.6656975982518
-59.24461687433308
-59.412899559941785
-59.26392359980221
-59.64101912029858
-59.71281842630485
-59.738822974007704
-59.900016236921836
-60.0390166630005
-60.17867657336696
-60.215928347973986
-60.22822409662707
-60.314943222136336
-60.34453189784083
-60.259202037391994
-60.464749288970026
-60.5411747252119
-60.585661387649075
-60.636567882422746
-60.67150998937672
-60.554094647539074
-60.69032817256862
-60.63564815295154
-60.71934552953161
-60.71486239083882
-60.494862942860046
-60.677870113274146
-60.71632796731488
-60.86189015980425
-60.79590370942806
-60.88420995556075
-61.156601512226565
-61.1788973520542
-61.45095379599209
-61.41046333004688
-61.28288686481015
-61.51528753083328
-61.35297618960512
-61.55932815527094
-61.69651835334712
-61.71665907214428
-61.73867173030459
-61.25138338680925
-61.434639286378335
-61.496685965307826
-61.615514111929926
-61.573011696338654
-61.57097370871182
-61.49275996047875
-61.62590145859225
-61.5782927182214
-61.53555361977939
-61.62464182335755
-61.932870155778424
-61.71554745271288
-61.78245766409512
-61.992794840500274
-61.83520973345329
-61.90688431674037
-61.9404589102186
-62.026369459670164
-61.83835387846519
-61.88004244709837
-61.84702950304952
-61.949995018284895
-61.76108621112232
-61.73076697875713
-61.72374414575511
-61.65520748804356
-61.75604183920498
-61.696257533698244
-61.8309610352434
-61.93267800479099
-61.93986111057216
-61.82782046548252
-61.96896045269637
-61.88383995664531
-62.000387224657786
-62.014478187108864
-61.82737530922068
-61.92980834533428
-61.94870444618422
-62.02387838836374
-62.093738427449914
-61.96574542337451
-62.04779321777409
-61.95784808643933
-62.04277023981358
-62.13601845194553
-62.231746223466146
-62.35083858103588
-62.212146187650745
-62.0688099922805
-62.02744720516534
-62.15579081917631
-61.96415061889024
-62.0946077570833
-61.876292099212776
-61.961627036333084
-62.00525568271505
-61.85600339955297
-61.90340986334044
-61.779934739244396
-61.78247001150559
-61.961726656247826
-61.97943087281852
-62.04998609526404
-62.14609925911344
-61.88462036642535
-61.97004032340543
-61.982059573305065
-62.14544224944608
-62.018157983648365
-61.98026568314125
-62.06205261370231
-62.032168655559936
-62.13780792108898
-62.12490560063
-62.21949736311518
-62.297456396037134
-62.15202067946566
-62.205632345429784
-62.19281698095387
-62.17051114912691
-62.09650085301235
-62.11726131932489
-62.255570905989615
-62.17126970455564
-62.22882620836126
-62.167175496446674
-62.26105801607
-62.34077575494503
-62.268100491885484
-62.21489364833668
-62.2296550191682
-62.23540732264519
-62.16562869219944
-62.27190954726318
-62.13953076765455
-62.29694202850605
-62.35011678934097
-62.29936388957089
-62.40762937993839
-62.3518051895602
-62.29487270116806
-62.35556423869626
-62.42704982387608
-62.34452375050249
-62.35184973375551
-62.3672032849542
-62.297987276110156
-62.25488037693089
-62.17363725448477
-62.346695153877654
-62.19342266485609
-62.34785185086316
-62.282865385557045
-62.3072647801761
-62.31079039491456
-62.34213518993608
-62.3457759104926
-62.2536043771382
-62.365202437187065
-62.30915781752817
-62.32450638968369
-62.32179978592642
-62.31733958474521
-62.38204759564893
-62.371397972106934
-62.42185149110597
-62.41072841142786
-62.34310437276446
-62.419344170340175
-62.38509746255546
-62.357861679175805
-62.41017054894875
-62.44219504964763
-62.446925654493526
