116.6813164373924
99.49720333362448
94.46418690475925
94.15708873189729
91.7726682095692
93.67135361145283
95.03173060869348
89.6369599946614
92.23973951874108
91.55770239542271
93.38704601855113
91.94444408498961
89.73712219863103
85.66699904408948
95.76152955458082
91.08434859020957
88.44873462874314
87.13558231756605
89.9622958569691
91.50987665817655
86.87529295682907
88.49874736522806
88.34739032696034
87.47563211465705
93.20153138349797
88.35130552793372
88.44178123515228
89.68898618426816
87.50410948539603
89.26462707848384
84.75280719995499
85.21460257316458
85.4464927500692
85.95006955903152
86.1056823113869
86.7750562038915
84.29061908351964
87.45722168067405
87.33362174856252
89.94869725046486
84.99218868181623
84.00323631845671
88.6181355776458
90.94320404735105
88.7238906930233
86.58432902138809
85.17166603639208
82.39343058651892
88.32710663614601
85.66318202018738
89.4894584972283
82.19822756175337
84.55259865727918
86.0750164060757
88.27630264389104
85.39883046520167
86.90901697709643
85.54590880870819
89.62751553387477
88.24185150039607
90.84386502257709
89.39003511543932
90.78864983649089
87.04291022234949
86.14534358731632
88.0485381689565
86.67154507390384
86.11440905620312
84.85130644872271
84.20142839900379
85.7135993571117
83.42009513953636
89.10886676147067
87.05790934069404
84.69309594918941
90.76342448900486
88.41441381183164
85.1406917921428
89.25051632831837
85.83260957331493
83.34080935757736
88.47125913459679
85.9042877267147
86.0602840226272
81.18953418937222
85.76051671135015
85.2231178324798
85.72628565903368
86.59780475600013
84.40513987582305
85.52034976359072
85.88417066787851
86.57891199506562
85.16937909044069
85.91164810801375
91.87842011862787
86.99315848843804
81.94365303475281
82.55547470882021
85.7378240083826
83.77816004588686
85.9559536884571
84.47172669706673
85.68692232617016
82.94276393487536
86.0256751611315
84.51232653650744
85.3566126494572
82.28950575302387
86.65495588039529
84.25442787491042
84.91109665919994
84.85969912389228
86.98444081174917
84.24864026801339
88.38044656761761
83.70184706613935
87.22574587731526
85.08166741913763
83.45388223590523
88.5842010152751
89.16768647267901
85.75611938690317
87.77188897338407
86.70802057611532
86.9837658220324
85.95410480581481
83.14081735652069
82.28760655378473
85.20059750408961
84.29797147882395
86.32368337491462
81.7187429913159
87.27445936408536
84.33246220391372
84.31046171023928
85.94700926542282
87.07083131116012
86.06229298895803
84.48161998288384
86.30170278508088
88.16869288682938
84.68359852864825
83.6953934739376
85.12542386301632
81.76799608304583
83.65924928928244
84.49176598006281
83.6490331456579
83.27619599062821
86.49364423751831
84.41370914516777
85.90964564372753
83.73064969736954
86.07609918199736
82.66410033250678
87.05698405874186
88.49876816519375
85.57265310862968
82.84158376373094
85.52880315328467
86.65353318740581
83.99273100803639
83.78077689738109
83.30162901919464
86.21433322183017
84.62212142862123
80.27615024406334
81.73767303803871
83.43006563186646
84.62181710785833
84.88118276719389
83.91250406462571
84.64501730943549
82.76272357332296
81.27514299442028
86.29817877966782
87.10608954676266
85.76101105788658
85.41967588046501
82.65948128700256
84.46708747230727
86.38751516671016
83.74358675192143
84.42173863690475
83.63070381920913
88.57884924987266
86.42388442672532
84.1493136944442
86.90473320566375
88.19729442843075
85.84007012844086
87.46409895502288
84.11344848007991
84.09069980629559
84.7336639145325
80.64387233195633
87.64600808867092
87.8212215324928
87.03001855365162
