1325.3629223505657
1291.193718210856
1290.438534196218
1275.1500327746073
1268.5080819129944
1273.522534275055
1264.7799979845684
1260.8521668434144
1255.58345673879
1253.3509450276692
1251.236285305023
1248.0088319778442
1241.3884775797526
1250.1339497566223
1252.2975558598837
1246.3564628283182
1248.4932560284933
1242.667410214742
1240.2449947357177
1232.9993771870932
1238.9350140253703
1235.2343114852906
1239.797579797109
1231.9370971361795
1231.7379280726116
1226.6407755533853
1233.2973200798035
1232.7906202952067
1237.565604686737
1233.2535957654318
1235.6246229807537
1229.240604686737
1227.6788007736207
1226.0089228947957
1230.1855999310812
1228.406521956126
1228.6904880841573
1223.9341727256774
1226.430150826772
1222.422841644287
1219.1507670720418
1223.969649442037
1217.5479736963907
1218.2463583310446
1223.4284560839335
1211.2994895935058
1222.269358730316
1220.0115996678671
1215.387346204122
1221.2965734799702
1221.2866959253947
1214.0955663363138
1217.0299501419067
1218.5398048082986
1215.367391649882
1215.31901028951
1218.3760195732116
1213.3864241600036
1220.2720968564352
1215.3487098693847
1224.9975158373516
1216.8294583002726
1214.954899851481
1218.658236058553
1215.8196402231852
1212.6546835899353
1212.9799644788106
1214.078793589274
1214.5119575182596
1223.90155061086
1210.4398315111796
1207.8095081965128
1209.8632737477622
1219.1240022977192
1213.7334689776103
1212.7265168507895
1212.114297358195
1210.1210034529367
1212.168310546875
1217.643174012502
1210.6593982378643
1209.2431736628214
1220.9037450472513
1210.344537226359
1212.324788093567
1217.9193829218545
1205.6793092409769
1206.1142432530721
1206.609889602661
1214.2427972157795
1203.203107659022
1211.826244544983
1206.5898325920105
1217.2191277503966
1209.7105040550232
1204.9808772404988
1212.1496527036031
1207.068881225586
1214.0920399506888
1205.7063772201539
1204.284016609192
1208.5102714220682
1206.0398440043132
1205.4671116828918
1205.1800564130147
1204.3062838554383
1213.5792509396872
1212.997953828176
1206.5339405377706
1205.0762773831686
1204.9985076904297
1206.3137928485871
1211.1884420712788
1201.9348020076752
1205.1323276837668
1209.5168101946513
1206.4890346209208
1198.9994645436605
1207.4116810162861
1206.5485916137695
1207.0188308397928
1205.6261697133382
1202.0313974380492
1216.7590619087218
1211.0145199775695
1213.825854651133
1207.8945059140524
1211.3979242006938
1209.016092745463
1212.7378865877788
1208.4482849438984
1207.3490800539653
1206.5745532989501
1204.6365862846374
1206.7771538734437
1205.4562941392262
1207.1744625409444
1203.8850397745769
1210.99418036143
1201.2564453125
1205.555130894979
1206.6327185312907
1204.191987991333
1213.003630956014
1209.366781838735
1201.86476243337
1199.0013874689737
1203.338513247172
1199.8336895306904
1205.0355662345887
1199.380702273051
1203.0068591117858
1205.0929644266764
1199.2017680327097
1206.1905305862426
1208.250147565206
1195.0825844128926
1198.7114765167237
1201.875606028239
1200.6225809892019
1200.3682944615682
1198.7032281239829
1197.7550904591878
1206.6314436276755
1206.7069562594095
1200.3180024464925
1197.5603138923645
1194.7064476966857
1201.149745464325
1197.9502813657125
1200.8083779970805
1193.8002794583638
1208.965247821808
1204.6463620185853
1196.1596542199452
1208.4025703430175
1199.497277990977
1199.9227761586508
1196.1876730918884
1201.9044196446737
1206.2712600072225
1204.28716785113
1201.2934872309368
1202.581268453598
1201.9509238243104
1197.9791279157002
1201.608433675766
1199.695243326823
1206.2892265001933
1197.273512204488
1200.561118666331
1199.1160333315531
1195.2038619041443
1199.2861738840738
1210.1575100898742
1202.59861981074
1201.7890860557557
1198.5046674092612
1205.4062915166219
1195.712193775177
