9.624270462270442
6.295061564651029
5.309269175447267
5.058528257983512
4.665002922431149
4.413458512646371
4.151971976047959
4.111594817376342
3.898313417516906
3.702054001390934
3.585466250520328
3.3321087960282276
3.2248915939367024
3.115213816600113
3.0988142117857933
2.9824394560579597
2.95872762799263
2.8173325815848234
2.878522259022655
2.804416670945698
2.709101892044318
2.6743310490815806
2.6891947699518037
2.6029145001465905
2.6725504355954715
2.639738739564501
2.665751022511515
2.6359409105418057
2.6333545905634246
2.591876136909785
2.5696428788119348
2.5499892898931584
2.536762116284206
2.548164290343893
2.4918664832567345
2.454380627978465
2.5097476683300117
2.4988222701539256
2.56858042255044
2.4041379438392045
2.4442819663933637
2.4763175594652522
2.4824238399621743
2.3598186237544847
2.405009170287642
2.514558675474134
2.37637833724248
2.4307105156496682
2.4294388328903707
2.3424311549370658
2.3590942608385252
2.3161681758175634
2.340994043211485
2.3263613706261945
2.2630191160815545
2.2690136369703144
2.2333464454859495
2.23512869585177
2.2450765535106947
2.2211502760263353
2.174589858743651
2.195475976271876
2.2123812557808282
2.1981997917053
2.182338485044652
2.1161687399164357
2.132580332714936
2.1703585648331147
2.1825740457480323
2.187138333980893
2.120949492179628
2.1595083933708996
2.119812049100111
2.084073375139771
2.0755133520940254
2.1486615855889073
2.093378294066622
2.042038680150591
2.0840400055307766
2.0971340494679995
2.0808982913992526
2.110258401339424
2.031069044537585
2.0547392410707883
2.0653088304117837
2.0453616984445473
2.06766856192001
1.9924119815615744
2.0054157878561267
2.038739561520774
1.996280994458959
2.045495491603325
2.0158107987894067
2.0226511827445237
2.0419271891487054
1.9604446368356203
2.0065176618638736
1.9648662625073359
1.9270129255821993
1.958798716551271
2.020258115283374
1.9433047342403182
2.0009620870495666
1.9747849282776486
1.9730411750617727
1.937342226762196
1.9484291655364736
1.927675123358595
1.9295530216447239
1.914485066229927
1.9119410512904669
1.9186913506609613
1.9936044618230442
1.961408156837369
1.8822883628951064
1.9186525091785809
1.8730977842391565
1.8803856029207338
1.8985338107008358
1.90365299010842
1.8745441210038702
1.9038840579832423
1.9112234984299745
1.873227313032438
1.8789533554608453
1.8938969669478207
1.8570680286863754
1.877815940288891
1.9096192747739882
1.8711181346583983
1.8463127615636792
1.8540009283300103
1.9009368998672942
1.8380383896673549
1.8906133880132232
1.8411831464618444
1.888134527052271
1.8665966210437233
1.8685496583067138
1.8905270635310947
1.8563354169500286
1.8534937694925686
1.837973058994474
1.8837838745836555
1.9108442037269986
1.8997594779999605
1.8455088660120964
1.8417394673772927
1.86243154808622
1.8404841986324252
1.8396220532213818
1.854062064326015
1.8063345302924
1.8306870716142243
1.8819256847531631
1.8175554984602436
1.8610960165488308
1.828471921512793
1.8277503358007505
1.8209646581190413
1.8479691871666704
1.8996973769289667
1.8685757492765271
1.8802940749145787
1.8414897615539616
1.8404848730384276
1.826115922488529
1.8180239573763362
1.8169232921610619
1.8516405351331522
1.7847577471542975
1.8647352606700411
1.8210103633845676
1.8046354445917854
1.834056262697639
1.8127219402712995
1.7644957995748725
1.8191760427736003
1.8434068538441226
1.8231408931957236
1.8063429353501776
1.781918933422401
1.7908260973234629
1.7989433662130916
1.7870189266857401
1.7752461114834095
1.7888423808175942
1.794870412940609
1.7837235778570175
1.7941739166091228
1.794401287261782
1.8133960883614832
1.7716584386753624
1.767122106241255
1.7755039993288189
1.7685578954245509
1.8042471419762949
1.7926533396901756
1.7706191082452905
1.7914669480303238
