527.8684070348739
418.29791428248086
385.3503559192022
361.0496096412341
343.04554347991944
334.42684688369434
323.89989634950956
320.9238990644614
309.87844740748403
303.77533053358394
297.41906661788624
293.4613712251186
291.19035574793816
287.23565878470737
283.4883837898572
280.35667873422307
278.57017898162206
274.77792566219966
272.52931895454725
268.50890163878597
267.7466137011846
268.64361800054706
264.79629481732843
263.17614662746587
262.1543105910222
259.55138541360697
258.6299068232377
256.76542557775974
256.9443740447362
254.79627553125223
257.8264833887418
254.25794584353764
252.80741075774034
250.30645006646714
250.21013942162196
250.01763941248257
249.48391302327315
246.9451190357407
243.9911574333906
244.87939578145742
242.28028953423103
242.524701816837
243.19579120079678
242.5549247334401
242.91365443319083
242.99416410227616
242.08302717457215
238.2681903054317
239.00564373036227
238.96602311879397
238.20434535890817
237.84193717390298
236.24448607613644
236.72327876488367
236.25405090798935
235.37714232554038
234.62835997293394
234.15671161909899
234.25991971914968
232.82336516156792
233.51091378132503
233.2684723938505
232.6989589853833
231.9572478239735
230.4605380517741
231.70345437576373
231.12905802866445
227.84480852584045
229.66365784027923
231.14405584012468
231.5649901886781
228.950887226065
230.79796104828517
228.42439951797326
228.65069665353124
226.84857232173283
228.64786287347476
229.42113485758503
228.26578360646963
227.42897341951416
224.6060178046425
225.3270355414599
226.4942642699927
227.9585922104617
226.04321459531783
225.6776318350186
222.86221028280755
225.98233257190634
225.63980450158317
222.4129034124315
223.2748874615257
223.07949419201663
222.80044520335892
222.26557691022754
221.81354889745515
222.94252647298077
223.7419972270572
221.4683608012274
222.82938373958072
222.20545835333567
220.1722689676409
221.30164422647405
220.8376315454642
221.4591265445575
219.9185262018194
219.93858320812384
221.48483134494938
219.12207269843978
217.27524888242286
217.9210791779061
218.32697255828728
219.7874578408897
219.6392972394824
217.55427646872897
218.46232557917634
219.02618888144693
219.05121741555632
220.7868766715129
218.05898408343396
219.08977844628194
216.1492924876511
216.97988744626443
218.27204674101668
216.75753932471076
218.88259084026018
218.2170719479366
217.98926715099563
218.8482738623706
216.27891814894974
216.5131004617239
215.99311534700294
217.06462440962594
216.99035975784062
214.86990596049776
216.463037785391
215.35059243883006
216.41540939589032
216.25396382498243
214.9110648021102
214.0967801148693
215.34052490182222
214.71913764054577
213.397706424507
214.1182654666404
213.0062155118212
215.08063237840932
215.75706731143097
214.13135802447795
215.33701781250227
216.10917053028632
214.00102204655607
211.97895022754867
214.71271493033467
215.72572313540925
212.31584656573833
213.63292964740347
215.59739804205796
214.1497951861471
212.40614490552494
212.60191703562936
215.2827313217024
211.92838353974125
210.73014184037845
211.49246741980315
211.3088373914361
209.47915685276192
213.16083528771998
212.57708244919777
213.23532865991194
211.45571075727543
209.40707406798998
210.9354594051838
211.65800161063672
211.5822974684493
210.2944791788856
210.80038176948827
210.93144739866256
209.72191059241692
211.52251671652
211.44201403694848
210.0474375759562
210.19059907545645
208.1392207731803
210.40557203864057
209.4787835292518
208.60667486265302
209.1259798131883
209.09957530399163
208.85838494698206
209.49145081291596
209.10933903281887
210.06881689901152
207.41132110729814
207.77168536360065
208.2108332199355
209.33386009385188
207.43241273139913
209.25498013446727
208.5544599165519
208.12244512960314
