-20.58046807811178
-25.205863137697353
-25.589934304870408
-26.678072194087093
-26.970551963510186
-27.4817398231605
-25.907943257483943
-25.733373187739275
-24.88176673856275
-26.704066957893044
-25.076050110932055
-26.28699757415673
-25.96114913040194
-26.069892262590344
-27.250027872365095
-25.696119797640833
-26.066039747205274
-26.791175445092136
-26.381855095768795
-26.39718960688032
-25.210222567977578
-25.013882975896884
-25.778489379533404
-25.31640160803137
-24.78780571653925
-25.711649481592506
-26.16555768559719
-25.222120351832487
-25.45139491249775
-25.60978810180878
-25.72980997326045
-25.823499203755937
-25.527779475368302
-26.184307948268692
-24.764134299138497
-25.151684529308614
-25.447737512917353
-23.96808526228214
-24.52672398295896
-24.816863575886035
-24.808978400353727
-25.080545428498038
-24.96434816512568
-24.48420453379894
-24.129964735487412
-24.997513730978145
-25.12315465252975
-25.156458209814698
-25.144999520532018
-25.237660868414515
-24.60955550239004
-25.281382114208977
-24.809302793494588
-25.830903860515562
-24.669480936280614
-25.724624872721474
-26.056045217760676
-24.95424261535036
-24.976774160718097
-24.72444940229942
-24.928675399772054
-25.634252218336893
-24.95982801914215
-24.89761809953328
-24.036192698211504
-25.65099431009128
-25.510723191088644
-24.29183158124315
-24.78614477813244
-25.10855071554924
-25.217585135122825
-26.41464077398695
-25.66738595119838
-25.18867579719116
-24.929187203275745
-25.23439142313497
-25.21345751347213
-25.963350049380598
-25.630089520380416
-24.475230559192855
-25.148864957793005
-25.886859502257973
-26.24694010666732
-25.202536386148683
-25.129406988106926
-25.045367042566166
-24.89004083131922
-25.489405625853045
-25.017783695253833
-25.317332736377058
-25.107777207062163
-25.677163075784158
-26.020780216003285
-26.328100933597007
-25.604086685797263
-24.799274697385986
-25.907371960837267
-26.36117991188477
-25.309304747088202
-25.933858746084674
-26.61921503420534
-25.812908701855562
-25.24929564060836
-26.359020503944365
-26.33696919063042
-25.798045164038395
-27.122963539485273
-25.468545235436537
-25.473645052519338
-24.40293463910448
-26.45288391976521
-25.426735626212484
-24.756188053509284
-24.619622047605187
-25.07228037663575
-24.29522342517458
-25.460719807394618
-26.08347728745691
-25.057115132438724
-25.279493669497555
-24.455324045543012
-25.211823053914927
-25.487320430319883
-26.16343381538473
-25.302525652893657
-25.001701414585114
-25.509649311674053
-25.3247759116107
-25.42728070400912
-25.32110862690827
-25.724150493741035
-25.51761087672464
-24.491046068997218
-26.088682598081128
-26.11164415602026
-24.48846297120226
-25.76432511313208
-25.481650087340125
-24.083619797024234
-25.994404709544675
-25.13828371465206
-24.647301237130986
-25.339192909927203
-24.412907197557647
-25.141646502603745
-23.648219050004563
-24.183110275145236
-26.29933386424492
-24.75978578370193
-25.56892735639523
-25.47870701654204
-24.70845483860065
-24.564244938307795
-25.31142518951975
-24.97785146071993
-24.804351908379587
-25.57755094458317
-24.928090182871653
-25.697498196157916
-24.88095105619266
-25.355704376409793
-24.062254439140187
-24.778786070387937
-24.815004324090893
-24.876812262781733
-24.84208735001498
-24.860587910331528
-24.88625443341403
-24.634038632286007
-24.92604036269517
-25.289633142537085
-25.49742629610259
-24.957749485969543
-25.494805220386077
-23.990503934950663
-24.93389187187984
-24.050574377179146
-25.957651485143035
-25.18259113307657
-24.221441401489848
-24.555126373110145
-26.137998626149933
-24.780333275425022
-25.727185393715725
-25.67780856377092
-25.794259720835193
-24.06497575805105
-24.659562587738037
-24.780253200181598
-25.139581742985495
-25.42397710783728
-24.702086578155384
-24.473922187912052
-25.33928216223059
-25.22763339096102
-25.77904898955904
-25.345997851470422
-26.009063970939867
-25.74521943053295
-24.43992141094701
