1282.9830951372783
1138.016388098399
1050.5601670106253
973.4679734865824
930.1677790323894
876.9799604733785
830.2803286393483
795.814614725113
765.7224851449331
741.3899737358093
720.157024081548
708.3547231356303
698.4139818191528
684.7017181793849
671.0064122835795
655.204486600558
650.4608939647675
639.5499868075053
632.6698822895686
624.4165430625279
621.3243808110554
608.994517771403
600.3318913618724
598.8444937547048
590.0935160716375
583.4378388325373
582.0801397959391
580.2192641099294
574.688244787852
572.8176144599914
569.6558482408524
563.3849881490072
560.0745942672094
558.5026891390482
553.6880996227264
543.529992667834
545.7102740685145
534.176804335912
531.293313852946
525.9911025603612
522.5504368225734
521.274721121788
513.6801277716954
514.5390799442927
513.9074140230815
514.2611214399337
510.58791840076447
507.74191540082296
505.312179962794
504.0814056158066
503.6069422006607
502.3919026851654
495.373317249616
496.1125465710958
497.14291739463806
492.32756174405415
491.8655799945196
492.5901018937429
485.49258863925934
484.80687510967255
482.64443741639457
482.18452147642773
479.89881827831266
475.6638244549433
474.40760668118793
474.82158895333606
476.79026900927227
474.9774978876114
471.8115604877472
465.8944072882334
464.31768748760226
468.4794341961543
467.28748603661853
467.6494248827299
463.6585515658061
462.81964155038196
462.8836755990982
463.42740761439006
460.63820274670917
459.8395677725474
455.1197331110636
456.10935616493225
455.4912168343862
454.69729816118877
452.5597339550654
451.76111991405486
450.8109106818835
449.76637636820476
443.6024571657181
450.0117316643397
448.788790734609
445.6805630882581
446.45034934679666
442.7256819566091
445.87303547859193
442.26970705986025
439.9512303471565
439.67413785060245
436.63291986783344
438.75710839827855
439.8106104334195
435.33689147631327
434.1618548432986
435.7421253681183
435.5388789614042
435.079755961895
432.687150935332
431.49635709524154
427.6321203867594
426.927390340964
430.74907181660336
431.2939183831215
428.6243175069491
425.2381989041964
423.50650478601455
425.735807577769
424.9647558649381
423.2379329164823
427.8292681892713
423.1591207742691
422.73466149171196
422.10018769900006
416.24040757815044
419.983531332016
416.5144665280978
419.406309123834
418.35449575185777
417.3964141130447
414.8606554428736
413.4532378077507
416.8153453787168
414.4297008474668
414.3672304312388
412.57482081254324
413.0274877389272
411.76924799283347
409.6645761529605
409.6077144106229
408.47940659920374
411.5351448814074
409.9023111462593
410.7667004148165
405.9572944641113
407.5572498281797
407.5868262728055
408.5972550392151
402.847405676047
407.6501013278961
405.70375653505323
406.0173829992612
406.6270417928696
405.48368399540584
404.0576188802719
402.91566037336986
405.6851001699766
405.3198107679685
404.59377624988554
400.25984565416974
402.45451128085455
401.85919525225955
401.91344095865884
401.5816900173823
402.4026405374209
404.6530240456263
400.6132912079493
400.37641697327297
402.0733813683192
401.558105301857
403.33698076407114
397.2366666992505
401.0948932727178
398.15009490251543
397.2415761868159
399.0688330729802
399.43671781222025
397.5233633041382
399.0512865980466
395.5949061393738
397.6212487578392
394.7051289161046
397.14259222348534
396.24674537976585
397.05515189965564
397.3261360526085
394.43018752733866
393.7487922072411
399.50428419510524
393.54241913954417
390.32656828959784
392.13698263168334
394.40625180006026
395.61048705180485
396.68794394334157
394.1349444468816
396.25210395256676
394.82240885098776
392.3489283402761
391.3627488215764
395.3900969584783
391.10566519498826
