-15.633590128915063
-23.18799712791525
-25.21822989295269
-24.982413687582675
-24.554126884916734
-25.360742372171632
-25.509318472496396
-24.705531984567642
-25.251953957409693
-25.177768409252167
-25.547618692291195
-25.235057102708982
-25.924560029445022
-25.46368602329287
-25.525014614236767
-25.291349093975693
-26.145820590956458
-24.95377332588722
-25.07934540921244
-24.845989739072735
-25.272310106404895
-24.657781057316683
-24.785584624471337
-24.412872038010892
-25.028416461985685
-25.06219922982413
-24.748305418881877
-25.34905879199505
-23.73921582513842
-24.453534744936846
-25.434983449763266
-24.649958572511014
-24.99122325305281
-24.522635001560737
-24.8647164090954
-24.927490820144786
-25.64324436773514
-25.62535058167474
-24.76119424556864
-24.46512180977854
-23.79418929126756
-24.738978238969015
-25.062700575795667
-25.06304540305302
-24.662413159321094
-25.323296138952518
-24.621543653052427
-24.575216244520814
-25.27039488944514
-24.917544941963822
-24.62526164075424
-25.322309080896705
-24.740789422187312
-24.690019092683134
-24.60302446422906
-25.29000619156607
-25.486601830556474
-25.53207496733501
-25.8601027089974
-25.871037485270666
-24.819212683315936
-26.42538515144381
-26.10061107010677
-24.710156743382587
-24.72211018512989
-25.489975668233015
-24.58625554010786
-24.926349353173684
-25.624411080931797
-26.086377051369897
-25.77019526578229
-25.825669166342966
-25.891041001369214
-24.519382945422468
-24.351241733493477
-24.276785563292176
-24.97110450678858
-24.971537714374477
-24.853237239451243
-23.772503056402865
-24.45492474580633
-23.91866941184833
-25.38897393489706
-26.232224997261476
-25.169937184658544
-25.257493988193314
-25.827946933179067
-25.093835574285738
-24.916073770358643
-26.011257021591582
-25.03856736370202
-24.994464419525244
-25.300701660328897
-25.35182308842396
-26.257157635072183
-25.235260471701622
-25.24394554721898
-25.014212723436028
-25.895648192742776
-25.45240452114878
-25.082530497990806
-25.308831559172994
-25.80163836479187
-25.182037180867688
-24.596038045554327
-25.526256249896413
-26.097556288900048
-26.313102116872525
-26.384787415122165
-25.484512422619193
-24.867492488745985
-25.436943326530784
-25.456705416071003
-25.463388538052296
-25.736239722062802
-25.808934142877316
-26.250379947495873
-26.8173699265924
-25.919980306049872
-26.760792808286077
-26.949791121071783
-25.872519999742508
-25.695971951402466
-25.75950529760328
-26.146958612676325
-26.210478632100696
-25.815067526595346
-26.6814090044334
-25.877155922610186
-25.94319442017325
-25.315325206209874
-25.618982295537815
-25.031861845789283
-25.785660102449615
-24.5771420890915
-26.57931279622275
-25.688297770146665
-25.320982825139474
-25.566356596247903
-24.91470275870685
-25.211877159517385
-25.27466612489059
-25.440439682068497
-24.768704315711712
-25.74369430028159
-25.790274101084677
-25.213434946948084
-25.256525752359423
-25.022433619047032
-25.75938813491114
-25.092146672051527
-25.55965782239519
-26.797344534561553
-26.143402918145576
-25.49443213847177
-25.848673576938694
-25.75680844228843
-26.375566985072762
-25.44288117412863
-25.711389536487644
-25.56761694005851
-25.402282040180832
-25.808247760452073
-26.475173987705134
-25.71629410673832
-24.88405469522394
-25.555556698092097
-24.977309262958066
-25.292041183031838
-25.48890847275997
-25.55724426590163
-25.013348095375918
-25.71441113948822
-25.49062710897676
-25.257445513174453
-26.143859584783687
-25.81600685366269
-26.88009932534448
-25.995514736093323
-25.11783757086458
-26.31030036663187
-25.283704842986733
-25.00178716511562
-25.26121687066966
-24.969019474654363
-25.682197249141232
-26.124175355352204
-26.52708289797964
-26.24053860635593
-26.412871563229068
-26.92286420844752
-26.37804278217513
-26.37107630998924
-26.481840044260025
-25.722895469644975
-25.91407734618105
-25.4436060519054
-26.2582247262371
-25.94799309249582
-26.41723470235693
