-18.021972521625717
-23.65705549511416
-25.437953103205253
-25.679802702932523
-25.840867720801256
-25.441221303467092
-25.194421730678656
-26.334946132939436
-25.226215194011555
-25.081237286843102
-25.900020546954252
-25.79058783475695
-26.343694037404553
-26.145845077674963
-25.059811754473323
-25.300435226539086
-25.017348737552247
-24.740172139529523
-23.923121441027213
-25.48792425311845
-24.267673186700918
-23.48518603372163
-23.808693760427936
-25.630791772542327
-24.574580343632864
-25.220865400186902
-24.77082350130739
-24.267591358258805
-24.766321805016748
-25.2132938596709
-24.659071313923803
-24.424558129290055
-25.767597330541445
-26.664205821423696
-25.109643343193778
-25.882930794666553
-25.25166773230865
-25.58417232694297
-26.253815681256096
-26.096361577510834
-26.208296877556833
-26.295353308320045
-24.390393353741743
-25.437533316941096
-25.49455518147041
-25.071922284775766
-24.651238857158297
-24.38730818290135
-24.642403299952374
-25.696629481068975
-25.30042442987705
-25.558928495851056
-25.67654486668521
-25.231766612365327
-25.751474457054304
-24.969728429255813
-25.306728197582835
-25.292488900751902
-24.942513429913028
-24.941043239215325
-24.261432532606452
-24.089766504435705
-25.692755703782215
-25.820764538029145
-24.818394791463326
-24.666418889987057
-25.191771352085574
-25.216158227673894
-25.425057612616442
-26.019270014660112
-26.01385520552767
-26.884422676316625
-25.75277758929236
-25.84850225674695
-25.547135187634105
-24.945600107312202
-25.768958646675635
-25.702253519461074
-24.752863846976183
-25.310232531407785
-24.84346372505714
-24.916657709869845
-24.80867210441622
-25.442743594276493
-24.490489660152072
-24.164517092293707
-24.808453028572018
-25.952053376312914
-25.465949879124246
-25.123335243812924
-25.24686753338781
-24.56446535731184
-24.613888507259304
-25.674179404973984
-25.940669792479483
-25.323822087255017
-24.16943376023194
-25.183576116274143
-26.93605616791495
-25.878875624516915
-24.51073288352325
-25.471105323783284
-25.518412634216507
-24.792999986944526
-25.586839643018
-25.994862795903764
-25.704444840550423
-24.4785055466767
-24.6010927290752
-25.42146344842582
-26.252015485845764
-25.510270591953706
-26.295970788032843
-26.958366574912237
-25.318487068702435
-24.696177420945002
-24.98273265361786
-25.652525505115246
-26.88826860127778
-26.000657212631456
-26.34172283986519
-24.86273258770334
-26.05315790710778
-25.72002334944133
-25.83724143484543
-26.832122169691942
-26.605933107178785
-25.378969467405614
-24.729765502543284
-25.03030996898125
-25.31872927525948
-26.063469013777272
-25.918721121960672
-25.57410127746648
-27.004215333996147
-25.662318009754706
-25.49899635489645
-26.690685754192288
-26.23176808963562
-26.797996913564617
-25.38454733326517
-24.864972868870044
-25.690028943892184
-25.986394077539444
-25.087031417879565
-26.413687457298412
-24.46204663350664
-25.567183292631444
-25.768930770199873
-26.097233404887135
-26.334033231283055
-25.69011041522026
-25.924869379092907
-25.010091849442187
-25.49207520741841
-25.91181556366641
-25.76431387097671
-26.412611567768558
-26.017457684052403
-24.493150131455785
-24.68987401960225
-25.766653126683728
-26.205325119454287
-26.693280501098467
-26.41935483135026
-25.486240945499517
-26.561580898432897
-26.734133498422032
-25.580476795804913
-25.394810585112406
-24.6669144085769
-24.931654796518128
-24.50367682350093
-25.456226365319615
-27.067896304459406
-27.6865673661232
-26.098755980360096
-25.60660290101479
-24.579489703836114
-25.194892795435315
-24.848917819302656
-26.04652991479841
-26.03016649032461
-25.489601735411018
-25.571798418102592
-25.599030647812217
-25.985673472799103
-25.13029774817927
-26.133315993280245
-26.18131668094931
-25.41050547721057
-25.93797192439951
-26.67753635912106
-26.082956567920487
-26.44768510913027
-25.649678512893875
-26.569194059947442
-26.09802094101906
-25.897575799761146
-25.781558888739553
