-112.18136914968491
-205.92603707313538
-218.8408450603485
-223.9003555059433
-224.46996932824453
-223.57215554714202
-226.00470756292344
-227.05794586737952
-223.62684293985367
-225.81664191087086
-228.95704356829324
-225.03958254655203
-226.5724522749583
-226.74011731147766
-227.91395176251729
-226.3655055363973
-230.13335218032202
-233.15857819716135
-233.53182954788207
-233.23478248914083
-232.43186519940693
-230.91793559392292
-232.3837383667628
-227.84203258355458
-228.93084636529287
-230.40529657204945
-231.29605624278386
-230.43800094127656
-232.24903093973796
-232.69030421177547
-235.1145255088806
-235.63241064548492
-235.45190000534058
-232.42348614136378
-235.00819959640503
-234.56907833417256
-232.16493015686672
-234.12694743871688
-235.52340500752132
-232.8425186475118
-232.85619985262554
-233.82812670866647
-234.65439789295198
-234.54690365791322
-234.70165825684865
-235.15871981779733
-236.6261345744133
-235.65990014076232
-235.6695306301117
-235.32117680708566
-234.98620781898498
-234.97985616922378
-233.79328320026397
-234.05101731618245
-234.85633589426678
-234.41374201377232
-235.9127884864807
-236.25312001307805
-236.7583301146825
-237.42933633327485
-237.07348633607228
-237.05184104442597
-238.11957302888234
-238.5703710794449
-239.1538361986478
-238.3397847533226
-239.21327592929205
-239.16600283781688
-239.17324840625128
-238.4683547735214
-238.2345960656802
-237.49148981968563
-237.5015838464101
-238.90500507354736
-239.7708379626274
-240.09947627782822
-240.4297799905141
-240.1723264535268
-239.85593655109406
-238.60976767937342
-239.1860668182373
-239.11292813618977
-238.4621459643046
-239.9578570922216
-239.73323142925898
-238.5379857937495
-239.6135477542877
-240.8257932583491
-240.12837642033895
-240.97055461406708
-240.28759711186092
-239.8251143137614
-240.89119877815247
-241.25114116271337
-239.767427333196
-238.99009116490683
-240.0046487092972
-241.28616711298625
-240.5521914800008
-239.60775341192883
-237.4941307226817
-238.41743064721425
-236.21733699639637
-238.17275501887005
-241.13037307659786
-240.51980117956796
-239.3136289834976
-239.56703024705251
-238.02131379445393
-237.54897849559785
-237.74183463255565
-237.53748185634612
-237.36094519297282
-238.9159675161044
-239.20580360889434
-239.9696730216344
-240.7777385552724
-237.38410890102386
-238.11092534065247
-236.494584496816
-240.7512189467748
-240.11433244546254
-239.03140655358632
-240.84405654271444
-241.82359542051952
-242.70658408800762
-241.73638753096262
-241.31222843329112
-240.6435131152471
-238.9875279823939
-240.4080378214518
-240.12619592348736
-240.01472019354503
-240.10203281243642
-240.991197347641
-242.26856592496236
-242.09595299164454
-241.032372879982
-242.07196304798126
-242.82772012551627
-241.15141387383144
-241.2459662159284
-241.85373454093934
-241.3083433230718
-240.16606283187866
-240.42619043191274
-242.25180025895438
-241.75498401323955
-238.35321177244185
-239.35896618763607
-239.46163133382797
-239.04702430566152
-240.87136636972429
-241.879723405838
-241.23740843137105
-241.94393531481424
-240.47240900595983
-238.84475038051605
-240.36674575408298
-240.62869120438893
-241.36436106363934
-240.15643751621246
-240.72876300811768
-241.45366715987524
-241.1176459868749
-240.3658497651418
-239.68592053254446
-238.49029921690624
-239.45888803005218
-239.50016451676686
-237.27215832074484
-236.54152126312255
-239.6777027050654
-239.22135506470997
-237.5221356232961
-239.15233681996662
-239.19040083885193
-237.02320277690887
-239.56890450318653
-240.58373851776122
-239.84027887582778
-238.40175898869833
-238.46157736778258
-238.50173368851344
-239.22726157506307
-239.4178214430809
-241.19577058156332
-239.30303975343705
-235.94915881156922
-239.56227744817733
-238.7069678068161
-238.68613971471785
-236.00063721338907
-240.1117586374283
-243.4443038781484
-242.8223844687144
-241.77362920045852
-239.85115369558335
-240.55832199255624
-241.58199265003205
