4261.437201436361
3974.978281656901
3977.031525548299
3929.1163256327313
3736.914089457194
3840.7045995076496
3917.0886229197185
3731.718893305461
3807.44234530131
3761.4370246251424
3915.890883890788
3596.771849822998
3645.4034099578857
3661.839860598246
3519.605910491943
3629.6246322631837
3707.2181341171263
3713.668848164876
3645.5916224797566
3682.35853843689
3589.52742245992
3484.433159383138
3498.2316603342692
3623.844284820557
3600.50367565155
3621.772414080302
3551.845601844788
3647.3412934621174
3534.1157912572226
3512.3293584187827
3467.1644127527875
3524.2584135691327
3521.7483304341636
3528.2891345977782
3509.124745686849
3375.6453048706053
3435.245411491394
3485.4060234069825
3653.113089243571
3356.570916557312
3562.7325862884522
3500.4663993835447
3421.3420223871867
3531.5049003601075
3638.4717407226562
3565.5235777537027
3610.879507827759
3434.5410100301106
3376.148107655843
3449.0966868082683
3499.1621252059936
3382.998573366801
3448.8160537719727
3611.8421178181966
3473.2808788299562
3482.6675378799437
3568.7286525726317
3464.926464589437
3362.5234820683795
3476.824442354838
3563.1052033106484
3380.228937403361
3451.0166520436605
3560.2911668141683
3244.240095392863
3326.56508102417
3366.027748807271
3556.68129196167
3400.937476094564
3504.8362349192303
3328.581712849935
3548.777580515544
3400.4093254089357
3434.225465774536
3500.357518641154
3416.732443745931
3578.346733220418
3344.5296284993487
3586.1781190872193
3405.5428470611573
3554.557436879476
3362.7757289886476
3411.6636004130046
3527.9452640533445
3487.525109799703
3265.913766034444
3372.27132136027
3465.143291600545
3415.9601895014443
3414.073764546712
3382.264807319641
3567.918470255534
3189.92093296051
3404.6984647115073
3325.3729188283282
3389.2632397969564
3342.9104010264077
3395.267340977987
3429.1346721013388
3410.133952331543
3378.3175966898602
3319.0869628270466
3468.442812093099
3480.7898845672607
3376.6754330952963
3418.7820048014323
3465.276417541504
3358.876282755534
3498.1395053863525
3359.0942771275836
3536.650624148051
3373.9806129455565
3189.872768656413
3368.2564879099527
3393.9604511260986
3469.9518732706706
3353.992275937398
3476.8973101298016
3292.0559228897096
3350.4737206776936
3460.5837861378986
3455.438671239217
3455.5375583648683
3375.0606210072833
3455.403774134318
3276.8098295847576
3324.7620562235516
3353.1232747395834
3376.99141108195
3215.5410360972087
3439.3642066955567
3425.6485815684
3448.0074127197267
3387.124295934041
3389.1756262461345
3401.823365020752
3439.886463546753
3336.5515886942544
3320.137265777588
3254.759885787964
3278.0980441411334
3569.5781007766723
3568.82985458374
3366.9526768366495
3403.206508509318
3453.4976448059083
3411.925397491455
3516.0399052937823
3446.3806359608966
3385.664510854085
3296.8195713043215
3487.6910722732546
3339.79324760437
3424.9388823827107
3423.019942855835
3450.3817085266114
3438.4409585316976
3283.9302547454836
3339.565166091919
3226.0979977925617
3348.4946124394733
3444.3406882603963
3526.7269529978435
3347.2103715260823
3371.746088218689
3278.104097366333
3428.532719930013
3415.3330052693686
3373.2212711334228
3392.3259769439696
3500.1436763763427
3405.9667678833007
3426.351270675659
3479.170088704427
3252.553524398804
3349.2328849156697
3279.901834487915
3376.751549466451
3272.4474948247275
3257.1223152160646
3416.3401709238688
3417.2108224232993
3318.248584620158
3393.4866866429647
3480.3389549891153
3491.3402479807537
3292.1707993825275
3287.215132522583
3286.359811782837
3370.9128489176433
3449.71519463857
3406.121960703532
3321.123275057475
3432.885017649333
3277.4140602111815
3445.0386227289837
3445.4292319615683
3273.0943970362346
3246.87080599467
3314.962940979004
