-45.22706655263901
-77.27720670700073
-91.0860542178154
-95.11447923580805
-95.67672866185507
-94.18905432025592
-102.35821556647619
-100.47679217259089
-98.26419746875763
-101.16169084310532
-102.60673216581344
-103.58936686118444
-101.19410041570663
-99.23898695707321
-96.49263034860293
-99.0189088900884
-99.88441577752431
-102.26915026108423
-97.68950370152791
-96.54323893984159
-94.95866147875786
-97.8716992020607
-96.28753928939501
-93.12190747261047
-95.98313185373942
-97.08760354916255
-92.91668051679929
-93.58553748925527
-95.72092156012853
-94.97250299056371
-92.73043208916982
-94.34084273576737
-91.68205989599228
-94.97885035673777
-95.88280783295632
-94.81211000680923
-96.16139320532481
-95.60613137086233
-96.12247393528621
-92.57289554476738
-97.4312818924586
-95.24867322047551
-94.46182154019674
-95.24549845258394
-92.49767741362254
-93.60357587933541
-92.84584196607271
-90.53211237589518
-92.01842266917228
-95.11242384115855
-93.62517305016517
-92.6849191625913
-90.66708343823751
-91.82428232034047
-94.27997466723124
-91.23556491533915
-96.72539354165396
-97.01945238510767
-96.40508407354355
-96.77321281631788
-95.08799225290616
-94.90324972867965
-93.88209860722223
-95.93499197363853
-95.84205064972242
-94.67553651531537
-96.24742480516434
-96.26026438077291
-97.69764057000478
-96.62021171450615
-98.77706662615141
-97.39245078762373
-94.70577976703643
-95.33270152409871
-95.83947584827742
-90.67280865510305
-97.22705098986626
-95.68899111946423
-93.22906976143518
-97.9794702967008
-96.3473161637783
-98.3053801993529
-94.21585172017416
-92.83703894615174
-88.4757429699103
-92.69016564289728
-90.9649497528871
-93.45366806189219
-88.79236435890198
-92.41512637734414
-94.79183252652486
-97.79097808599472
-98.57653262217839
-95.68601103623708
-97.28022047281266
-96.21316902836163
-98.0419520775477
-99.16820626656214
-95.05884906450908
-97.12927268346151
-92.20068027973176
-94.87033159732819
-94.24508388837178
-94.84046912590662
-92.82215531468391
-93.34830665985743
-95.63333003520965
-97.04304257631301
-94.66109914978345
-94.99360135396321
-92.439093875885
-93.65141097505888
-95.71508631308873
-94.60048828919729
-93.32046904563904
-93.65942354996999
-89.51971269051234
-91.6372199555238
-90.75596057375272
-97.09727532863617
-93.08108760515849
-93.56067092219989
-93.44109574158986
-96.72466650605202
-97.99716061751047
-95.22542306383451
-96.2088079492251
-95.91257407267888
-93.95500994920731
-94.84275910258293
-92.32253842949868
-92.82913427750269
-94.90274195671081
-93.07499117056528
-94.8318836291631
-93.38963712056479
-95.07874016364416
-94.78323184847832
-92.7506242632866
-92.80047254165014
-94.9422004421552
-98.12743922074635
-90.62739334901174
-93.8926244854927
-94.59775425990422
-91.47843238512675
-94.00172930955887
-94.74946428140005
-96.28137139678002
-93.00555721918742
-95.53023354609807
-92.99575385848681
-97.52538715600967
-95.62313731908799
-95.43608176112176
-94.94719256361326
-97.18641137679418
-95.58754445314408
-97.75533381303151
-96.00538674990337
-96.14139007131259
-91.16566271781922
-95.95107094049453
-95.01526124080023
-96.63684915304184
-97.57539333502451
-96.20187851786613
-94.91814842621486
-92.16317471265793
-91.1474968135357
-95.29302735726039
-93.4717757542928
-94.03204090396564
-95.30335260033607
-93.30841635862986
-89.5639007727305
-95.51635371247927
-95.08221395611763
-93.52838641603788
-94.16876902381578
-91.76562878688176
-93.87623271743456
-97.28169267376263
-96.73654523690541
-97.19818179408709
-95.5701187312603
-93.54809894561768
-97.52771976788839
-95.99271241426467
-96.13620401223501
-93.81817885239919
-89.20057936112086
-92.70057315230369
-95.04473379850387
-92.114313185215
-92.6703083296617
-89.82099258899689
-90.00418792963028
-91.20857307116191
-93.17362699906032
