-169.75127371152243
-224.40018833875655
-225.72261854410172
-225.58112932046254
-233.246182624499
-232.53558554649354
-224.43354240655898
-230.13101052045823
-221.63882339398066
-226.54742446740468
-234.9457133491834
-237.14897524515789
-236.32929698228835
-237.50434940258663
-237.15796163082123
-238.29900756279628
-238.52890100479127
-238.66212853590648
-236.9413169781367
-237.1745372056961
-234.27926315466564
-236.3705139954885
-231.3509262561798
-231.8807001590729
-236.09204065004985
-238.95091394980747
-239.88749740918476
-240.70275686581928
-241.24282782475154
-237.39906325340272
-235.19364717006684
-234.71191969712575
-234.6728801647822
-234.9409330288569
-234.11470555464427
-233.90590093135833
-235.77589523792267
-233.47879361311595
-236.91580945650736
-239.9780614535014
-240.83857273260753
-241.01511159737905
-240.69819005330405
-237.47200069030126
-232.4994976123174
-237.95606495141982
-235.18909095128376
-236.68429025014242
-233.54450228214264
-232.38069983323416
-229.54555948972703
-231.47007670402527
-235.20907000700632
-237.4276075164477
-234.76612547238668
-236.3095100323359
-238.93516169786454
-239.10469186306
-237.82846484581628
-236.17936261494955
-239.40764315923056
-238.5560875137647
-238.94236461321512
-240.2491996049881
-239.7737451871236
-238.88403294881184
-236.576665353775
-237.91285960674287
-240.3316843509674
-240.82990083297094
-240.2106463511785
-237.08030387560527
-236.90375015735626
-237.13662574688593
-238.31339171727498
-237.65850715637208
-238.92050724426906
-239.6803349018097
-240.6723272840182
-239.62530556122462
-240.65014244715374
-239.49419584274293
-240.20927755037943
-240.48061446348825
-239.98849756320317
-238.0816440264384
-236.82438577016194
-238.21492580572763
-237.278502368927
-236.5264719804128
-238.37346071799595
-238.57038611570994
-238.02522561152776
-235.9826421658198
-232.6799198627472
-230.63514819145203
-230.19498195648194
-230.602208562692
-230.6705303668976
-234.73168568611146
-238.47967682679493
-239.91677681207656
-241.0677496234576
-240.07422580718995
-237.21610281467437
-236.78891858259837
-235.69834487438203
-233.57284234364826
-236.24002372821172
-239.52106873989106
-241.30137077172597
-242.37049968242644
-242.64602004686992
-242.68008588552476
-242.35996768474578
-242.3603371302287
-242.17793245712917
-242.41531894207
-241.6835072517395
-242.08640347719194
-241.61548991203307
-241.05550744136175
-240.6605458855629
-241.4398583730062
-241.34812656641006
-240.7489888747533
-241.76336176792782
-241.78075887362164
-241.7249469359716
-242.63991079330444
-242.41145277023315
-241.15865027507147
-240.34128739833832
-240.8688719590505
-240.38614519437155
-240.72448309659958
-239.57644146680832
-240.61532806952795
-240.52640810410182
-241.3231073697408
-240.9124981800715
-241.325128865242
-240.94190255800882
-238.98606970310212
-238.51089249451954
-237.56393779118855
-240.278293244044
-240.73756435712178
-240.84625727335612
-241.02159372965494
-241.72954687277476
-242.1937412818273
-241.82783970832824
-241.09464054902395
-239.79219564994176
-240.83925674756367
-240.68943362633388
-239.41491093238196
-240.40348869164785
-240.97032939592998
-236.36320814291636
-238.13020873069763
-240.3865883429845
-241.76077925364177
-241.758482503891
-241.26879462401072
-241.382945116361
-240.5363011042277
-239.4844658613205
-241.49081707398096
-240.8316703915596
-240.65127432346344
-240.660303457578
-241.74703710079194
-241.20160843133925
-241.31705931822458
-241.35882923603057
-242.55501511096955
-241.89026350975035
-242.1422789812088
-241.8665058851242
-241.74076701402663
-241.94057563940683
-242.27857529322307
-241.5554848790169
-241.7647114555041
-241.4087527592977
-241.61665070056915
-241.90466698408127
-241.05975968440373
-241.46662417252858
-242.19458702405294
-241.6220696846644
-240.0146653453509
-240.7450029452642
-240.51188182036083
-240.42754087845483
-241.93528024752933
-242.01776708364486
-241.62544204394024
