266.8597831602754
257.44777977055514
249.78664355031376
244.39387681566436
244.3458780831304
242.34090731472804
239.69064178137944
240.7574866270197
240.4454306775126
237.15788261232706
238.49837879476877
237.1903227649886
236.61190817273896
235.2154120289046
234.47192494211527
236.5494854902399
233.73720724829312
236.33123367819292
235.66645961383293
231.69538725244587
234.8195975854479
233.70458681007912
234.63622290101546
233.34380121066653
232.09723104279618
234.11179068992877
233.71123880353468
232.30829395507945
231.6263812944807
233.39794089876372
231.4704669138481
231.7514247442114
232.31417400672518
227.84013850113442
230.54261815136877
231.75579696688158
231.24588843049673
231.9330805293445
229.92562848535079
230.27673475906766
229.4059472823965
229.64393837287508
230.28784948381883
227.87670231276545
230.80602518032336
227.67189432012623
228.12534416955094
228.35474358755965
228.3520346304466
229.82149806104857
228.15210122897707
229.08097620668082
227.70213119325967
229.03809345590656
232.1656023428358
229.66686458834286
229.20980057634156
229.40287241031385
229.95601950020625
228.21304269083615
230.56580708766805
227.70709397052897
228.20153145132394
227.46124355135294
229.14140144709884
228.48701953065807
227.89287656751173
226.7874023215524
226.26697573990657
227.50105876347115
227.6140961852567
227.62468260321123
226.80887177894854
228.69539223046138
226.61961015339554
226.86954063382643
228.1966377537826
229.2447709132885
226.9999645126277
226.74164533204046
225.9364467653735
226.5767189305404
227.02694376583756
224.88999010365586
226.6453977288871
226.95684460935922
226.72597524215436
227.96874686356247
226.67418792329985
225.49355387687683
225.56556663019904
226.10095251017603
226.59461450576782
223.64300728255304
227.16461328802438
226.17573994603651
226.72703343013237
225.25351468036914
225.0896660788306
225.97779583519903
227.68503799109624
225.9873936751793
225.85138246108747
226.44887400084528
224.6225289229689
225.50406688246233
225.42477470430833
225.00724855784713
225.03335974134248
226.3405023402181
225.0568732393199
227.43966431042244
224.74121570998224
224.5598453735483
224.42657534418436
225.4227867249785
224.68020488475932
226.05564255138924
226.97817710761367
224.48127722329107
225.58065626127967
225.57816488167336
224.06343459671942
224.53025348022067
223.89147718610434
225.36642525935994
225.06713604927063
223.60006271559615
225.78207349366156
225.6483049310487
224.43459951466528
225.6188978408945
226.64212335389237
224.44861507826838
225.3630155407149
226.66663666018124
226.9160783414183
226.22839986455853
226.37730995128894
223.32342719209606
225.02322493750472
223.40771174430847
224.2530303453577
221.66626901051094
224.04461893953126
224.61950635910034
223.1762226244499
224.35363335856076
224.71277598265945
223.48207789865035
223.14493810308392
221.72155400391281
223.92758526062144
225.3601126136451
224.11850509150275
222.9682618749553
222.5567027289292
223.84092149652284
222.18485424847438
223.3868680493585
221.95818395039132
220.99384108905136
225.3489274937531
223.61170254082515
223.35665446725386
223.77724911837743
223.06555786215026
222.3124930735292
222.59743268736477
224.3058180233528
223.79164334823346
222.88531949191258
224.11867877943763
222.28907541570993
224.080228743882
223.00440033961988
224.9707771457475
222.9636123920309
223.1213703114411
222.4941747681848
223.63230360787492
223.8274090125643
223.4645496113547
222.3396807045772
222.96327903764
221.72818342981668
221.43203402798753
221.82176223705554
221.35973496683712
222.76574403664162
222.6359088420868
224.33026079473825
222.64712010580917
221.8187182853962
221.29359252288424
222.39324334161034
221.44840424636314
223.41218991526242
222.76988773099308
221.34285036448776
