3511.153345489502
2376.7012095133464
1945.8466987609863
1703.3661948521933
1532.5989833831786
1408.8269645373027
1307.1903780619302
1217.9443780899048
1157.0143619219461
1107.6441418011984
1061.0273902893066
1029.226998901367
994.76200466156
961.2913460095723
936.7079190889995
908.3012787501017
886.8147463798523
862.109295018514
846.9394631067912
830.5600042025249
818.8386533737182
798.1793716430664
788.2701072057088
770.8949100176493
754.7854614098867
743.131060886383
735.1191962877909
722.8186724980673
714.6662339846293
705.7938224156698
698.6319674015045
688.305288998286
680.6041020711262
672.2772520065307
667.9471575101217
657.2417399724325
652.2613756338756
642.4854773998261
639.5764077345531
629.1542098999023
626.6835615793864
625.1492234547933
621.5188103040059
612.9511006991069
609.5999948819479
605.9772158304851
604.1310768127441
597.467687924703
597.9574149449667
600.1193081219991
583.6047466913859
581.7633076032002
576.3864497661591
576.3144537289937
571.2220829327902
567.3753777662913
573.1204690138499
568.2014989058176
563.3715806007385
556.190298461914
556.8803698857625
554.5126567840576
546.9768148899078
545.1473214308421
545.1442266464234
540.7701405843098
541.0658285458883
533.8690406163533
535.5261680603028
528.6004082838695
526.2304606755574
528.9516729036967
525.9863518238068
522.1125301202138
519.0535377820332
513.1885613600413
513.1070113499959
511.7199424902598
511.79332977930704
504.93600775400796
506.2328336238861
502.9204131126404
502.0339214642843
499.0348614215851
497.0124058087667
498.28403126398723
498.8001283804576
497.59452823003136
494.3438980102539
491.0411348025004
488.1914260864258
489.4015354633331
487.49191578229266
487.4531164010366
486.40433712005614
490.12655189832054
483.7497844696045
481.7468776702881
485.47728492418923
482.47387851079304
479.199427318573
479.36488218307494
476.08006065686544
474.10482301712034
472.2845662593842
474.8536363919576
469.58527924219766
470.8303988615672
468.0511633237203
465.3376492500305
467.6624722162882
467.76527190208435
472.48180041313174
468.59885187149047
465.7172716140747
469.3455245018005
463.06411695480347
459.980775976181
456.67642567952475
459.2093149185181
464.417121553421
460.14571746190387
457.8537126859029
454.5721591154734
453.6713865439097
449.415277338028
455.0176957289378
452.6766990025838
458.25671928723654
456.5576908111572
451.24304208755495
450.4857110818227
444.61430865923563
449.48515984217323
447.9191268603007
445.25779967308046
440.12803681691486
442.17928331693014
442.27836804389955
441.35079747835795
440.857883755366
439.8685705502828
437.56970564524335
443.0049675941467
438.74689394632975
436.0232100009918
436.2405980587006
438.24735870361326
442.5745242277781
435.05630509058636
433.05357818603517
434.4471310933431
432.9822691917419
430.50989473660786
435.5712588787079
432.7951062679291
433.0336327870687
432.1295551141103
425.60318597157794
425.5034345785777
425.7664300918579
427.0529837767283
425.18902384440105
427.6157411257426
425.0528654575348
422.18558915456134
424.44316239356993
422.08676579793297
423.1846608161926
422.29419411023457
422.1031318664551
418.24995307922364
421.2684288342794
420.3243221124013
421.5802705605825
416.464620812734
419.67604222297666
420.5359709898631
420.07915178934735
414.51083285013834
415.4456162452698
414.1169788519541
414.8303739229838
413.02088464101155
413.37558064460757
414.95201484362286
414.82810605367024
414.58594067891437
411.072101354599
411.2799518585205
415.744221051534
418.7520851612091
414.3043790499369
411.90236388842266
414.1862127304077
411.0447291056315
411.0112686475118
412.7208177566528
406.99601168632506
411.31392402648925
