138.1401605765025
82.87727173368135
66.21119065284729
55.93254234393438
49.75656188329061
45.756603529055916
43.116970936457314
39.868698698282245
36.999652240673704
35.22153756817182
33.31181839704514
32.07213936050733
30.77579702436924
29.99783323208491
29.079377408822378
27.896060866117477
27.24848932226499
26.136875167489052
25.678614181280135
24.820364527901013
24.09895019630591
23.63052499393622
22.85720453162988
22.77039456566175
22.202575129270553
21.775588744878767
21.142466222246487
20.82525365749995
20.33351202458143
19.910378674169383
19.606304371356963
19.556102471550307
19.182745368282
18.844644989569982
19.34680844893058
18.223422386248906
18.06432669709126
18.118521657586097
17.82560684631268
17.447023035089174
17.3196536992987
17.055607126156488
16.775683892766633
16.641639816761018
16.188635949790477
16.10566618492206
15.785853909949461
15.782267374793689
15.653121032317479
15.469011952479681
15.305598277350267
14.947061217327912
15.107349256177743
14.81846238921086
14.672212180495261
14.694231120745341
14.59244076013565
14.466516482830048
14.257006938755513
14.19277850886186
14.188824953138829
14.17567398995161
13.982695614298185
13.83946981827418
13.77309496998787
13.549821892380715
13.80273268620173
13.669405112663904
13.52764221628507
13.37609368264675
13.069633213678996
13.581959894796212
13.428272547324498
13.191575310130913
13.258399719993273
12.92154354552428
12.90325510452191
12.695811994373798
12.548982030153274
12.57089429249366
12.51579850812753
12.480554142594338
12.349160520235698
12.206124755740166
12.246525904536247
12.042338331540426
12.186144126951694
11.957537986338139
11.924369090795517
11.892472651104132
11.914814838270347
11.796351952354113
11.545383742451667
11.577353927493096
11.653997785846393
11.413872986783584
11.710537299513817
11.557636763652166
11.515358301500479
11.360751001536846
11.260048261284828
11.20023058106502
11.155496546129386
11.019374602784714
11.287004450460275
10.80350544899702
11.138548801342646
11.065555520604054
11.074931114912033
11.229278683910767
11.031715083370607
10.960581839084625
10.718137773374716
10.651249155153831
10.799166651566823
10.728935584922631
10.78277186130484
10.607671511173248
10.844910659392674
10.672741141666968
10.460015515238046
10.33116232380271
10.552405768136184
10.519177063802879
10.730568721393745
10.759465461969375
10.570043029884497
10.412591619292895
10.436859023571014
10.516748761634032
10.278602442145347
10.316997893899678
10.22434669310848
10.219001500805218
10.374536109964053
10.299821135401725
10.24131626834472
9.866236267983913
10.022421852250893
9.93592972457409
9.897382141153019
9.968701149523259
9.932751655826966
9.744657963017623
9.86936632990837
9.878608272969723
10.009375491489967
9.831854204833508
9.769729112833739
9.73148946935932
9.939157005647818
9.594993433356285
9.486886683354776
9.610861185689767
9.539401736110449
9.536350612342357
9.466717210908731
9.697057114293179
9.765373895317316
9.573859550058842
9.494260652114948
9.472468093037605
9.42211267799139
9.402222463985284
9.456015608459712
9.607703240960836
9.613974525034427
9.33929784198602
9.287806325902542
9.326550694555044
9.173681692034005
9.17291480153799
9.336509469151498
9.41798804551363
9.244482649862766
9.259088592976331
9.06458112647136
9.0680362701416
9.088727519661187
9.090028708179792
9.20539888093869
9.192890158047279
9.252574144800503
9.005124082913001
9.120211340487003
8.920877905189991
8.87068967744708
9.022851438820362
8.88446373566985
8.844688762724399
8.934756210943062
9.008128006507953
8.999281955262026
9.170432833582163
8.912182079255581
8.890697671224673
8.985831466813883
9.20335396627585
8.911267272631328
8.798550526301065
