1431.2571890513102
902.5622924168905
746.0631426811218
658.8075607299804
603.2306608994802
558.4938784281413
524.2712278842926
494.4583034515381
472.3180019060771
454.39956663449607
440.87436265945433
425.34039457639057
414.09795022010803
401.60746618906654
395.2172947883606
389.31416220664977
376.74935983022056
371.4799436410268
369.2227055867513
356.9282542069753
350.0480862299601
348.89356338183086
342.007482624054
338.14463160832724
332.56472007433575
326.0266633669535
322.98843258221945
319.61099898815155
316.1871300538381
313.7348935365677
305.67645687262217
305.77243699232736
301.89846504529316
297.29801044464114
294.0407401720683
293.51283421516416
291.8528373082479
288.9670582691828
287.8562994480133
285.08009753227236
281.4205146074295
279.3519679784775
277.44500863552094
276.14888112545015
277.416606203715
276.4268997192383
274.49365526835123
269.53393127123513
269.9840023994446
268.6491807222366
267.8928155581156
263.8162913878759
261.32879908879596
263.4828900337219
259.3864955266317
259.7613835334778
257.3494245370229
258.1218395312627
257.47325520515443
255.79092895189922
254.37105468908945
252.813378572464
251.11524965763093
249.73082520167034
248.79766279856364
250.72960369586946
250.69362579186756
247.68794099489847
246.82663802305856
246.08702121575672
244.1749655564626
242.8834898551305
240.97931407292683
241.3262171983719
242.9151503562927
242.65437162717183
239.97960120042165
238.67320777575176
237.1560374180476
238.98587142626445
236.7297914981842
237.38734720547993
234.64499809741974
236.88504728476207
232.38028733730317
232.55737077395122
232.23492948214212
232.64385058085125
228.4821840206782
230.5314866065979
232.37500158945718
229.8782416343689
227.51995904445647
229.52323625882465
228.19925338427225
229.87315584023793
226.2190616687139
224.62901894251505
227.92387228806814
225.76515499750772
225.77330698172253
222.94744965235392
222.10571355024973
223.43584158420563
221.91677711804707
222.03130045731862
225.997035574913
223.4837504863739
221.29091358184814
220.91437644163767
219.62115642229716
221.32886595726012
218.5977093696594
219.40759154160818
219.73773271242777
219.47541312376657
217.3982394059499
217.34030973116558
214.1592013835907
217.04429353872936
215.92112585703532
216.0099972486496
217.07549149195353
215.72721812725067
214.1169067064921
214.48435095151265
214.3383022149404
214.78810283342997
212.9861272017161
213.55153595606487
212.37913902600607
213.3008173942566
211.4694420814514
211.36234503587087
211.36145623524985
211.2275252978007
208.61603683630625
211.37435097694396
213.1705138683319
212.35349640846252
209.04993142286938
209.17359619140626
209.73683649698893
207.32685245672863
206.0305421034495
208.77190798918406
206.9238544623057
207.56652958393096
206.487691116333
205.0711965004603
206.64624752203625
206.10762367248535
205.37327825228374
205.33987908363343
204.6064514398575
203.97893617153167
204.10170346895853
204.67240137259165
207.03887134393057
205.58766883214315
206.78779033025106
204.48307127952575
202.68213912645976
203.60970075130462
204.87592961788178
204.1590273141861
203.44279861450195
202.13106085459393
199.49475151697794
200.22988115946453
202.62925326824188
202.07035635312397
201.13011707464855
202.10060901641845
201.58034083048503
199.15693499247234
198.4766272465388
199.07284032503765
197.60307330290476
197.93710820674897
197.78156514962515
198.28371210892996
197.33552757104238
199.1766884167989
197.77216826279957
197.09693469206493
198.71641241709392
196.03466256459555
198.8418096780777
198.94547921816508
196.1694521824519
197.2523599545161
196.27201426823933
195.35260276794435
195.77452467282612
195.2602057536443
196.10003102620442
194.4239168405533
196.24240917364756
194.7444605588913
