1220.261778206661
979.7726610117945
884.977586104952
843.4126406702502
801.4686377623985
772.8133657060821
755.37854336048
742.154446437441
724.0758639204091
706.0823058917605
700.1006843303812
684.1563058721608
671.2007746860899
663.4362982717054
653.4538630945929
639.6035347313716
629.438501851312
624.464038750221
617.4848602229151
612.0976814401561
598.1565913167493
590.884168526222
586.4592209684438
585.8908347096936
575.7641546972867
576.8368448553414
584.1241764857851
573.1488192328092
568.0913500950254
560.3943377527697
557.2683427416046
563.0125611732745
570.4704766437925
549.7082057656913
553.1303224234746
540.8372491310382
540.6735597972212
545.2532335478684
539.4497445698443
534.6604047314875
539.6035144082431
542.9122571123057
540.8597936301396
530.0644373564885
523.9309884761942
523.7483613573272
524.9737378975441
520.956635508044
524.3120962011403
515.3008473494957
510.6430313669402
509.1628675131962
506.0387843559528
512.4979959685227
510.7591206780795
512.0543111932689
507.3302976016341
507.70439440628576
502.2595717660312
501.4899450170583
496.2561503772078
504.65128993988037
500.01584010288633
494.5171821857321
496.5299128335098
494.67473863733227
498.18405251667417
493.62228837506524
486.6592847232161
492.75800925287706
485.20662626726875
484.31474698823075
485.5542434166218
483.4560514811812
481.1878863860821
481.4940656382462
479.8200382857487
484.7787000557472
482.5903685339566
485.942809392666
485.4935556937908
478.3111352920532
477.40571299914654
479.18161102821085
477.53793765758644
472.38496180238394
475.5976766717845
476.0866469185928
471.56415888358805
466.5094371499686
462.88537558193866
468.8576976677467
467.3451639372727
465.96934675348217
462.2503824398435
463.239449336611
456.80465732771773
459.4358077542535
461.9059298942829
468.6068980447177
458.1724073475805
461.6453546820016
457.40954077654874
457.1952885430435
452.12987990214907
453.01630311176694
462.08824169224704
452.13470414589193
453.22659365062054
449.01716862053706
452.1493834955939
455.1633813956688
450.74334733239533
451.43957950328956
454.59170112938716
447.9896721346625
449.62665896580137
451.25874978098375
443.5476883197653
444.5334850179738
444.5020886454089
447.69727338593583
443.130387569296
446.1841038671033
444.87416995804887
440.4102797672666
437.24168478209396
440.2888871061391
437.8142354735013
438.3613638549015
432.97553483371075
439.5390904360804
443.4906546165203
434.7355915595745
444.31219456935753
436.3098905990864
432.8692793023997
433.6355096882787
432.01708741023623
435.1752996115849
433.30966852451195
432.07279091867906
426.4360697433866
426.840140408483
426.2227734615063
427.64715040963273
428.19641525992034
429.87606312488685
432.9123017130227
423.8930836381583
424.13371783289415
425.3965649769224
426.5640450839339
423.59577950937995
425.2744025033096
420.17573877038626
426.60585350003737
424.0028628809699
420.08964707933626
419.9253569964705
422.0080361612912
423.07761688067995
418.4342837004826
416.00396986665396
418.6259458558313
417.9723505480536
413.772192305532
415.96374748493065
417.31373772127876
413.8959881683876
413.1924533597354
415.4082495261883
418.8202051623114
414.6566531493746
418.443093480735
412.1531129705495
411.78648213682504
412.62444566858227
410.26384315819575
411.53039045169436
410.1674621845114
409.7847755695212
414.0215127221469
410.93287097996676
408.58808316033463
407.0482446818516
407.7065306531972
407.5167030054947
407.8352869625749
401.9218313365147
400.853456636955
404.1582760317572
405.938630005409
406.29332705201773
401.9701397665616
404.66692906412584
403.27762955632704
401.6020382190573
402.6741474743547
397.65813113081043
