1302.8726686159769
1276.664517656962
1272.078008111318
1255.3855741500854
1261.968807252248
1259.5341550827027
1255.5377858479817
1250.5106634140016
1251.533570988973
1251.4378085136414
1248.3906871477764
1235.4156993230183
1236.669183254242
1232.0129871368408
1239.8466535568236
1239.4611144065857
1241.1685928344727
1239.7070206642152
1234.4326944669087
1228.666156021754
1230.250145816803
1232.2299618721008
1224.7751157124837
1233.647753461202
1234.4329682668051
1233.382875696818
1224.4416604359944
1225.6638420422871
1231.272257232666
1224.5775811831156
1218.2930894533793
1228.2028971672057
1222.0875066757203
1224.6956613222758
1216.842661221822
1222.1081646919251
1220.9712124506632
1225.594811630249
1214.7776063601175
1217.7097018877664
1216.1993359565736
1218.4681175549824
1218.8541650136312
1215.4252869606019
1221.0144841829936
1212.662496916453
1216.4549373308816
1226.925690015157
1213.5592441558838
1217.716864013672
1207.1044453620912
1211.92443040212
1219.341772588094
1216.0280706564586
1213.1256804784139
1214.8174996058146
1208.8850119272868
1213.0760324160258
1211.1107082049052
1208.939978281657
1211.9112928390502
1210.7653880755106
1205.2034138679505
1208.9881591478984
1214.776168346405
1212.3926554361979
1214.3520548184713
1206.5045994122822
1215.3286128044128
1210.1353404045105
1212.5705030759175
1214.9620264689127
1207.324878470103
1213.7979398727416
1208.6267255147297
1208.844114112854
1208.571560382843
1204.6939599831899
1206.6425678571065
1206.7609874566397
1205.2109288215638
1210.4896025975545
1207.9238326072693
1209.786736392975
1206.8663487116496
1206.3749430338542
1208.1435767173766
1209.2827560424805
1208.4576845486959
1207.4045812606812
1206.4709578514098
1203.3327475229898
1203.2264743169148
1205.724718316396
1204.0499896685283
1196.0674264589945
1212.1279359181722
1202.376141166687
1208.9754945437114
1209.4799591064452
1205.8705412546794
1201.3713788668315
1205.756486829122
1203.3279127756755
1204.2886050224304
1204.2449604988099
1207.5963580449422
1202.738051255544
1201.9141123453776
1203.4982911745708
1209.1719314575196
1203.6700637340546
1206.1086559931437
1208.1750706354776
1207.211010583242
1211.1712385177611
1206.8470445950827
1195.61594247818
1201.1130935668946
1204.3436459223428
1202.2085547765096
1209.3790199597677
1202.9604029655457
1197.7083053588867
1199.120025984446
1196.4542623519897
1197.2755139986673
1199.4053803761801
1202.1536069869994
1201.9891660690307
1203.5249668121337
1201.3563333829245
1206.3366838137308
1203.0058944384257
1207.487160650889
1210.4994692484538
1201.561671702067
1198.719340578715
1206.5894448598226
1197.8552154858908
1203.5511086940764
1201.5952604611714
1206.4913807233174
1205.4570145289103
1198.5974890708924
1201.4707083066305
1205.8861339569091
1202.7540332158408
1201.7560983816782
1209.6199472427368
1200.8216245015462
1197.4209484736125
1202.5855698903401
1201.926134332021
1198.2003452936808
1201.2558337370554
1202.746239566803
1205.8514348665874
1194.8787974993388
1203.3706989606221
1202.7860982259115
1196.0234390576682
1210.1412063916525
1191.1430832068124
1200.5328194300334
1197.789673868815
1202.9555795987446
1200.3329053243
1208.1088776270549
1191.8234365781148
1204.4926931063335
1199.888265546163
1201.3720744450886
1199.0276067733764
1208.568446890513
1204.8712197621664
1200.3652034123738
1200.3932610829672
1192.2831623395284
1197.8810387293497
1196.5717521349588
1200.2322919209798
1202.2828866958619
1196.0903895378112
1199.0923687616985
1199.53937403361
1197.832630475362
1195.7963629722594
1200.8802021662393
1198.9610135237376
1199.4806011517842
1191.132050704956
1203.4740468978882
1195.1304248491922
1197.2398995399476
1200.4993596871693
1201.920572121938
1200.471641667684
1197.4892568270366
1200.7973467826844
