37.95463355887553
14.063013490803282
6.454284408483012
1.8085495922072181
-2.623913375725006
-5.838321939110756
-8.55778290228597
-11.231554411094764
-13.227944518471586
-14.90996099391888
-16.503962099552155
-18.49378583246264
-19.155264539965266
-20.398033157504837
-21.711933771084095
-21.708031507401632
-23.614403720559746
-24.016918633518546
-24.398990033001734
-24.898047005308086
-25.215017778092417
-25.868362952922954
-27.04326674239389
-26.74944443641038
-28.11682920723126
-28.3205097214929
-29.202733452977807
-29.22378997967161
-29.785794862385455
-30.108805886630353
-30.107390665802463
-30.185599159577798
-31.19610530651849
-31.058941631481567
-30.938696788302785
-31.953320757068436
-32.194064923401534
-32.50427099034704
-32.31904057695948
-32.45124137709881
-31.80182248970558
-33.30744007640872
-34.40482048022336
-33.64125153730656
-34.238493713839304
-34.643292874097824
-34.35409076871543
-34.54307626444718
-35.09339543457689
-35.07470354437828
-35.0520105773005
-35.320483446121216
-37.08097288629104
-36.06175062676956
-36.30447641117819
-36.286000392560304
-36.40847890541471
-35.74872015056939
-36.91775793453743
-37.32963952011075
-37.570581010703386
-37.8242318948795
-37.90387368099443
-38.47622747359605
-38.1326641152645
-37.6784402173141
-37.81001750148576
-38.53163495762595
-38.04499903321266
-38.513147292466
-38.630915434196076
-38.509230806909756
-39.03394159571878
-39.11616625456974
-39.29914501617695
-39.172407208845534
-39.474601062207384
-39.05118395850576
-39.88998619030262
-40.27864562026386
-39.96907727471714
-39.478136509656906
-40.2564922396479
-40.335922162080635
-39.83819907389838
-41.24875220348095
-40.80364731159703
-41.5627356901251
-41.21422075197614
-40.584954596798994
-40.80373957136582
-41.78945904456336
-41.025762286679495
-41.67819462048596
-41.43206304517285
-42.33179530604132
-40.940792855517614
-42.274821186887806
-41.69660575739269
-41.7829392850399
-41.66880814782505
-41.45025782646804
-42.45373828966042
-41.83413752707942
-42.49590271814116
-41.81646757906881
-42.84447793508398
-41.98303052885779
-42.499027891405696
-42.84250591746692
-42.47440786813868
-42.73115885977087
-42.59535661134227
-43.786381087426484
-43.30192832494604
-43.62015018689221
-43.63116579117446
-43.70768245951883
-43.255405256460456
-43.64448252423056
-43.01526931030997
-44.07351127472417
-44.05085709074448
-44.46912100808374
-43.77275016184511
-44.211223299133366
-43.93854612009279
-44.01622549315979
-43.82169167646046
-44.44227360034811
-44.11102655016143
-43.68345798089587
-44.64192652085732
-44.37124028493618
-45.02560992076479
-44.384929435006505
-44.47526399020491
-45.30558847969976
-44.89583200216293
-45.0809871574928
-44.09492278921193
-44.50182523604097
-45.337546742167966
-45.100779666982845
-45.45382935939164
-45.368630189320136
-45.10320444250929
-44.99044959504029
-46.33891591532477
-44.74435874716989
-45.34377857734417
-46.31739259588307
-45.46104563515762
-46.13972355168441
-45.35667666484569
-45.71288967749168
-45.37403962529939
-45.82602246876421
-46.105129099097745
-45.7295361315382
-46.376907295194165
-45.78532003328718
-46.01380465565057
-45.042552573927516
-46.11400844413659
-45.97722734870582
-46.59377481608555
-46.470746778208635
-46.81438135895236
-46.41835951599582
-46.76147663387759
-46.81088981135138
-46.32262276883783
-46.37990834384129
-45.84943597275635
-46.49688554837786
-46.44378224529069
-46.50410422374462
-47.31122443388249
-47.183894899384725
-46.800861888918384
-46.99804327816799
-47.115362724353524
-46.49827489565159
-46.58635494421269
-47.00900451890354
-46.9579067096628
-47.22600254313699
-47.22811765711883
-47.2822525049078
-47.65437099645878
-47.22316838955057
-46.67049898772404
-46.7602226014795
-47.02160629938389
-47.19914885019434
-47.88393847284646
-47.46578961610794
-47.45385205026331
-47.20802570622543
