803.0685964425405
707.6589268048605
670.5856225728988
639.093067574501
617.2687661012013
602.3320912917455
593.7878802061081
582.8834634701411
568.6391210079194
557.7944861888885
547.1186864376068
541.1100425322851
536.2452612876892
525.4933688720067
518.7037902990977
514.986643298467
511.8658988793691
515.1141415198643
504.52149194081625
499.4192998568217
502.1782832384109
494.41912449995675
491.19075701236727
490.9277371883392
490.873805530866
483.8615458170573
478.0725034236908
482.00532818635304
480.73618722756703
476.5402538458506
469.36715981165565
472.474561158816
472.60788514614103
465.0549832582474
468.04208217461905
460.0913875579834
461.7461143096288
463.9410004456838
461.1441917816798
458.1293573141098
457.54113664627073
459.8479379733404
455.6798365831375
459.7590748945872
450.47560506661733
456.0108688553174
446.97860140800475
451.70820148785907
452.08233547210693
454.5102935155233
454.08433613777163
447.00353682835896
448.28294858535133
443.1698057015737
448.7295009334882
442.41133711338045
442.12485978603365
443.31544867753985
441.0788029352824
437.08947219451267
438.63374474445976
437.86857968966166
444.6754171848297
439.8015588363012
434.1300238331159
442.164563703537
439.1065264304479
437.43936520814896
432.86866641839345
439.72042441368103
436.3693836013476
435.5585047443708
436.03058500289916
437.1651329914729
432.7832407951355
429.7279406785965
434.6327042301496
432.94193379879
432.6384525577227
428.1710638721784
429.64227499167123
428.4839817762375
426.79684324264525
431.3040253440539
429.6676901896795
428.2264992237091
430.44018047650655
429.8342003862063
429.3230149825414
428.1902979850769
427.0063735882441
427.27488209406533
429.7416753451029
425.4184075435003
424.27449698845544
427.0153454621633
424.42057114839554
430.15164561271666
424.08732351859413
422.3604103724162
426.9109642068545
426.7197841326396
422.94904877344766
422.5137396256129
420.8998594880104
422.9144741932551
422.0032305995623
423.6358133792877
422.28638374408087
422.8478443582853
424.35188651482264
420.81415590047834
422.19542423884076
419.78240815798443
423.3062466263771
421.13750412861503
420.6203309416771
415.64386242230734
421.44707085291543
421.3084468444188
422.33801460266113
415.3405740261078
417.3991103927294
419.23997146288553
422.475769952933
419.3072922666868
421.4785039822261
415.3247573812803
419.6325620690981
417.55199776887895
419.492648824056
415.0681719223658
419.92502406040825
416.16989615360893
413.47084340254463
412.7545607129733
415.84084250529605
412.29723500410716
415.927452592055
417.3827557285627
416.711053554217
415.31026558478675
412.14340626796087
413.9090141574542
416.5420352935791
414.3023447751999
411.1013222535451
412.0142871538798
413.25859129428864
411.39623598655066
410.0465581138929
412.297126297156
411.95980720122657
414.8293372273445
415.44370680650076
415.84594814777375
412.07322777112324
416.19428927898406
413.99625176588694
408.05151530504224
414.4645513614019
415.99036944707234
408.6391945878665
408.2351815621058
412.7299039800962
410.3861650069555
415.43503980239234
413.96590323845544
411.32981444597243
411.80523092746733
408.5944703777631
412.7168298284213
412.32643982569374
412.53602573871615
414.3894501606623
406.04589209953946
411.16299599409103
410.43817549943924
408.44130836725236
412.145614250501
410.12145548264186
408.9980264147123
407.67769546111424
410.4852403481801
411.2407120664914
409.74521989822387
405.0064093311628
408.40644096136094
406.7102673649788
410.2629923979441
411.2353795925776
407.84550023873646
407.54202181100845
412.52404129107794
408.0523394505183
409.66834244330727
407.0567543705304
406.9741485794385
407.4154262463252
406.06783705155055
