845.8672379493713
747.1129025459289
707.2011424859364
685.0186707655589
653.3805339892705
638.2223990360895
617.4672200918197
601.9511441469192
595.7950472831726
585.5647906382878
574.9933082580567
569.5060023466746
556.1161294539769
545.6589110771815
537.8095049381257
541.9544628938039
533.3199910640717
522.9811861912409
520.9498595158259
512.1884658892949
520.1686148564021
512.4840230067571
508.8002094745636
502.16812501748404
503.55821863015495
498.46740857760113
502.61638379096985
496.8911106109619
497.01863260269164
490.3859453121821
487.65272986888885
483.786754655838
482.77670358816783
481.66258256435395
482.22499122619627
476.29735071659087
472.6389715115229
474.3896830479304
475.4802666902542
474.568635225296
471.67866538365683
471.30003998279574
465.6027340888977
469.5088873465856
467.9450626293818
461.71784420808154
465.386022456487
464.9122964779536
461.7900149345398
461.5641954580943
459.5169301668803
462.7980054060618
455.5950312058131
461.87341063022615
453.1148632923762
457.3669348160426
455.73447472254435
453.1056310812632
455.4171591043472
453.6716949621836
450.89851404825845
455.2335510333379
452.05004419485726
456.5308048248291
449.93121925592425
450.581236743927
451.86129886309305
453.21526518662773
449.89404861132306
450.9284085234006
449.55322802066803
443.8360088189443
449.93380377292635
449.7277727762858
447.91356144746146
447.28770248889924
448.7952476898829
445.612829041481
442.9293938000997
443.5076654791832
445.1272830247879
444.66085119247435
447.6857959826787
445.7692804892858
443.7897709727287
444.28515574137367
443.0950567126274
443.1093625942866
444.20130714575447
437.4171646118164
441.67812287012737
443.3578612248103
445.1930355469386
445.5229126731555
442.0294096231461
442.65923856894176
440.2947185675303
441.004835152626
442.7665065129598
437.1229024807612
442.10504022041954
436.83402337233224
439.3000231742859
437.5557452360789
438.93215375741323
437.0507325410843
436.4577866077423
436.9095058321953
433.0537326018015
433.70215413570406
439.5000494678815
439.25150923728944
428.5529425621033
438.78525449434915
435.6833933750788
439.35195196469624
435.3651474873225
439.1794214765231
436.20966317653654
434.79341988166175
436.8809374411901
433.41095436811446
433.71773568789166
436.69092980225884
436.09744831720985
435.5422980825106
434.25032227834066
430.0427516301473
436.6601139068604
437.30027107000353
432.89501431385673
434.5806135892868
429.5142097791036
433.84259094397225
431.02679105202355
436.0523506561915
432.2633118788401
436.441906217734
430.14481889804205
431.41213358243306
428.5859253247579
433.7265034953753
432.4767570455869
428.63142559528353
428.13852225144706
434.0108494440714
435.9713710387548
428.4573074698448
425.7013761281967
431.17167309125267
433.0193341652552
433.294334367911
430.7440620581309
431.34089559714
434.30117871363956
427.2320305109024
431.90809409221015
431.2096454381943
431.1531634251277
431.58984668652215
428.6051362832387
430.07199874321617
424.5522063136101
430.43473062117897
430.44448629617693
424.9705006678899
431.1415492773056
429.27522250811256
430.3838551878929
428.7330775976181
429.2362728714943
430.7160183231036
432.51037411292396
428.9618146498998
430.33418938716255
426.56393783489864
427.62602491776147
432.91603267590204
433.09952700535456
427.26452997525536
425.59622554779054
424.15236784617105
428.0014031132062
426.9818903207779
422.49800668557486
421.9465440591176
423.62032419045767
428.9782620549202
424.74643605152767
426.7411118547122
429.91795133749645
427.40561678409574
425.3398119966189
426.0654823144277
425.45953843196236
424.75952584346135
422.9147721966108
428.06278110345204
427.8986199220022
428.19814011653267
