503.9515892267227
414.51639178196586
389.08405832052233
371.1610643108686
361.8930131991704
349.0585579951604
341.97737689812976
334.1162520766258
328.3610779821873
321.40484598080315
317.3459034184615
312.5683440506458
309.7923885881901
304.80699375867846
299.7140193899473
303.96388556758563
300.03498194217684
295.1070842802525
292.4764139354229
292.7599897603194
292.59442261656125
291.8368472079436
290.6901691039403
288.7328886787097
287.5702126801014
286.4764305909475
286.3922218044599
281.90236600438755
281.72708342472714
282.32691070636116
279.7696929613749
278.26577432950336
277.61175358494125
276.03209553956987
276.6177444279194
276.37316610415775
277.0081014931202
275.7329179296891
273.73216653068863
272.4979760587215
271.16769632101057
271.6372129340967
270.9744598418474
270.0325360327959
269.5102889875571
270.05107532342276
270.6596242467562
266.62619810700414
269.9780563453833
269.6391612112522
268.6477037241062
269.33044045666855
264.79489053388437
266.7266308059295
265.1736828605334
262.938431674242
264.86719024777415
263.9773543804884
263.89323925872645
263.0078830848137
264.349381450812
262.2145099957784
259.05031090676783
259.42377893825375
262.9458095620076
257.38614760736624
259.7017218609651
260.3769492417574
262.8471735517184
258.8816045006116
259.4255702575048
258.42290411889553
258.9756388137738
254.9008345067501
258.7889184961716
259.2841348052025
260.17086609999336
257.95799452364446
258.3054293870926
259.5535982340574
257.2312316497167
258.4663033396006
257.11270822286605
257.0402201106151
256.55962273180484
255.83399108747642
258.81452410817144
258.2460880468289
255.98915627896787
255.02821663518748
255.0154428790013
255.49748950699964
256.1488316843907
256.7152571250995
255.00376795729002
255.09011939167976
255.63947794238726
252.97496367295582
253.54711498320103
254.36795165340106
255.3093357572953
252.8755628640453
253.34346160391968
253.22557672361532
252.65465454906226
252.1740501731634
250.49679533839225
249.92153934538365
252.26598913371564
252.22635861039163
251.40565436780452
251.64313601156076
250.69576385617256
251.06429418226082
250.43501136104265
248.0672508239746
254.21341827213763
251.35863516628743
252.56056402027608
250.55680908660094
250.29238568941753
248.67089549501736
250.81345601479214
250.36338398555915
247.16138139714798
247.90821858346462
247.3730718443791
249.3489737113317
246.98564271330832
246.57599497089782
247.97438999315102
246.05184315095346
246.85435403933127
246.94044222633045
247.9580248504877
246.1414526194334
250.34895526766778
248.23405208339292
247.34694170157115
247.73387614985307
247.28925034701825
248.09993923356134
249.85506869852543
247.39007710615795
246.65555821061133
248.72682868540286
245.41164536674816
246.78842825442553
246.76960497448843
245.89713393847148
246.4238947853446
245.05023334523042
244.379459083577
246.09563711732625
245.84892444610597
245.2198440184196
244.48405313094457
244.73475686758758
246.03115794509648
244.4705934792757
245.9427583888173
243.7441679398219
243.3202289323012
243.9068142578006
245.1853630075852
243.88570754329365
243.46937646716833
245.65895566046237
244.46246170351904
242.1210656662782
245.0736470138033
243.60219695369403
245.90826330830654
242.63241359591484
241.73385346780222
242.85114005059003
242.44601889352003
245.86538083503643
246.7909199843804
243.84686675369738
242.67080512791873
243.62260611454647
243.37834274421135
241.4144042874376
245.41124953528245
241.38287825733423
241.8314419950048
243.18278174251319
241.5280327801903
243.49950304528076
241.58120851516725
239.77770363390445
239.9481120298306
242.80404279977083
242.74926627973716
240.23725762814283
241.18705932497977
240.8066358551383
240.79477662493784
244.9756386766831
