-73.53580942153931
-168.29695409933726
-205.60150710741678
-217.7597152630488
-222.64514701366426
-225.46735293070475
-227.76542689800263
-228.91880679925282
-229.97733076413473
-230.05291839440665
-230.35297257900237
-230.01692773103713
-230.9024276415507
-230.71429280440012
-230.91008903980256
-231.40346932411194
-230.92336485385894
-230.2360478838285
-230.84723087946574
-230.22968933582305
-230.08364358345668
-230.4882723291715
-231.22112809022266
-232.20466266473133
-232.5420297940572
-232.20747712453206
-232.32230400244396
-231.7433748960495
-232.98054014046986
-232.77724748452505
-232.807701643308
-233.29299443165462
-234.10624030431111
-235.6593665599823
-236.9200789610545
-236.48069609006245
-236.83515867392222
-236.68756300608317
-237.16491181850432
-237.03383425076802
-236.99203822612762
-236.52435576518377
-236.39818370342255
-236.45467461744946
-237.85306520462035
-238.13882840474446
-238.6027274688085
-238.40393079121907
-238.06793882846833
-238.32224980195363
-238.73182883262635
-238.99036503632863
-239.06227944691975
-238.77012390295664
-238.6411573847135
-238.3066198984782
-238.4462982257207
-239.27240294615427
-238.6975881934166
-238.85883847872415
-238.4982857187589
-238.91078430016836
-239.1225308140119
-239.40009646813076
-239.16837006409963
-239.15873659451802
-239.4237259308497
-239.74305922190348
-239.8342490752538
-240.70924917062123
-240.05851656595866
-239.4485001484553
-239.8066298087438
-240.25578422546386
-240.55366054375966
-240.61195607185363
-240.98702433109284
-241.4460970123609
-241.29488961696626
-240.96079140504202
-240.65810034672418
-240.94216171105703
-241.55760507186253
-241.57043283780416
-241.88533608913423
-241.51795045137405
-241.4044410943985
-241.12985035975774
-240.50694520870846
-240.60178480943043
-240.6451382080714
-240.8603748838107
-240.8777616818746
-241.41190427939097
-241.7758760134379
-241.77322503725688
-242.25509771505992
-242.2803584098816
-242.16905373732249
-242.00606417655945
-242.18761954307556
-242.36801597277324
-242.07936213811237
-242.1304178118706
-242.15184346437454
-242.4401160120964
-242.2543337782224
-242.09693541526795
-242.04324908653896
-241.96987482706706
-242.2015110174815
-242.56458065509796
-242.32798941135405
-242.41321600278218
-242.3564047574997
-242.35154324769974
-242.54652384122213
-242.82487871646882
-242.67909801801045
-242.61783500115078
-242.57068742513655
-242.54852393070857
-242.57776257594426
-242.5450894435247
-242.6805663307508
-242.65011127392452
-242.70403078397115
-242.34772906303405
-242.3633776585261
-242.3588117758433
-242.62576036850612
-242.79881703853607
-242.91111510594686
-242.9964391787847
-243.21169369220735
-243.12192421356838
-243.05987008810044
-243.0242471377055
-242.91693816979725
-242.9307409286499
-243.09075867335002
-242.88600781758626
-242.84639878670376
-243.1441327412923
-243.16046178340912
-243.19584783713023
-243.33297317028047
-243.09805177847545
-242.9973018725713
-243.14477492173512
-242.97420893907548
-243.08292802969615
-243.21382410526274
-242.99274586836498
-243.09343812465667
-243.00596820513408
-243.09588980674744
-243.24918013413748
-243.15017484823863
-243.11230792601904
-243.0270795226097
-242.83138707876205
-242.94603870709736
-243.22963225046794
-243.543478902181
-243.57634681860605
-243.73776206175486
-243.70387423038483
-243.73517009417216
-243.36223805745442
-243.4515449841817
-243.70638497273129
-243.55023572444915
-243.42756143411
-243.95183066129684
-243.8724122126897
-243.87977425257364
-244.0436672369639
-243.75189372698466
-243.8039881825447
-243.91497171719868
-243.84723628759383
-243.92486018339793
-243.5784524520238
-243.7197096904119
-243.80945379336674
-243.7831260919571
-243.720684727033
-243.394034131368
-243.80308405558267
-243.882084941864
-243.77250088055928
-243.5801366964976
-243.71069204807281
-243.4503358244896
-243.4533779501915
-243.29055143197377
-243.537411125501
-243.69239033063252
-243.85798503557842
