-40.90279889901479
-134.2218492905299
-170.87114828824997
-184.65145365397134
-189.60060625871023
-193.35298707087836
-195.96552350521088
-199.86062116622924
-200.5891180117925
-201.04069306055706
-203.46812944014866
-205.33502957026164
-209.40599688688914
-210.5390111843745
-211.6062984228134
-211.92839140892028
-212.23839760621388
-210.91254862944285
-212.4082187016805
-209.61718722581864
-212.1244670788447
-213.43293704986573
-215.43430190086366
-215.1092361609141
-213.8445838570595
-213.40654703776042
-209.06753334999084
-212.82055672009787
-214.46087386608124
-214.00118266741435
-212.1820865313212
-214.0397541443507
-213.66243560314177
-213.95217293898264
-215.24606728553772
-215.9142104466756
-214.82870976924897
-215.22748744487762
-218.39246387879055
-218.36484642823538
-217.32247151533764
-217.83102085590363
-217.27463472684224
-216.97953135967254
-217.37306995391845
-218.0689218600591
-218.9008514602979
-221.40626793702444
-221.74498341083526
-221.99586159388224
-220.86052181720734
-221.7408785422643
-220.99879147211712
-220.98531369368234
-221.47904367446898
-221.50113625129063
-221.52459146181744
-222.07762733300527
-221.76050818363825
-220.69231429894765
-222.58308252096177
-223.43956276575724
-223.3712585449219
-223.46998108228047
-226.09661116600037
-226.62511461575826
-225.89730019569396
-225.52267229159673
-227.51500535408655
-225.34432458877563
-225.46614991823833
-227.4791924238205
-227.5114040493965
-226.61351219415664
-225.72015568415324
-226.26273099978764
-226.72111427783966
-226.57659407456717
-225.56541311740875
-225.53281690279644
-229.2966208934784
-230.904012465477
-230.52015087604522
-231.41759717464447
-231.42081004778544
-231.66672806342442
-230.69611856937408
-230.77078545093536
-231.76447544892628
-231.83833020528158
-231.9887930671374
-232.95265095233918
-233.0516700744629
-233.17490987380344
-232.31223929723103
-231.56188271840412
-232.07941291332244
-231.76731457710267
-231.41335524717968
-234.1472009420395
-233.73682905832928
-232.98018652598063
-232.79418697754542
-233.50092991987864
-233.98902362187704
-232.67495034535725
-232.30458528995513
-232.80027751922609
-233.47475345929465
-233.69766647815703
-233.2438921133677
-233.80046121279398
-233.87336982091267
-234.18748718102773
-235.0458707888921
-235.60979475975037
-235.10381142695744
-235.85457495848337
-235.53723647594452
-235.90209203163784
-234.91798427502314
-235.26603929599125
-235.47172940174738
-235.94370482762653
-235.76520890394846
-235.1786114136378
-235.45063034296035
-236.23325606981913
-236.47892603874206
-235.1590144475301
-235.60345079104107
-235.98680574099222
-235.70745892127354
-235.71873341004053
-236.32836656570436
-236.00603866179785
-236.40304081439973
-237.27242018381756
-237.22437965075176
-237.2522990465164
-236.73036666711172
-236.69319504499435
-237.0379897594452
-237.59342121283214
-238.03428467909495
-238.86284097830455
-239.74772944847743
-239.76906365553538
-239.2787799914678
-239.29014359315235
-239.52278633117675
-239.1051899989446
-238.81802616914112
-239.6889599164327
-240.12206456661224
-240.11627184549968
-240.08679545323054
-240.16231094996135
-240.76117849349976
-240.92206321557362
-241.08472180366516
-240.73952300151188
-240.73595163027446
-241.36926484505335
-241.37621308167775
-241.46310439507167
-241.38641862074533
-241.24622130393982
-241.5842648188273
-241.3351696451505
-241.99826924006143
-242.249906539917
-242.14730662902195
-242.38867750962575
-242.46305669943493
-241.94680958191555
-241.95043093363444
-242.23955308993658
-242.36228704452515
-242.5386644522349
-242.529714401563
-242.2745972116788
-242.68037571112316
-242.69744287331898
-242.56139161586762
-242.50577714045843
-242.418281797568
-242.0293841679891
-241.02720324198404
-241.74901328086852
-241.7222759127617
-242.22755774656932
-242.07971235911052
-241.88810104529063
-241.73536167144775
-241.0296931584676
-241.71491211652756
-241.35960487127304
-241.50219057003656
-241.42698238690693
