66.51004457679288
36.2172791567342
30.485186807554342
26.671820583014654
23.640172217940464
20.803294999846095
19.90704995393753
18.23042090339907
17.37070363965528
16.916239614116733
16.145800172511873
15.247859582304955
14.569167876038058
13.782318400154853
13.483172941310652
13.197358639846588
13.090462992931235
12.848263715361727
12.511872285912776
11.702752177571428
11.337213988704928
11.077834399095897
10.547944448631386
10.18808501367939
9.910065022778921
9.66989847606626
9.322543284502522
8.970630389863047
8.85637167995346
8.745882113432062
8.690527479196417
8.526103917123942
8.222050920128822
8.026058376092335
7.843033647999682
7.5100051740120195
7.319922581571957
7.199249884306357
7.091512628156563
6.950533441685397
6.809415653347969
6.666751675564667
6.608785018324852
6.758057995474544
6.473858158393153
6.346394156587535
6.101811549016114
5.960137957899735
5.929917139354451
5.81059519432742
5.734512419150821
5.680549327284098
5.572072052750094
5.519156743483297
5.399203208114566
5.371334110097639
5.29715108421856
5.175936847025978
5.170126384188389
5.035536224215195
5.002955871794758
4.95679649800576
4.935450860909347
4.8740249051359195
4.765460405113368
4.739444457379909
4.722786319795354
4.664036125715437
4.5821310220093565
4.609304029109149
4.53663644117528
4.480990182608366
4.476647048931698
4.486427808630055
4.4251413198894465
4.426520332051762
4.342263592856711
4.327632766088535
4.322431246653713
4.228717482809363
4.189024238493936
4.146830494033879
4.184621048898532
4.128195553375729
4.092162241452727
4.03414856770943
4.007878751718793
3.963329318782379
3.961431377535236
3.9215696614621014
3.958778711999285
3.9289203791012026
3.9196866681349687
3.8694347998705405
3.837167620915791
3.802732791623165
3.742767999269839
3.748630553098588
3.69777155847385
3.681874924435698
3.6607192889626683
3.6586493059735874
3.623934933337672
3.597884959573376
3.5715008478226333
3.5617687941111367
3.5433408819652836
3.505511125999278
3.5265513763859353
3.4852961486783522
3.4561113567444783
3.4313236370939633
3.434776677525249
3.4153911076999943
3.4132551588118076
3.364212739313471
3.343926394550965
3.3392164037916165
3.3232242549801696
3.3344430156565945
3.3063466952278695
3.315249132185147
3.2828507914753824
3.276915575473987
3.245228560127575
3.2257996250329346
3.1903108939014633
3.2084545520102155
3.215468286825665
3.169258845713118
3.1770927559199005
3.1564710335484865
3.1294335748614936
3.1331460099538853
3.107194091482409
3.108923006995485
3.0865838878370564
3.073097528761317
3.043241010914589
3.067591647392717
3.0567659775501697
3.0439552659618445
3.0157995421824784
3.005195874528124
2.996429261462442
2.9757239801873423
2.984530613918243
2.9673825005262064
2.9658064654675025
3.0439103818659126
3.1249401941253194
2.9677612328709198
2.9142482380286374
2.914564528341951
2.8992060851305723
2.8923566503257585
2.887308715553633
2.861717699095607
2.8383070157262784
2.83739627030646
2.8309112976722677
2.818342307261352
2.8026089025982497
2.7872375262066207
2.796682023025792
2.79612398147583
2.773958975641892
2.758778923865536
2.753525476774265
2.740723927537429
2.741716276083527
2.7208328590053936
2.7252354786956103
2.7100105588163794
2.7202612968996682
2.7167993707518123
2.6979029222295203
2.691304466141195
2.699372531075416
2.7061718029837154
2.6785149835692397
2.6585205735574506
2.637554752672541
2.6330844510732025
2.6295287094624906
2.624987568577816
2.6007280188516297
2.6041047706043927
2.604694746242001
2.5963423859713406
2.5836432931366664
2.5770264773404805
2.5703790268122124
2.57298804511284
2.55481764275966
2.5499324107478403
2.5651133636590737
2.5422492837854502
2.537201676196579
2.5286650624254654
