91.52656253350192
68.2761833760245
58.63954213158838
50.91402130702446
43.49719719897057
42.457234659071624
38.01578589708641
37.907654495588666
35.70869146698508
33.58503441666735
31.630813769739248
30.551616940005072
29.34236164750724
29.154322411736537
29.60352531871919
27.809768840156753
25.829286224626262
24.92341042849524
24.123565322366254
25.237055768869048
24.192936775756294
24.664768372373334
22.730960615750018
22.19850096132221
23.366833882213665
20.629151025979684
20.43705113270673
21.55454417061189
19.945596077832683
20.22750094044825
20.231178641190816
19.41190901514271
19.143021169407614
19.047985054359867
18.096917221065738
17.85958009749924
17.322084382497543
17.83434854550608
18.530616607260086
18.012692047796886
17.114808334679953
16.98618982064313
16.175767206169407
17.106745967962617
16.273268004172834
14.740419182027209
16.223244139731957
14.001371079542
14.249110892415047
14.207502121394821
14.314183474586603
14.431205118203472
15.498355096784131
13.84224556243561
13.899563308034477
14.117794906399373
14.20353823680238
13.965713665146252
13.305042704246167
13.662110220576668
12.527771565549333
12.697744509783284
12.922704132498595
12.696429860489122
11.688600053818062
11.890759788453579
10.830422128936084
11.293130879001371
10.8900290416104
11.321190366906853
11.0847926592647
9.921414079979575
10.846230309071212
9.4185391230316
9.426728580211257
9.922116176032558
10.678199579473585
10.545535656655657
9.461919652458665
8.395383573554714
9.48184399769224
9.158855897599253
8.381730749175466
9.723358832685085
8.835592594543664
8.002349774385321
9.10021480815164
9.030020668107117
9.848098917896378
8.85111799733392
7.818341086650717
7.064610966962987
8.383084752243654
9.954516477112112
7.541171602390963
7.63592470610707
7.551379127171019
8.111151514639115
7.663011736654002
6.459503079322969
7.171797519742415
6.432364852681499
7.187197332752162
5.934297754718312
6.162599185802813
6.717034284410806
5.488156674237087
5.571763450215602
5.740605246147205
4.993138721020057
5.6429807258577185
5.831441372376064
4.823838540577683
3.36072872335027
4.934747383769216
5.042037796871416
4.3880324746514185
3.741430169292565
4.118611801287224
3.023056721427189
3.9285555702858956
5.984753728812111
3.019584372639656
3.741795183384213
5.1886218639797175
4.859158508029991
3.677298367151926
3.4894908813053163
4.816854964427907
3.0188054066022922
3.5604148731920224
1.1814225960908264
2.9514848631003807
4.568336889404675
2.6590834519472617
2.8877072591206123
3.201667164163343
3.7254990118330924
2.552865779091572
1.9730601207963352
3.416353697920668
3.888310323244539
1.0409390047706406
1.7733335330568512
3.2496054136547547
1.9230869212027253
1.3743156816424995
2.4278061369369768
1.5092991680420678
1.1540808163840195
1.9946783095084388
2.2981196129373433
2.125959978792174
1.8208896466370286
1.5322456786344791
1.464479072344618
1.5044392871445622
1.3513114745246952
0.44774817906577014
1.0069659740246575
-0.13248576686300081
1.593132766156361
0.32460436892920524
0.23885504670184235
0.3155178556154514
0.11515033450619928
-0.46311769994168445
0.47649492503240193
0.46245164038806125
1.0608494266353805
0.10758945166037001
-0.07081842833551867
-1.3187824567330295
-1.2095101026111637
-0.17673158799779826
0.44684581818251773
0.6124794519153135
0.9711190608554873
-0.814617306507867
0.7086856087733959
-0.7219657897949219
0.11850560173906129
-1.215895655853995
-1.1542659908019264
-0.5750614841436518
0.2341337096074532
1.440860159438232
-0.557910318518507
-2.1980894141156098
-1.8494805881175502
-1.4156075216315944
-0.8448755229855406
-0.8931599603644733
-0.22903723089859404
-1.8274109358417576
-1.5239949858394162
-0.21930835216209807
-1.4873926716631856
-3.4926392292154245
-2.0692359743447137
