793.1134470906751
561.764602940658
508.77095548037823
472.8978895318919
444.1290295946187
416.16197526865994
392.1468766804399
374.41179972681505
355.31242280170835
342.1085761662187
329.8796254684185
320.05156175021466
313.0415539494876
304.47522779990885
296.1186260026077
290.36160498651964
283.8679782850989
273.7253592014313
274.5085945211608
269.1919584192079
264.0710021051867
260.79415711041156
255.06477646992124
252.72934833066216
250.6116783043434
246.21195746290272
242.66749450256086
241.84121455817387
240.55926742224858
239.45798995577056
237.9636232113016
233.1809949052745
231.16745347812258
230.31439041269238
228.08627536379058
225.86349496348151
226.9254676226912
224.3147012653022
221.69752428449434
219.67423841871064
218.78375900202784
218.30505775583202
216.64167149313565
214.18510896584084
212.55930964700107
209.79673291896952
210.88763326200944
209.2332201990588
208.69612635415177
208.81903840755595
207.0929822921753
204.43139904943007
205.0425691522401
204.85697627067566
202.2065416122305
198.93771044139206
202.6433630359584
200.04478170953948
199.31453721276645
198.21935711235835
196.51289656244475
196.4370334271727
194.9091253486173
193.9339289459689
194.12765663656694
193.27948002979673
194.12013746130054
192.31959138245418
195.70750807071553
190.29911675124333
191.49892690263945
189.59403706419056
187.67391249640235
189.30256504025954
189.52956374349264
188.98570662942427
187.70877898150476
186.08046414112223
185.52273302242673
183.12662203969626
184.39596117364948
185.0572795950133
181.94015541158873
182.04591821802074
180.67499803674633
180.66559904608232
178.67014370704518
178.49653359528244
179.78014060135544
178.60236532112648
177.43121584530533
177.94605786224892
177.4431636045719
176.82896680256417
176.27535694632036
177.15117896425312
174.86200191645787
173.6591935856589
172.81637629147232
174.2822405880895
173.25636478950238
173.12384946181857
173.58142007630448
172.84469389093334
171.9577530786909
170.46199240766722
169.7749173394565
168.83911988652986
171.08144367563312
169.07260818728085
167.77829673372466
168.6772556140505
168.02473938465118
166.14698541164398
165.1261203658992
171.21139714224586
169.84396921355147
168.29163083536872
166.63937885596835
167.41225424717211
166.6000988360109
165.60376544245358
164.9629726409912
163.8519384902099
164.78684169670632
165.57354988722966
165.42233072067128
163.5524752962178
163.67478526049646
163.2582087352358
162.42945532963194
161.02056935737872
161.18700264240132
161.49193984886696
160.35740262886574
160.24949211909853
159.73177484397232
159.48892859343826
159.38879871368408
159.00975615402749
158.42558995197558
160.56815379652483
159.1692280070535
160.21096433442216
159.57760174521084
157.97146451884302
158.36593450348954
158.0865307429741
157.00817309987957
156.791160867132
157.65701499067504
157.4511284581546
156.54460088137924
155.992132145783
154.5027934600567
156.23278639234346
154.1883807305632
154.50712534888038
154.2580132607756
153.31039593137544
153.5447882413864
152.0462288897613
153.59810951660418
151.54057489592452
150.85414746300927
152.6635276777991
153.67873403943818
152.08334663407555
152.93333823927517
150.92905346689554
151.26718232138404
150.71638676215863
149.05595649521928
148.79216486832192
148.38716216745047
149.11086304023348
149.18466294222864
148.83376679338258
149.7026330027087
148.9252525979075
147.58142079978154
146.9669706081522
146.37583912652116
146.08163843072694
146.82670031744857
145.6704480730254
145.03879611656583
145.18073908213913
145.30070331589928
144.34901401092267
143.4748283501329
143.19550832386673
143.60381389897447
144.21487280007065
143.52555668354034
143.96823159168505
142.60154883614902
143.02356640634866
142.889890773543
142.54360970135392
