-110.62973626057307
-197.79530347983044
-216.08744238615037
-220.19287269512813
-219.2510609785716
-216.46257775624593
-219.83118075529734
-220.13678063551586
-223.71698961257934
-222.86781276861828
-223.42058636347454
-223.89045701821644
-223.11491003831227
-224.71892031033835
-225.0284963051478
-226.73003813823064
-228.56882048447926
-227.95982460180917
-228.39967190424602
-228.91156380176545
-229.28380810817083
-228.1049202044805
-228.79284284909565
-229.11431568463644
-227.8147016922633
-227.45246691703795
-229.2881579240163
-229.9746846993764
-230.54770471254986
-230.70131496588388
-232.02515790859857
-230.5625339269638
-231.63623528083164
-231.62377208073934
-232.84365828831992
-233.29987704753876
-232.77320958773296
-234.25012936592103
-233.90453317165375
-235.0016560792923
-235.64656552871068
-235.84858779907228
-235.35955168008803
-233.52725886106492
-235.00850683053335
-235.77099167108537
-236.1138239145279
-236.14502234458922
-235.2693946282069
-236.58272971312206
-237.54035688241322
-236.9380859096845
-237.50110238393148
-238.33059437274932
-237.8813095053037
-237.9299017985662
-238.26014148791631
-238.1092312892278
-238.9755924463272
-239.90546609958014
-239.2183412273725
-238.77281404336293
-239.79585781097413
-239.65709716478983
-239.35810337861378
-239.93492244084675
-240.4241147518158
-239.6952293197314
-238.9351393063863
-240.74771365324656
-240.99541618029278
-240.51047658920288
-240.23961264689763
-240.84680169423422
-240.0432746807734
-240.5025369167328
-240.88626557191213
-239.1490017970403
-237.42264771064123
-239.47963931560517
-240.07416279315947
-240.60987416505813
-238.7197386344274
-239.99697032372157
-241.556241162618
-241.5514473994573
-240.92195541063944
-239.52870677312214
-240.4053319454193
-241.2389128446579
-241.33029708067576
-241.53329153060912
-240.5532737135887
-241.58001098235448
-241.81396451791127
-241.36256642341613
-240.82137880325317
-241.7851718187332
-242.30837421417237
-242.08786123196285
-242.33894868691763
-241.15228135585784
-240.84339100122452
-239.64314606587092
-240.49797758261363
-239.5982297341029
-237.67540481090546
-235.5040737271309
-238.51981356143952
-238.59344304005305
-239.82021729946138
-239.61167889436086
-239.82963831027348
-241.05776566664377
-240.63665503660837
-240.301588956515
-239.39224016269048
-238.7589916229248
-238.1452713807424
-239.77776024341583
-239.0100296020508
-238.6267349799474
-239.9918160915375
-240.4965714295705
-241.86324604352316
-239.85458684762318
-241.00922793547312
-239.76692643562953
-240.1738001982371
-238.14979053338368
-238.1504631916682
-240.27062250773113
-241.20269245704014
-242.99677269458772
-243.37975132862726
-242.64686591625212
-240.20249005158743
-240.6093894203504
-240.59392422040304
-241.63046658436457
-241.98016179402669
-242.68880248069763
-242.38347228368124
-240.0193300485611
-240.1845472097397
-241.04062298138936
-242.02089234193167
-242.34358067115147
-242.63699609835942
-241.89459338188172
-241.1494751214981
-243.49246947765351
-242.8327164173126
-241.94201233386994
-242.33558654387792
-243.623760954539
-241.8189805030823
-243.11764406760534
-240.80715301036835
-243.33468747138977
-243.6439205010732
-243.12116061846416
-243.69029417832692
-241.48489746252696
-241.38375434875488
-240.3845318675041
-241.77770249048868
-242.45063485304516
-243.15367344617843
-243.4128465294838
-241.24116877317428
-242.61288209756216
-240.4334630727768
-238.4761562983195
-241.31051448186238
-242.62106510798137
-243.50617247025173
-242.98149689038596
-242.3637853860855
-242.89602177937826
-242.17014336585999
-239.07971756060917
-240.71449915568033
-240.87354385058086
-241.4272801756859
-241.5961791197459
-241.67184017499287
-240.5932984828949
-240.8409222126007
-240.91662498315176
-239.9411092241605
-240.19249626398087
-238.23277713457745
-240.03714709679286
-242.20320161978404
-243.02846120198566
-242.91303118467332
-239.99667459726334
-240.25941764911016
-242.9432689030965
