89.77513736486435
62.522787709688316
50.5519268019446
43.284450338832265
39.70106112134868
36.11954266141201
36.517469168993934
36.38231673271492
33.158890732146546
31.876355906498844
32.040247141287246
29.160338039028233
28.80648861311633
27.639725128381418
26.782011210404594
26.681613815241846
26.653213241490825
24.081398253810818
24.95292571803619
23.975839054693694
23.462892718099315
22.166572966837677
22.84843238674361
21.401949112785275
21.88259175586803
20.300412992465084
20.345786300969536
20.0307559486607
20.430173247281846
22.053320912194664
20.444057389836885
19.022882357239723
18.518631365792505
18.515312218460544
19.027064996932086
19.065785015708414
19.17721400936616
18.56149547547102
17.500798876686343
18.231177195392807
16.773571307353418
17.171364104246784
17.834601225395655
17.954440529104964
18.855945951465902
16.78834232777871
16.662536676395042
16.645433419737323
16.50854345423908
16.525689381271086
16.013044686666852
15.799531873893635
16.616942011943923
15.704857082138288
15.089424248427505
15.105404722793349
15.410468311402305
14.114959196797733
15.848276437613471
14.500727854412178
15.603404589125823
13.880976021610971
14.052182566952602
13.754886384539564
14.23347309912587
14.230443684319997
13.792085853437412
12.680218835586103
14.456367661084595
13.532430301195589
12.764780092599063
13.582293614488224
10.8396175801754
11.802039696096346
12.08426232334098
12.122711851165212
12.838144862317833
11.076926780286534
13.243273397714928
11.436471898285351
11.612448028192437
11.43084613503567
12.556923992161092
10.616902061577502
11.638799438734763
12.27957579917435
11.590608116753142
11.111338017444158
11.612619779201161
11.189047294363764
10.40227598619872
10.42011232211672
10.455126117995201
10.810985467557249
10.851320016229975
10.470995233297861
10.501555354045383
10.212226022548716
10.442392401525687
9.890110167963751
9.704811333807122
11.017982600064114
9.609220894246265
10.722082026816647
9.438676130925787
10.332462779904619
9.346967547746567
8.997008727285369
8.070175280344897
9.559986471872906
8.537493569326811
10.151547054535357
8.098610221761568
9.085264329509489
9.348062433559319
9.595516170342934
8.49863174621915
7.718751983524396
8.1093448463442
7.798617014468744
7.557603094726801
8.42508898058842
8.96083927295845
8.522795626700953
8.642779582533343
7.950995421486682
7.932904207436689
7.08610641005738
7.2174610284895735
6.753684568636376
6.99115600128626
6.557713615033647
7.500377562041555
7.351893350225071
8.260816115677228
6.479851449358052
7.394569988523064
7.669603248993898
6.791525949691904
7.24489302188158
6.67860927471313
8.280347662496157
6.887022435151297
7.069839301808127
7.581345718996278
7.232378371894874
7.78457565631332
6.481957039185639
8.225443398644185
6.99317164552109
7.388868299216546
8.048957362578347
6.403275215645031
6.146457303154828
7.380747774423196
5.808890360696562
4.807872765151592
5.354799925510226
6.343525267238247
6.358934529511066
4.512801873915154
6.399913109582046
5.988843571780057
5.2369036666792015
5.170595949836846
6.347597287261281
5.693863142153313
5.283148316473796
5.71007103999627
4.7484374251858945
5.851367063434987
6.57721977128551
4.520386763912594
5.242313094758268
4.818625385391301
3.912557696217093
4.900662780321878
5.057877062980471
4.334993676378809
4.475823274717249
4.711064248779339
3.9541238751904717
4.445094253482489
5.015575681010197
5.332656403168522
3.1344298483996558
3.7754757568754
5.25082895635017
4.349288871062213
5.139580770427811
5.5580605484288315
4.796625326676615
4.286189122960486
5.8538776114583015
3.632879155591644
4.348485067743679
4.656468296102409
4.484493820060944
3.9933859032803567
3.927089676260948
