1348.6923665682475
1294.7561137835185
1281.5644427617392
1275.785762278239
1271.28379351298
1273.8363731066386
1267.167981115977
1260.905001036326
1262.6604806264243
1258.5591064135233
1259.8372040430704
1260.9300702412922
1247.8811311721802
1256.4061989148458
1259.34504849116
1261.850549507141
1250.039878463745
1254.9467299779255
1254.1323832511903
1245.0773297309875
1256.256345399221
1248.7772335370382
1248.056968084971
1251.5272699038187
1250.1568342844646
1232.9780755678812
1244.0223918596903
1243.543244934082
1244.2944388071696
1241.5401273409525
1240.7550364812216
1241.933778413137
1238.9687826474508
1235.4815001487732
1245.7403589248656
1237.9326778729758
1238.7340286254882
1237.5127701123556
1238.0814047813415
1233.818455251058
1236.967493057251
1237.731973584493
1232.4792455673219
1231.6889865239461
1233.7635765711466
1240.890284093221
1231.000458685557
1227.2462629318238
1236.2328276952107
1233.8015400568645
1233.0824973106385
1230.1823055903117
1232.6808860143026
1237.1705615679423
1229.9260938326518
1233.9114490191141
1240.2683058102925
1234.7807516733806
1231.681414159139
1229.505632464091
1235.0046498934428
1234.234903049469
1224.6642139752705
1236.3917673746744
1229.3774127324423
1229.6402873039247
1230.628179391225
1234.451086584727
1231.6315483411154
1223.1189644813537
1238.4470720291138
1225.0142011960347
1233.6015256881715
1236.821405760447
1231.5564807256062
1227.191356754303
1224.162066555023
1226.4414587338765
1228.3346460342407
1224.2281363805134
1228.623377418518
1235.6179231325784
1223.7793432871501
1234.7489645004273
1225.7101304372152
1229.352060254415
1224.4422154108684
1227.1554986317954
1227.397923119863
1228.9261892636616
1225.912338892619
1219.4540769577027
1226.3756156603495
1226.0347583770751
1228.064715353648
1222.7193765640259
1224.8975036938984
1226.1317021052043
1223.8975414594015
1227.706373500824
1222.5991125424703
1224.256675418218
1226.858549976349
1223.7967650731405
1220.6350824038188
1223.0785270690917
1222.8605070749918
1226.9235825538635
1230.9311467488608
1225.6341018676758
1226.304243437449
1223.7332356770833
1229.6759383837382
1219.4048441251118
1220.971347649892
1225.4559325218202
1226.4754549980164
1222.9201671600342
1226.0230174064636
1221.4337996164957
1223.1288114547729
1227.7603118578593
1227.9974844296773
1221.1914478302
1225.834798558553
1222.9448252360025
1226.880477142334
1223.3993432044983
1218.1844687143962
1221.4733629544576
1217.9299332936605
1217.2411199887595
1221.737773068746
1213.6716548601787
1211.8486917813618
1218.018849627177
1220.1255859057108
1220.3463825543722
1218.2853465080261
1222.9075025876364
1226.582802136739
1221.6947834650675
1211.1735616048177
1216.905842812856
1225.1481158256531
1223.1559255917866
1221.5123534838358
1217.372446378072
1219.2348954836527
1217.840965270996
1213.5362641016643
1218.4456839561462
1224.285534731547
1218.150541337331
1215.5016185124716
1222.6090386708577
1219.3593700726826
1226.3272316932678
1214.6539431889853
1209.41976146698
1216.6243153889975
1214.611967086792
1217.7977041244508
1220.487765343984
1224.0833620389303
1217.646204853058
1222.4927315394084
1220.3091273943583
1226.6370219389598
1220.759464073181
1223.173222287496
1220.9552837371825
1210.9431395848592
1218.308754380544
1213.4086857795714
1222.2361490249634
1214.8419437408447
1221.7487049738565
1223.4707845369974
1218.169680182139
1217.5013379414877
1212.5202761967978
1219.2986075401307
1213.4596344312033
1216.8239321072897
1214.070096174876
1222.4874676386514
1216.3781474113464
1215.0166665077209
1215.094019317627
1220.3428772449492
1219.0943706830342
1217.3069493293763
1213.6537144819895
1220.8432408332824
1218.3679095109303
1212.5823149998982
1211.5421445846557
1219.8066662788392
1221.2086711247762
