185.9612386584282
116.67530301411946
104.74456620613734
95.0070474267006
95.10044033527375
90.64676460027695
85.03831719756127
83.93366693258285
79.96671205361685
77.00391689141591
76.25069205562274
71.94964721202851
69.15958043535551
69.07382506926855
65.50304104884465
66.01934604644775
63.03450999259949
64.62685885628065
63.538006007671356
60.18773517211278
57.83862206240495
56.659357605377835
56.17232282360395
54.6312612692515
54.60440788269043
54.61646636724472
52.503608850638074
51.5463641166687
50.85555425584316
49.50675813555718
48.30918528536956
49.32917351325353
47.922762940327324
47.899859527746834
47.66778075595697
46.69771458208561
44.03112707833449
45.7523951292038
44.08150360882282
44.715978163480756
44.27065332333247
43.7206117272377
41.60512040257454
44.45623126029968
42.944534078240395
42.84597690900167
42.695345317324005
42.83531479537487
41.895384248097734
40.289997800191244
41.069842115044594
41.434263523419695
43.276468859116235
41.52358844478925
41.39662711024285
39.31072576642036
40.500089909633
39.70933871269226
40.83225036164125
40.555364479621254
38.74226302107175
39.27815955877304
40.04230792423089
39.62736544410388
39.88206401864688
39.1619880716006
39.19502761264642
38.76754315495491
40.1359099149704
38.877756491303444
38.65600587526957
38.59428517023722
37.61741088032723
37.78509526451429
36.84224195877711
36.60109702646732
36.17357979118824
35.56066144903501
36.73222227692604
36.9472856760025
35.57153884967168
36.15759888192018
36.91007582346598
36.01537064512571
36.32725475629171
36.13430357277393
36.381267273426054
35.20265125731627
35.411284347375236
35.267085354526834
35.57377072374026
34.72735020319621
35.18361182411512
34.82099833687146
33.964173845450084
35.23619828621546
35.486268943548204
34.473612988988556
34.52135809262594
34.3336673527956
34.19284602801005
34.527757908900576
34.903902518749234
35.179310687383015
35.16543371876081
33.74671982129415
34.89938035309315
34.0888642479976
33.54955101509889
32.93055601020654
33.58421619633834
33.01531156996886
32.566530255476636
33.94428894619147
35.282491780320804
33.887048574288684
33.85243905186653
32.894079049428306
33.01909004648527
33.614672935009004
33.457130920886996
33.10629247526328
34.51330947478612
32.902424962321916
32.597168196241064
32.16878495415052
32.992018566528955
32.156870836019515
33.07637448708216
31.156599189837774
32.689167230327925
32.14481611450513
31.984795674681664
32.87818228105704
32.442346302668255
32.39135334889094
31.126968076825143
32.162499981125194
32.069137100378676
31.770135986804963
31.39463545481364
31.820569877823193
32.3462495525678
32.11587226092816
31.549591929713884
31.699436614910763
32.03307388027509
31.491682181755703
32.13415190279484
31.75341985821724
31.076722514629363
30.982682675123215
30.99721948305766
31.289411489168803
31.600374693671863
31.201811192433038
30.868495162328085
30.779305098454156
31.483971936504044
31.59235713084539
30.565613830089568
31.082662584384284
29.487161874771118
30.73312740921974
30.753939173618953
31.674768177668252
30.536173644661904
30.107248504956562
30.944609306255977
31.899362893899283
30.506841246287028
30.96096292336782
31.07344864408175
30.48511040508747
30.29828044275443
30.879167234897615
30.38456223110358
30.818840314944584
29.873237386345863
30.44875822663307
29.727134646972022
30.98576847712199
29.85728874405225
29.26043649216493
30.611485955119132
29.702221633990607
30.0849497795105
29.756996019681296
30.550976715485255
29.843419896562896
30.19947529931863
29.66830523610115
29.39811712304751
30.267083078622818
28.674371421337128
30.503449455897012
29.959461196263632
29.530904753009477
29.32979563275973
29.684188760320346
