-48.227390193733676
-56.92347468281614
-57.67107600076445
-58.31887281352076
-58.40573186915496
-59.03157565511506
-59.11031828461022
-59.510964747132924
-59.72839523800488
-59.797040302177955
-60.08179666975449
-59.96125567164914
-60.14376988082096
-60.292839085233624
-60.14079983583812
-60.115453241200285
-60.97076857706596
-60.73297691139682
-60.585727568330434
-60.828426674522206
-60.7589995265007
-60.9245249803724
-60.82048652500942
-60.92559315418375
-61.037098089168815
-61.149922886799125
-61.25859796487052
-61.32496249984051
-61.564463226959624
-61.50812457553272
-61.956312451897
-61.769014134489254
-61.507721728292005
-61.79153504453856
-61.78389888796313
-61.90439700772022
-62.084214163237604
-61.925207718692974
-61.96320233673885
-61.72371838729957
-62.00369389406566
-62.02332146311628
-62.132523758658046
-62.16684275043422
-61.45083893784161
-61.9018354066487
-61.617955470907276
-61.806519323381885
-61.49380566950502
-61.416764549140275
-61.4873512407829
-62.11886363810506
-61.85149616619636
-61.80006888508797
-61.485880671904006
-61.50633279208479
-61.817045435823246
-61.19626260009305
-61.572932985322225
-62.30093691883416
-62.10979028405814
-62.27579662923155
-62.255130251933785
-62.03578865322574
-62.286378183241546
-62.5379148598375
-62.74146031614008
-62.60306194116329
-62.40457850797423
-62.458020082835496
-62.46714272786831
-62.495374610711785
-62.57959145307541
-62.52268850597842
-62.58409732374652
-62.19718188047409
-62.19989319197063
-62.43783445604916
-62.44160297821308
-62.480511270720385
-62.49954145941241
-62.601102440521636
-62.73981420747165
-62.46725436531264
-62.677971130815045
-62.46575573600572
-62.3622730292123
-62.44086950811847
-62.803627612261934
-62.90844002879899
-62.85493831593415
-63.11561517263281
-62.80202305522458
-62.892669535916426
-62.643900001871174
-62.46604044889582
-62.47048963760508
-62.525783085617526
-62.49457042792748
-62.631461020173695
-62.36483592103268
-62.48529754630451
-62.302912623717866
-62.366152535224785
-62.55938039463142
-62.34448637016888
-62.69876954473298
-62.8171020047418
-62.523901495440256
-62.61854018938953
-62.66667415047514
-62.47832178452919
-62.55976558245462
-62.398577301666656
-62.46979712412275
-62.698991487766136
-62.32260100697649
-62.5215387385467
-62.609799973923586
-62.498309165239334
-62.360994813771086
-62.61906833689788
-62.57974483124141
-62.5522704021684
-62.92829597407374
-62.91584733025781
-62.622540434886666
-62.80761055083111
-62.97452257624988
-62.86709602947893
-63.028415917322555
-63.01057049734839
-62.98807325034306
-62.98974513904802
-62.72682764406862
-62.740776777267456
-63.006561504355794
-62.94725983512813
-62.958662042330054
-62.72117759338741
-62.60051201951915
-62.73259751139016
-62.73457679871855
-63.009465141543025
-62.885952191106206
-63.042443427546274
-62.92489201344293
-62.955664359290026
-62.91377093668642
-62.94634148786808
-62.90337277794706
-63.00592300090297
-62.98833429196785
-63.01849013566971
-62.65136728410063
-62.55979888192539
-62.65834764365492
-62.73420740304322
-63.01309155492947
-62.900790424182496
-63.0329665295009
-62.942092157643415
-63.16582141148633
-62.99105976162286
-63.0570379577834
-62.965719664918964
-62.86926709886255
-63.11263833374813
-63.15518872902311
-63.126178477344844
-62.99186800677201
-62.89643852361317
-62.8802255196818
-63.19338059219821
-63.12322296767399
-62.99764185630042
-62.86358426562671
-62.96938150401773
-63.09993215059412
-62.957977126384606
-62.94161012460445
-63.21291951372706
-63.20667418118181
-62.93592868591177
-63.14105533114795
-63.24911530470026
-63.00007634224563
-63.03154517658825
-62.929640706243184
-63.143547709645894
-63.04080734479016
-63.055257951391155
-63.28046151173526
-63.29133999347687
-63.239862955849745
-63.04512471679983
-63.11223658199968
-63.00659616959506
-63.02595066613164
-63.15502271981075
