-23.565195452550363
-44.50673033040145
-48.187924117877564
-50.48717030985602
-52.52845573630826
-53.02460179246705
-53.444281954189826
-54.04786845938913
-54.22946647940011
-54.71350421576664
-55.39663677482769
-55.89218327916902
-55.93512441166516
-56.03474053637735
-56.339939629209454
-56.4608707171062
-56.30148683334219
-56.454516530036926
-56.91003138649052
-56.67176626468527
-56.66135323869771
-56.96011019780718
-57.11576773791477
-57.086996162759846
-56.85383669466808
-56.952650010585785
-56.94296559383129
-57.29346840340516
-57.13749524437148
-57.19821078407353
-57.297404687980126
-57.317311648664806
-57.505338876411834
-57.478237020558325
-57.55005514210668
-58.01679852913166
-57.700604962891546
-57.4357352955588
-57.56298352521041
-58.07012176205372
-58.1562863989123
-58.2419916288606
-58.014901732576305
-58.05561831490747
-58.62435248699681
-58.600018937012244
-58.444612751747
-59.02175321044593
-58.81476425713506
-59.028461144915944
-59.464661982552755
-59.1901176633506
-58.97999939836305
-58.934926000134695
-58.6019022012579
-58.41338458965565
-58.427986134742866
-58.93090514581779
-59.281672675034095
-59.300832466832524
-59.1129613210415
-59.55034786051717
-59.84909852311529
-59.84370529651642
-60.23655697189528
-59.959120185210786
-59.73104430067128
-60.11017287394096
-60.288739219821736
-60.81925810513825
-60.79453505729807
-60.96640319145959
-61.12022999853924
-61.228276813852375
-61.28794076113865
-61.5175714061178
-61.59745925048302
-61.581401026454465
-61.83202192084543
-61.54130248057431
-61.748439464075815
-62.16920410559095
-62.15721072513482
-61.705596366833
-61.56191875400214
-61.691438753029395
-61.42840371255217
-61.72607516214765
-61.59426932499326
-61.72730810272282
-62.03104565266905
-62.21790474036644
-62.209866928643194
-62.035791781441915
-62.00974354558978
-61.940763816751286
-62.24317239790127
-62.097026981156446
-61.88156071613575
-61.8810252948054
-62.07853430304034
-62.44483473177614
-62.34370595216751
-62.134765211878154
-62.23023785291047
-62.36463150793109
-62.327173471450806
-62.60790809886209
-62.48208804274427
-62.286331042133526
-62.502972374702324
-62.58625572611545
-62.63879225377379
-62.57313932632578
-62.40308741865487
-62.66477592135298
-62.271289350657625
-62.6477475618494
-62.59132519364357
-62.34309432424348
-62.35390683083698
-62.46828190519892
-62.576335335599964
-62.49144232581402
-62.24892255766638
-62.60735337076516
-62.35880644568081
-62.80229753050311
-62.92905503511429
-62.89801766749086
-62.47653341909935
-62.63025624998684
-62.99912540357688
-63.16835906176731
-63.065962261167066
-62.98670237434322
-62.90244255189238
-63.05239976274556
-63.19578004088895
-63.082499312943426
-63.100074108304646
-62.89165423245266
-62.497714704480664
-62.436910346664234
-62.9040761682494
-62.9295833151916
-62.91891697357441
-62.824885144315914
-62.961940444748976
-62.9277983657245
-62.92386388264853
-63.06446224142765
-63.127809894495996
-63.267759896557905
-63.41280573606491
-63.4560219162497
-63.46723827205855
-63.414171416184
-63.39939140554132
-63.39156719939462
-63.378314388209375
-63.2772293070267
-63.154448139256445
-63.30002273773325
-63.31563173285846
-63.2672469379573
-63.19424576389378
-63.12610399928586
-63.13440921388823
-63.36544947994167
-63.35509920017473
-63.368653135053044
-63.23461816023136
-63.22993326084367
-63.283712849534794
-63.32210170400554
-63.480511106293775
-63.46522437292954
-63.35279969716894
-63.39854101271465
-63.422790260150514
-63.43413290484198
-63.30240887403488
-63.43446418745764
-63.2842453060479
-63.382330739292605
-63.17871892041173
-63.20247718691826
-63.15325822193047
-63.23071220825459
-63.13266353052238
-63.15300139065447
-63.23507062936651
-63.32802582712009
-63.31313673792214
-63.33792511759133
-63.34695699605449
-63.266960672263444
-63.171900569364944
-63.18499001757852
