-132.13318812847137
-194.12763905525208
-207.05226257244746
-210.02160969575246
-211.57197516759237
-217.28857177098593
-219.9700390100479
-220.47333732843398
-220.09239692687987
-216.27384232680004
-205.92018090486528
-212.89327600399653
-221.71664405663807
-226.59170085986455
-228.72857619126637
-228.3994628429413
-229.172353943189
-229.247385207812
-228.62067619164785
-226.63527396122615
-225.86411003669102
-225.28935549259185
-220.6541754325231
-223.67347527742385
-226.0221952756246
-220.61005282402039
-222.67903469403583
-221.5115072965622
-221.25075738827388
-222.8810952425003
-223.89342175324757
-225.4455191294352
-224.9090459426244
-226.14379254976907
-227.88633809884388
-227.34746023019156
-226.58909028371176
-230.62498104174932
-236.67716991901398
-236.59444847901662
-234.76165758768718
-235.86990092595417
-236.02428495089214
-236.42296923796337
-237.7522120475769
-238.23118980725607
-238.49985704024633
-237.74546053409577
-233.39557184378307
-230.58387081623079
-231.00729034344354
-234.45681056976318
-240.56946132977802
-241.90579205354055
-241.6555200656255
-242.697863082091
-243.2014066696167
-243.26213082472484
-243.7232040166855
-243.82999432484308
-244.04067245721816
-243.53623193105062
-243.93699192206066
-243.6521431684494
-243.700683927536
-243.78344515164693
-243.2623669465383
-243.0221356312434
-243.01452416578928
-241.99679496685664
-242.8286424279213
-240.8257431825002
-241.57452706098556
-240.81187181075413
-240.31484811306
-239.24632171789804
-239.87291727463403
-240.3177151441574
-240.43996560176214
-239.83205993970236
-241.73417189121247
-242.6168642282486
-242.6390474398931
-243.39856522083284
-243.9395783027013
-244.354079023997
-244.44719787438711
-244.59367069800695
-244.77593055566152
-245.00603654384614
-244.9695006608963
-245.1752061287562
-245.0885982433955
-245.2502946138382
-245.26403747399647
-245.37247625192006
-245.3072145541509
-245.37118697166443
-245.44710930188498
-245.42242637077968
-245.42687656482062
-245.36636375586193
-245.42024840513866
-245.13106560707092
-245.2959233045578
-245.24595368703206
-245.12866387367248
-245.12275188763937
-244.51663568019868
-244.5494746764501
-244.7873030424118
-244.7670660575231
-244.66182711919149
-244.8822653492292
-244.7657289505005
-244.79289331436158
-245.21907838980357
-245.41444513400396
-245.6539176225662
-245.69675974051157
-245.7180207490921
-245.62727113167446
-245.58140558401743
-245.6193886399269
-245.2967976808548
-245.19755887190502
-244.72156075636545
-244.1923507054647
-243.96241156260172
-243.3658389488856
-241.91112984021504
-243.43765230178832
-243.90127271811167
-241.81378904978433
-242.4086404800415
-244.27176859378815
-243.8983776807785
-244.1597615321477
-244.45325108369192
-244.5616783539454
-244.47235476175945
-244.3111962278684
-244.72613527377447
-245.13437694311142
-245.20799100399017
-245.21850213209788
-245.30678424040477
-245.40293233791988
-245.2584330002467
-245.27531260649363
-245.19280416170756
-244.76648195584616
-244.7933463493983
-244.82842945257823
-244.15015207926433
-243.04097616672516
-241.487517563502
-243.02835894028345
-242.56122492154438
-242.83691953023273
-243.24630564451218
-244.46894546349844
-244.99077455997468
-245.044520509243
-244.9662940422694
-245.29037011464436
-245.4546226620674
-245.4869419177373
-245.33345039288204
-245.28180714448294
-245.09600669940312
-244.3707559744517
-244.07013125419616
-244.2750392993291
-244.63086462020874
-244.4239376505216
-244.1745673576991
-243.80542909304302
-244.1698627392451
-242.93797974586488
-243.55616654555004
-243.55905255476634
-244.00189765294394
-243.2096547484398
-242.47534356117248
-244.63740607500077
-244.9556491335233
-245.07887623310089
-245.0365950902303
-245.31201298634213
-245.54521853923796
-245.7826696395874
-245.87269081672034
-245.89308129946392
-245.92521842718125
-245.9260153690974
-245.7978226741155
-245.5010375658671
-245.6751299937566
-245.74073030153912
