-63.93585799137751
-91.9770807782809
-92.42876219550769
-98.9188551624616
-100.90767673254012
-98.18802788654963
-103.01715566515922
-104.20241267879804
-97.4081558585167
-96.91430610815684
-97.74746098518372
-101.34176986614862
-103.19565989176432
-96.26734598875046
-99.68799648284912
-99.80421126683554
-95.48995666503906
-102.63462167580923
-101.34715020259222
-101.63585074742635
-100.28003540039063
-101.88681376377741
-100.5844298462073
-97.73822814424832
-102.34954981803894
-99.3283678929011
-104.55839081605275
-99.41742558876673
-97.33634635011354
-98.12113659381866
-98.95311454931895
-99.0702013929685
-99.42663880983989
-101.11735848784447
-96.95392548243204
-96.75203617811204
-95.53325846195222
-99.24752627412478
-98.23546541134516
-99.91519377628963
-97.86126567125321
-101.79130344788233
-98.51665269136429
-97.7632820824782
-97.15961136023203
-95.58735044399897
-95.28901477654775
-100.26142345666885
-97.56235405604045
-95.09648517370223
-95.73440095186234
-99.80126974980037
-98.8786810696125
-103.53020181258519
-104.86410204172134
-103.45261820157369
-100.8518224199613
-98.65953581730524
-103.64584689935049
-99.24059973955154
-98.3660810470581
-96.6914803703626
-97.56837213039398
-98.00258340040843
-98.6320927341779
-97.82506079673767
-101.64339830478032
-99.97401977777481
-98.93639765381813
-99.63117216626803
-97.0291345357895
-98.33373653093973
-97.75012062191963
-97.58154038190841
-100.10955304304758
-96.60076752106349
-99.3048093020916
-95.58311353524526
-96.88980405131976
-96.56478097438813
-98.86399882038434
-99.87938155730565
-101.2955740571022
-100.36715115308762
-100.95002241134644
-95.44045992493629
-99.179303697745
-97.27267125050227
-94.54796088337898
-100.62526035110156
-99.30872056484222
-102.35157923301061
-100.26946647961934
-102.22805769443512
-100.63187804023424
-99.13047257065773
-100.42746261755626
-95.89480642676354
-97.04786448876062
-98.52569776972135
-94.81169386307398
-98.2900932431221
-98.8299413005511
-100.94425357182821
-97.39185846646627
-99.44209665854773
-97.74860780636469
-96.2171710729599
-95.50672176281611
-96.81161363124848
-98.06072170337042
-96.98492907087008
-98.06605539520582
-97.2203888853391
-98.85152860681215
-93.50376425584157
-99.9664867758751
-96.19195158878962
-97.57076414426167
-96.99591378569603
-96.90663307905197
-96.24450848499934
-93.2649160861969
-96.10266614158948
-98.61626481413842
-97.78219948212306
-99.99557063579559
-96.50527756611505
-98.17829673290252
-98.06458651224771
-96.69769175052643
-95.64346390565237
-101.48124486605326
-97.2153932829698
-100.60111161470414
-95.86166523893674
-99.45698784987131
-96.96750290791194
-95.62863895495732
-93.55528205037118
-94.29562724033991
-92.39634177684783
-95.9396909793218
-96.39878365794817
-97.3297818005085
-99.22910314400991
-99.18811656236649
-97.55698306759199
-97.16550160249075
-96.29047031998634
-95.41151681343715
-95.51346022486686
-100.69620047012965
-93.74203813076019
-98.04401453733445
-99.741319779555
-99.00951104561487
-94.47082024415334
-93.72640509208044
-98.07354364792506
-93.47943259477616
-95.8546470840772
-93.19772580862045
-92.90701847871145
-98.4616448144118
-94.40150046745936
-92.48057126204172
-96.78736741741498
-94.59404740730922
-93.96778067747752
-93.15709294080735
-95.6918647547563
-94.8832663655281
-96.0903966665268
-97.04563118219376
-101.56531242132186
-95.58040264050166
-98.996109243234
-99.31080385049184
-96.43674873510996
-97.36937916278839
-90.50268741250038
-93.52117520570755
-93.25668772061665
-96.51053957541784
-93.23430940707524
-93.58587913910547
-93.89766017198562
-98.0697101076444
-94.065184734265
-96.3035071849823
-98.16766909559568
-95.37132542530695
-96.60668108264605
-94.3254689693451
-97.23875122865041
-96.4955012023449
-95.48883628646533
-95.38754670421282
-97.44731398423512
