102.54424422773822
63.737850853081405
54.16968949293268
48.083831717228065
40.38531306694294
35.729777619756504
32.26823995956059
30.783305462064416
29.167363539851944
26.70384120941162
24.96503768912677
23.094400005093938
21.58968023287839
19.912160283532636
18.674923129636667
17.496430106717966
16.86537911563084
16.14495032922975
15.570819374816171
14.737792090095322
14.224720710310443
13.725474082704249
13.27454165831722
12.917888360804525
12.400427716302461
12.231710043446771
11.792021786858296
11.558487795293331
11.390771963729941
11.191319036072699
10.972664820223018
10.683988002867535
10.496810199628616
10.314443049245867
10.088136058429193
9.946002322538146
9.7568639370388
9.588309045238741
9.413426162353877
9.23159559739047
9.136889277090287
9.083200390996604
8.956400145230623
8.827423528350632
8.660920791071037
8.567779587260608
8.525554160619604
8.328231630654171
8.258346829948755
8.091771487018157
8.105307066748882
7.929189749062061
7.853617337500227
7.76432196898707
7.702880866054831
7.576540801802586
7.530643389913543
7.440592370670418
7.338054415480844
7.277720882204072
7.177463909675335
7.108413058879046
7.029625218233158
6.955006762953667
6.883094281472009
6.860423630938448
6.819758455943445
6.738360172201848
6.780889736295774
6.651978361195531
6.588629862100913
6.492475864702258
6.450728803359229
6.432663187384605
6.385046290169502
6.358966500080865
6.300508954273216
6.24044614259539
6.193320741941189
6.153588739705497
6.134453756542041
6.088070832835189
6.038842910579566
6.020031390904353
5.974635443810759
5.905612128433482
5.9088168020906116
5.85332291277832
5.8259686181514425
5.788707137878599
5.7625949927445115
5.742950221330955
5.732931540700896
5.761464118829061
5.992548647111859
5.818432786084455
5.688677619500407
5.63149197194083
5.591236097802376
5.568276620245185
5.5260522835727395
5.516589668033452
5.50525997784631
5.457467060664604
5.420803956302075
5.414812693950431
5.378643523259409
5.3540551522425535
5.333935197057395
5.317539232429759
5.296303215340294
5.263126596551517
5.28921139458644
5.2482834559833185
5.233838726734293
5.210256830757034
5.175446345246043
5.17267453503506
5.147208932530264
5.14665596765177
5.096539861426272
5.070195293246672
5.059719874812611
5.027916209708
7.3082328014846505
10.573964551091194
7.961353826625594
7.023928481700091
6.5400453877860105
6.298050309563505
6.047787976804479
5.890205859624106
5.769516147159297
5.678951097716546
5.566621082995472
5.496178647310569
5.4349023991360745
5.367651323691525
5.299881818222588
5.274151490680103
5.233726580852065
5.1775698261014345
5.159319482486824
5.123758248599438
5.088043386180853
5.062875713639218
5.033060476954641
5.005820877850056
4.984808485055792
4.984528722819583
4.951142596915878
4.914989865930943
4.906277300597265
4.8870970834175065
4.873772920334134
4.858932366658902
4.841303830259833
4.834178263771123
4.822644496529267
4.798794633612551
4.793352033172188
4.7672363334688646
4.763003219304414
4.743582828291531
4.722013534271512
4.7102225358630045
4.7117031494091295
4.6936833005526974
4.685644435214585
4.677349793628372
4.65773624361589
4.646503607774603
4.642864302956853
4.629188990541573
4.606853827577213
4.609908601204896
4.62307280057977
4.603201498759204
4.580609817314764
4.57046530408592
4.564362281997656
4.564781775890753
4.549424588423351
4.53746696857029
4.531514697547617
4.5197554680294
4.503171218880292
4.4982333816587925
4.487050601762944
4.479205483763383
4.471249087488856
4.4636316140150205
4.460737992334982
4.4538484290242195
4.450117944001124
4.422840919730993
4.417710427837125
4.409631424294464
4.401726107402094
4.395660138078805
