-49.43770719114049
-54.836033311383474
-56.04583328140193
-56.27030250430107
-57.2194801476495
-57.78928727939211
-57.67377880318411
-58.510079159818844
-58.46041982338346
-57.80909317526324
-58.1504249387774
-58.23107066236693
-58.55573554388408
-58.19472093417727
-58.00358464080712
-58.62705851012263
-58.41490127505927
-58.59002844013017
-58.4490139926302
-58.48220721092717
-58.664503929943876
-58.552965995566595
-58.34638216372194
-58.466235257428266
-58.62060438147907
-58.98719570349003
-58.76645558353128
-58.7694989422272
-58.89663915593049
-58.434659484131586
-58.77851033313521
-58.96455369530053
-59.306208889032234
-59.93575406691124
-60.12291933236451
-59.915492740170706
-59.748964753644216
-59.31732609045917
-60.348277392058534
-60.14325357716659
-60.21426102210735
-60.14822768445673
-59.80939445618925
-60.13243898852118
-60.11121106353299
-59.95317407312064
-60.54272362898136
-60.41253107272345
-60.27398251253983
-60.15817499777366
-60.18021770900693
-60.69396053922588
-60.250928713329905
-59.90805136438074
-60.07042299262409
-59.79188484364543
-59.726182693037494
-59.9326447885612
-59.91658838452964
-60.01763994323796
-60.16612831991294
-59.7713886191105
-60.485947958354295
-60.14270533672695
-60.01213268370464
-60.12900785947668
-60.164865208083185
-60.54840171337128
-60.45302717233526
-60.25469663430904
-60.20015083613067
-60.12051704628714
-59.84667384830014
-60.33999495259647
-60.20571093415392
-60.165002919476606
-60.02737495816987
-60.16872726843275
-59.90679881387744
-60.533745065845295
-60.84431790688942
-60.73779625728213
-60.6281721057563
-61.03032904246758
-61.002367788347705
-60.92353159291991
-60.610626457066374
-60.36133425914008
-60.50683397465739
-60.5670494519431
-60.46096837931666
-60.41907931196278
-60.15627872943878
-60.1503078526464
-60.44975743930915
-60.48105445401422
-60.249870592150195
-60.36163507247793
-60.63970465701202
-60.688153040820154
-60.72019219295732
-61.016886534362
-60.908600155649516
-60.778194177767325
-60.710698734069695
-60.867755706967976
-61.16726662783787
-61.0336880468089
-60.605535409573854
-60.70043326040794
-60.606180696651855
-60.76510532971086
-60.667428344488144
-60.428431376301006
-60.48786787329049
-60.63917148832617
-60.79898995572123
-60.63417610731618
-60.62496271626703
-60.65097031100043
-61.0511927522462
-60.99750079985323
-60.682724952697754
-60.70308646354182
-60.67847194959377
-60.40816640853882
-60.2520448750463
-60.54231911897659
-60.46615843423481
-60.72962094175404
-60.55929209857151
-60.49730939289619
-60.47254728551569
-60.84590591849952
-60.60861721018265
-60.57183659282224
-60.66742882235297
-60.714881027566975
-60.92333817995828
-60.90194939333817
-60.5670163425906
-60.82281756195529
-60.982854450571125
-61.03790410839278
-61.08552466075996
-60.83840524739232
-60.68551617860794
-61.050695106900974
-60.802011154848955
-60.745732589014644
-60.73693644897691
-60.81499738528811
-61.00546899335138
-60.94749103126855
-60.75823501266282
-60.75657448275336
-60.88314011487468
-60.79589116162267
-60.97157059044674
-60.79026777374333
-60.67519625302019
-60.98387454398747
-60.83665252554005
-61.02575248479843
-61.29998074728867
-61.14638556488629
-61.187743754222474
-61.071001467005956
-61.11701075167492
-60.9238394683805
-60.67022409315767
-60.8327797312161
-60.97472356927806
-60.92323172297971
-61.15339430241749
-61.019025142850545
-61.036864778091164
-60.99651811451748
-61.02686041490785
-60.984668398725574
-60.83121966288007
-61.273480310522274
-60.734834458293584
-61.017203230282355
-61.08975954610726
-61.0969039551143
-61.03441980789448
-60.93705531851999
-60.8606335623511
-60.71318608008582
-60.672871790055574
-60.509318986843375
-60.63332149386406
-60.88323170357737
-61.19430892220859
-61.3062905679489
-61.15585769867075
-61.190828705656116
-60.889274130607475
-60.970833534824436
