66.73065556534405
36.41811407845596
30.52795611630226
26.871984066634344
23.818238173065513
20.90963719219997
19.809955092853514
17.979164253534943
16.90707195421745
16.715668573975563
16.48343217013211
15.406082516086512
14.688541239191746
13.876105493512647
13.568800898461506
13.270062235151899
13.125841535627842
12.865524753928185
12.484147112431197
11.764427108754372
11.290469652619855
11.192843914031982
10.625443484248786
10.393570632770144
9.873406726224669
9.59976408450768
9.293272103215086
8.822469555098435
8.653964683413506
8.515592741812098
8.452542307818758
8.261434479520238
7.979066152254055
7.90417396816714
7.730226290123216
7.459501906330216
7.3222152101325575
7.1662197605032345
7.058018077164888
7.096626359840919
7.093969223699693
6.981823441283456
6.868544940676155
6.744974270591448
6.6568634715573545
6.531681918250076
6.425677428728547
6.191152335369382
6.17005993579996
6.033382983300193
6.037916915041619
5.927483160177181
5.743421010544588
5.785157208170356
5.66769485522447
5.580028161278059
5.493990613725678
5.374140895260819
5.350459613291354
5.217727973543364
5.204772297421406
5.076136730354408
5.05445008570778
4.9446352668877305
4.830123189322907
4.82109740042481
4.7711608312253295
4.721965025725035
4.678179585214319
4.738283177259667
4.606538057712646
4.550481436324531
4.533898277914729
4.491679612418701
4.421084982310903
4.370807884325242
4.334216767986273
4.290015956579611
4.235881534501396
4.200370310452477
4.149394711029941
4.118268123731531
4.122384111557541
4.058630856717455
4.029717706529231
3.9482623735635447
3.92008507739881
3.8720917528302503
3.855102955652722
3.821106838640468
3.82005429666104
3.7768181893846084
3.7794556900345047
3.7390932244216573
3.7064025065508384
3.664841183300676
3.634286602766349
3.6139285113534023
3.5865140029325566
3.567211273286877
3.5320167068777413
3.5340437112568783
3.510735523084114
3.4837262657438886
3.462582660003983
3.4568813854250413
3.421492710516884
3.398461894870832
3.410149878854382
3.3752278228258263
3.35901539168995
3.3387427912575416
3.338676729721242
3.3068390021678704
3.2914645447042483
3.2503257343738245
3.2509298232737285
3.264823619147827
3.196048767273796
3.1986053454978713
3.201232914780748
3.1939609522192645
3.138360056705002
3.1730464624305226
3.1627160771910487
3.1486636488858997
3.1038907016145774
3.1419018521134197
3.1062283260298185
3.0521372427585822
3.0494778842247765
3.068325577496455
3.049046568444063
3.0336680621037195
3.002904634087764
3.080114648645294
3.0961064123387994
3.034174903328049
2.981101338526812
2.957400325878427
2.9649775630055832
2.9435612884318005
2.9020591081473333
2.887243821510467
2.888543532518991
2.8639883339918892
2.8661827118746164
2.8634309169418852
2.8650647706898122
2.8292003995257207
2.8329470169184536
2.8225770346691896
2.7989367161203047
2.793222380994723
2.798516501447764
2.789414474034104
2.777501599285109
2.759608840569854
2.742620409883816
2.750182279546199
2.754777817505187
2.7344579379363307
2.7093465168928277
2.7074412261617593
2.708456041676731
2.694793332175448
2.690979174563083
2.67836144489461
2.675568564377468
2.670786162131819
2.6742495020915724
2.6502373311026344
2.6411378537786416
2.6295236576477
2.628683037220918
2.6197663659936397
2.619917879009555
2.622564632188657
2.624049738049507
2.595824940322802
2.5936302756569507
2.58575057642984
2.5810552844456556
2.572866490624588
2.5822657163030116
2.5716246608644724
2.5437913243498267
2.5397081208126298
2.5573265894219794
2.5503732863942097
2.530286542557437
2.5174891655815057
2.5212361427858987
2.509619282751248
2.5119145180516202
2.499161102263064
2.4976236997493384
2.495016034756755
2.4883304261441888
2.482062599653828
