30.963443128199412
19.758837803684433
16.497022624673516
15.07475746808381
14.029344999070826
13.032406913566179
12.37983323325371
11.660247087478638
11.159658193845173
10.838399343449494
10.424330307234978
10.049112193286419
9.820903811475326
9.521421704826684
9.33400367097608
9.093169206689144
9.1268876459578
8.909224552327188
8.85540223044568
8.637488111339767
8.466620281338692
8.396719553347292
8.239070035517216
8.186501754512047
8.085503772158047
7.927799162936622
7.929986055298098
7.938595544932218
7.880548964800505
7.755123697478195
7.795407283151972
7.576552502810955
7.5604282273300765
7.482213555481927
7.502127657419648
7.394310495976744
7.2023404841793
7.227449640888592
7.270570166409016
7.203166146216722
7.077088354733483
7.15443918340165
7.061406955122948
6.9701470373005705
7.029680069150595
6.985485816310192
6.992148838038075
6.9565945976767045
6.921347006641585
6.893752415632379
6.81887371902322
6.859086640179157
6.9648415482249755
6.923691391174136
6.750185492865998
6.7280193785655085
6.81806378272073
6.695079463309255
6.6728801154370965
6.688817291424193
6.596957711310222
6.652866151569219
6.722884931697927
6.547170769808622
6.582663487386087
6.643460883405702
6.4246349265349325
6.47521354669127
6.533614714084001
6.590789421365179
6.400461884921994
6.472754184285114
6.509704300427232
6.420560739677528
6.35681473219703
6.437071794322852
6.407295383512974
6.3455096092717405
6.295190956058173
6.313564340359178
6.272249137276206
6.261885764783826
6.213603157678555
6.216907480153544
6.227928425988247
6.16068455178676
6.195333692148842
6.314019523047167
6.2038822026345235
6.120327627607461
6.0814315684396645
6.093511286866049
6.212464826502677
6.074035881665246
6.177343192799338
6.279763080051233
6.05136799581092
6.05742104993812
6.007571559656283
6.116898299676591
6.03935981696022
6.002581510050543
6.00232886844154
5.9713096009760065
6.014096029873552
5.986119216757602
6.020018672763274
5.960404128478519
5.983717517606143
5.919112712530227
5.886956950970765
5.967214505734114
5.868739649910351
5.892101103504157
5.869906826522843
5.897485079564925
5.933490766790406
5.899115868169686
5.899905884831116
5.837960488323508
5.822016629422533
5.897511900627408
5.836765103812875
5.87886043933445
5.846759745915389
5.759408560164016
5.83417939651629
5.792048676389045
5.845496550973119
5.894009201691069
5.735816543215308
5.821963591565346
5.750558024208093
5.753982264933915
5.819862003598748
5.783882332773044
5.705626009995568
5.834908491578595
5.787845810939526
5.719395949922759
5.661337768080934
5.8119762008046285
5.727459156050764
5.688813000917435
5.755818927853272
5.782964331836536
5.752712561909495
5.711671491506799
5.711195312954229
5.697861820459366
5.722884393843083
5.7390768635889575
5.669709199076069
5.594569180674594
5.560790924291158
5.653636314745607
5.6905316596144235
5.564005783405797
5.588537332826648
5.627523905372825
5.583947850455498
5.592365239072462
5.580496165644506
5.529385824912581
5.623748703378028
5.551148026410876
5.593193226847156
5.581264002055957
5.558417326160546
5.702041149910154
5.5842806267841105
5.554720266240424
5.628768932459684
5.5909453627878225
5.550802270271655
5.500004279202428
5.591767470256008
5.559823303001708
5.493138737205801
5.4673143982373436
5.559517280294977
5.5489533702875
5.515705074986507
5.545495521919481
5.567449261659179
5.504842110235115
5.506072543818375
5.38914810300901
5.424086395137269
5.459365177000391
5.44629277944051
5.500291196950551
5.500593950008524
5.406711736115916
5.413905198075648
5.433886061197724
5.394141542500463
5.524552977547564
5.459683581287491
5.373532716955604
