251.9907914852274
248.04981036432858
241.93943091507614
241.64648181816628
239.7655426058276
240.08545505589453
240.30645869107082
236.93802908371234
237.58882661934555
237.3063519001007
238.07100076922055
234.2141114802196
234.88209204838194
235.93246156182784
232.76660855474142
232.28796416315538
234.9995863725399
234.03113099624372
232.08084465717448
233.1995748404799
232.5480315479739
232.99958513934035
231.59789758715135
232.9302623518582
233.69766423620027
232.48591809026126
231.88034165316614
232.43231378341542
232.71258134266427
233.00244779422366
232.2342554454146
232.40933812075647
232.34021951001267
232.27716149543895
230.0686342017404
229.86228300785197
231.33148432600086
231.50507709486732
229.523143480564
229.75409526660525
231.2332635994615
231.6747903536106
229.80695305199458
231.4180753189942
229.62120556009228
230.9519710006385
230.04297257702927
228.68765790298067
230.93645743666025
228.7108834529745
230.20600919065805
230.86619821088067
229.13150505361887
229.7719906486314
229.9773281319388
229.90570060549112
230.20836869190478
231.91215041588092
230.8203930567051
230.3437668578378
228.79449041547446
231.53596450131516
230.60506617611853
229.6887694391711
229.8239842365528
230.51118948952904
228.56282978633354
229.17681896686554
227.16488456726074
230.74762663347968
227.93080352914745
229.56285126044833
228.7620373799883
229.5723707758147
228.2385994812538
228.1508972028206
228.83878890399276
228.93320185973727
228.00535018279635
229.07577646600788
226.6561914846815
229.4295058044894
229.66256249362024
228.58609037974784
227.99946972008408
227.77674646624203
230.18109619206396
228.3049935225783
226.7359205402177
228.0816612654719
228.5138060841067
228.22994220667871
228.51406087546513
229.1765742055301
228.9134309579586
228.0553163988837
228.38296457816816
228.01094147254682
228.2507046378892
228.46273028028423
227.89931282503852
226.59362017286236
228.40715164973818
227.95048317004895
227.82135259694067
226.0644256739781
227.9718279263069
227.6546288153221
229.71842153318997
228.30501801392128
229.64383107629317
226.3043116618847
228.82332381297803
228.7120009044121
227.59361244892253
228.6319042690869
227.5249121476864
226.98837900983875
227.23149142183107
227.065013162021
227.7212278842926
227.1224525920276
227.1202835091229
227.1788763054486
227.7375652502323
227.2003528208568
226.81952326462186
227.13284776539638
225.11305160358035
227.8999927167235
225.7877929292876
227.16114510338883
227.86145930865715
227.13422570968496
229.39281133947702
227.38903364641914
229.77513873166052
228.64818295939216
227.3922090818142
227.30473761311893
227.15825296681504
226.13184917795246
227.54884112703388
228.8106743508372
227.1534016666741
227.75864948075395
224.21844042580705
227.388564738734
228.42052236507678
228.08342442019233
227.61465748425186
226.10507123223667
226.09614828126183
225.52031249835574
227.05388416915105
226.47862195968628
227.21173269995327
227.86623133050983
224.678347899996
228.0812641793284
225.10907998989367
226.88662603805804
228.03559385496993
226.13916083450974
226.61805212086645
227.09799273671774
228.12372267246246
224.82143375791352
227.1682070164845
225.95647213787868
226.35479578067518
225.353168878062
227.07395946979523
225.9266789576103
227.5133195293361
225.72080507771722
228.72822209062247
224.25542058204783
225.3900366857134
224.27109661595574
226.86164216337534
224.339163956971
227.6777636552679
225.2048783220094
226.74860028562875
228.2865286695546
226.02632561634326
227.22221694321468
225.72638126899457
226.68774788544096
227.7180070753755
225.3794972526616
228.32911723235557
226.46269766626688
225.18912997328002
227.18346820206477
227.85830584476733
227.33215175414907
227.18683271161441
226.74125871165046
