-44.052689099363214
-51.18534602995577
-52.5064181644341
-53.468502562621545
-56.17696488314662
-57.98140372901127
-58.901805384405726
-58.86387908047643
-58.88942335700167
-58.13811055956216
-58.655170023441315
-58.93697402497818
-58.86721920350502
-59.54694813695447
-59.46139478683472
-60.00463877053097
-60.6751705356713
-60.28347843063289
-60.634048363258096
-60.66312687664196
-61.173710576419175
-61.34524679595027
-60.94755417005769
-61.12988109835263
-61.39822870904002
-61.17635619434817
-61.0225393381612
-61.13900985183387
-61.45892653485824
-61.52444264601017
-61.526019211473134
-61.353411825566454
-61.20607643600168
-61.69318200390914
-61.490199744701385
-61.34832039167141
-61.47869195403724
-61.63503870265237
-61.44979076755458
-60.94487573360575
-61.754223157619606
-62.202411812954935
-62.24573048846475
-62.14368172349601
-62.17870974849011
-61.99103544292779
-61.95583192644448
-61.88823188789959
-61.798479600199336
-61.77629656524494
-61.94572738121296
-61.83461536107392
-61.95979255232318
-62.06679398643559
-61.87561046871646
-61.85652099601154
-61.61589555802016
-61.65401811229771
-61.121870581446025
-61.617682407642235
-61.548510152718116
-61.84458468289211
-61.93503266367419
-61.7723850762022
-61.858787481127116
-62.02470270518599
-62.15713667252968
-62.11924543154651
-61.9705531854054
-62.237030689058635
-62.29946525138
-62.31437232987634
-62.10235473410837
-62.22871179210728
-62.10171912250848
-62.2839222036559
-62.12535399609599
-62.51891285797645
-62.62945834727123
-62.41384766019624
-62.514357913157035
-62.47844184883709
-62.24490149473322
-62.355111529087196
-62.36953113921757
-62.19350188559499
-62.529126138522706
-62.27672982215881
-61.991490082494145
-62.281758860267445
-62.30530669565859
-62.32762277126312
-62.29661623773904
-62.32869101084512
-62.230806667229224
-62.43133904605076
-62.28779272272669
-62.17287569004914
-62.47495065886399
-62.52697115314418
-62.415559470653534
-62.5477890259233
-62.6563586202161
-62.588877186693
-62.5304505845596
-62.34592722407703
-62.40289483810293
-62.66130090068127
-62.628304750754914
-62.73107445137254
-62.606431914814586
-62.59178614616394
-62.617603097496364
-62.60290023581735
-62.64034659492558
-62.62744736774214
-62.47503567564076
-62.07773265345343
-62.319926527039755
-62.70629367129556
-62.83083796706693
-62.71434373177331
-62.56044818204025
-62.34596202805125
-62.336188581483114
-62.72233685131731
-62.67746221402596
-62.627645709391295
-62.633700508495856
-62.88468568695003
-62.85816968926068
-62.53970871506066
-62.605654138943244
-62.72546816283259
-62.5082452256104
-62.51251058948451
-62.549609674461955
-62.512046244637716
-62.23560789741319
-62.83678660927148
-62.80833604623531
-62.874628401008145
-62.97419933409527
-62.950804352760315
-62.93184584790263
-62.823391396423865
-62.764545399567176
-62.91415820450619
-62.848326323361235
-62.94793911021331
-62.94089617092034
-62.878724913144936
-62.87792872354902
-62.709820812118465
-62.78451137501618
-62.763674768908274
-62.801889327065695
-62.73167506990762
-62.77148635839594
-62.769871997422186
-62.84021090433515
-62.88880650750522
-62.86465485239851
-62.88101819671434
-62.952585269664894
-62.916982915894735
-62.81911242008209
-62.906896044468056
-62.797329044547574
-62.64859461784363
-62.71526809601948
-62.72187682164127
-62.59549710771133
-62.38355877687191
-62.724810779094696
-62.571318717866106
-62.85315883776237
-62.76395636077585
-62.45294279682225
-62.489145511183246
-62.79832784574607
-62.7930164830438
-62.80250271846508
-62.65209518321629
-62.92706161737442
-62.90359513410206
-62.94907166115169
-62.823677130814254
-62.95350431779335
-62.90377263159588
-62.74432614651219
-62.815053467092845
-62.69947545384539
-62.5883250853111
-62.78619592970815
-62.77609181609647
-62.87523716482623
-62.829773952221046
-62.718776406912966
-62.80260277411033
