-78.5332552433014
-167.48220887184144
-190.82390290498734
-197.66515587170917
-199.70487864017485
-203.50538889169692
-204.50107011000316
-206.60842294692992
-207.93983108997344
-208.91061849594115
-209.7085291147232
-211.05034738381704
-212.13941171169282
-210.53959798812866
-211.60332114696502
-210.40077407360076
-212.98750641345978
-214.52060139576594
-214.46892319520313
-214.96016750335693
-214.29206597010295
-217.24803322950999
-218.9856181939443
-217.7401215871175
-216.45875407854717
-217.11882331768672
-218.21863713264466
-217.77137444019317
-219.12844309012095
-219.69383653004965
-219.23549942175546
-218.90154769420624
-217.49254831870397
-219.5337108651797
-221.17283005714415
-218.87197761535646
-218.37755352656046
-219.30382087628047
-219.84109666347504
-220.578400071462
-220.81211604277294
-223.14734520514807
-223.86020069917043
-223.35349996089934
-224.07268648147584
-223.03139049212137
-222.5583213965098
-222.74518382549286
-222.418878308932
-223.36686510245005
-222.15342349211375
-222.4906400402387
-223.45598979393642
-225.03831291993458
-225.14809490839642
-224.08415675957997
-224.0025948603948
-225.05488007068635
-224.30689729054768
-225.56597287654876
-225.75033380190533
-225.9915742278099
-226.27003619670867
-224.9141658226649
-225.98988688786824
-226.8259546438853
-227.40663535992306
-226.76577285130818
-227.13978097438812
-226.62190773884456
-227.4062763849894
-225.98141704797746
-225.44341764847437
-226.1544767697652
-225.0610987742742
-227.31198998292288
-227.10027544498445
-227.37684356371562
-226.4546670993169
-228.79461968739827
-229.3711944739024
-229.38280990918477
-230.29573232332865
-231.9483305533727
-232.56920421123505
-231.972518825531
-231.5524201830228
-230.53372982343038
-230.6299577474594
-230.3147642413775
-231.41271690527597
-231.11562801996868
-228.8045492331187
-229.32865887085597
-231.53933997154235
-230.41327499548595
-230.29124338229497
-230.98715689182282
-231.28809836705526
-230.48879860639573
-231.26798706849416
-232.76056061585743
-231.9270459095637
-231.24338416258493
-232.49480596383412
-231.21369115511575
-231.72787580490112
-232.44222648541134
-232.04339861869812
-233.37927742004393
-233.25675115585327
-232.03320026397705
-233.42158323923746
-233.1941788117091
-233.20574498971303
-233.13321111996967
-234.11261515617372
-233.2420684615771
-232.6813965876897
-231.7429797331492
-231.96083280642827
-231.88892957369487
-231.49937619368237
-232.73063690662383
-232.3397976676623
-233.30511112213134
-232.67109287579854
-233.6377933104833
-233.2021696805954
-233.80588810841243
-234.1614190498988
-235.5231950600942
-234.8758868455887
-233.68097231388091
-233.5780014514923
-234.21542979876202
-234.51692800521852
-234.78857774734496
-233.6362205664317
-235.14576263427733
-235.84185342788697
-234.40693177382153
-233.9362133940061
-232.7709376613299
-234.35601355234783
-234.9398540019989
-235.2419239441554
-234.17249997854233
-233.45909503300985
-234.4480190038681
-234.31906512578328
-233.80064442952474
-233.52472888628643
-233.47942401568096
-233.35116033554078
-234.63833280007046
-233.23074960708618
-235.27084683974584
-235.46399416923524
-236.1514608860016
-234.89326767126718
-233.94768793582915
-233.1407300790151
-234.02710888385772
-233.77286953131357
-233.80843693415324
-235.65165309111276
-235.1673152844111
-235.5951892375946
-233.6137691815694
-235.37448751926422
-236.08417709668478
-234.75680015881855
-235.28805979092917
-235.00240387519202
-235.51905841827391
-237.20161751111348
-236.69886618057888
-235.50665949185688
-235.58231867551802
-235.34144590695698
-235.5275041103363
-236.5155383348465
-236.3547055999438
-236.40999146302542
-237.99621243079503
-237.81055824359257
-238.3425547361374
-237.5842856725057
-236.68231652577717
-237.82904517650604
-239.29886560440065
-238.809300049146
-236.24746219317117
-236.47811091740925
-236.6954975684484
-237.1569987853368
-237.29415502548218
-237.40446993509929
-237.05227311054867
