-41.2430628935496
-134.88049481709797
-171.54766271511713
-185.66747638781865
-189.92692104975382
-194.206489555041
-196.41635834376018
-200.46781086921692
-200.8723735888799
-201.91107663313548
-203.8923828760783
-205.26833922068278
-208.76118358373643
-210.66239013274512
-211.6167508840561
-211.71877046426138
-211.18348026275635
-210.90004556973776
-212.43827968438467
-211.8058404048284
-212.85888636112213
-214.531562936306
-215.726414056619
-213.25983748435974
-211.71734005610148
-211.64780663649242
-211.74046538670856
-211.84386769135793
-213.4356142004331
-214.14815162817638
-213.4780350526174
-214.36879422664643
-215.0499732732773
-215.48035071690876
-213.93486574490865
-215.0600369532903
-213.42858700354893
-212.8587190469106
-213.22675537268321
-212.06575915018718
-214.18182780742646
-217.16424289544423
-219.29548869927723
-218.61965152422587
-219.5731075843175
-219.929669880867
-219.1770959377289
-219.49659022490184
-219.13526480992635
-220.03749420642853
-219.63106503486634
-219.38704787890117
-219.03949337800344
-221.7743271032969
-223.49400211175282
-225.16828771034878
-225.82867488066356
-226.42629134655
-226.6483042796453
-224.5445735534032
-223.61153988043466
-225.65143204132715
-227.60103748639423
-226.63202743530275
-229.04298752943674
-229.51676529248556
-230.0340372522672
-229.34607039292652
-230.02979140679042
-229.79933285713196
-229.41387883027394
-229.92838922739028
-229.8376273036003
-230.93583059708277
-230.9945807258288
-230.17965811888376
-229.73014521598816
-229.47965311606725
-228.9116834839185
-229.6617768247922
-228.92968916893005
-229.9314327875773
-228.96497275431952
-229.33941161235174
-227.71387055714925
-228.81075716813405
-229.92199091911317
-230.6233378648758
-229.79155714114506
-229.10532080729803
-229.2141364256541
-228.50049053827922
-228.1504674355189
-229.09024836222332
-229.75823855400085
-230.4729946533839
-230.59441556135815
-231.0029035806656
-231.70717213153839
-231.41883510748545
-230.82415748437245
-231.96987996896107
-232.99124306837717
-234.0904719630877
-233.98814616998035
-233.70644493103026
-234.09049915472667
-234.7466251929601
-234.70069111188252
-234.89490334987642
-236.42774226665497
-236.67139596541722
-236.77244237263997
-235.80838876565298
-236.01102028687794
-237.34007636706033
-236.8615827679634
-236.97186930179595
-237.09532909393312
-237.0805873076121
-236.72481383482616
-236.2511297305425
-235.97911674976348
-236.65585065682728
-237.17469178835552
-237.42152848243714
-237.3969693024953
-236.84740142027536
-236.710673725605
-236.9677286505699
-237.01593373616535
-237.27657759984334
-237.61655819416046
-237.72194550037383
-238.84011800289153
-238.82970066865286
-238.910819820563
-238.05863496462504
-238.12565637429554
-238.68402232329052
-238.9926156282425
-238.7296463370323
-239.25066794554394
-238.55568438371023
-238.39173245827357
-239.22170530557634
-239.54475084940592
-239.5985804716746
-239.45913089911144
-238.90633353789647
-238.80497467517853
-238.94236511389414
-238.48304892381032
-238.35153670310973
-239.55545445283255
-239.64890365600587
-239.4096042474111
-239.5731254418691
-239.0801508029302
-238.22307644287744
-238.0226431131363
-239.28599455356598
-239.46749207178752
-240.8135590314865
-239.8875530719757
-240.0129643201828
-240.31160155932108
-240.34907319545746
-240.75895631313324
-240.29207423528035
-240.9206968863805
-241.22588773965836
-241.39455099105834
-241.10961684385936
-240.90014865795771
-239.61998519500096
-239.33229348659515
-240.22204392751058
-240.39234325488408
-240.25367124875388
-240.8881981531779
-240.7889043569565
-240.90353430112202
-241.87547144095103
-242.195844523112
-242.26739367643992
-241.53856575489044
-241.7510299483935
-241.26600229740143
-240.34326281150183
-239.49421586592993
-238.56793452501296
-239.4725133895874
-239.7476421515147
-240.55638392766318
-241.06133972803752
-241.16194661458334
-241.20821306705474
-241.7645123084386
-241.9664160490036
