573.3457315872455
447.8655188494715
410.65216015125145
393.6569655105985
383.8759724025069
369.96411750234404
360.8628775333536
348.849894359194
338.06220475558575
329.95689161892597
328.56304529617574
318.52713604631094
316.4492492100288
311.80817746293957
303.88739580943667
299.1686272127875
297.6839179499396
290.79866896826644
290.24446266272975
288.3385793011764
286.6628984829475
281.92398343415095
282.7410609311071
277.53854218022576
279.41017305439914
276.5987618709433
277.8908022847669
276.0016063328447
270.49373455705313
268.540943943221
268.8439530668588
267.364267743867
263.5139460892513
266.38116712405764
262.2892958953463
261.32159374500145
267.0788583508853
267.26896135560395
260.77833072070416
259.6469673123853
260.1630548608714
254.30151533258373
254.5425036857868
255.04590127385896
256.86453728018137
254.7537245914854
250.5354210837134
248.40428607217197
253.32238698005676
250.50260144266588
254.04812182229142
249.78402833280893
248.71957391706007
245.24944515063845
248.92264186924902
251.19117977701384
247.6815727414756
246.29036186481343
245.12948428351302
243.24307489395142
242.4671751548504
244.34251023983134
241.08820762305425
241.97554160808696
242.85198028334256
244.9129070495737
240.99976075928788
238.28480653927244
238.86663833979904
239.53938383891665
238.00951444691626
236.3258523612187
237.40402209347693
238.0448692913713
237.85817188230055
236.12957752162012
236.95959804797994
236.15758749534345
235.06719271067917
235.60336554461512
234.86484049106465
232.64307177066803
233.390747481379
232.1118728210186
232.5928423240267
230.5042798108068
231.97734082156214
229.2945601611302
228.79959367061483
229.58096089034245
228.19308144470742
228.56260060852972
225.46843512304898
223.78487508050327
225.72824983761228
224.97359231833755
229.02846406246053
224.86952526816006
223.66175178001666
224.72704295454355
224.5128836631775
223.48276070890756
226.59232893483392
224.7596493589467
226.107853881244
224.26978820767897
219.07683197383224
222.4584056550059
224.25145701704355
223.19477225994243
219.5536295339979
220.5699064484958
220.14321396268647
222.52476716041565
219.40957832336426
218.958790150182
220.046740696348
218.13756853958657
220.5674837416616
219.1786907500234
216.73377369190084
215.08898663520813
218.70906632933122
217.0098590768617
214.36589899145324
217.6227682047877
217.01767227567476
216.13407985917453
213.79702860322493
216.1685079623913
215.16596943345564
216.51211403978283
214.01142175033175
214.8670700911818
213.54116249084473
213.1373786515203
214.43109751158747
216.00039341943017
211.87352109777515
210.6376278277101
211.6572261966508
209.38875983912368
211.5513292509934
207.11919965415166
209.85168720935954
209.91060187898833
210.9109264036705
213.25854009595412
210.7981761735061
207.5935618507451
208.42371739190202
208.33081166497593
207.61848950386047
208.88193267378313
206.34789061546326
207.04814492834026
206.34011612678395
208.27068027545667
207.16980346317948
208.5528010335462
207.77043693641136
207.39123369085377
205.97634543221574
206.27071554907437
205.31853461265564
206.36431590442
205.93166508756835
202.45818513837355
205.0312860669761
203.04302148983396
204.03853647462253
206.46302309529534
202.57856873808237
202.90852078076065
199.4962319135666
202.47361167545975
204.1830648389356
201.02027087376035
203.33365275942046
204.6045437886797
202.82747794019764
198.97830385997378
202.3349563253337
201.966922118746
201.13624615504824
201.29607253650138
201.05653660050754
199.41347985021
197.53396246351045
197.89224535843422
201.34242070132288
198.02971307162582
201.21610769732246
200.027203074817
200.73690415250843
201.86181927549427
196.313737939144
197.36484765184338
195.89650713986364
196.23153309575443
