9.632522321980575
6.28990243400993
5.3079538188617805
5.0462848618626595
4.657871702621723
4.385598287371726
4.143783283387792
4.114189831604218
3.882713803764561
3.696212318565311
3.5711640614759306
3.33958316690706
3.235999789345881
3.1157509554819813
3.0887487678435344
2.9423090320337435
2.9343190581120293
2.787812019023916
2.872533992318244
2.770286930981895
2.693090774761192
2.6711356716937034
2.662817589296349
2.591466390431441
2.6625150484514646
2.632233156148216
2.6611415507464575
2.6328375319597024
2.633711103863757
2.596402274637387
2.5623753948843686
2.54094156597195
2.519359428307106
2.5334574247485606
2.478932091002834
2.443288997586431
2.513561016655174
2.4812830454059718
2.5541979561335055
2.3829517770430138
2.4496385250882855
2.4734064481895546
2.4658242272662707
2.354411697207854
2.387302755281843
2.475183582382983
2.3467090722687285
2.384766297928732
2.407951515746014
2.2936763614416122
2.322134635571776
2.2707728633079034
2.2767695113374242
2.2655541153688885
2.215407711421621
2.2086265225220343
2.1660833753131588
2.190208922686248
2.1971833044341924
2.1733711295729052
2.141665687078032
2.1686722050453056
2.1787767188045484
2.1632510776920566
2.1635555418786305
2.1006890775571607
2.103590303518135
2.140127787687655
2.1442311246847283
2.1658439052387557
2.0875331679808684
2.1336160231510113
2.095218440710471
2.0517579195057523
2.0478102636748345
2.123424465992841
2.068764291318326
2.0009945733793852
2.0785060531363406
2.067763418665734
2.0580301640619494
2.1032043976131183
2.020153255940511
2.03922892239844
2.035046591584025
2.031890803626899
2.0417321439318616
1.9885094097076819
2.0055252041924616
2.0305357849032712
1.9921109424582844
2.0357080721135796
2.00897239957904
2.0139138649763733
2.031722046306421
1.962484119138841
1.9935778906119281
1.9546319987496426
1.9409634935958633
1.9682942159987729
2.0151961439385495
1.9508669233784592
2.004523706975682
1.98084920580531
1.973881164822599
1.954816624907584
1.9606741866546458
1.941344740832674
1.944553836024013
1.9244621595175102
1.9282755222300003
1.9346703727697503
2.013877679240601
1.974291414664737
1.8942845298041557
1.9394429602885042
1.8819226743974562
1.8931562124012873
1.907239397795036
1.9312830289890026
1.8882672272879502
1.915526588672194
1.9093600566787967
1.8865347601280644
1.884966949579017
1.9132194046958768
1.8729589068298709
1.9031844665778095
1.9198874408571884
1.8660637660851251
1.8567580795878995
1.8595105362092625
1.9234469287611287
1.8434383521691478
1.905578354983751
1.8637659180716708
1.9165962283210507
1.8681514692203751
1.862240504088073
1.8982805201848005
1.867521414725945
1.8702074124253
1.8503279802871162
1.9082757846034806
1.9180321277215564
1.9214047096541216
1.8554094253942883
1.847748003835822
1.8710852983760937
1.8325956289752805
1.8539455387227495
1.8573967035988281
1.8139652561010986
1.8345669229225865
1.8808006712331855
1.806614333892177
1.8544056054590077
1.8384848183085178
1.8332013236037616
1.8173681798808534
1.8483611653591026
1.9086238077745354
1.8817783598627509
1.8852917835887135
1.8412373647543376
1.8534739265411064
1.831291677430272
1.8270253150177926
1.8141720208885341
1.8464580156422894
1.78624345169499
1.8631040981232092
1.8218511249548917
1.8096176780246456
1.848331079465048
1.8265710527013088
1.767021548773708
1.818370578039823
1.8465813207279504
1.8343460437167307
1.806942512056437
1.7700320611996898
1.8052059508025133
1.8207633729124892
1.8074001878628443
1.7923002042647065
1.790182579405092
1.7941498909916342
1.7919847202519406
1.7976679817355912
1.8051420073185502
1.8306909707406986
1.7867714006068378
1.7731587435921718
1.7753911148114452
1.7666314908399665
1.7997689534877908
1.8014289375779957
1.7788630225856243
1.7977900966873457
