1304.0034878730773
1276.7565359751384
1273.0331078211466
1256.3188364346822
1259.68102350235
1261.459317111969
1256.7801690419515
1256.7629923502604
1255.3873266537985
1250.1817026774088
1252.134532960256
1242.0384762128194
1239.1133615811666
1232.297166220347
1241.7523220380147
1238.6415557225546
1242.9921675682067
1241.2118771235148
1235.8962237358094
1231.197831137975
1234.8340647379557
1235.33559478124
1229.3761599222819
1236.0774245580037
1236.5808783531188
1233.5889356613159
1226.2344427426656
1228.403308614095
1234.5108018875121
1224.8341947873434
1221.661409473419
1230.1759968757628
1223.9234546343484
1226.9623871803283
1219.6772278308867
1221.429970518748
1223.0853169441223
1225.1239137013754
1216.2082671165467
1218.876041952769
1216.4514745076497
1219.7267397880555
1219.5339187304178
1217.8689328511557
1222.1647713661193
1215.6292707125347
1219.770447921753
1230.1886862119038
1214.0516284306843
1219.1291811307271
1210.23597240448
1213.7874791463216
1222.6186798095703
1218.0197751363119
1214.4899723529816
1218.498762432734
1212.1554286003113
1215.3293313980103
1211.745220152537
1209.6264612197876
1215.2275065104166
1209.976473681132
1203.7997347195944
1212.6771111170451
1215.7265803654989
1213.8078150749207
1216.5455748875936
1209.6578974405925
1215.689482529958
1213.1141120910645
1213.6443367640177
1217.1367750485738
1207.0367685317992
1214.2146949132284
1210.256657663981
1210.3761779785157
1211.237401262919
1204.7342157681783
1208.134763177236
1206.8265613396964
1208.3256430625916
1210.2878913243612
1207.2855194727579
1210.5648560206096
1208.5309914271036
1208.4002848943076
1208.5121082464855
1208.9981264432272
1211.0081560134888
1209.4819495201111
1206.1057801564534
1205.5429803212485
1206.1328443845114
1208.2050960858662
1204.962375799815
1195.5818344275156
1211.9019053777058
1205.3611129760743
1212.40985733668
1210.9431622505188
1205.744918791453
1203.0372449239096
1206.2642082532248
1203.4490589459738
1203.6350425084431
1205.8235760052999
1209.5948574701945
1204.3835725943247
1204.3316612561543
1205.1440532684326
1209.3382870992025
1201.59137245814
1205.2964433352151
1207.765570195516
1207.8193619410197
1209.132792186737
1209.4086301803588
1197.1683245658874
1201.8176431179047
1205.2844535827637
1204.8355609575908
1210.1175444920857
1202.9379384040833
1199.4647444407144
1198.3585402011872
1198.0518632570902
1198.8722280184427
1199.787538178762
1204.1316817760467
1203.3503624280295
1204.8122703870138
1201.8337884902953
1205.1831854820252
1203.1633074124654
1208.1047078450522
1208.6615595181784
1204.9367586135863
1198.9146255175272
1207.6144892056784
1199.0184019406636
1204.8372000376382
1200.9841787020366
1207.2738336881002
1206.0424147288004
1199.9815004666646
1203.3139914194742
1208.4665305137635
1203.7885668754577
1202.1097547690074
1212.1877365112305
1200.3793372472128
1197.6824861685434
1201.42156346639
1199.4089620272318
1197.5659769058227
1201.4357676823934
1203.638593037923
1206.9238511562348
1195.689992682139
1203.2344388167064
1204.6608140945434
1194.5578509012857
1210.9566171646118
1192.438161277771
1202.033941523234
1198.6360416730245
1203.0963693936667
1198.512384001414
1208.2804642041524
1193.182059987386
1203.9702615420024
1200.0320107460022
1199.0528075218201
1200.4408929506938
1209.2299725850423
1205.7240573565166
1200.9384334246317
1198.7073222796123
1193.6950729052226
1198.2519176801045
1196.6652146339416
1198.7344551086426
1201.9773368199667
1196.5616682052612
1199.2585229873657
1201.0567028681437
1198.700758075714
1196.6071076075236
1202.1106965065003
1198.8403525193532
1200.2416433652243
1191.32770485878
1201.1592727661132
1196.4269915898642
1198.782302761078
1199.3480355262757
1202.7936578909555
1200.2934155146281
1199.0809621493022
1203.2979625384012
