725.9631444931031
646.9954486131668
607.4900416135788
582.6211301088333
576.3989239295323
558.6423478364944
546.2017515182495
530.7452589988709
520.6626286268234
505.7967584133148
504.244903365771
496.5995010217031
486.0111663897832
487.9732027053833
484.53145520687104
488.2700010061264
482.13757345676424
472.59335881869
474.6321936448415
468.60166834195456
467.55383671919503
462.4706801255544
464.2837862888972
458.4697726806005
457.28064674536387
456.6866077502569
452.4940626223882
458.104309129715
456.62516895135246
450.1135221560796
454.186258204778
455.60287551879884
448.91802946726483
449.7606994152069
450.34069186051687
443.6242310921351
442.56948738892874
444.05446454683937
440.46642594337465
443.24319751262664
441.5773161093394
439.0159864981969
444.03684878349304
439.5587253967921
443.62673927545546
438.89111272494
433.9871163010597
438.1751655737559
437.8693946441015
434.24866242806115
430.5926099419594
432.28390265305836
432.6949248234431
427.20747182369234
431.72503641446434
433.05064177910486
430.20955667893094
431.41779038111366
429.8521136522293
427.4435847759247
431.9437559048335
432.3254288276037
431.3204687913259
425.7283525149027
426.9858487606049
425.3446694691976
431.01810780366264
426.753790084521
428.18211247523624
424.17090402444205
423.889357149601
423.948972260952
423.0600705623627
423.49712646802266
423.8225917816162
417.76866883039474
421.03856686353686
418.53394407431284
424.96645148992536
424.6088619589806
422.9777269879977
421.04142111937205
421.3311801513036
419.74900719324745
419.5310574372609
419.87576631307604
419.40815040270485
418.72010767062505
421.0786404013634
415.5126785596212
416.4554527163506
417.49825401703515
420.33342670996984
418.01342229445777
416.6513115088145
417.61682586669923
416.80904748439787
418.3127132018407
416.29572824637097
416.57674439748126
417.66540604432424
414.6180567860603
413.7779934724172
413.8821636001269
414.2766769528389
413.81398510138195
417.3476479887962
416.019684390227
415.33712416092555
417.82555610338846
415.3626593669256
409.96565423409146
413.29533473650616
412.03622312545775
413.3540345867475
409.9341086824735
408.5461204131444
412.7944496591886
411.4625592748324
410.21519080797833
413.93272339900335
408.8961034377416
415.70037513573965
411.18703602552415
409.2420427600543
409.07308977047603
409.1622453649839
402.8239496191343
410.89444847504296
407.3627560098966
410.32170568704606
409.0715489546458
407.1251351038615
409.77132385174434
406.91896434227624
410.61519054174425
404.25062830050786
408.6992024699847
408.1090113520622
413.2018956979116
408.08643137613933
405.7886971235275
410.19529274702074
406.7675308267275
411.86187388499576
406.88114569187167
408.99591056108477
409.28244305849074
400.8996720035871
407.2998350183169
408.163818248113
402.08150408267977
409.4226678490639
405.34739437500633
408.5444607257843
405.68599548737205
406.86969587405525
407.042711130778
404.11393932104113
403.859754216671
406.87634987831115
407.9600548148155
404.5536723335584
399.6369152069092
402.31133583784106
404.6658538937569
399.19812683264416
406.0519623319308
405.20433539946873
408.6630569974581
400.9906460682551
398.7312274734179
400.1632757027944
401.0158547123273
405.5764599919319
402.8420947273572
402.14266742865243
401.7573756416639
396.89685346682865
407.18361210425695
401.9141671061516
397.51021385590235
403.2241845846176
400.5523790717125
406.9693449338277
400.350879641374
399.05978716214497
400.54842401742934
397.9403464039167
401.5180596788724
406.6170468648275
401.4631166140238
394.6972542444865
402.86860647201536
405.6993404825528
398.50114809274675
395.8771808664004
400.95376147429147
399.15579802592595
396.7843024770419
