-58.1319382985433
-148.56822106043498
-183.62079398234684
-196.3031729777654
-200.03346867958706
-204.72991810639698
-208.14772830804188
-208.46070387760798
-212.2401212175687
-212.45537440776826
-214.35952194134396
-215.207565955321
-217.14303825696308
-218.03181584676108
-218.74339009920757
-218.71124229431152
-217.80170260667802
-218.51372102896372
-218.1738672176997
-219.01619416475296
-220.70315302213032
-221.97018729845684
-223.62283651828767
-224.31253048976262
-223.98278057177862
-223.84982217152913
-224.5085001071294
-224.3724820971489
-223.90980179309844
-224.35556825002035
-223.92914235194525
-224.0068098505338
-223.22759569088618
-224.7386711994807
-224.23959125677746
-225.81802810827892
-223.4390188932419
-221.43800929784774
-222.66016902128857
-223.55861837466557
-222.78033780654272
-224.2134104371071
-225.61156378587086
-227.91868533293407
-227.68091983000437
-227.3063908179601
-228.33368225892386
-227.7964814345042
-228.40863110224407
-228.45533522764842
-230.1576432466507
-230.360731001695
-230.1743185679118
-231.2606528798739
-231.77846409479778
-231.0633818070094
-230.99849925835926
-230.82980780204136
-230.6444816629092
-231.33042278289795
-231.5671019633611
-232.72570215066273
-232.67860690752664
-232.83212161858876
-232.72188315788904
-231.5242284933726
-231.16349303722382
-231.7811532576879
-231.44498375256856
-231.71909102201462
-232.5944351951281
-232.44993728399277
-231.83071775039036
-231.8678720156352
-231.6742688179016
-231.91347670555115
-232.5831904967626
-231.24714000225066
-229.9631359020869
-229.4775319735209
-230.58248032728832
-230.44198257128397
-233.04971607923508
-234.48222633600236
-234.36354312102
-233.7550520658493
-234.21983189582824
-234.62748370170593
-234.42963104645412
-234.52069415251415
-234.723732260863
-236.39050445954004
-235.5967655658722
-235.3288649559021
-233.63915471633274
-234.40705800056458
-235.55124815305075
-234.4812243382136
-234.07440000772476
-235.54010111490885
-236.95344123840331
-236.58911329905192
-236.3642462293307
-236.90381039381026
-237.13596196571987
-236.6311330676079
-236.0072438955307
-237.3466981132825
-237.0095569173495
-237.2051560084025
-236.71133104960123
-237.39804136753082
-236.6566967010498
-237.506481385231
-238.62925117413204
-238.05916105508805
-237.82000253995258
-238.32207301457723
-238.41132428646088
-237.33255749940872
-236.5900957584381
-235.2889638384183
-236.8627955675125
-237.9544368426005
-238.34158850510914
-237.4083074649175
-237.4674993276596
-236.55968594153723
-237.139919424057
-237.92509655555088
-238.14718153476716
-238.19001477956772
-237.5367238521576
-238.70398659706115
-238.3048763593038
-237.57279198964437
-238.0791299343109
-239.28091477155687
-238.67231294314067
-238.05996318658194
-237.5966572523117
-238.74427843491236
-238.1875608444214
-237.65023215214413
-237.8395043174426
-238.19111966292064
-238.72822879155476
-238.57283115386963
-238.54252518812817
-237.7379310131073
-237.20900597572327
-238.55308586756388
-238.8082636276881
-238.58085980415345
-238.42268008391062
-238.9380318482717
-238.4920214732488
-239.1242836713791
-237.9201597849528
-238.3468701561292
-239.3017697374026
-239.22502056757608
-239.7476347009341
-237.98999154965082
-238.92438940604526
-238.47213628689448
-238.80065340995787
-236.46358202695848
-238.39228345553082
-240.3428959608078
-240.1603328069051
-239.52902998924256
-239.63159968455633
-238.66295387744904
-239.0644528388977
-239.45049044291179
-239.4635703722636
-239.5253796339035
-239.98953848282497
-239.72764464219412
-240.27341461976368
-240.79387237628302
-240.35831289291383
-240.00696705182392
-239.1802378018697
-239.70970087051393
-238.93934978644054
-239.95058027903238
-239.75188188950222
-239.25167702833812
-239.71198175748188
-238.60365687211353
-239.72933001120884
-240.35947405497234
-240.5074345866839
-240.52714658578236
-239.83287977774938
-240.73790899117787
-241.11532044410706
-241.27985769907633
