392.2996498743693
251.07194277445475
206.26586951414745
180.29264187018077
163.86426335175832
153.0738891482353
146.08072457313537
137.46653824647268
134.23796361287435
128.44029384454092
123.80286623636881
121.05246587196986
117.37384963830313
115.87932353019714
112.88534610271454
111.71912441651027
108.96442357699077
107.05849399566651
104.97921635309855
103.43078976074854
102.68007917404175
100.6107236623764
100.86648542881012
99.22013955116272
97.92483146985371
97.19983523686727
96.15913749138514
95.41371134122213
95.30022921562195
92.8651587843895
92.37055538495382
91.05977456967035
91.03514509598413
89.15521321296691
89.42580982247988
87.81761197845141
87.87654847304026
88.21651065349579
87.70496746699015
86.3223991115888
85.87423277695974
85.71013565063477
84.99133177995682
85.83819923798244
84.69252736568451
84.16127061446508
82.79245125850042
82.64815404415131
82.12118033568065
82.78643298943838
82.17088013490041
81.43688378930092
80.94701033433279
81.30533264478048
81.2999735335509
80.57400834957758
80.29763773679733
79.79736303091049
80.53494617938995
79.49978766242663
77.74641188780467
78.87572443087896
78.90231958230336
77.62696729103725
77.41351011594136
78.36029479900996
78.38148918151856
77.1881860435009
76.99777992169062
76.57855688134829
76.22295104463895
76.54517505168914
75.27036119699478
75.30392711758614
74.54424628814061
74.69989662567774
75.14202833175659
76.0953327258428
75.31130871772766
74.68193472425143
75.24508254726727
73.85116433898608
74.95168904662133
74.32459773619969
73.41139831741651
73.82065497835477
72.99415466388066
73.28283904592196
72.72943061391513
72.36909675598145
72.24735997716586
72.19612142244975
72.69988299210867
72.64669307867686
71.83200372457505
71.48937872449557
71.39399101734162
71.01661125421523
71.31431807676951
71.34910982251168
71.55625285307566
70.88370703061422
71.1032789349556
71.54624962011972
70.38634521563849
69.49248779416084
70.5968875527382
70.46133515437444
69.42970931728681
69.65487826665243
70.27197327017784
70.48599613308906
69.36641961534818
68.15506927768389
70.13295455773671
69.20711657007536
69.01341461141904
69.3547295530637
68.504499232769
68.53172732988993
68.3173701206843
68.157492150863
69.00627839763959
68.0286858399709
68.35785863598188
68.46647107203802
67.544464524587
67.74002266724905
67.55016451279322
68.1927686115106
68.2877030491829
67.52723381519317
68.34802994728088
68.50619363188744
67.32127230167389
67.52076487541198
67.33300231893857
66.85874818563461
66.68874705036481
66.1326531012853
67.29311411182086
67.39275511105855
66.27406626939774
65.70924185911814
65.81462963422139
65.78781718413035
65.92596128980318
66.24618291457494
66.06679178873698
65.05977255503336
65.41870728731155
66.55972913503646
64.34991383552551
65.39193567633629
65.55986162821452
66.00401329398156
65.58379985094071
66.30049105286598
66.25359242757162
65.69062387347222
66.44327371319135
65.43632609049479
64.57143451968828
65.26980384190877
64.76668609778086
65.46713469028472
64.41647795041402
64.90314463973046
64.32146022717158
65.07076910336812
63.65723270177841
64.06641197999319
64.6034035841624
64.70414747397105
63.144827993710834
63.834153630336125
64.34196477333704
63.60999450286229
63.53131299614906
63.473355027039844
63.79126098752022
62.69745731155078
63.18976874748866
63.29340663353602
62.82228082021077
62.91013205051422
63.26053251624107
63.71820528109868
63.506468655665714
62.13554651141167
63.170096915960315
62.68338953256607
62.84404192368189
63.01310556928317
62.399073886871335
61.74280038277308
63.283811406294504
61.56676062742869
62.19967990914981
62.02813179691633
