845.8481199582418
746.6649674256643
706.8839264233907
684.7610094229381
653.562459731102
637.5432051261266
617.6018448432286
600.7752586205801
594.6909518559773
584.2262635548909
573.542087507248
568.3098631381988
554.7653846184413
545.5140465577443
537.9065788030624
542.7420433600744
533.9130420446396
523.0879061381022
519.7710951169332
511.6668329954147
519.3589042981465
512.2235468228658
508.8007542133331
502.28179043134054
504.40290274620054
499.6392944256465
503.4506160736084
497.8417883237203
499.5402910073598
492.85986704031626
489.8015967607498
485.6350090662638
484.32320013840996
484.00968747933706
484.0886793533961
477.66216610272727
473.1147262811661
474.25398325125377
475.7146049578985
473.7934057633082
471.6780611435572
471.7409865776698
466.0357548952103
469.8303338289261
468.90021745363873
462.9260128100713
464.84448810418445
464.2418188412984
462.0113423506419
463.1800056060155
460.03988471031187
464.23728222846984
457.5841308991114
462.24268771012623
454.4186532497406
457.95370690027875
457.0889323314031
454.5250399827957
456.24585255781807
454.8718968629837
452.4400077342987
456.2914583126704
452.2442330439886
456.76406632264457
449.95794468720754
451.56165995597837
452.4585391998291
454.43471382459006
450.0038849870364
450.5221612254779
449.20154983202616
443.59596032301585
449.50325922966005
449.97766496737796
448.393745414416
448.03943377335867
448.21056249936424
445.8223026911418
443.2150283495585
443.0685706893603
445.5746911446253
444.98540662527085
448.1071612040202
445.77638068199155
442.9584200938543
443.9642275571823
442.5837879061699
442.88914608160655
443.56173916657764
438.3877726316452
442.1874353488286
442.66549900372826
445.2623706261317
445.3993589639664
441.8983838876089
442.06694912115734
441.47794592380524
442.0996679544449
444.1116268396378
437.3621804396311
440.6821298042933
437.49941081206003
439.8936142603556
437.92522615591685
438.7572599172592
437.2640463034312
437.0266660531362
437.2446751753489
434.1893887837728
434.62678244908653
441.2415591398875
438.4645829121272
429.1088187376658
438.43274490038556
436.3744745969772
439.3915491739909
434.84682909647626
438.71273474295936
436.0033920367559
434.1535090923309
437.8500951608022
433.58088043530785
434.32182719707487
436.06916164954504
436.2236912091573
436.17890201807023
434.1134901603063
430.8641845941544
436.9958938757579
436.23782774209974
433.738395345211
434.91895119349164
430.3056224822998
433.00211353699365
431.21264668703077
436.0551526625951
433.04717575709026
436.512038898468
429.8184568365415
432.9881979664167
428.2382855812709
433.68832776149117
432.8322109858195
428.1441759467125
428.5275941133499
433.95195292631786
437.2563024242719
428.29303336143494
426.24408740202585
431.71389648119606
433.02789595127103
432.5408218026161
430.40583492120106
431.32093909184135
434.0621313810349
426.98012314637504
431.0473433017731
431.2603570461273
431.03599826494855
431.2427985986074
427.5370920658112
429.7486033042272
424.43332322438556
430.1735296289126
431.2968940814336
425.797952580452
432.5114990870158
429.0247361580531
430.49980235497156
428.57312380870184
429.41356371243796
430.0476477742195
430.7598820646604
428.7494810183843
430.61793994108837
426.7746811389923
427.0778518954913
432.67309617996216
433.1203671137492
427.75763398011526
425.80909238656363
424.0746871829033
428.75672775506973
425.56491468350094
423.3563966910044
423.58246514797213
424.6765030900637
428.9262375950813
424.6775365908941
428.4113013386726
429.3379562576612
427.58600041866305
424.71661108732224
426.8999620596568
425.78616687854134
424.58488210042316
424.01140394608177
428.30631160736084
428.07504398822783
427.9672247052193
