-28.853666333802813
-46.764730297285936
-48.852089526324434
-50.43508429979456
-52.810229895443754
-53.47620202344039
-54.50096974701717
-54.827505987266015
-55.092979542140306
-55.360884192688715
-55.2616761902283
-55.26854848758928
-55.02274278525648
-54.89444406279202
-55.24978752588404
-55.787896183030355
-55.839219251583366
-56.02306032386319
-56.263252168893814
-56.78822329023789
-57.00296848601308
-56.866045470895436
-56.99690330645134
-57.462132786882336
-57.3266074390247
-57.19233263669343
-57.43779867270897
-57.522990839234716
-57.83042635999877
-58.244276766119334
-58.024856752362744
-58.0627215391603
-58.211907051760576
-58.056817835774915
-57.88378433317974
-58.12523935478309
-58.12002636440869
-57.996957965965926
-58.70858189977449
-58.93591658103055
-58.68989619612694
-58.700873611302214
-58.97889184232416
-59.14194221126622
-59.37805580681768
-59.471468250299324
-59.83281868696213
-59.86198501443041
-59.87660050700451
-59.91621863328177
-59.95295404360212
-60.46501186695592
-60.63622554520081
-60.33020098044955
-60.60735799526346
-60.56559842619403
-60.818624641360906
-60.88115913395224
-60.54954532508192
-61.03975610280859
-60.94321982408392
-60.99958444874862
-61.30603232157642
-61.14908902295704
-61.112218665665594
-60.98508230160023
-61.330587217520026
-61.15974089606055
-61.38267306829321
-61.37985515697249
-61.47957695249853
-61.37982330651119
-61.5241792746659
-61.52358727722332
-61.76363270241639
-62.09122911095619
-61.76783659129307
-61.86771964410256
-62.05436825752258
-62.01663847627311
-62.126156273587
-62.15850328988042
-61.96677316879404
-62.01426974658308
-62.20178200664191
-62.07658444396381
-62.14855269728036
-62.378130224244345
-62.46533297670299
-62.34837970959729
-62.38140845607067
-62.451572525090185
-62.711965092297255
-62.5979838001317
-62.47271869408673
-62.53825713437179
-62.42725439832128
-62.5378197534331
-62.52057710084422
-62.41447796184441
-62.46674104189051
-62.631048775952436
-62.76558882203595
-62.67085787962223
-62.67551543794829
-62.64527776426282
-62.64240964527788
-62.659537878529775
-62.718599722303196
-62.82855378964852
-62.81062715320751
-62.74638395473875
-62.81956352242108
-62.73518783059613
-62.841747488441136
-62.796552923218954
-62.92041563987732
-62.82921903092286
-62.69848264291369
-62.87026364947187
-62.99651320330028
-63.068948258613716
-62.986621544278904
-63.07111400982429
-63.137723511662976
-63.09619902845087
-63.140454175143404
-63.0862561546523
-63.072526557692164
-62.98642867186974
-62.97559071203758
-62.945525981228926
-62.98034469012556
-63.03977237487661
-62.82220465972506
-62.96637604462689
-63.04857027736203
-62.98611490171531
-62.978392759273795
-62.74234532487804
-62.727162443358324
-62.709672025565446
-62.67996635519225
-62.83891012648056
-62.91220527990111
-62.7107524357993
-62.986951212430824
-63.071230939750016
-62.91792007972454
-63.14015598852059
-63.0800274898266
-62.904628198722314
-62.986302336742135
-62.988153728945505
-63.14206652394657
-63.065538800995924
-63.14938368262916
-63.13340018329949
-63.232357722931894
-63.24835341963275
-63.23534134544175
-63.09926980322805
-63.30081986764382
-63.20132166763832
-63.14296079915145
-63.22260481324689
-63.37024226579173
-63.315175974163516
-63.2435600449299
-63.31503595360394
-63.31442122418305
-63.35818130188975
-62.913796564628335
-62.75777481753251
-62.63743221965329
-62.82103529572487
-62.75814461091469
-63.047835789877794
-63.02667447205248
-63.157917040175406
-63.039323640280756
-63.11414222265112
-63.0997333413568
-63.175159711262275
-63.16957934354914
-63.2635890235161
-63.112802003992016
-63.10122258498751
-63.05485569403089
-63.10385718222322
-63.13571535718852
-63.303713194255174
-63.37325587971457
-63.2929539557161
-63.17675691431966
-63.16541546172109
-63.358468964182094
-63.27359146496345
-63.29523886277758
-63.26422721044771
