399.92205005486807
185.29514739513397
162.18382749954858
144.34101603031158
134.4573309103648
122.14624708493551
115.53897290229797
106.82776738802592
101.82394349177679
96.1398611009121
94.92086664239565
89.46805287003517
86.85787249207496
81.11749874154727
79.29250193039576
74.88179009954135
73.76991377870242
72.28906351327896
69.97337296406428
66.55574782689412
64.960977435112
63.124852573871614
61.50402303536733
60.57150302728017
59.661293455958365
57.93213474353154
55.15438376764457
54.18813185989857
53.585018714269005
53.13813405930996
51.521559398372965
51.04581087430318
48.29692709545294
48.01346663335959
48.616560506820676
46.78343438704808
45.7409756809473
46.29663002292315
44.18474663496018
43.84851491848628
43.53074526786804
41.602822754780455
41.465325895945234
39.55522561868032
40.50752862493197
38.03657285372416
37.51553699572881
37.253443493445715
36.42280958692233
36.509216437737145
35.49700206816196
35.37637832562129
34.68649046222369
33.36631483733654
33.54338323076566
31.664564724763235
31.084932716687522
30.47639165620009
30.619478450218836
30.83213349978129
30.187157813707987
28.610918935139974
28.882954794168473
28.011883662144342
27.77631218532721
26.864959554870925
26.9759917323788
26.589402125279108
26.25339942375819
25.74870040367047
25.619948539634546
25.090397223830223
24.62769949833552
23.721790339549383
24.63729127049446
23.552228419979414
23.560804952681064
22.386487086613972
22.76828641841809
22.030685141682625
21.299925841391087
21.548248855769636
21.562942445774873
21.14332245985667
20.807556652029355
20.849326473971207
20.567126342654227
20.031453727185728
19.89644671678543
20.397812880078952
19.866270848115285
19.830291719237962
19.05225875178973
18.865370533367
18.541121418277424
18.612064951658247
18.000662860274314
17.998375916481017
17.92989890774091
17.946792493760586
17.159952012697854
17.29415281713009
16.956808833281197
17.0641642515858
16.766772828499477
16.532555524011453
16.563302937646707
15.92120351245006
15.65557657579581
15.911913633346558
15.541649959484737
15.290909332036971
15.213477198282877
15.016054620345434
14.95890982300043
14.69029124180476
14.55636643320322
14.440142955382665
14.453269059459368
14.551971454421679
14.41598511238893
13.996385459105174
13.871056390802066
13.575187812745572
13.587160426874956
13.659973386923472
13.6042628099521
13.224485011895498
13.07913644661506
13.078001439074676
12.787004597485065
13.005815344552198
12.529325654606025
12.529679895937443
12.438926470279693
12.423913826048373
12.186050008237363
12.148714295526345
11.945127070943515
11.825379562377929
11.809601289778948
11.65097415248553
11.436676007012526
11.280785158773263
11.15231586843729
11.077906460811695
10.925344017644724
10.699948073426883
10.614185676723718
10.69990876764059
10.617548850923777
10.434616731355588
10.270440163215001
10.144518384337426
10.172858899583419
10.099108743915956
10.031802842020989
10.159441755712033
9.960999857882658
9.727992889285087
9.660578294098377
9.615785061319668
9.491507696111997
9.496009966234366
9.339535877605279
9.373182571927707
9.313633916030328
9.307455030580362
9.234727370242277
9.163585382699967
9.131217497587205
8.954797746241093
8.903419307619334
8.800245536615451
8.953250347077846
8.719162376224995
8.720458037157853
8.668428574254115
8.656311211983363
8.573508464296658
8.492477814604838
8.53742633710305
8.479859173546235
8.472890482842923
8.338632607460022
8.410494314630826
8.315555954476197
8.413723134249448
8.247664078573386
8.179989842077097
8.059155202905337
8.01421241685748
8.002171516418457
7.891711726288
7.78917093599836
7.837058991193771
7.827361330141624
7.742583659042915
7.781866354991992
7.667118846376737
