-23.654546611267946
-44.6303902412283
-48.25692811505548
-50.5719499546906
-52.27346832382268
-53.05484475349558
-53.656079040519124
-54.60490058516634
-54.835035052792776
-55.139590748425185
-55.79543832458299
-56.024111463078135
-56.21020894523325
-56.274531814558756
-56.50309606461689
-56.534619984955626
-56.27922494658108
-56.22250152456349
-56.37724038855783
-56.07799138591207
-56.51238011902776
-56.3639327226014
-56.326205292652396
-56.28513796165072
-56.44391790751753
-56.60176391642669
-56.41651526299016
-56.541042340212854
-56.36706066028825
-56.83831105252792
-56.58442884478076
-56.90904711032736
-56.92636604247422
-56.57230944160757
-57.04323557224767
-57.6030314256405
-57.78602257473715
-57.40782913154569
-57.481100020737486
-57.639867188601656
-58.15435865829731
-58.63659008412525
-58.794082090772434
-59.28136884138502
-59.15121433241614
-58.90339090495274
-59.01352494955063
-59.15967340304934
-58.767420437829244
-58.6890506888258
-58.49632555862953
-58.1909395733784
-58.493992789038295
-58.92954196190012
-59.41264398241865
-59.4439147196967
-59.84449260399259
-59.733336374677464
-59.81871476050081
-60.050947024904445
-60.1152317565063
-60.00401795424264
-59.88716020769086
-60.04244186035518
-60.56704934917647
-60.877926154383296
-60.58640449211515
-60.80237641211214
-60.84950162007891
-61.06701538069495
-61.404543544711736
-61.228877166221885
-61.287461940584514
-61.369402427097846
-61.51212246664639
-61.41344965120842
-61.20719074894642
-61.36804222752308
-61.68434405532376
-61.46276450568232
-61.53095690135298
-61.23108436526923
-61.194145182083396
-61.53232633450936
-61.168032728392504
-61.66335236204082
-61.71015793701698
-61.425353223907535
-61.10801678793184
-61.60404617108148
-61.38626955912031
-61.65574570154322
-62.1754518829543
-62.15125842341061
-62.26264107330092
-62.38248565484737
-62.22403291176106
-62.045108398486825
-62.0103822319672
-61.8179496043715
-61.935388096447646
-61.926390027177746
-61.95001279485637
-62.02221556778612
-61.90676606420813
-62.214848084696406
-62.207452153337414
-61.96811215939193
-62.18682481297131
-62.44091836440152
-62.48992798862786
-62.76275081470095
-62.64266761418047
-62.32498975252283
-62.3218229001966
-62.44854807853699
-62.587999123951484
-62.66776521966375
-62.982825565954734
-62.83069864737576
-62.962518687905934
-62.907547697938725
-62.81595704267765
-62.752557894279214
-62.68713148811768
-62.37860334741658
-62.73315803346963
-62.42444821061759
-62.20220348958311
-62.53116848139927
-62.61856117947348
-62.665817607065726
-63.041246967069036
-62.65882130429662
-62.65824754176469
-62.8617765595173
-62.911860449560756
-62.78477794548561
-63.16992723325203
-63.077363060466176
-63.05592298096624
-63.01842177325282
-63.085077776991085
-62.8809266337033
-62.953001285421436
-63.16167429911679
-62.73151774036473
-63.05005376092319
-63.31128612880049
-63.26846478108702
-63.19465950953549
-63.16089593850333
-63.2595385374694
-63.11349797043307
-63.202680963894416
-63.039804738143395
-62.91056771113955
-63.2630992881183
-63.152442773868295
-63.332675687197984
-63.3927362314586
-63.44436978368923
-63.453249399004314
-63.40608673362896
-63.3757247883698
-63.313644131709786
-63.23112222038466
-63.31669401094831
-63.283419408674895
-63.191105327729524
-63.007053038169595
-63.12103434266715
-63.15228866605923
-63.43836054925261
-63.194643441973064
-63.215313710015394
-63.28218377253105
-63.01790136304395
-62.93883146602532
-63.00232643608389
-63.20048878932821
-63.06074968083151
-63.281071130571696
-63.262703500944994
-63.38814956566383
-63.319638102219024
-63.34796277407942
-63.35756041058178
-63.17213860770752
-63.18573927159967
-63.401257391633656
-63.421897555219715
-63.12492098582202
-63.02735922357132
-63.20242378423954
-63.253641708143824
-63.097079817591045
-63.172540635898194
-63.161225488473626
-63.26987420279404
