103.37683231255104
76.81657153367996
64.5963617707121
57.86701349657157
53.208974779679856
47.11037703269515
42.026052911990675
40.58114324818398
37.89377827068855
36.430269090266066
34.44672021475331
33.526482982882136
32.11483514771379
32.33611213236019
30.424324300782434
29.575346727309554
29.960118234671395
28.404202882585853
28.488417993331776
26.835412489699905
25.622606621220193
25.084213131203732
24.85173202177574
24.66774527779941
23.622820126085447
22.672848460489305
22.468878269195557
23.56843200094741
23.487568271314277
22.39164156672256
22.294425655798666
19.64274384274051
19.915617392880137
19.694897339823818
18.633323558959468
20.372518467748986
18.778163600584556
18.3055684522822
17.885089005889565
17.063896810700154
17.95381238703327
17.361573411818146
18.955557626639976
18.304286822291285
17.426876492220266
16.67117446863518
17.938553082531897
17.337677406596725
14.972923788274157
16.34230527838949
14.883857054700112
17.59252653630643
15.767008071187242
15.44716976428854
14.984548646828223
15.371878423439018
15.84593172906095
14.111034744965105
14.936523575849574
15.34822974482487
14.566977230767751
15.970935457739337
13.862302297405128
14.056072197661832
15.248937698723427
13.153766792781393
14.16560694816169
15.46018542542026
13.125949346042912
14.563928213901818
13.826994038604457
13.29994983804123
13.547032009938668
14.926906179700946
13.85321375547812
14.68845144893717
13.545895640449277
12.335839668353056
13.076823792484557
12.134423551502927
12.780117455869913
11.742484653561279
12.199055741830119
12.775389845258204
12.456058668679205
11.381760546744898
13.006567481134471
11.762759492058178
12.992152745867598
12.088797430925329
11.58026967650472
12.081515244882683
12.462653902327192
11.734173371103303
10.625001937921706
12.229235370868238
11.760520995177071
10.09014688069322
12.424560668171736
12.096653598649748
10.720135076934922
10.18557528894523
10.81413909201992
9.940698781339773
10.175850886594633
10.547876951332878
10.933712350076128
10.41921802378934
11.14368001384468
11.259232399599819
10.795046829586399
10.021866041781573
10.07748289894441
8.39985563657407
10.105540151611484
9.133135206740478
8.73569587952104
10.068010677936776
9.838079775587238
9.803536925850244
8.99646530393511
9.026137875393033
9.800718052890794
9.657708071517469
9.899868393252635
9.533866416277556
8.90617347727048
8.972626224674027
9.590142187373392
9.2543365400413
9.236149190828717
10.285769004631659
7.985034879618164
9.087452962223825
8.861057152008188
8.745698051703773
9.056373892897932
9.218712140516988
8.326072739501452
8.76090254698848
8.076219494358218
8.1624622907618
8.857423668791508
7.0113423286840835
7.844529854069496
7.795207436742453
7.812324054153828
8.103397708514642
6.830337196074683
8.638269543519307
7.832030975613101
7.309935798675849
7.254839320956119
8.75837995741388
8.319839624238424
7.829916271541653
7.449769983260796
7.872095915264096
7.767624541603285
7.5066663854081055
6.5657392324044785
8.800139305727749
7.438860298680334
7.532094409303932
6.355021413801046
6.662565514894909
7.360366251961938
6.451337687157351
6.386974485269908
5.718798080202321
7.812004058011647
6.739550030693926
6.9751739332388185
7.418462200411435
5.734965137880424
6.716761453655259
6.045826528414056
7.841855090239952
5.52935427941125
5.913537891260509
5.55101945353993
6.241560866863563
4.258687857217316
5.631794662054243
6.367843873798847
7.973708127593172
5.239387198640355
7.768815172001205
3.705346458430948
6.245983835438202
7.848905341507032
7.114456964464023
6.206809319298843
6.010803918514786
7.988277922673472
5.426348933885837
6.533995394562853
5.3125678516667465
5.143635660313584
6.586826776636058
