115.08836086865129
86.12287289109723
77.62965956227532
72.00873753942292
68.92164549128762
65.29619300365448
63.244092242471105
61.282873926491575
60.07107428641155
59.15228377950603
57.88381283653194
56.77568797818546
55.90544465903578
55.05707609859006
54.276654852875346
53.50184520976297
53.25150365356741
52.15262192590483
52.07536843419075
51.394560455248275
51.26872632626829
51.00358693558594
50.20671264159268
50.24899797706768
49.86857252593698
49.2002209044736
49.26201065244346
48.88140578516598
48.5022883148029
48.45850583191576
48.364565647881605
48.19932268508549
47.85091860643749
47.841032190569514
47.1117749316939
46.947803332887844
46.719095255794194
46.88123702900163
46.59990235443773
46.6031956991245
45.92688232043694
46.65482357452656
46.29886219110982
45.48184806314008
46.11472073094598
46.02476345156801
45.081731719189676
45.29059782932545
45.19718199351738
45.27678561621699
45.02256428784337
44.97461325341258
44.99475094778784
45.13948725420853
44.507939557577004
44.84911961699354
44.63873892817004
44.27463014680764
44.059408760276334
44.31590137605009
43.39545504183605
43.29090537182216
43.19762280686148
43.94006985220416
43.465506331673986
43.57253359001258
43.61218013845641
43.29614602491773
43.07074331106811
43.098750687878706
42.83235037635113
43.182024926974854
43.301319802629536
42.568316440130104
42.88573602458526
42.40685110975956
42.67024743351443
42.678530395030975
42.47979779079043
42.5460266933359
42.362196839061276
42.185875074616796
42.43124878920358
42.24822049716423
42.2052261531353
42.20406077853565
42.060568430300414
41.900089128264064
42.086683310311415
41.697712461496224
41.776864780434245
41.365742116138854
41.37175976407939
41.932590364382186
41.63933974710004
41.31568917221036
41.01934000746957
41.1804615639407
41.706091751312385
41.59612239743101
41.00304542327749
41.03666635731171
41.47497415131536
41.339540473346055
41.11648987593322
40.94128134949454
40.6962061894351
40.797971300010026
40.8694651692078
40.97846949511561
40.35711019614647
40.54226429400773
40.64646475685054
40.60802454167399
40.51156555373093
40.469227319133694
40.68580203015229
40.51660186155089
40.57568467177194
40.56885869133061
39.9879147739246
40.74191451278226
40.216594005453175
40.543862913189265
39.99591359598883
40.15483376281015
39.83091423840359
39.766553229299085
39.869802329046976
39.77430913468887
39.902990248696554
39.85668827130877
39.88204054380285
40.182117597810155
39.95331159645114
39.58072554243022
39.668909522993815
39.20068076355704
39.97952155614721
39.63313373512235
39.521147166860516
39.24544282822773
39.22235668630436
39.376142684755656
39.499493724313275
39.2039296647598
39.5436814817889
39.77612257825917
39.49941354681705
39.135300373208935
39.796101857875954
39.05212898912101
38.93695312121819
39.04740169233289
39.15147926992383
38.94174693267921
38.78047381392841
39.02658987456355
39.07462164451336
38.66099769493629
38.71120304280314
38.78037799637893
38.76138136715725
38.75707880792947
38.773256199113256
38.585756112789284
38.24394627686205
38.32259420074266
38.64267113496517
38.68965260119274
38.47382894055597
38.32089696773167
38.49794117541149
38.5620333172124
38.764819203779616
38.47383606947702
38.16397800630536
38.34392561583683
38.123781701614114
38.19795395793586
38.64627427787617
38.719915456812956
38.506808123711885
38.12536826627008
38.20745522914262
38.07379348935752
38.248180229088355
37.945492590295856
37.96673581723509
37.64852123835991
38.27093829779789
38.11303713814966
37.69024346614706
37.823559018044634
37.9541791769965
38.05635665511263
37.8530634651924
37.66324382506568
37.639360632362035
37.87312358720549
