503.43561197916665
414.5190917690595
388.9349974354108
372.09252173105875
361.4131363670031
349.34079606930413
342.9806108991305
334.93848936160407
328.88815746506054
321.56135181188586
316.8652479728063
312.4589968661467
308.55775434176127
304.5858337064584
299.83391446471217
304.0350673397382
299.5714573442936
295.4643639743328
292.3213703811169
293.3440132598082
293.3998600701491
292.0003880699476
290.3608225723108
289.3061043103536
287.4144659260909
287.1750171283881
287.3606464465459
282.13346716960274
281.80338424046835
282.4994399090608
280.0874445358912
278.5791342675686
278.06578310926756
276.5694810370604
275.92878771622975
275.8331980586052
276.6996586362521
274.8922884027163
272.7737468947967
272.1702734043201
271.8344674964746
272.3699810326099
271.8961048732201
270.3899921745062
269.54433331588905
270.17604203422866
270.9747230052948
266.62958655754727
269.9210912098487
269.5148230671883
268.69875756502154
268.9051410694917
265.0616513291995
266.88508836726345
265.20322851637997
263.59244873722395
264.9107128938039
263.5797067642212
264.13533864617347
263.47455613215766
264.54718938569226
263.0175323565801
259.82985282043614
260.33463247418405
263.67828696171443
258.20810027221836
260.0628960609436
260.50094185570873
262.9897114247084
259.3716541647911
259.24777065813544
258.7867611974478
258.75565188328426
255.221517598629
258.7621961861849
259.49650058646995
260.2495843201876
258.48656052052974
259.042136635383
259.1578981210788
257.62456232806045
258.3477131843567
256.9907297392686
256.83498632411164
256.66650071938835
255.90698564549288
258.6715684056282
257.9773101776838
256.2139014065266
254.954963653783
254.78766688903173
255.79683399498464
256.64715124964715
256.5298583676418
255.18848693966865
255.330800674359
256.4731729100148
253.64529072344303
254.1202733675639
254.65957923034827
255.45281238853931
253.71322893351316
253.27671391864618
253.9095297763745
253.01210235555968
253.1255026747783
250.8394459704558
250.0757403711478
252.4864182651043
252.73808740278085
251.876736882329
252.36052303910256
251.04460048675537
251.15263105630873
250.0652063757181
248.01112636625766
254.3846268792947
250.91733877758185
252.8619290391604
250.85852066973845
250.09250410199166
248.52086003422738
251.0472682485978
250.4452594935894
247.423257736365
248.1557705750068
247.9037953307231
250.03842663566272
247.64738726466894
246.98649204671383
248.8555640478929
247.28677962919076
247.94491809705895
247.68277836789687
248.1318832198779
246.92127218743164
251.318666562438
249.07647141416868
247.85059646517038
248.77679258783658
247.60614058077334
248.59513001690308
250.23881268103918
248.25268877545992
247.38034200668335
249.0679913446307
245.86033259580532
247.7545125991106
247.28257476737102
246.07744388977687
247.3277969236175
245.3159337297082
245.18447984208663
246.68971822112798
246.0430849393209
245.21802127858004
244.72824069460233
244.81839305708806
245.89267951299746
244.6544188807408
246.63241078803938
244.49419730305672
243.45979698797066
243.6134564275543
245.5061180740595
243.90923835039138
243.8811137209336
245.7900761226813
243.7229526201884
242.3721253251036
244.42287425051134
243.42986878752708
245.94552915841342
242.770469994843
241.71475276599327
243.07596468776464
242.60593229234217
245.48783272455137
246.7903388629357
243.86994737535716
242.7498464991649
243.38293903768061
243.40296483784914
241.33590428332488
245.17074108521143
241.97835954974096
242.3290482242902
243.56455134799083
242.06720528850954
243.25815394818784
241.37397406697272
239.81436452170212
240.27714881896972
242.65768889635802
242.7526978701353
240.5894476150473
241.6344769731164
241.1735394562284
241.044598039488
244.6245349655549
