649.7456152757009
313.88360606829326
290.017113049825
257.97384170691174
225.96760501066845
203.82348185777664
193.17733132044475
182.68208177487057
173.9569088459015
168.76780945062637
158.3689606587092
149.10237758954366
138.55894869963328
132.21179120937984
124.97368477980295
121.04270867109298
116.88659857908884
113.08940529028574
108.8203112244606
104.79020764033
103.42018499970436
99.47796540657679
95.79997925360998
92.54128040075302
88.14997448523839
86.40632780194282
83.59245061278344
82.16460093657176
78.12116285363832
75.30159840385119
72.8970683256785
69.55219336152076
69.1317794640859
65.71277631918589
64.24782241980235
62.980305012067156
61.27606206337611
59.86655504703522
58.03073059519132
56.16767174800237
54.83216121594111
52.35591306785742
51.688466211160026
49.426997951666515
48.55091316699982
47.50562823315462
46.0827113211155
44.954912255207695
43.755914092063904
42.56500976880391
42.17925810416539
41.445512501398724
40.234638115763666
39.98581880927086
39.10430258313815
38.53516122798125
38.06349779963493
36.682632797956465
35.6374187340339
35.22557818889618
34.385814906160036
34.0564447482427
33.524835496147475
32.85406479040782
32.28632593949636
32.324775385856626
31.909637547532718
30.959442712863286
30.312997702757517
29.805632400512696
29.214496705929438
28.74093043108781
28.397738440831503
27.82796312868595
27.723007371028263
26.79261361459891
26.883123500148454
26.248713861902555
26.033148233095805
25.494998461008073
24.96646237373352
24.81469625333945
24.803977786997955
24.049262263377507
23.663748902082443
23.764737756053606
23.497512418031693
22.956141444047294
22.591588807106017
22.43552163640658
22.291082469622292
21.905609526733556
21.69169834802548
21.39539227237304
20.96181157728036
20.955758958061537
20.719996778666975
20.522517167031765
20.049670379360517
20.174748035271964
19.69872378408909
19.789820515116055
19.412436830997468
19.15579294413328
18.94046823432048
18.88725688904524
18.47206322749456
18.482499439517657
18.28881971438726
17.933616163829964
17.959568868080776
17.850623606145383
17.53335111886263
17.310272944470245
17.25204575061798
17.059915074706076
16.841560122867424
16.600324976444245
16.6364597171545
16.442947968343894
16.21388358573119
16.099050875008107
15.918720845381419
15.874783471226692
15.733081705868244
15.664635433256626
15.479529983301957
15.42273144721985
15.180243057509264
15.053782091041406
15.032592509686946
14.967704463501772
14.938318918645383
14.676251143217087
14.513375528156757
14.518980968991915
14.322638431191445
14.282299243410428
14.201775881151358
14.005055952072144
13.92554207990567
13.842664934198062
13.774677059054374
13.727972483138243
13.602588938673337
13.468877192835013
13.440696735680103
13.392744822303454
13.403651227553686
13.327769189576308
13.083740358551344
12.978474038839341
12.933191169798373
12.809910319248836
12.645294278860092
12.705334260563056
12.620547002057235
12.625769745310148
12.601031244794529
12.437712043027084
12.276344818870227
12.363941834867001
12.181493866443635
12.271609946091969
12.07928819656372
12.001542333265146
12.048237013320128
11.809162669380505
11.750857250392437
11.757341756423314
11.703577928741772
11.780692499876022
11.701206005116303
11.528545258690913
11.480548991759617
11.45675899932782
11.32625720401605
11.180371445665758
11.234903483092785
11.153732238461574
11.090375920881828
11.039683065563441
10.954018756250541
10.916950879245997
10.83013932382067
10.803587815910578
10.73761627698938
10.887553754697244
10.812716399878264
10.752094060679276
10.779948302358388
10.783126739660899
10.552410596609116
10.483345520496368
10.392195471127827
10.39356864343087
10.335571273664634
10.256019200881322
10.200712371865908
10.173049315065146
