-66.56033876637618
-96.03453331987063
-96.78496320645014
-102.87232902447383
-110.0929332057635
-125.47105490763983
-127.42480652928353
-108.56164697806041
-116.83584189414978
-118.0601908326149
-111.268852464358
-106.59127062161764
-113.43363908330599
-107.25331334670385
-107.96179825663566
-104.2454910437266
-96.52275110681852
-106.14101264476776
-98.66479908426602
-100.12524985074997
-97.74794520537058
-96.95590917666753
-93.740997727712
-94.46313215494156
-103.48144682645798
-103.77688385446866
-104.96710518598556
-104.95899313290914
-108.3153020620346
-111.1051047305266
-111.96069260835648
-104.03447317481042
-100.11564804712931
-98.53666999141375
-101.91471641461054
-101.11352726221085
-104.3054232676824
-106.63122344017029
-108.29326299627623
-96.13231451908747
-96.02102210323015
-94.11405127048492
-96.04191348751387
-99.55065819621086
-104.63246336380641
-105.60171149174373
-98.62248680790266
-98.36873312791188
-97.06686565081279
-100.40070164998373
-97.04538474877675
-100.21661110520363
-98.05865555604299
-95.06039176384608
-95.61636750300725
-103.11055640776952
-98.10961006482442
-99.35065563519795
-98.31480921109518
-97.76630217631659
-95.88649747172991
-94.15930676062902
-93.68294209639231
-97.19092677036922
-94.26860869725546
-96.61178339123725
-95.90133395195008
-94.08621580203375
-92.19568375349044
-93.22794639865558
-96.20744322141012
-95.49737924337387
-98.08466453552246
-96.85844025214513
-97.15955889026324
-97.5324527045091
-99.9159996787707
-99.30784995953242
-100.52638636032741
-98.8341250816981
-100.93689381281534
-92.32432693839073
-95.28344150781632
-94.95851663947106
-96.00456741650899
-101.46064417362213
-101.93564853270848
-103.71413549979528
-104.58403942982356
-96.96815466682116
-99.15530252854029
-104.86467422048251
-104.64005414644878
-104.99433553218842
-107.29863020976384
-103.31422060728073
-104.94813671310743
-102.92661106586456
-97.68452775080999
-98.93488106131554
-105.07930493752161
-94.88827078739801
-101.0857230981191
-96.19951690236728
-94.62299159566561
-95.45652713775635
-98.74822784264883
-96.53964840571085
-100.10897858738899
-97.7714961608251
-96.92761456569036
-96.00285190145175
-100.86734966437022
-99.39257893363634
-99.43190126816431
-94.00452372133732
-97.96798873742422
-98.63654072284699
-98.88133027950923
-98.98240726391474
-100.43114058772723
-100.0567517320315
-99.96372310121855
-97.89161453644435
-101.7874906818072
-105.33270053466161
-99.29736277659734
-95.58350026011468
-101.15700128475825
-105.43510485490164
-100.96716184020042
-101.6350345492363
-98.56161369283994
-99.44680666526159
-100.13036775588989
-101.77082911332448
-101.8176775097847
-97.67401159008344
-96.6380581776301
-100.4185531437397
-105.12315619985263
-101.1300156792005
-95.1149201353391
-102.92273893356324
-103.16881829102834
-99.37525850931803
-101.89185146689415
-100.24003159205118
-100.0693149069945
-100.01661714911461
-101.44079022804895
-100.49665876825651
-104.52341873645783
-96.89713081518809
-99.56219187974929
-100.76748034358025
-99.77709973255793
-98.20344839890798
-98.57349728743235
-98.31353482405345
-99.67123813033103
-99.77200173536936
-103.39345925649008
-101.71337655782699
-102.34948334296544
-102.97460544904074
-100.68972045977911
-102.75845119357109
-101.41471272309622
-101.11696790059408
-100.24163790941239
-101.14378190835318
-98.3200459520022
-103.97651944359144
-99.23818620244661
-103.2294816493988
-100.27758499781291
-102.34039712746939
-102.58135784467062
-103.02702696323395
-102.79168418645858
-100.19385161797206
-98.26752367019654
-100.40595664183299
-100.13937718470892
-97.65105783541998
-98.38006756901741
-101.22159004410108
-100.03526810010274
-103.52935086488723
-100.17260817686717
-96.53362601598104
-96.56131332715353
-97.68098090092342
-99.1092855532964
-97.3497346997261
-102.24079078435898
-101.63731617132822
-101.43222167889277
-99.16074045896531
