72.650293080012
42.54733622769515
33.373386732737224
29.01256218353907
26.762610385815304
24.051015440622965
22.255616136391957
21.341075043876966
19.79344182064136
18.62828445881605
17.96210822661718
16.984991086522736
16.273697678248087
15.869834091762701
15.254322711626688
14.632879121601581
14.17763281216224
13.616775973637898
13.22734174033006
12.743771589299042
12.392327842116355
12.015719380478064
11.618463935454686
11.513889239231746
11.28572160700957
10.943890358507634
10.682552312066157
10.651912821829319
10.135255513091883
10.176437122623126
9.941123067835967
9.802160819868247
9.695455306023359
9.319825953245163
9.2003196383516
9.06932045519352
9.047070666650932
8.823871488620837
8.750797566274802
8.658211060613393
8.446030281484127
8.421948079764842
8.377118786672751
8.22194920927286
8.17468828856945
8.104478622724612
8.045212374875943
7.921179529527823
7.7095429492493475
7.652402026454608
7.68453367104133
7.395434176921844
7.403375052660704
7.355338100592295
7.444455717007319
7.210827385385831
7.190029688676199
7.071272797385851
7.185040705651045
7.338922184209029
7.27115393380324
7.096242591738701
6.883111611008644
6.888057784736157
6.761906379461289
6.71370151489973
6.682183660070101
6.583430260916551
6.528866475820541
6.650156345963478
6.457717882841825
6.482611960669359
6.39121800288558
6.4334112676481405
6.238551585624616
6.221446655442318
6.311452901611726
6.1441096047560375
6.03436852445205
6.161180999626716
5.980227603266637
5.99160936921835
5.961627641816934
6.033338740219673
5.98495464126269
5.850152116020521
5.924513890594244
5.697165053834518
5.691908255964518
5.662224658578634
5.681042924026648
5.771641690284014
5.734271154552698
5.695649719983339
5.628011166552702
5.568402211988966
5.6136698817213375
5.490141203006108
5.5136319895585375
5.541554764161507
5.435992235069474
5.4742061294615265
5.3722784832119945
5.283085193733374
5.303212001671394
5.250459021329879
5.385661661128203
5.358471786230803
5.308574834962686
5.307759980112314
5.390244656552871
5.222147443145514
5.192943704749147
5.196026749908924
5.172068224598964
5.168157485127449
5.210452944537004
5.328343906998635
5.133768274262548
5.094869986176491
5.209825021028519
5.036990703518192
4.990992203106483
5.039419534057378
4.969629195332527
4.920324316620826
4.874711678425471
4.899234396964312
4.848223371307055
4.847617065409819
4.755996383105715
4.887867974489927
4.91880488495032
4.782092469682296
4.906734175607562
4.768781705697378
4.760425502931079
4.794504031166435
4.683715884760022
4.759560414279501
4.656344371040662
4.707401614263654
4.692222261677186
4.668197660644849
4.60300634590288
4.608797592048844
4.665909000486136
4.59291920264562
4.63144086698691
4.627604494988918
4.690498644858598
4.660057765990496
4.572709877789021
4.592207590490579
4.554356518636147
4.427937695508202
4.494040303925673
4.521765866378943
4.603250525146723
4.429603975017866
4.416937704135974
4.37670814457039
4.540389350553354
4.613350406164924
4.415194351226091
4.379291268065572
4.289231617376208
4.302563475444913
4.256448510661722
4.393601734191179
4.3629347704350945
4.276909503216545
4.320665836210052
4.305498769010106
4.269604730730255
4.316047946984569
4.260738741979003
4.3097491975873705
4.225965727865696
4.168851650382082
4.2216515603164835
4.200580345466733
4.294630835826198
4.264504484335581
4.30411167939504
4.154354842752218
4.15448327412208
4.09443895953397
4.195192704101403
4.16146637176474
4.173449863493443
4.062681356320779
4.164776982242862
4.205465729037921
4.169535371785362
4.0531592739125095
4.100962659964959
4.013655745486418
4.100071595236659
4.00882053822279
