-110.78341873486836
-197.82449934879938
-215.79566326141358
-220.0850531101227
-218.35316455364227
-216.31326155662538
-218.83496065537136
-220.72660128275552
-221.48079295953116
-225.36301016410192
-225.7641731818517
-225.72913231054943
-226.53701348702114
-226.16097847620645
-222.52568662166595
-222.04496273994445
-225.9938763697942
-224.62100412050884
-226.64391473929086
-229.52670444647472
-228.92187056541442
-229.83472708861032
-229.28720825513204
-229.4783531665802
-229.22527403036753
-229.46078774134318
-229.74821572303773
-229.9978642543157
-230.5173486630122
-230.02429756323497
-230.4125981926918
-230.97886396249135
-231.7290852467219
-231.82635340293248
-231.50283319950103
-231.59351167678832
-231.96259044806163
-232.64440990686415
-233.63359838326772
-234.86256766319275
-234.91782114505767
-235.23412042458853
-234.89885132312776
-234.6457949399948
-235.79059109687805
-236.7057942867279
-236.14279448191326
-234.59859640995663
-236.03504201571147
-235.74664780696233
-236.3394366343816
-237.33659766515095
-238.1436043659846
-238.44598910808563
-238.44593620697657
-239.430761663119
-239.18801168600717
-239.74122598965963
-239.0178808569908
-238.4975469271342
-239.3833947579066
-239.7007726152738
-239.47495787938436
-239.46065942049026
-239.45449532667797
-238.8497487703959
-238.50396890640258
-239.81704489390054
-240.25116050243378
-240.61676080226897
-240.85909337997435
-240.4909669717153
-240.84473483959835
-240.29474295775097
-241.00471005439758
-240.74495860735576
-241.7205199877421
-242.59317086537678
-242.91041427055995
-243.0592704852422
-242.77313404083253
-242.25140939156213
-242.12948817809422
-241.81739485263824
-242.19329901138943
-242.52906269629796
-242.35423024892808
-242.5191877047221
-242.3928363243739
-242.0878224134445
-242.2788385629654
-242.58247996171315
-243.15748782157897
-243.3040110707283
-243.22647758324942
-243.00890304644903
-242.84292899767559
-242.8752349615097
-242.63488343556722
-242.57956634362537
-241.88251680135727
-242.35053981939953
-242.66944187482198
-242.97732019027075
-243.26891068220138
-243.16900341510774
-242.71288379033408
-242.51209135452908
-242.21536753575006
-241.67188118298847
-242.16017772754034
-241.36510502497356
-241.66688922246297
-242.00591214497885
-240.13479418754576
-240.15784931580225
-240.8554494023323
-241.32447678248087
-241.47989619572957
-240.6462509950002
-240.98824480374654
-240.2504416545232
-240.94587395191192
-241.06611444950104
-241.1947884639104
-240.53530558745067
-241.09956274032592
-241.08243850866953
-240.52774301369985
-241.43284051418306
-241.08192209800083
-240.89520233074825
-240.5095857858658
-240.98861306508383
-240.20263397693634
-241.91849178870518
-242.0554690917333
-241.53914364973704
-241.34359284241995
-241.20930150349935
-241.47220951716105
-241.21777300834657
-239.20135508378345
-240.53748277028402
-240.2478860894839
-239.9504365046819
-240.31183857123057
-241.43315587441126
-241.66597862641018
-240.57819686333337
-237.9341972907384
-239.58520178794862
-239.71466236511867
-240.26768421729406
-238.2431615670522
-240.42278621196746
-241.10976633230845
-240.01688318252565
-239.8550889333089
-239.3149210214615
-239.9207130988439
-240.6219131151835
-239.95402778784435
-239.8346566438675
-240.39663530985516
-240.13948998053868
-240.82443126837413
-241.1668658653895
-240.12171278794605
-239.32359790007274
-236.80644467274348
-236.9504031419754
-237.7741857091586
-236.869238448143
-237.16729922691982
-241.8835974931717
-242.4151767571767
-241.31749284267426
-237.17161523103715
-234.71683235963187
-236.3564202149709
-240.68840766350428
-242.21653072834016
-242.64952630201975
-241.70935609340668
-242.31635799805323
-239.8517718911171
-238.23136542638142
-237.99962220986683
-240.629763007164
-241.60072972774506
-241.88727254867553
-241.12756487528483
-240.8555165807406
-242.0572077592214
-243.2736558039983
-242.82884639898936
-240.85982491175335
-239.033509071668
-240.8042365392049
