213.0330295439424
150.65891126106524
124.40685437260002
106.53378257258186
95.52252507209778
86.9920517391172
80.49347704443439
74.76308245494448
68.99075517263906
65.14714414703435
62.34456909113917
59.43198801731241
57.762337373248464
56.23492501727466
55.575750287236836
53.035164697416896
51.703001582416995
50.62188399454643
48.75527990892016
47.825967751700304
45.20106420948588
44.161875077362716
41.031731868612354
38.42147618532181
37.15132824511364
36.48311228022493
35.70714136649822
33.199536544495615
34.87180391981684
32.59473214067262
31.974496320917687
32.19838608030615
29.33536788307387
30.479034860072463
28.674457144634477
28.85145063852442
28.213173378130485
28.110760738623554
27.817383468151093
26.846822117937023
25.899358485793247
24.96903209234106
25.506245848690643
23.448157746216346
23.592489191941148
22.521046315287723
23.672275183015856
23.339462405391806
23.874889268957336
21.970957419224852
23.05150100691565
22.97400452119523
21.5327990687099
21.865275198529506
20.011591688826165
21.031063063905158
19.6873710820901
19.681225138491598
20.396617172093226
19.403268575411417
18.56417314139805
18.505379636739864
17.72623531289142
18.49072166917653
18.59182752566091
18.194747934567516
17.802477031689264
18.20591576114811
17.199930993904328
16.197062331027
16.548619352281094
16.08463989172516
16.865966112834627
15.899966660758544
15.889096384161505
16.018382035966578
16.90257680127076
16.042442249519556
15.645756347434082
16.20176574144641
14.697566366144295
15.719141931369387
13.178751468915364
14.602099346061205
14.134453992648371
14.262058447147238
13.771669252165433
14.437244984481868
14.149159859737445
14.088351778557588
14.037537150727264
12.017349015535979
13.433665228044164
13.702135473489761
13.518546132756205
12.97522769566497
14.294054271589065
12.819981033046698
12.896668123723618
12.238807905336905
12.058176807930757
12.416539136577269
12.796249590781999
12.212839643246141
11.026600947025521
11.877322745220415
11.86444279368453
11.968895070383262
11.960531714468681
10.141450289957996
11.877388489143602
11.589949911652967
11.259842448193451
11.231273510814484
10.307402471786943
11.230585775402343
11.858277598460173
10.71206899822272
11.442380823837272
8.537529078922395
10.526175734362212
10.69262017579428
10.698956564518399
9.454485790868258
10.815173984473121
9.669234106638308
10.307882842832598
8.66969219251568
10.78851567208767
9.600578522759266
8.6662924343977
8.879683346840842
9.38489830257082
9.03447633755297
9.124750746992127
8.810432517997407
8.57407774689511
9.90781695697585
7.9625247178021175
8.783069967067448
7.6663803862857405
8.362610428626168
8.624285459903808
7.858946471121804
7.265198955505059
7.796065830978854
8.561857857323925
8.704394264146686
7.2708742464410845
8.123903499851966
7.302979811126816
7.383734754447279
7.2534390315413475
7.499338994091698
7.51881415194607
6.682063794855414
6.484838665792204
7.584671982178657
6.6997404496731425
5.931859253680911
6.578038157830978
6.727949392050505
6.2984720103699585
6.695237504511044
5.4026055618606765
7.169658844969396
6.508056248313394
6.485999013072457
6.470161820793974
6.660046758708255
6.322048933341585
5.9225014281170125
5.615675681367002
6.551996880756883
5.778925121858202
5.443525343812231
5.354496608777293
5.1673485878212695
5.699325128779586
5.639629131247258
4.550737553308236
6.047251929882272
6.852070411859915
4.023104453876871
5.300041377544403
4.467597183739317
5.4704852808138416
4.232598292673456
4.726682251897351
5.001388736326119
4.109784106756079
4.626853922960059
4.856967249820972
5.59505952868996
4.9321180995682194
3.484972745693963
5.0683051598226205
5.9530155671567755
3.51831722031508
4.529673576531611
