-17.695479954111164
-23.232991863941326
-24.5842799677931
-25.099144209047843
-25.081007071610156
-24.479274046832117
-24.942818998776634
-26.539736316121857
-25.48007928040521
-25.062560621006735
-25.32639769027973
-25.95730658337988
-26.187384505724086
-26.11936114933984
-25.415449557119402
-25.033009641129397
-24.515874728560448
-24.96439487461386
-24.560128322963056
-24.79847760858207
-24.241887552470995
-23.437478273593147
-23.694547272961714
-25.29761856588824
-24.714690253652375
-25.169292954021486
-24.70576133399174
-23.44299118683256
-24.733840266692226
-25.255747871152288
-24.48313711378081
-24.686854728336993
-25.98689815479106
-26.709515126100904
-24.961456418037415
-25.467297477968806
-24.855071595002865
-24.528715041177026
-25.784512314303168
-25.628687111981982
-26.096235102620618
-26.21612510907239
-24.679602568519527
-26.040015204199428
-26.091252051550768
-25.162444198953693
-25.19129968306114
-24.204525389548007
-24.433939433303372
-25.658955945023173
-25.21476269333527
-25.39498624822189
-24.941626938766447
-24.67326673145952
-25.744257678245678
-25.012559721182132
-25.15750312496876
-24.684778790021763
-24.969684261700202
-24.939065793978756
-24.02639747899154
-23.93671977674139
-25.31235712047281
-25.449893990467334
-24.292486424076145
-23.922844561009573
-24.585424401636782
-25.011689828387624
-24.862016001652027
-25.382663312657126
-25.899521445405895
-26.564640135600648
-25.473396372178506
-26.084578080423945
-25.810874694380267
-25.25742957766714
-25.808171251210673
-25.725576863720498
-24.82915717568891
-25.273926719509323
-24.804944346691
-25.326394780956466
-24.709232463918884
-25.38932731696244
-25.09008517501683
-24.649042577579102
-24.72619274309997
-25.734897707556858
-25.215259663503744
-24.88181677049604
-25.056069894083613
-24.28322924930474
-24.530536104892864
-25.7213062150725
-25.710747622724238
-25.34229838025981
-24.25257562717487
-24.719185312246456
-26.71823364804531
-25.38431406021118
-24.69286922956335
-25.494127627076775
-25.516474216662605
-24.646236547108355
-25.83859832122408
-26.207276997895075
-25.746913734695006
-24.30472686475721
-24.82248111171969
-25.21636737112341
-25.425879524699575
-25.094330158726923
-25.68488195589904
-26.68429861808645
-25.1407717630781
-24.771750384877468
-25.36762999974448
-25.562218961016885
-26.524593735563343
-25.411382474775973
-25.9087076515987
-24.752255915567794
-26.083567129640745
-25.737248852335174
-25.957295456836963
-26.414890016975075
-26.42937744794221
-25.213630496427932
-24.884033416365757
-25.310925267893694
-25.279802984718618
-25.766156361020844
-24.848935748996407
-24.748496742084107
-25.998934989345486
-25.028092717302258
-25.16915660788273
-25.711535304784775
-25.264391276343115
-25.99862229824066
-24.28918186806399
-24.013200198781902
-25.153577080060696
-25.608888726296097
-24.94481122853427
-26.399325617428484
-24.190514645699796
-25.458535629099813
-24.965081160438473
-25.437545299016197
-25.775001996550067
-25.304579238439427
-25.31039896144949
-24.189281090580184
-25.01599207520485
-25.465391091745474
-25.20488144251807
-26.278923253047054
-25.722110310505176
-24.256332066552392
-24.595942203340858
-25.393706005195092
-25.7797745353189
-26.123543347777993
-25.43823628178958
-24.869458391748626
-25.672517316094762
-25.6928843408823
-25.137457590678643
-25.07097391732808
-24.472153317825548
-25.063879653297622
-25.02997266013047
-25.47510136818064
-26.89912933522257
-27.364008095757715
-25.745589173559484
-25.516165025275328
-24.561233893550675
-25.35127177526211
-24.92908256989101
-26.01638849233759
-26.051566772419832
-25.755955069743354
-26.201845933651104
-25.17099457157069
-25.73555110600488
-24.954608174747435
-25.742400709411193
-26.046454442472292
-25.51804256079526
-25.358903463544518
-25.89757939710699
-25.600246811735218
-25.605350438376952
-24.98611236235191
-25.812908546677953
-25.689483361511396
-25.49908172262126
-25.156680830593768
