60.508926542668505
45.22378688536841
43.713474087674044
42.19229095043807
39.586508086015435
41.560184312277826
37.6670127038298
40.07834237711183
40.68724997547166
38.91307752091309
39.45012780510146
38.266162552196405
38.948012002069376
38.55904453376244
38.84676670514304
40.30864331845579
39.79312279306609
41.34421805061143
39.4915586288633
38.66040190489128
39.91221207688595
38.11779149030817
37.718246770316156
39.93291485155451
39.9748752117157
39.46111212516653
37.85085565057294
40.276052359876964
36.992845405792366
38.07843562344025
39.30505886160094
38.027206030385244
38.66973665870469
37.523308943057884
37.264088465221995
38.29753594768459
38.66870942917363
36.864068621191485
39.811631002302825
38.451082424870854
39.31242401024391
40.014072405880896
38.00256014075772
38.55018490347369
37.09696668180926
36.51432081132099
39.213306621230885
39.111895800664506
38.94569708458309
37.44845391244724
36.614332065500065
38.78347588818649
38.115842273523064
38.94482460618019
37.29780101467823
38.586098460801715
37.56344169275514
38.01331753360814
37.6469452350304
39.77777333917289
37.453583208137545
38.704649964283256
41.458828743161824
38.328380269223246
38.79757903978742
36.244673907756805
39.93693410836417
37.24769999960373
38.00615431008668
39.04975125912962
35.18529018656961
38.48808182056608
39.67714774814145
38.48952270787338
38.226598585987915
37.939216249975665
36.26645669135554
37.20462616455966
38.472004939769874
39.51850011687854
35.65575693290809
40.09401636596384
35.84027612723153
38.901666158232196
38.218475686065084
36.58779638286295
37.449984595693394
37.66289563322889
38.486909944435645
37.46775883950036
37.774725828705165
38.28591667578138
37.27027911153333
37.02227441504084
39.4657886233823
36.902261206815986
38.01948073198055
39.65704036170039
38.190498332525124
38.97664653227247
36.16805145863829
39.43043427015173
37.753347173847004
38.76434741040756
37.83145560170042
35.28688845655014
36.17454979543028
38.34470771098959
39.13305803054366
37.00583930108054
36.3833328100114
38.92044236125617
37.61206523611628
37.69570396275356
36.58836742362072
37.16817655953868
38.35253747167258
35.833768838438495
37.03316014388512
36.04332779296513
36.03043135897867
36.46252464837041
35.29483753185848
36.64660164816626
37.123776714863446
35.292847063007024
38.87802858188235
38.07640395390576
36.02463566640328
35.872021414082624
37.233459443367764
38.359265404528585
39.62619454593494
37.08980958574805
37.619637875721374
36.60144072257239
37.51115099520519
36.19190195922194
39.2261289481459
35.46354666763339
35.984753239771415
37.249758613520655
37.598114877939224
37.809610390457614
35.61620058376214
36.667500053500305
38.12651812721943
36.54254172382684
38.15663070000451
35.96639494340995
38.24361663542945
38.365716878710124
37.479257933024705
38.67297568403441
38.481889076274015
39.35419325890212
36.308848754085346
37.76315559703728
35.51645669135554
38.025396987281994
37.370515408187075
38.171699135981754
36.95276262123009
36.97642169327572
36.210618096178976
37.6888088285923
37.525222231601845
37.67619401833107
38.53726356810537
37.24271923354988
38.120968095187486
36.80331827751522
37.79676351156728
36.52866967793169
37.92794026999638
37.015718488857665
36.83585675831499
39.08856998127082
38.30401991975719
37.859084910359876
37.25869170447876
39.174202134896966
37.10407384202398
37.15202572119647
37.371229085428965
38.012705630269544
35.594926535055556
37.62939119236223
38.10933081446023
38.58481398738664
34.778256194344884
38.22324526721034
38.87371714413166
37.75264689583203
37.42571871753397
37.69128482608959
36.63111278825793
37.73249413432746
38.4004218475572
35.830582415235455
