631.1937954743703
505.98863825003303
458.2285420378049
426.71116286118826
409.0018901228905
391.8926621278127
383.64721649487814
369.88482038974763
360.1684641003609
353.4586567322413
344.2349209268888
335.47173935373627
334.82535367012025
326.70682662328085
322.2014217833678
319.00235232313474
313.8180453379949
310.6031731923421
307.61140751838684
302.6915123363336
302.78790137171745
299.23525082468984
296.178242824475
295.33313222527505
292.99522211352985
291.78652704755467
289.9802369495233
286.9362769941489
287.27170596122744
284.0810327986876
282.60281587839125
281.86831052700677
281.1152517100175
280.55961435039836
278.2602822860082
278.4997298280398
275.71272147198516
275.8481195827325
273.9810654799143
275.0548980474472
273.9178236107031
271.95506735841434
270.9547737002373
270.75437766313553
268.698700873057
267.8498461723328
266.61210572719574
266.8950654437145
267.61617180407046
263.9842709263166
265.31460541188716
262.7401893347502
264.724179716905
262.7843565662702
262.03928514719007
260.2965669890245
261.1245383451382
258.73651214838026
261.0930702785651
258.82518647909166
259.0897434780995
259.99518075188
258.1329642097155
258.9006330172221
258.92522786657014
256.0297962447008
253.80978988210362
255.22889164090157
257.0548363228639
254.88144744535288
256.5640082359314
252.50717604060966
251.94053979317349
253.29664711852868
252.73490022420884
253.05295651952426
250.28122143546742
254.607957136631
250.0324660698573
252.65907753308613
252.77311387558777
249.40501014788944
251.46640101472536
250.03700838784377
250.3551370203495
248.40041350821653
247.99002435008686
249.17481958766777
248.719494069616
249.25729251603286
248.0716639250517
250.28003128866354
249.2571362733841
248.65557691752912
248.58716021180152
248.05423342684904
249.91133648455144
248.21793513298036
248.15121907095116
249.05749889115492
246.812327632308
245.85932302723327
246.23254684408505
245.66878989438217
248.5125845829646
246.18012740115324
246.7919723232587
243.76954220583042
244.58338353236516
246.76441645026208
243.3489080518484
244.86840595006942
242.92669923802217
245.05106854736806
245.1646459599336
244.46972371041775
246.1217507104079
243.92127281824747
242.93307864765328
242.6638064692418
241.52184657255808
242.30635548233985
244.67833090325198
243.7325688019395
242.18295170515776
243.2841273009777
241.85745912144583
242.37232069522142
242.15828903714817
242.43963953157265
242.57752434015273
241.09823393424352
243.18033936371407
241.39599795838197
240.45038296878337
240.8068736339609
242.42563904325166
241.4366717870037
241.7422271291415
240.8904011319081
239.13349097073078
241.3276350001494
241.30507314602534
241.27137469649315
238.34877309948206
239.78257945577303
237.41298653135698
239.88090730061134
241.380081380407
241.79429711550475
239.73161701609692
238.212657392025
237.50757867346206
237.13369073569774
238.84645178119342
240.37549088199933
239.50499736070634
240.64584042678277
238.08243215034406
237.0851337119937
236.9017848889033
238.68603664338588
238.40984897911548
237.26184051086506
237.97684400677682
238.73034764726955
237.2036805038651
237.318935448428
237.83742937942347
238.413777491947
237.4462485810121
237.17567453036705
236.18264409353336
237.0128904044628
236.2728884110848
236.89824376702308
236.55682484308878
235.01380505164465
234.2506592993935
236.15603662331898
235.31923175851503
236.51163075864315
235.59294301122426
235.8716831922531
236.2101411441962
237.50908987770478
234.2673767015338
236.31772866348425
235.92254037111996
235.93960859129825
238.76694829761982
234.781007707119
235.704679706196
235.5769701903065
234.22120379755896
233.72384842013318
234.47539758980275
233.05944492618244
232.89861591110628
232.80336568951606
