-73.40945423841477
-168.42920740445456
-206.00417433579761
-218.4912545442581
-223.2467984477679
-225.81819033622742
-227.74052142302196
-228.98370014429094
-230.81777759393057
-230.96863311131796
-230.86430484453837
-230.5692216952642
-230.8187219142914
-231.23809223969778
-232.9363328377406
-233.0134977499644
-232.15227212905884
-231.48423526684442
-232.01999015013376
-232.665753142039
-232.79547312657039
-232.20699725151061
-232.29625049034755
-232.01882456938426
-230.30402824878692
-230.8557871500651
-232.07529249191285
-232.75484455426533
-232.85981905062994
-233.14165210723877
-234.2442380229632
-234.20311719576517
-233.58275790214537
-234.1232520222664
-235.07007126013437
-234.5315332174301
-234.77586051623027
-235.3013074239095
-236.256141269207
-236.48658289114636
-236.79088956514994
-237.0414526581764
-237.3610448360443
-237.45953324635823
-237.71108642021815
-237.6033029794693
-238.2162283460299
-237.9205614010493
-237.77209451198578
-237.73783747355142
-238.20636246999103
-238.10559508005778
-238.1485323746999
-238.3533575852712
-238.3062198360761
-239.0481771548589
-238.95739687283833
-238.77598389784495
-238.4034739255905
-239.13866392374038
-239.5476059516271
-240.29779446522394
-239.9631238857905
-240.04129014809925
-239.7426080783208
-239.77010483344395
-239.95210493803023
-240.50538193384807
-239.9992057243983
-240.56652892827987
-240.93301207621892
-240.81296670834223
-240.16310164928436
-239.82255380948385
-240.34999015728633
-240.88085486094158
-241.67682593663534
-241.90003077189127
-241.80946474075319
-241.83821582396826
-241.05314284960428
-240.82928580840428
-240.45045874118804
-240.44185582796732
-240.9148580590884
-240.80399731000264
-240.90952817996342
-241.140669854482
-241.64607024590174
-241.66204869747162
-241.6771915912628
-240.94438070456187
-241.30793288548787
-241.93248336315156
-242.37253479560215
-242.35131896734237
-242.56062359015147
-242.66231784025828
-242.7945990562439
-243.002785273393
-242.64042370319368
-242.4248836795489
-242.39738548199335
-242.39405386845272
-242.42818664312364
-242.71306865612667
-242.45868638356527
-242.76494527657826
-242.74902563095094
-242.78728862206142
-242.93493147293728
-243.2838863770167
-242.84937942028046
-243.04597080548604
-242.65222619374592
-242.5463189204534
-242.85889298915862
-243.16337953408558
-242.94118377367656
-242.87228110631307
-242.8695031762123
-242.67807373603185
-242.55532171726227
-242.66800401608148
-242.8503162264824
-242.51115748087565
-242.90711308717727
-242.88589262167613
-243.4647646745046
-243.37111503283182
-243.23370518684388
-243.09550156593323
-242.9704136053721
-243.09490168094635
-243.08471706708272
-243.24440967241924
-243.58247725963594
-243.57996191978455
-243.574657758077
-243.2200083573659
-243.64873467286426
-243.52036593755085
-243.4754993756612
-243.5678760210673
-243.15807909965514
-242.85308205684026
-242.58351729710895
-242.44816769758862
-242.70839797655742
-243.14362236658732
-243.20555421511332
-243.30268948078157
-243.4607628027598
-243.55066250165302
-243.4721217195193
-243.3404143889745
-243.5032777627309
-243.6617094596227
-243.48247545957565
-243.6453814427058
-243.75020708243053
-243.51425594091415
-243.48603884379068
-243.45933655103047
-243.4515730102857
-243.46251997152964
-243.59569217363995
-243.55898478428523
-243.61311981678008
-243.31370338598887
-243.3745531320572
-243.52749896844227
-243.764641781648
-243.71352991263072
-243.9317990422249
-244.07370354334515
-244.0199723482132
-243.77735051314036
-243.45241769949595
-243.35929702123005
-243.556099597613
-243.60693513154985
-243.53612188895542
-243.53115798632305
-243.38709365526836
-243.71040390729905
-243.60539441903433
-243.67957162857056
-243.51650586128235
-243.53947331905366
-243.60367764631908
-243.59233599106472
-243.44131957689922
-243.70488980611165
-243.58571953773497
-243.55119237105052
-243.3739666302999
-243.15334777832032
-243.27710130214692
-243.42409841616947
