725.453738339742
616.9543666521708
569.4334723790487
555.8350768884023
547.6323164304098
544.3409544785817
550.2353018681208
525.636949189504
514.9791673024496
476.18780767917633
518.5586804072062
516.4686263561249
539.0077541033427
484.6728142976761
521.5507097641627
495.117733558019
492.4176347255707
485.81515291531883
528.8805014769237
496.46825002034507
494.852981599172
523.2398492972056
498.6339834690094
534.4334058920542
518.4836601654689
495.5849122365316
524.5814803918203
503.925660053889
555.6810995340347
513.7253953138987
500.6963538328807
500.0743485132853
507.9956957022349
491.7219057559967
496.53403448263805
480.9594831466675
521.6590005397796
479.178697903951
477.45686597824096
485.1491849422455
469.50383222897847
462.45405933062233
495.2052811304728
486.8083317200343
452.3986867904663
518.0284272432327
497.7750381310781
492.26053239504495
468.48177253405254
504.7861744562785
498.4157250404358
464.065164232254
425.6142973105113
467.56356772581734
447.0682528177897
465.5621384302775
463.42067391077677
476.9523896694183
507.4214632511139
459.60243997573855
485.41059754689536
471.1993095080058
526.2025861183803
470.30286589463554
462.2389172077179
445.86819631258646
484.9666259765625
491.2207029183706
498.3235948721568
484.03643843332924
469.9633865992228
463.2389628807704
462.66474689642587
495.2137753168742
494.9941725095113
468.8596071402232
487.82588267326355
453.77676687240603
482.708176000913
473.2237459977468
447.0711651245753
494.76228839556376
488.91569267908733
505.88628052075705
482.17109375
491.62093806266785
451.6579456806183
456.0579577922821
547.5771000464757
426.5183759689331
477.32367844581603
459.7328346729279
477.14314544995625
462.89387537638345
472.88729676405586
459.37736479441327
511.24660577774046
458.01279408137003
455.40885246594746
439.29853891531627
442.3604866981506
505.71152957280475
505.9536989847819
473.2393174409866
499.5953470786413
505.84889396031696
463.9673968315125
444.32094082037605
481.2583720445633
488.0586846669515
467.7444295724233
444.33102238178253
483.1548940896988
475.6608251015345
431.78544408480326
463.8188289006551
442.0206109046936
541.357938226064
461.651305103302
453.3837190628052
435.23523758252463
494.19106913407643
442.47477447191875
476.4243760506312
439.159335120519
441.39006374677024
488.11384863058726
464.0233392238617
475.89177316029867
466.2112656593323
482.3226659615835
455.2380090713501
459.02557435035703
496.1011610031128
427.38097710609435
461.20316472053526
470.3357011079788
455.7639801343282
458.1436600446701
449.2464389006297
474.22464009126026
441.5020223061244
473.66704079310097
477.16571327845253
476.9639390150706
498.0785720507304
465.57741193771363
450.54572909673055
458.86136577924094
473.5805953582128
439.97749780813854
451.3137659231822
460.0210155328115
461.5039353529612
441.7710224310557
459.4782369295756
448.18447739283243
455.9566805680593
445.5919581572215
472.24766081174215
453.25311419169105
454.2527637799581
442.4366125424703
478.4372950394948
501.4968275864919
459.2834854602814
464.2971293926239
478.5868411064148
465.13314480781554
456.26358874638873
498.8791268984477
484.1955662886302
466.8796331723531
464.19073408444723
472.5957711696625
477.4224170366923
451.1188629945119
466.60299781958264
469.55278429190315
508.1975154320399
452.77224481105804
477.5672862768173
443.8129555781682
444.76226652463276
449.0470385948817
477.9464039325714
457.7098782221476
488.5049346288045
457.3577265421549
458.77354656855266
480.90235939025877
451.04457592169445
437.4959908167521
456.89242844581605
492.7618161201477
440.08120900789896
480.61898827552795
442.0023504416148
477.16886043548584
492.54024786949157
