1303.5994112650553
1283.7040458043416
1265.8368989944458
1269.0931650161742
1267.712004629771
1260.508853149414
1252.7059339841207
1254.692813014984
1250.3020977656047
1247.7067606925964
1249.2743668238322
1248.6583422342935
1245.6448957443238
1249.680298201243
1236.2638115247091
1236.3357099215189
1238.2535065968832
1238.0085441271465
1236.1157380104064
1237.7340483347575
1231.4681814193725
1233.2343580563863
1235.6976511001587
1229.98673286438
1235.6078517595927
1230.11566918691
1230.9576674461364
1229.2925397237143
1229.6380174001058
1228.429890092214
1233.7416685740152
1231.1095377286276
1229.597797012329
1229.1504724184672
1219.904928779602
1224.3336228688559
1224.5309264818827
1225.7518781344095
1217.299015045166
1225.2451476097108
1214.0447504997253
1219.4431063334148
1217.9623870531718
1224.0205034573873
1217.3767192840576
1227.249068291982
1225.5026370048522
1216.3070863723756
1216.243586476644
1227.1647816340128
1221.3478912035623
1222.0489824612935
1215.5180492719014
1223.3503799120585
1224.7328386624654
1209.5654041926066
1217.163689072927
1222.0555428822836
1218.2081574440003
1215.5630775769553
1212.122067451477
1217.6394060452778
1214.7553229967752
1217.4790053367615
1215.2568755149841
1213.8412380218506
1220.346221446991
1217.9634703954061
1215.7884749094644
1213.633821773529
1223.246823946635
1218.4803113301596
1212.0734208106994
1209.0451268513998
1211.1611645062765
1213.352977403005
1214.5137591044108
1215.5687154452005
1208.1337831815083
1215.6409159024556
1214.5738057136537
1211.9530587037405
1212.8784036954244
1209.6768661816916
1213.4823781013488
1213.576823202769
1211.2687722524008
1221.1122590700786
1211.8263914426168
1208.4733241081237
1209.9118911107382
1208.5722908973694
1221.4437061945598
1213.3935787200928
1210.880509185791
1213.8809589068094
1210.193013159434
1216.2722993532816
1208.4276423454285
1201.4024327278137
1206.483559290568
1207.738934580485
1209.441746266683
1208.0881454785665
1214.5869381904602
1206.4543088595071
1210.4235768000285
1203.660342979431
1209.3974197069804
1205.75341091156
1206.2857195218405
1212.760024388631
1215.8840965588888
1212.4913882891337
1213.6573554039
1210.1874736944835
1207.0642919858296
1202.591847674052
1203.4765537420908
1207.8503826141357
1210.635317103068
1207.3390934626261
1205.2758601824441
1204.382170009613
1212.8294820467631
1205.0393433570862
1209.6389980157217
1204.6517968495687
1209.8455165863038
1206.426561196645
1206.913195514679
1203.4926005999248
1202.635048675537
1211.5331181208292
1208.3944979985556
1198.9725447813669
1205.3328722000122
1204.215663878123
1206.6154474576315
1199.5734564463298
1207.5374891281128
1201.989512093862
1197.4337774912517
1202.559267950058
1209.3862747192384
1200.3379913965862
1208.4212070147196
1205.2894947052002
1205.7080502827962
1203.5563413778941
1199.7205823898316
1209.8709551175436
1207.782853047053
1202.9643500963846
1205.5993132273356
1201.9881799379984
1204.7777669270833
1207.4625577926636
1201.444497092565
1199.4875638961792
1196.4136122703553
1202.985513718923
1205.3959513982138
1197.4763164202373
1196.8011477788289
1197.1728678067525
1200.1002930959066
1202.8155076026917
1202.2703590710958
1199.6602987766266
1199.5890659332276
1205.1385769049327
1209.6743096351624
1204.7283983071645
1206.1003856023153
1202.2575315157571
1202.4519307136536
1201.7889312744142
1206.1100222587586
1207.832274166743
1207.136225605011
1213.0466137886046
1198.8151912371318
1204.3903540293375
1204.8844259262085
1204.0426431337992
1202.02818218867
1202.6383235613505
1201.803650045395
1200.0743145942688
1199.1272627194724
1199.6957881291708
1198.7104146957397
1206.6708123524984
1202.7281891028085
1206.262728691101
1212.4765818277995
1203.3773248672485
1206.6969806353252
1203.7118646303813
