995.571352783839
824.5310789585113
759.506123495102
705.0436432917912
676.307869052887
651.6088695685069
628.8977367639542
606.8577098846436
593.9127559423447
580.8428261200587
562.271915324529
555.6113559802374
548.4661023457845
545.8664278904597
537.8126385609308
538.3047570387522
528.5241065184275
525.821667655309
518.0415784438451
509.16565523147585
506.909126941363
504.29610510667163
494.0561026493708
488.6052122116089
489.9227352142334
483.2939404328664
481.33851878643037
470.96355391343434
471.08171367645264
470.7874037663142
467.9024847984314
470.67309133211774
465.3403989315033
464.3479663689931
468.93432752291363
459.6609118461609
464.69196310838066
460.7779915889104
461.0953323523203
458.429601764679
446.96309572060903
451.0565569281578
453.9849298556646
449.3597471952438
443.5018967270851
445.79735460678734
441.2662117203077
439.8506393869718
443.4587723135948
438.2307317495346
436.796617102623
433.26002070109047
436.0684246301651
436.39710397720336
434.24510254065194
431.5956377506256
430.1811376611392
428.9009815812111
427.9969369411468
429.0786058386167
423.322715373834
423.32078944047294
423.9842489083608
421.8256162405014
418.65090182622276
419.9140264034271
423.81287918488187
418.64505328734714
415.24719480673474
414.45152672131854
414.3751796762148
415.2507820606232
414.0774520754814
414.7845916032791
409.3307374636332
411.2023227969805
409.89432050784427
410.0743008732796
410.3673924048742
408.81659631729127
406.90681507984795
401.95270539919534
406.88520002762476
403.2780694405238
404.5117269436518
407.12017284234366
405.38241881926854
404.4836596608162
402.2462451418241
399.33199752171834
404.5401251832644
406.01746066411334
400.281890920798
403.536072341601
403.13284780979154
400.1706335067749
397.3272456606229
400.2285234808922
397.55224558909737
399.79783217906953
400.8070156017939
394.98451228141784
394.2458753903707
402.1761731147766
395.3673368573189
393.3210059165955
396.2326607108116
393.82993275721867
393.87145462433494
394.0437475601832
392.47343295415243
391.50817356506985
393.5988032420476
391.11928177277247
392.4110886534055
390.9707249403
392.10861899455386
387.9331752856572
389.9145608782768
391.7427812973658
393.4522272229195
386.8752581556638
389.31280381679534
386.76444892088574
386.1805763483047
386.72763894001645
383.835866189003
384.5806060036023
387.08916163841883
383.0526424964269
381.66470823287966
383.02846056222916
380.4740820248922
381.72071623802185
381.9946885466576
378.9248613079389
385.4598552107811
378.168875682354
380.66156691710154
381.9230264782906
377.715718015035
381.2951006333033
377.8771673520406
381.533578256766
379.19323454300564
378.34653284152347
379.985562757651
378.86238296429315
376.7786028663317
378.81740291515985
376.09679868618645
376.1885674635569
377.3671294927597
373.28529323736825
374.95843687057493
374.01667625109354
373.5347692728043
376.33969497680664
373.4401152809461
374.1435627102852
368.9006161093712
371.2505947033564
372.96693411668144
371.27731510798134
371.00337101221083
372.65581042369206
372.1073439757029
371.64625916083656
369.4038320620855
368.8849923888842
370.0128425836563
370.44501816829046
367.70079184770583
367.7365494608879
368.1019435207049
365.6876660108566
364.610411743323
363.73403058052065
366.2632830580076
364.16136340300244
367.2557220419248
368.25543723901114
364.16358736753466
368.2320013642311
364.3256815711657
365.69705875317254
368.8369649966558
364.4970561782519
363.97211912075676
364.68920584917066
365.4573335766792
365.8482733766238
361.0934303005536
362.3915442625682
369.02287844816846
366.15019043684003
366.93537379900613
365.7296184460322
364.8898833354314
364.24657150904335
