1348.2213103930155
1298.6010725021363
1284.6785829861958
1276.5733962376912
1271.7207764307657
1274.3747915585836
1264.7833221753438
1260.003963661194
1258.9204831759134
1259.1309987068175
1260.971011543274
1260.8378726005553
1250.256889661153
1255.712902545929
1255.2116302490235
1261.9588386853536
1248.4786290168763
1253.4888233184815
1252.3938735644022
1246.2088554382324
1256.2598795572917
1249.2643843332926
1247.8438602129618
1250.3604398727416
1254.9913534800212
1236.6272583325704
1248.195327504476
1240.6624715805053
1243.3915488560995
1239.0066116015116
1237.0113861719767
1240.4125452677408
1240.5209442774456
1238.627565161387
1245.3785128911336
1235.7628023147583
1240.4722253481548
1239.4686619440715
1235.8966848373414
1236.3922704696656
1239.2967376708984
1241.3665273984273
1235.3103853225707
1232.0090416590372
1235.9491333961487
1242.3972039222717
1229.7041655222574
1227.7588979085288
1237.142693010966
1234.0106178601584
1230.6694245020549
1231.3950583457947
1234.188482952118
1239.0151349067687
1230.4418802579244
1238.041625404358
1240.7708242734273
1233.4274811108908
1233.2703868548076
1228.4875893274943
1234.3194428443908
1233.789309310913
1223.1459546407063
1236.9855034192403
1229.6919109980265
1230.7780325571696
1232.0402358690897
1235.544873301188
1232.0596095085143
1222.450677871704
1238.936910978953
1224.501188023885
1235.3476910273234
1237.795179271698
1231.1337813059488
1225.135636583964
1225.5848481496175
1228.713617706299
1228.5604669888814
1225.1794505755106
1227.6458338737489
1235.42896677653
1224.7288190841675
1235.4493774731955
1223.669402694702
1228.5678229967752
1225.1867250760397
1228.3236899058024
1229.0621884346008
1230.5983531634013
1223.8778343200684
1218.5687614440917
1225.2626245498657
1226.199391523997
1230.3811362902322
1224.7755072593689
1226.5793725967408
1226.5402749061584
1224.238541730245
1228.2983631451925
1223.802659034729
1225.643048063914
1229.3351532936097
1225.0601078033446
1219.6782706419626
1222.1350450197856
1223.6355344454448
1227.3057399749755
1230.075583076477
1226.8266070365905
1226.239774354299
1222.3925821940104
1228.375919342041
1222.0803538004557
1221.6877634684245
1227.13773949941
1227.5014587084452
1223.6406649271646
1226.0036553382874
1221.4849644978842
1221.8734247207642
1227.4315084139505
1230.3805266698203
1224.3674134890239
1227.0189325332642
1224.3481972058614
1227.5669527053833
1224.4052247365316
1219.785996691386
1220.944855117798
1217.83316116333
1220.0056343714396
1221.2931466420491
1213.0973988850913
1215.4354363123575
1219.677263132731
1221.0587922096252
1219.5647271792093
1217.5265075683594
1224.8568668047587
1226.1218143463134
1224.3070683161418
1210.6834777832032
1217.7142938931784
1223.320815181732
1222.1506199995677
1222.777744738261
1216.7399895032247
1222.9248463312786
1221.1511773109437
1213.7585174878438
1220.3888390541076
1222.9155824025472
1216.960519440969
1214.1642593065897
1224.3180674552918
1218.6919951438904
1224.6463695844016
1213.7991787910462
1212.355964676539
1217.5127396583557
1215.670868396759
1218.3201743443808
1219.8873854319254
1222.7964994748434
1218.8687091827392
1222.4905345280965
1221.7977672894797
1224.5976938247682
1219.8176622390747
1222.4664883931478
1221.8446672121684
1212.1193548202514
1216.909560139974
1215.3554423332214
1218.1935859044393
1213.0744519551595
1220.8263095855714
1225.0786829312642
1220.1106442451478
1216.5790448824564
1212.9866424242655
1219.3112093289694
1211.6404484748841
1216.944602314631
1213.5626705487568
1219.4622089385987
1219.203685283661
1213.798382250468
1213.7458996454875
1220.4960731188455
1217.3581803321838
1216.4588523546854
1215.0294016043345
1220.0233735720317
1215.3315667311351
1213.5121700922648
1210.3039930025736
1218.8570062319438
1221.6150111198426
