3533.5489848454795
2212.925746536255
1897.7624613444011
1687.7047290802002
1560.011213239034
1437.3018986701966
1356.7620337168375
1266.0717699686686
1187.2159939448038
1136.4740114847818
1107.4549196879068
1067.403378168742
1013.7150157292684
959.3285514831543
919.3427776972453
882.5390497525533
868.7989694277445
836.4786977132161
815.9664834340414
780.0972486178081
774.9216588973999
760.0180604457855
746.1047995885214
719.9632328351339
700.1892740567525
679.8417793750763
659.7784109592437
658.9901004155477
629.9625835736592
626.3526141166687
610.0279019355773
604.0380985577901
589.3743671417236
584.2222412586212
580.1165832519531
565.8534846623738
558.0886910597484
555.3068681081136
548.9746098041535
536.9916257699331
530.0874915917715
520.9443116664886
520.8460944811503
517.0173680305481
508.3689150651296
511.45630944569905
507.821609099706
501.1544344584147
491.13296744028725
497.84004697799685
489.41467089653014
485.85643841425576
491.1057367960612
486.87876942952477
482.46551032066344
471.70464860598247
463.74936803181964
454.15581612586976
449.6256176630656
443.8779314517975
442.1871348063151
437.7105693499247
434.4252669811249
434.30362866719565
424.72002528508506
428.17986467679344
424.11158480644224
419.6565656979879
419.1561773777008
413.14605463345845
406.8925323009491
409.22910766601564
396.9260321776072
397.4176775932312
403.1897638638814
405.55330704053245
402.2479255835215
392.37838894526163
388.5295336087545
391.2359488964081
384.7606517791748
384.5575825691223
381.57958907286326
379.70812890529635
377.7006645997365
372.60984047253925
368.548148949941
369.18700930277504
371.0545983950297
365.25146802266437
373.2665698448817
364.9199337482452
364.4106220245361
362.4343190272649
361.22375728289285
364.5639478047689
357.74606437683104
355.74875407218934
351.75004146099093
352.4043716271718
349.36909852027895
349.09233922163645
346.7458789189657
342.08921755154927
337.7535259882609
338.2063853820165
334.65438245137534
334.56958139737446
330.0289839347204
330.6382521867752
326.4893791913986
327.74503973325096
332.1810789267222
324.04332802295687
328.74358684221903
328.2382108529409
322.89719921747843
318.7820489009221
318.0332346757253
319.2012588024139
316.9554268519084
315.27365487416586
310.5545995791753
309.8026459534963
305.83293974399567
305.7627053022385
307.5521791855494
305.31205976804097
310.3042043844859
306.75332765579225
304.6760805130005
300.44196497599285
304.33196574052175
301.046749941508
294.8297112464905
293.04895110925037
293.45193198521935
296.4955762545268
288.7349844535192
296.1670041561127
293.3186682542165
292.2660582701365
297.204381887118
290.1093331495921
286.59450206756594
286.45062545140587
287.25866935253146
286.10286555290224
280.01331350008644
278.3263416846593
275.0504103899002
277.8859874327978
275.09048807621
273.0575170199076
274.1128943920136
275.2372416973114
276.5273110071818
273.5520099322001
272.4225488503774
271.16942252318063
273.0569195350011
270.28948530356087
265.4667288462321
263.45730502605437
267.11650286515555
263.5528695821762
261.6071076711019
260.5374573469162
259.66581110954286
263.6990829229355
262.5951707601547
258.04239161014556
254.55546339352927
255.60044660568238
257.22649568716685
255.43895270029705
257.0137749671936
257.9729695479075
253.12469763755797
252.64332353274028
252.3417573928833
250.8012783765793
249.88265012900035
248.83562139670053
247.99261666933697
246.81668458779652
249.27298359870912
246.8910190343857
244.43972101211548
255.47951725323995
251.34904342492422
242.4266745011012
242.56436970233918
243.164910642306
242.3042329788208
241.346781651179
241.28255043029785
239.29050354957582
239.93049239317577
238.0680641969045
