-21.085154514888238
-24.91858179610351
-26.54634484083488
-28.71093576324397
-27.503014884118375
-25.741057894353208
-26.537494072112544
-27.263589513712915
-25.390708529743655
-26.385539642695722
-24.99509137509198
-24.325803831733506
-25.506860237697076
-25.899292147878942
-25.438237595660933
-26.12437116277629
-24.96542146390882
-25.31394938610751
-25.862566462878522
-25.203085373187886
-26.430286786679563
-25.724504608018645
-27.170476497761136
-26.92672506488603
-27.437811841738636
-25.747915063438743
-24.882107095471746
-24.653290283063363
-25.726738259710114
-24.882670312092223
-26.781946061500186
-25.208437263965607
-25.133382967833814
-25.389557994645216
-24.252228314506596
-25.194548344817655
-25.48969858473745
-25.983959605981564
-25.778614305216692
-24.89146964200612
-25.20864637041914
-25.37975458852176
-24.382613657877364
-25.70538400164966
-25.041997532906205
-24.403032548468687
-23.81261770273077
-24.6654795115364
-23.771604302628287
-23.787077927383883
-24.393837020314972
-25.57677890308972
-24.139223061758898
-24.33342342438369
-24.515975592465235
-24.872540877297006
-25.000925434046778
-26.161598594024262
-24.015376152663396
-24.71901978809258
-25.714622711827015
-25.729412576247906
-24.78612950341455
-24.005221649490554
-23.97024307990896
-24.829610287629325
-25.567086456150843
-24.9946084906315
-25.17611002870675
-25.590998853075092
-25.73550452857182
-24.983083996279486
-25.355286583818238
-24.648557499051094
-23.67912831542821
-24.54659196837195
-26.18180433326754
-24.278548906075542
-25.110715372809047
-24.826515555381775
-24.66668032058354
-25.355120865435435
-25.717456816599288
-24.36856952515142
-25.59763215841918
-26.101218200963118
-25.015081464216628
-24.46972281460104
-24.819593025692576
-26.185744249615176
-24.187503585527683
-24.412997723653397
-24.816136678231175
-24.069813626593557
-24.300526180144015
-24.613948711033526
-24.359776867360903
-25.15920035284141
-24.427774038294267
-24.39560332483259
-23.96735949865703
-25.153314850967504
-24.4588271816229
-24.359630734756074
-23.73025853263921
-24.413708961215512
-25.595557689666748
-24.59047050876864
-24.41215896400912
-24.8314338758074
-25.73120177511511
-25.58017848072381
-24.434927914676994
-24.36223868203574
-24.206338891695285
-25.049265131868165
-24.73705408285404
-24.559999000409555
-23.232622741625228
-25.696336463093758
-24.564647705390534
-24.27069157002301
-24.71339637041092
-23.97748395903357
-24.09325644733577
-24.492881483045117
-24.752404181094004
-24.525887730820426
-24.89708738799753
-24.879711142901716
-23.87092469375709
-25.47308082929973
-24.803781951295917
-24.2236050408462
-25.85278987678988
-24.919105137216633
-24.330508796819323
-24.560518811488972
-24.19887802981097
-24.80230292266813
-24.663437065379373
-25.603126703665176
-26.089978439026865
-25.570118099451065
-25.349922493614
-25.739048523121866
-25.398111650142177
-25.083523853071803
-24.247996702276428
-26.39865007277193
-25.195656587337627
-25.464044934202885
-25.060710409591938
-24.809523047044358
-24.467477153087483
-25.231028308642323
-26.06937865758764
-25.657870357920384
-25.528946584668653
-25.102413438517473
-25.600058148647175
-25.612579237798165
-25.677996587136697
-25.540739924743256
-25.47919982877271
-25.458766160340144
-24.795605653318866
-25.041030680311138
-25.594768587371398
-24.408753842115402
-25.887161255396645
-25.19524768714247
-25.857848276352062
-24.671911145078724
-26.352594989127127
-25.257308158381232
-26.023038484926882
-25.95664841656027
-24.941316503389128
-24.761512687494015
-25.797740926002636
-25.31113011364279
-24.858713507395365
-25.22323626793664
-25.49564174537001
-25.505296487232734
-26.237420315886364
-25.919849062788074
-25.573818581371473
-25.142081305384636
-24.603547039730795
-25.686617864616984
-24.28490594902943
-25.331937152763892
-25.640360868182675
-26.16492101498719
-25.642964838907638
-25.392298866962566
-24.985728092748545
-24.521257354781547
