-30.438043830792108
-63.6405917485555
-79.85994515021642
-84.94612253308296
-89.90548194249472
-92.27416893839836
-95.68926467895508
-96.32155969142914
-94.83572727044424
-94.7266483147939
-91.77838275829951
-94.40362694263459
-92.26075115799904
-91.77035266757011
-96.0345052242279
-96.68293037811915
-96.36458991765976
-93.0120095094045
-92.72922838131586
-93.20011186599731
-94.59407947063445
-93.55469088753064
-96.4211152891318
-91.09276317358017
-93.44131759405136
-95.29565176566442
-92.09480652411779
-94.33217051625252
-92.72062428394953
-92.53416912953058
-94.9842265923818
-94.30352207024892
-93.72102808554968
-91.16675529281298
-95.67842770814896
-93.37962816953659
-92.76144744157791
-90.22054286996523
-92.42078346808752
-92.89059025843939
-94.73320185740789
-92.31641962925593
-93.21909251610438
-91.20200976530711
-92.78495386242867
-93.76789625883103
-92.77452666759491
-88.97444750070572
-93.94838717778524
-92.59276115695636
-92.5300548752149
-87.99526917934418
-92.06531509359678
-93.30912982026736
-94.54697877963385
-95.19482752084733
-93.03787903984387
-85.78250632683437
-89.84301112890243
-92.58975709279379
-93.96718372305234
-89.97584022680918
-91.94676901896794
-91.79018149574598
-91.03881462613741
-94.58316679398219
-93.18277686635653
-89.84189317822457
-90.24647224346796
-94.02059060136477
-93.11854008436202
-93.7773795167605
-92.52617087364197
-89.13786121209462
-95.84808973868688
-91.85122724374135
-92.59198836485545
-91.30002843141556
-95.01863503257434
-89.65371484557788
-92.86509252985319
-91.85952767133713
-91.48758044838905
-93.64414195219676
-95.20536497235298
-95.26611498594283
-95.19316484928132
-96.13188583850861
-93.10161330302556
-91.19902415275574
-91.4132668197155
-90.42953010002772
-93.46335081855456
-93.50882283051808
-92.41696484486262
-93.33088691234589
-97.26656904617946
-91.00210882425309
-92.1506587266922
-94.60231218735377
-92.33685508966445
-96.007401796182
-94.31690721909204
-92.07177610198657
-94.3947506169478
-92.91041581630707
-94.19639225403468
-96.37997016509374
-95.2797823091348
-98.16573197841645
-96.38789414763451
-98.03668933312098
-92.81595377524694
-96.15581401983897
-93.89522029956181
-93.64317072629929
-93.20163888136545
-96.16076234976451
-93.63946744600932
-95.00503079295159
-94.53171527783076
-96.8043456852436
-94.14273740450541
-94.52630114555359
-93.44212022225062
-96.06664990385373
-95.51512012084325
-96.02117758989334
-97.5647716899713
-96.51174112161
-96.86433298985163
-95.31084493398666
-96.22149358391762
-96.18848481178284
-92.94366747538248
-94.25003268520037
-95.58930811882018
-94.99248380064964
-96.76556749343872
-98.36638487577439
-99.58675484657287
-92.68073302904764
-96.38641382455826
-96.53696031173071
-95.26229936877887
-96.29381154378255
-96.83972038825353
-97.85296459992726
-97.56190087199211
-97.1335739215215
-96.33116543094317
-95.37536334991455
-96.4015675564607
-98.90245429873467
-92.81684290965399
-95.43908265034358
-98.00787253975868
-96.70739994843801
-95.57499111493429
-96.71118908723196
-97.01036876241366
-98.59089980125427
-97.13733302354812
-95.04819870988528
-97.9841771264871
-96.29544450044632
-97.06225142478942
-98.0644492983818
-96.6306643307209
-98.51705635388693
-97.59633822838465
-95.4298559387525
-95.93632312218348
-97.15472997426987
-96.63882944583892
-96.62924066384633
-95.74939059813818
-97.29114266633988
-96.49802332520485
-97.27221137285233
-94.29267518917719
-100.47369253635406
-95.05678369998932
-96.11915143728257
-95.34367649555206
-95.30298186937968
-99.11883094708125
-93.22898049354554
-95.3585205733776
-95.5816955347856
-96.05622623960177
-97.03359529574712
-95.19776599605878
-96.32372977733613
-94.23719007770221
-98.04169632991155
-94.34867314894994
-98.92131459315618
-95.2098583996296
-98.66958882013957
