25.55940440643964
7.604544859507988
0.3958833721177331
-3.327967694093441
-6.181648687042039
-8.563009841174916
-10.160904843745561
-12.090267885861726
-13.785982283538786
-13.749804900124156
-14.508525790325526
-16.212644117145704
-16.53130107963907
-17.70147369288165
-17.189966197671563
-18.788483299571894
-18.693703590795913
-20.238029721482047
-19.415247802076667
-20.684261113405228
-21.599981447746014
-20.666051124704296
-21.423338011421006
-22.49824371420104
-22.681207725713993
-22.46287976873332
-22.480022550656876
-23.08566952779375
-22.81953919858768
-23.537609743660894
-24.42073603334098
-24.2558749831956
-24.420302539036193
-25.136232422343618
-25.318773863644434
-26.19202466052154
-25.17541541827136
-25.55145521205047
-25.315031274639328
-26.39958407961089
-26.313426551120035
-26.389713551463753
-26.887992167267306
-27.247939270118188
-27.38625461479713
-27.61940106132935
-27.693271997673758
-27.691366013781778
-27.222325421612837
-27.911282210514464
-28.660683595928653
-28.179742054692632
-28.30445234837203
-28.73439011799878
-28.059063356498193
-29.174180094538062
-28.212784818534193
-28.90287823923703
-28.463661415823573
-29.101846130757497
-29.510929946241706
-29.118074622647516
-29.759297109883406
-30.23956495934519
-30.004297751804877
-29.425162159163378
-29.64968054459013
-29.91981145020189
-30.245924889013686
-30.408542275428772
-30.93014231324196
-30.88207876785048
-30.838739335536957
-31.525175600216308
-31.453184073341305
-31.064408213927827
-31.197543376478656
-31.333581384913675
-30.740245532372903
-31.33191991674489
-31.881560133448964
-31.754460137465905
-31.21669700433468
-31.605021639116877
-31.23510086330874
-32.07889477446162
-31.365357856298314
-31.538956810688152
-32.47320581201849
-32.041909862181235
-33.40048282002581
-32.39866373559524
-32.10456921622671
-31.973747728199793
-32.615905704169435
-32.800955577143306
-32.86793226003647
-32.694872177880384
-32.59741755189567
-33.04031599287329
-32.050684681226464
-33.47203189648431
-33.19553813543813
-33.84698021000829
-34.00783299372114
-33.36348258318572
-33.14062461565281
-33.38516472023109
-33.870319777521594
-33.77500912649878
-33.24834150898045
-33.34753074625443
-34.09203944637858
-33.72689829818134
-34.22217325198239
-34.352045798096164
-33.77287534701413
-34.374557998673666
-34.51930925147287
-34.04791332216099
-34.49788403202747
-34.771576960538994
-35.11279569001034
-34.94025700873342
-34.78870223513965
-34.557082567749354
-34.59977944452187
-34.44561202567199
-35.07266670362703
-34.81800962008279
-34.93727286314142
-34.88718434962733
-35.2027941788065
-35.37803378906743
-35.782986336740954
-34.505218206808486
-34.56046631521192
-35.93123934495038
-35.39218958904003
-35.81543814108289
-35.94720495672062
-35.83741188665916
-34.41191774503938
-35.525800457288476
-35.937692019446146
-34.472252892009145
-34.92906629525382
-35.30766451256029
-35.59605809429596
-35.53042439448422
-35.493907059061115
-35.82680535110934
-35.72291731012279
-35.64863081841633
-36.13373307524056
-35.373804155094874
-36.24779707707208
-35.37407502429239
-36.4709859418458
-35.812895593972044
-36.173678740345196
-36.489382056326704
-36.59244268824314
-36.07300641618926
-35.70606640700636
-35.26103060615474
-35.7032682145464
-36.13589339009647
-36.55701165055407
-37.458721901836064
-36.33825633238102
-36.75218744113528
-36.843944200154006
-36.4683042024744
-36.265140998980094
-36.747799435566215
-37.55641822568302
-37.171062983315565
-37.63738380834974
-36.60670055192092
-37.87409736472985
-37.593267156132335
-37.24979092951479
-36.7449003735493
-37.020457034480984
-37.79820366974535
-36.79247695721429
-37.69396847692029
-37.24282934747893
-36.563415078253584
-38.14898773411225
-37.568131497194024
-37.08913874215093
-37.209310320944624
-37.75651796830112
-37.48032109285223
-36.908456228930376
-37.918104713333065
-37.27694530528167
-37.554234249838466
