588.7429100831349
425.27326383590696
375.5457325935364
347.2401882568995
333.68836240768434
326.45096635023754
301.3850909948349
287.8693276087443
281.6282851934433
285.104381887118
276.11154367129006
268.06416084766386
252.8441752354304
244.9990545272827
237.21224993069967
236.1174958229065
233.7227960507075
235.11780418554943
227.6355628013611
224.4511743625005
220.71978349685668
221.2238061030706
218.30559789339702
217.52059648831684
221.89289429982503
213.11524471441905
210.50607628027598
204.0964107354482
208.94420675436655
206.4424339691798
206.38179426590602
205.22633159160614
203.06483303705852
198.15972506205242
202.96186470985413
196.54523097674053
193.14728844165802
197.0707455118497
194.16057013670604
195.49214039643604
195.61175407568615
192.52345186074575
188.69588317871094
192.06961859464644
185.0204793055852
189.57194108565648
189.425481681029
182.35891807874043
190.59886783361435
185.1038775920868
181.88427198727925
185.45304301977157
181.69336202144623
182.42154246966044
179.14502504269282
179.36680485407513
175.99449956814448
179.79374780654908
177.7843900044759
176.20952109893162
174.41929472287495
174.04648156960806
175.19021502335866
177.77858987649282
179.51413441896437
173.347363448143
176.108063852787
173.52136275370916
173.0664827942848
173.9794651945432
176.25699312289555
171.32199563980103
169.72884031534196
173.63316655953724
174.33031930128735
172.79251608451207
167.15455111662547
172.06164599259694
165.1277924656868
169.02168849309285
176.48596767584482
174.33731359640757
168.1892482995987
173.8291361530622
170.64401958386102
167.43926674922307
172.3882029970487
167.04775112469991
166.31073964039484
167.30760976076127
167.64274049997329
168.44199258089066
164.41171974341074
164.06813378334044
158.719253885746
160.79076328277588
160.8735203742981
162.03798451026282
162.06939709186554
163.73977650403975
165.37138824065525
167.28547900915146
168.87805281480152
167.17154831091563
163.4400983095169
163.76936592658362
161.24232598145804
163.21787020365397
160.86582000255584
163.6140954017639
159.38910599549612
158.62202542622884
158.12592430114745
160.9189906835556
159.32072722117107
158.38342610994974
156.19610884189606
160.59977637132008
162.39160980383556
160.52775118748346
163.2035872777303
158.43299173911413
156.52415959040323
159.8124516248703
161.54056210517882
158.4664120475451
158.794058461984
155.2947090148926
159.3236656864484
149.79682210683822
157.78129685719807
152.09075545867285
154.56153920491536
155.49388670126598
157.1028806447983
156.65481266975402
151.55724546114604
155.7200721502304
156.2835348367691
156.37276287078856
151.60620907147725
159.82778244018556
152.73401162624359
154.12700459957122
156.7549124797185
153.70303402344385
155.10419557094573
154.74125212828318
157.52757383584975
155.34101186593372
152.7941012064616
156.39400900999706
152.72317004203796
153.67734069824218
151.6816754023234
149.95597767035167
150.7829954067866
150.15477919578552
146.0228746652603
151.12875148455302
153.9481047352155
154.18835391203564
152.0261171380679
150.98181333144507
147.2999860604604
148.50384276310604
147.5386201341947
151.04884560902914
150.8200451095899
154.06359168688456
148.3795456290245
149.42005733648935
153.69733639558157
153.75667770703635
149.14352550506592
151.64025728702546
149.18935108979542
149.27977554798127
153.8384735027949
149.98377230962117
153.17435114781063
151.45707178910573
149.2663575410843
146.66875063578289
149.36443478266398
147.3605886777242
147.30883683363598
146.85323225657146
149.95349165201188
147.70145709514617
144.53094729185105
148.2700706879298
146.031906692187
144.14152240753174
142.50318154096604
143.31607604026794
145.85091450214387
145.13996872107188
149.1526159365972
146.65075505574544
