182.94257193803787
69.14696065584819
56.901458299160005
49.89110213021437
46.22947247624397
43.84433804055055
40.10820868213971
39.511127239465715
35.838279366493225
35.533713988463084
33.14600284695625
32.18315883775552
31.358632974823315
31.265968068440756
29.814464491605758
30.076542315880456
28.84874185025692
27.81064933935801
27.15607416133086
26.21861973355214
26.003571271399657
25.79977905054887
25.203333269556364
24.540778155128162
24.65695673773686
24.223853144049645
23.098505138854186
22.39911379615466
22.648392895857494
21.985180696845056
20.70268745571375
21.10691146751245
19.572872072458267
19.461406904955705
19.833583018680415
19.446812786658604
19.195851193368433
18.660412055253982
18.448378402988116
17.851209672292075
17.667134549717108
17.213903877139092
17.46709164083004
17.003872909148534
17.18106576750676
16.84564089179039
16.473402323325477
16.4540844976902
16.10670986076196
15.508383696774642
15.60363676349322
15.460246573388577
15.144671744604905
14.90028320948283
14.484856734673182
14.6619446977973
14.281426785886287
14.359441550572713
14.525383115311463
14.57481553852558
13.92585666750868
14.389868166049322
13.9817464068532
13.743004628519218
13.605871020754178
14.342062334219614
13.777685657143593
13.574989454944928
13.924285226066907
13.699242620915175
13.139537599186102
13.336203034718832
13.5252408079803
13.46079837779204
13.496216122309367
13.197955630968014
13.44900204439958
13.295190248390039
13.202325950066248
12.670603561153014
12.968201026072105
12.916293998559317
12.400305015345415
12.459894268214702
12.53396994372209
12.650586519390345
11.994762926797073
12.229855952660243
11.959771868834894
11.539391366144022
11.827427010734876
11.909724449614684
11.523491548498471
11.141013110180696
11.301205370326837
11.30452704379956
11.529670628656943
11.466512999931972
10.874364811430375
11.088268284251292
10.905231069773436
10.77959955856204
10.654753406594198
10.734135637680689
10.520594649761914
10.582160014907519
11.056516053030888
10.777051310737928
10.808265685538451
10.734074610471726
10.829255453000465
10.892373627920945
10.719008194903532
10.666141977409522
10.267786969989539
10.504242427895466
10.890966171771288
10.52210178176562
10.290109031895797
10.072468632211288
10.427447913587093
10.34719047670563
10.327497890343269
10.261736151079337
10.03685953617096
10.369576558470726
9.788341436286768
10.132247583568097
9.816258864104748
10.020176576574643
10.204046680529911
9.847350056469441
9.986589037378629
9.883967106540998
9.745025258262952
9.766915228962898
9.7238461188972
9.714219210048517
9.867813874284426
9.791286683579285
9.680175099770228
9.541315324852864
9.557395375271637
9.426667961974939
9.23865314324697
9.423304896056653
9.530590722461541
9.263239820798239
9.181227470189333
9.16824593693018
9.12714529534181
8.866268800199032
8.962949695934851
8.623903848975896
9.10357506275177
8.884126956760884
8.893284753958385
8.815701723843812
8.386304393410683
8.220340705911319
8.319153028726578
8.53418808579445
8.342147611329953
8.273743068178495
8.466139430304368
8.091621566315492
7.964821189145247
8.03727148125569
7.942251565555732
8.206069877495368
8.02122632910808
7.966546996186177
7.554973417520523
7.890765791386366
7.710701402525107
7.923195354640484
7.908165270338456
7.613782048473755
7.76714707861344
7.801099894940853
7.504021106660366
7.464088633159796
7.305145639429489
7.404432097822427
7.279130872587363
7.065345024565856
7.23984612201651
7.372287617127101
7.346857456366221
7.275073386977116
7.221049081285795
7.09123177404205
7.018988173951706
7.013583301628629
7.051901074747245
7.270570703099171
7.095913984129826
7.2569303472836815
6.956925870478154
6.9982028191288315
