135.54932054568982
89.99718427247015
70.64824621327992
59.17462295910408
44.03032121062279
35.08920157469552
28.057408930412656
25.925675089503155
21.839189621651993
17.950376480047044
14.692417117221089
13.072653296467816
10.019457602102694
7.862957131888332
5.911778091099755
3.2142482564306882
1.8767892022071213
2.085951137645491
0.3929184878180767
-2.7279382245293977
-2.0319139027389985
-3.959278465344988
-4.979873903866472
-5.537567663552432
-5.986805999587322
-6.497989471616416
-8.298760169795875
-8.23655632909002
-8.523961606724509
-9.174387285935468
-9.965632174549432
-9.357119360360606
-11.240589993781057
-11.587068949793947
-12.069336535087947
-13.000079722240054
-13.602510979463315
-14.659676140752332
-14.710325714843027
-15.422571303515598
-14.930116786525167
-14.465077337519876
-16.59005416981105
-16.105748527008913
-16.45274447983709
-18.047772746147782
-18.10119279191412
-17.78903555047923
-18.786650998325182
-19.051902661549633
-18.960934047041267
-19.962009285030692
-20.8105265385118
-21.113278219412113
-21.254648893043914
-20.821664530655433
-21.205303117119033
-21.191303873884266
-22.0703759450337
-21.99317851354336
-23.000790364783384
-22.588355896801783
-22.9247568599109
-22.821353142631466
-23.908398060963073
-23.765717436527385
-24.319283039405427
-24.487106116681264
-24.973622219315892
-24.950203619126615
-25.39321041826544
-25.218585372998795
-25.60065153652224
-25.656360087723566
-26.203318036835768
-26.327364522835303
-26.485860344664804
-26.899495999360905
-26.666074159844168
-26.625242665923874
-27.5097186966189
-26.80547970841671
-27.715206430903798
-27.864236747396404
-27.83120185136795
-28.609702446337405
-27.96786968255865
-28.24365162643893
-29.063758698003046
-29.46362092782711
-29.265449832225666
-29.046454235397537
-29.30324901280732
-30.21660122069819
-30.01835801683623
-29.687272128360025
-29.4937754139818
-30.16649997028811
-30.54240391891578
-31.178296900001065
-30.65463993158834
-30.899740333187168
-31.09463036985233
-31.64808741828491
-30.78235594363048
-31.595638716015323
-32.483840546731294
-31.728899175750797
-32.05954513775891
-32.240959434673705
-32.10244863506021
-32.5094195707091
-32.71698006165439
-32.54807396592765
-32.775995992381
-33.058598582086894
-32.99204004221949
-32.68623586153162
-33.665259738420616
-33.63748506533688
-33.440021997895734
-33.506592304542146
-34.044184197639595
-34.128471988028494
-34.351995451696986
-34.31581641065663
-34.487209729079545
-34.734552068956965
-35.30734621553585
-35.31536934396316
-35.51416222802524
-35.455741863826226
-35.236397252000614
-35.40076905283435
-35.110467497644755
-34.99942521391244
-35.55065223060805
-35.93051424622536
-36.12698835751106
-35.68733855362596
-35.687054072988445
-36.486595683056734
-36.666235866217775
-36.045726914857994
-35.97668155102894
-36.291702732957646
-36.53055636122309
-36.928025135706214
-36.61192306362349
-36.72385580786343
-37.4346631631769
-37.59497181505993
-37.15730209288926
-37.74113566813798
-37.57257566267047
-37.594472117465116
-38.44790118727191
-37.36280693473487
-37.31089175158534
-38.278721057135485
-38.05592654799593
-38.02118796007387
-38.280338431226795
-38.37265525090283
-38.37885824462463
-38.69760645155249
-38.56472824770829
-38.9644767189848
-37.42343328122435
-38.2707706494578
-38.84880567624651
-38.78971391505208
-39.55275248556301
-39.4750043513446
-39.33474472267874
-38.803212227492494
-39.49023170306765
-39.48716687950595
-39.33814375770503
-39.40942476432899
-39.71985423770444
-40.1215010758104
-39.913951049590935
-40.320596903562546
-39.80510369970881
-40.213237434625626
-39.8449099803793
-40.572795515430386
-40.52198633962664
-40.562025359992326
-41.16646340900454
-40.63189641155046
-40.69039233285805
-40.445418871682264
-40.118001152729164
-40.29473476060505
-40.08671478361919
-40.78005959144954
-41.42124510222468
-41.169197164732836
