-55.12030317248969
-59.431815539968426
-60.549883318358454
-60.01012633483985
-60.25840678502773
-60.30342578065807
-61.23333674258199
-60.893676371409974
-61.32456523796608
-61.12097448932713
-61.99092420730098
-60.739217205294246
-61.509510274591115
-60.778889658122225
-61.27772124574102
-60.189653790202634
-61.28308237215568
-61.37789180772058
-60.96683383912876
-61.46412864430197
-61.061569735921665
-61.35741142260617
-61.9859262499316
-62.160348304386794
-61.96848421672295
-62.1306674274905
-62.02121203932269
-61.744808748878285
-61.849637846494545
-61.88097497512554
-61.654385723944365
-62.00210496269423
-62.159914874824985
-62.39509966763957
-62.23009166840849
-62.33067673444748
-62.43457249115254
-62.16936119260459
-62.33348664127547
-62.26792023716302
-62.35282942138869
-62.34458536217953
-62.53401121188854
-61.943818122148514
-61.99834731735032
-62.259081837432134
-62.20516655568419
-62.184424673688824
-62.24087254548895
-62.71501299225051
-62.46342113100249
-62.064629937040394
-62.17094163956313
-62.014399205816204
-62.438154341845674
-62.75955797269427
-62.78475747231779
-62.571450393775415
-62.307984767289
-62.25932522683308
-62.58225623184237
-62.77160630760522
-62.87823262091341
-62.701395069730694
-62.74918082664753
-62.636752406070975
-62.593340984706224
-62.49715007995737
-62.50283934741184
-62.32352427984106
-62.36346075760907
-62.1130484527555
-61.85947993500479
-62.25325157313511
-62.752278706123086
-62.79747408217397
-62.63553180982326
-62.860032597492484
-62.65520842527521
-62.36037526973362
-62.53055349300648
-62.56401374833337
-62.58685802591258
-62.4411119253471
-62.56663556756644
-62.42802821870508
-62.320103487064095
-62.571888001828356
-62.56023630397073
-62.48151443436228
-62.55753321072151
-62.61366545126356
-62.64441148268765
-62.25775751574286
-62.58780222925647
-62.69503468069537
-62.655387964741934
-62.582535725215386
-62.5070273362357
-62.63186466488345
-61.53277206934732
-62.22574683715557
-62.46420200939836
-62.38591868096385
-62.34019753747973
-61.977091174701165
-62.13118325122471
-62.31396148944723
-62.440074983341944
-62.288222878143706
-62.41518921071086
-62.343908506220785
-62.26205036969021
-62.88209489912823
-62.899369087712515
-62.826657967320806
-62.72431618180768
-62.65592788108464
-62.73257095752091
-62.66508219673716
-62.545194007199385
-62.667189744012106
-62.763444934425685
-62.818723324044
-62.79467271011451
-62.676227431872796
-62.79868736965903
-62.67796787927891
-62.55255975908246
-62.38567989242488
-62.32051009556343
-62.68400393169502
-62.763933771643146
-62.51444018503715
-62.41600212352029
-62.36548837505538
-62.66526393129908
-62.675392929849956
-62.63139282012808
-62.62493697528181
-62.57425279863949
-62.62940167250304
-62.77630445977737
-62.54427619227047
-62.507232125463155
-62.59980914099463
-62.31425494366679
-62.8031517000034
-62.91770565612563
-63.01404437319986
-62.88652207933623
-62.855861908402936
-62.907032447642294
-62.78194553276588
-62.72017986918318
-62.721237067518565
-62.79816880205582
-62.75442726961498
-62.47179772524998
-62.682499688247155
-62.68667763368837
-62.7414223099577
-62.57015557741297
-62.53360138679373
-62.41566080471565
-62.75368123218931
-62.81513887643814
-62.836350247777744
-62.865200877189636
-62.73354835962427
-62.71872529695774
-62.77907896864003
-62.87604919795332
-62.96981236441382
-62.94511595265619
-62.78786994259933
-62.85838161665818
-62.79942988321699
-62.84562684133135
-62.80098589021584
-62.79617732660524
-62.758843532924
-62.8370033646452
-62.812840632323564
-62.817822217941284
-62.73652665265675
-62.74952642568226
-62.63814049034283
-62.770119683495885
-62.64653324258739
-62.61700492377939
-62.597867745777656
-62.332489925211874
-62.41009292109259
-62.6299103097669
-62.6094112098217
-62.502450371610706
-62.6195464904966
-62.49870665217268
-62.66079583969609
