42.122852102915445
24.53213921537002
21.030949581662814
19.714630061388014
17.958282135923703
17.628465205430984
16.085133978227773
15.232854635020097
14.610983786483606
14.062018571048975
13.272665648162365
13.824897779027621
13.385974629968405
13.27035131206115
12.942625935375691
12.391370564202468
12.414071461806694
11.602888048936924
11.47926655560732
11.221156954516967
10.820229853441317
10.550205759207408
10.415870167315006
10.917169427871704
10.237279711167018
10.025484830141068
9.589140744507313
9.759068583448729
9.344140248000622
9.489800119151672
9.42787973259886
9.079115067670743
9.098120230187972
9.15757760728399
8.767859077701965
8.46847457513213
8.734043096005916
8.631558227042357
8.501358933001757
8.548773553967475
8.74950223788619
8.27734432866176
8.266938793659211
8.30192183603843
8.187469714383285
8.071242684622606
7.9490651314457255
7.729557506243387
7.697353805104892
7.623371278742949
7.468220226466656
7.413674093286196
7.199885086963574
7.26921099734803
7.480689475685358
7.237966961661974
7.3774658439060055
7.170937283088763
7.105225358655056
6.889536752303441
7.41250778734684
7.223898692677419
7.062103290607532
6.886217002570629
6.658173190429807
6.820857443287968
6.953392018874486
7.015521506468455
6.825997276604175
6.6186811203757925
7.0065129761894545
6.88815271059672
6.962101977815231
6.935391279434165
6.6222845533241825
6.5748725440353155
6.44360676308473
6.471319531897704
6.509151629606882
6.591144891083241
6.515496928244829
6.407659906397263
6.48003189538916
6.389118567854166
6.557067199299733
6.358996219560504
6.356771840776006
6.296295829862356
6.657678025960922
6.2931346880892916
6.418806098774075
6.353648459166289
6.234628270069758
6.278592497358719
6.01700586900115
6.22009732251366
5.828515347838402
6.572973473866781
6.09209052734077
6.31185811807712
6.246114590143164
6.1228204820305105
6.019795542210341
5.827860732624928
6.123822456846635
5.86792116339008
5.6877540389696755
5.834843497971693
5.948219215621551
6.123552016665538
5.935304657369852
5.9279261633753775
5.738915530840556
5.682519863297542
5.695230976740519
5.8016869712620975
5.574718780318896
5.530129662901163
5.643970742573341
5.5413250258813305
5.702849388619264
5.601129132509231
5.498105551302433
5.459976347411672
5.4104776628315445
5.2302209769686065
5.614158770690362
5.273272111763557
5.53396779683729
5.351288863395651
5.355507053310673
5.494641699021061
5.48969331557552
5.148094464093447
5.250114212185144
5.727394904072086
5.826287319262822
5.391820109511415
5.312909923990568
5.483641329656044
5.337392272551854
5.235465844968955
5.39987605859836
5.278976505622268
5.0305158519496525
5.136109497398138
5.1392679892480375
5.129551591724157
5.110574869563182
5.284515735010306
5.180687759319941
4.986054537072778
5.111972770094871
5.127021458372473
5.1044270809739825
4.952065748845538
4.941532829031348
5.16763873125116
5.013379574939608
4.973128441224495
5.035403166835507
5.134967768192292
5.033109795798858
5.316070994486411
4.882893505940834
4.916805074736476
4.921287106225888
4.807586509734392
4.922627966105938
4.971087082227071
4.872006654863556
4.818761309608817
5.180614526694019
5.078801980117957
4.960577308138212
5.054275552059213
4.856556234508753
4.952927943815788
5.192936590313911
4.870191911483804
4.769478185474872
5.018787295371294
4.985086719940106
5.338777466739217
4.842175370082259
5.014403010904789
4.979119940226277
4.737621949364741
4.868054066350063
4.9062206325431665
4.952854598437747
5.004171554992596
5.100217719748616
4.645537325243155
4.745924192170302
4.806154586623112
4.67004897321264
4.829277125746012
4.770150088518858
4.63651874512434
