-169.93930088678997
-224.3445009946823
-224.7882552464803
-223.38369884490967
-230.60561785300573
-230.90157891909283
-226.7381913145383
-225.49358396530153
-229.75101402600606
-234.9856384396553
-232.84728031953176
-234.30797204176585
-233.18268012603124
-233.51326472759246
-235.9400277853012
-235.125832259655
-234.48055532375972
-236.4164112130801
-235.65408400694528
-235.0863355398178
-234.99237742026648
-236.34766022364298
-234.57835402886073
-233.7469323595365
-235.84014480908712
-234.59319725036622
-230.89013498226802
-233.36081690788268
-236.81020927031835
-237.37622896035512
-234.5807401339213
-237.74715393781662
-237.92585369348527
-237.0494971593221
-237.1908289194107
-238.66268443266551
-238.75639135837554
-239.2502409696579
-239.01958709955215
-239.3819885333379
-239.11033042271933
-240.87563323179882
-241.08876031239828
-239.5676161924998
-239.4803562482198
-240.15711499055226
-239.9120002269745
-238.87903954982758
-239.1249324719111
-238.38511454264324
-239.52307805220286
-240.7004327615102
-239.98555965423583
-239.26696677207946
-239.5107377409935
-238.8754975159963
-238.9183085123698
-233.3741536696752
-235.37152075767517
-237.86747817198435
-236.88436175187428
-235.8576684395472
-236.87106597423553
-239.45777721405028
-240.35213873386382
-240.0520952105522
-239.00380748112997
-239.13736453851064
-239.68326209386188
-240.65438227653505
-241.08218279679616
-241.18422253131865
-240.07852793534596
-238.97031185626983
-240.8596215168635
-242.74070329666137
-242.94011135896048
-242.96536962985994
-243.4191446940104
-242.76660993099213
-241.98632182280224
-242.49384168783823
-240.11168705622356
-239.90067902406057
-239.46697309017182
-238.48651419878007
-237.13334292968113
-240.3102025469144
-240.59448544184366
-236.08028900225958
-235.0580734093984
-236.34883053302764
-238.46842592557272
-239.51655171712238
-239.80320715506872
-237.34553080399832
-239.93064514795938
-235.64851841926574
-236.5462628006935
-237.3973692178726
-234.1371360898018
-237.25856413841248
-238.17960047721863
-238.86652712821962
-238.4555571436882
-238.3120656768481
-239.6907900174459
-239.81212912400562
-240.7672240257263
-236.1889289299647
-235.72902820905048
-237.73014765580496
-233.5482504804929
-234.3492605606715
-232.76355255444844
-234.23627505699793
-234.34958920081456
-236.6077984491984
-236.60357155799866
-235.61191238562267
-237.69250065485636
-235.59084695180258
-237.36392923990886
-237.06435403029124
-227.17582379579545
-231.37689281304677
-233.58564486503602
-232.85995278755823
-234.61786068280537
-236.7066110054652
-239.43962953885395
-237.84947369098663
-235.50081168810527
-235.958847506841
-235.46780706246693
-237.20805514653523
-235.77760233084362
-233.85010695457458
-233.5094527522723
-233.84723912477494
-236.0196384827296
-236.12106326818466
-238.2628376086553
-240.40652771790823
-241.0457923968633
-241.21446413199106
-239.97837664286297
-237.2519285996755
-237.5666974544525
-239.31348651250204
-238.96788529555002
-240.97693124612172
-241.75268899997076
-240.97451841831207
-241.33474549452464
-239.5052237590154
-239.49504143397013
-238.63758155504863
-236.60619419813156
-238.90473911762237
-238.12551120519637
-237.6712027947108
-237.58192187945048
-239.0321483929952
-236.55072995821635
-238.34982693195343
-239.28473637898762
-240.37048745155334
-241.542516263326
-242.0213863968849
-239.70231544574102
-236.6964012781779
-236.7071411371231
-239.5100176334381
-240.36818895339965
-240.94205972353618
-241.58551799058915
-239.13336295286814
-238.30405689875286
-240.01678698857626
-241.38805939356487
-242.20907123883566
-242.90860871473947
-242.83269822597504
-243.33246326843897
-243.40284343560538
-243.5413295865059
-243.34931572278342
-242.1818635940552
-241.4708051164945
-241.39818723599117
-242.19342923959096
-242.85997148752213
-243.04523615042368
-242.76826859315236
-241.30201851129533
-241.22663349310557
-237.85837452014286
-239.6643475651741
-240.40758996804556
