-47.93663960695267
-93.5358090043068
-100.30302489995957
-106.02369866371154
-102.8051378150781
-100.76749946077665
-94.75694763461749
-103.67241373856862
-103.62520843148232
-96.68423354625702
-101.17832998832067
-96.96521658698718
-100.12198977073034
-96.03769356012344
-97.0433584133784
-99.55194944341977
-98.25378275712332
-97.4614617149035
-96.50602336724599
-102.66357483069102
-96.8231844941775
-94.96438728968302
-100.21703078349431
-99.65062397917112
-95.82617396116257
-100.56447834968567
-97.4218502899011
-96.86737357179324
-95.27456910212835
-100.90097756783167
-99.27606788078944
-97.09695257743199
-96.22810966769855
-95.04568672180176
-99.50180600881576
-93.87265935142835
-97.81132284005483
-94.8446661154429
-95.84095282554627
-94.41723892887434
-94.8779842376709
-99.0098357518514
-95.53820867141089
-95.33695857127508
-98.3839074730873
-97.94890354474386
-94.95218141873677
-97.6923806210359
-94.52947557767233
-96.42909626762072
-94.38790343999862
-94.75234680573145
-95.5491579691569
-96.75765775839487
-96.80178169806798
-96.96792483329773
-98.90949854254723
-100.27493294477463
-99.28236177563667
-102.91512961188953
-100.93694454630216
-96.85000612934431
-100.80247320532798
-102.29451114137967
-101.96462949117024
-97.29343981742859
-98.9275996486346
-95.53292948404948
-96.50130888819695
-99.46614196697871
-103.69501768151919
-98.34439333279927
-100.02394204934438
-97.6775421778361
-93.50213347276052
-93.79347819884619
-100.30016590158145
-97.89927624861399
-95.70616944034894
-98.50612438122431
-97.13277941147486
-98.07329667409262
-97.74567598899206
-99.67453384796778
-95.42810062567393
-95.76849147081376
-100.44830859899521
-95.72715708812078
-97.18493308027585
-95.52084829807282
-98.65429212252299
-103.9659507950147
-100.82412155071894
-98.92204642097155
-99.48871525923411
-101.17229903539022
-96.45305827856063
-97.52751198212306
-95.94865096012751
-98.35029400587082
-96.96211607853571
-100.97123179833095
-102.61002640326818
-101.96881194710731
-97.31198374827703
-99.12476924260457
-96.70547421971956
-98.87447673082352
-95.64962983926138
-98.28816212415695
-98.45154465635618
-98.26311566034953
-99.44562042951584
-100.08592085838318
-96.45401420593262
-97.07103964090348
-98.06075790524483
-98.32803672154745
-96.55766434669495
-100.55965954462687
-98.44106097022693
-96.33456526398659
-97.25987987915674
-98.86066473523776
-95.09503502845764
-94.48696785171826
-96.35886228879293
-97.78582673867544
-95.3170834740003
-95.36555154323578
-93.74500764608383
-90.08943992058435
-93.29467658996582
-95.5723060687383
-97.65855834881465
-92.92576076587041
-95.48843783736228
-99.85633577903111
-96.16544679204623
-100.70963731209437
-98.29392902851104
-94.12188152074813
-95.64922981858254
-99.20325245459874
-93.80580114920934
-98.70903906623522
-97.88179098765055
-95.63519391616185
-97.98198282519976
-95.61412188808123
-96.48605719804763
-97.36155586242675
-95.37652265429497
-91.75641737977664
-100.18422624866167
-98.4204215923945
-96.0915308356285
-98.17232657670975
-96.94244836568832
-97.03549542427064
-98.2971178094546
-93.38257693449656
-95.86321819225947
-98.99718404213587
-98.93747204144796
-97.58624999125799
-98.35995310942332
-97.46992207566898
-95.3858219186465
-100.32962415417036
-95.32196459174156
-96.01501458684604
-95.53934339880944
-95.80806800524394
-99.33783397277196
-95.87856103181839
-94.86640057365099
-96.28576198021571
-98.33973445693651
-97.42724938790003
-97.16527642210325
-91.74122081398964
-96.2964898665746
-96.20799056688945
-99.18843785325686
-96.47292346556982
-95.08067020177842
-94.12652012507121
-95.15807037353515
-93.91077338854471
-97.48312726815541
-93.94452390273412
-98.36307068268458
-100.02678048213323
-94.90832609732946
-98.06911436716716
-93.80477715333303
-96.30904222329458
-95.76461552182833
-92.81536682446797
