28.368609113939875
18.13157450741735
16.233022910767588
15.220484844569501
14.05161817320462
13.006244524799545
12.24601173246729
11.937230725740564
11.81000818697543
10.954286056602824
10.303838610649109
10.588662006474774
10.188154051273033
10.069527632717428
9.620817789743686
9.489180450038663
9.307486185996696
9.185102382096751
9.020700973940306
9.270554612165895
8.710368926155157
8.58404230480564
8.651196828433152
8.521876892653005
8.524223125443376
8.58626233375278
8.327982992447655
8.263021199867643
8.420686390893213
8.123898716579223
8.197730085459249
8.19230255099206
8.054562423763604
7.879335867433713
8.069872581239405
7.911069028850259
7.883560507461943
8.10948056188123
7.813330098986626
7.946083434568397
7.725473820906261
7.510482818915926
7.795172637392735
7.437603637319187
7.45652675936962
7.486458773499932
7.526686439740247
7.407069710821941
7.293542611187902
7.2147345250022825
7.4375996872268875
7.418193608522415
7.256199404340366
7.131362550731363
7.049636336749997
7.135003926938977
7.212069317698479
7.133858080696443
6.933473451384183
6.8841492147024335
6.956476788967848
7.128801281082219
7.053579836698441
6.926104731857777
6.996437266340544
6.818857835541511
6.865696224929957
6.857651711024087
6.9303920227905795
6.83196781858288
6.908451528384767
6.913849041636648
6.740108264674401
6.78343720014753
6.716014365697729
6.913366319675898
6.713182897146406
6.80489159760804
6.9135878241524615
6.825860299170017
6.791106078902195
6.678195650721419
6.715697252287947
6.845489727654334
6.88843379811994
6.802182836779233
6.644046845621076
6.8406755078969335
6.632286266777022
6.614493069977596
6.759421280360427
6.524774235898051
6.591617251650013
6.647728161822105
6.474137913564156
6.488868422549347
6.526861869569482
6.383515715085227
6.621187768105803
6.567531848262096
6.7376188471399505
6.7381310750698225
6.4791747876282395
6.330126493141569
6.342798431885654
6.4872407051252905
6.328394213755583
6.339569565422576
6.47140708565712
6.348507417687054
6.4764502898886285
6.400475943653748
6.3733032995770715
6.3963685485309565
6.420923301628951
6.346691443103141
6.387667683177981
6.271609121355517
6.485111617836459
6.247027573400531
6.291030667465309
6.419584603787496
6.133082684386393
6.258102730045031
6.137894935135184
6.289179743107023
6.363314842098746
6.112769418107025
6.180109702564519
6.265130315104435
6.226063847156434
6.058219380162913
6.216192257301561
6.152753469245187
6.247502292281594
6.083546688844418
6.130444445743643
6.171987441336286
6.211031107810037
6.1018316167695765
6.019733278530425
6.024587329477072
6.076537479100557
6.2046383917331696
6.133315863023544
6.127862245486728
6.18112515144307
6.0976488574825485
5.999393373856257
6.22006613208816
6.03529277803569
6.014083640328769
6.0377967568307085
5.996092954457834
6.039754366309478
6.054365003931111
5.978499325313445
5.981288445792321
6.039669999788547
5.936284080918493
6.00477699126149
6.044667543136868
5.991501127722962
5.9663073655603265
6.0027448218958135
6.044867512737882
5.964767325284152
5.881443071981956
6.096033306471233
5.9064396136793595
5.929241732019802
5.888635347115582
5.943483134282046
5.7490150782054865
5.86787053441693
5.843950710805325
5.826350427136339
5.906358511797313
5.764372420208208
5.93593967860115
5.841292943933914
5.762347976837693
6.014142154362695
5.818834265629793
5.846023172910871
5.667907107236056
5.939689660637543
5.830053348864975
5.797940903696521
5.897340359102035
5.955149997796478
5.892363483921208
5.751073589612698
5.792140259311117
5.797426261264702
5.738075603313487
5.698591686785221
5.726541208809819
5.858031802650156
5.844055681393065
