1429.8915285428366
857.5470261891683
729.116051530838
653.8968450546265
621.111655330658
570.3878877003988
531.0155789852142
498.8709829807282
476.85389634768165
459.53943939208983
435.6104249318441
419.6379626750946
404.680294752121
389.7478546142578
378.7751225233078
363.0248307228088
355.5108021577199
336.6329373041789
331.0573313713074
322.85821431477865
310.52214155197146
310.81792922814685
300.89619023799895
300.2993934949239
292.4749179283778
288.3472097237905
283.5351524670919
278.4466363112132
277.9044105132421
282.4781666437785
273.21578195889794
267.73941065470376
264.3476566473643
261.5003334681193
263.499741601944
255.34448058605193
255.7860855102539
258.48949435551964
254.57132755915325
247.64371784528097
247.10125114917756
241.61968371868133
243.05505766868592
241.4757303714752
240.5090423822403
234.52396440505981
239.7367783864339
234.359028784434
230.502618598938
226.05848069190978
239.62625674406686
225.23150070508322
224.2376309633255
220.1588335633278
221.90346686045328
219.46887633005778
224.4707269827525
218.82743275562922
218.36990846792858
216.8023980776469
213.81093656222026
215.94142394065858
208.54608616431554
212.13804689645767
213.28163674672444
213.39957605997722
212.16280903816224
207.68129413922628
210.63498611450194
207.8408433596293
208.95960541963578
209.10021391312281
209.81136174201964
208.87803523540498
204.08353960116705
204.78991295099257
203.00428712368011
201.08643061319987
204.41099106470745
196.08982268969217
199.64202945629756
199.7942260503769
200.7642345905304
201.8823851823807
201.24001989364623
198.77963160673778
201.1132907072703
197.3965364217758
194.02405167420704
192.20327196915943
192.9791354060173
194.53058008750278
196.4841385682424
191.46533812681835
190.03195030689238
190.88398898442586
195.05476729075113
191.86800278822582
185.39735649426777
191.55763339996338
187.70467139879864
194.0002326965332
187.86281023025512
183.48484133084614
185.92097067435583
181.0109416882197
184.45235909223555
185.49400713046393
178.46557521820068
179.97081645329794
184.41352419853212
180.30385902722676
182.83256186644238
187.9956768155098
187.30318331718445
183.3857032855352
180.5110994855563
184.97939321200053
183.04998171329498
184.09195766846338
178.1460024436315
183.75501913229624
180.65514036019644
182.98993679682414
179.97613248825073
183.28870521386463
180.97064524888992
176.81122082869211
176.69603155453999
177.25412962039312
171.8904004653295
173.9624211470286
174.88511899312337
179.9421746134758
175.07517088651656
175.5706499973933
179.37201741139094
173.64718159834544
173.88994160493215
174.3379406372706
174.86993926763535
172.4397268652916
171.86097447872163
167.4998354156812
172.12726939519246
171.5547978123029
173.98432505130768
172.15066503683727
169.29104280074438
174.2744886279106
172.77556352615358
171.22991357644398
167.16420069535573
167.42789107163748
171.92833909193675
173.66169305642447
169.20271754264832
165.79752061367034
164.91692457199096
166.66908385753632
163.70321215788525
167.2303751150767
162.70769911209743
166.0929049650828
163.70042233467103
164.06014196475346
165.42560385465623
163.34230609734854
169.6548766454061
167.51245796283087
164.27043421268462
165.1504987557729
162.48591744105022
161.32646452585857
165.04278325239818
161.92514751354852
162.48663348356882
162.5404819170634
164.9125009536743
162.97170956929526
162.25026337305704
163.9245990753174
164.91639414628347
162.62237212657928
167.5255839586258
161.30368837912877
162.15450253883998
155.3666144212087
162.18071858088175
162.24758806228638
166.06373609304427
164.580524122715
161.4613644440969
161.0452260573705
160.56410920619965
158.8926264444987
156.4641116340955
159.6192318360011
158.10656505028408
155.56928893327714
