1140.1559880574544
948.4395615418752
848.6313254992167
802.5067944367727
750.0326409816741
710.1716907819113
675.4778842926025
650.5695107221603
630.6708819627762
615.4964325269063
596.163936940829
585.0660179615021
566.3107986370723
552.2649145762126
547.8478224515915
531.16368115743
519.5518872022628
503.7816370884577
492.416587750117
478.8548278093338
468.25063749949135
450.57646476427715
437.23056932687757
428.42663518190386
424.0371102611224
411.92210458517076
401.4920090595881
394.1118013858795
385.28790670633316
381.57979309161504
374.5862912019094
368.28507256507874
360.03309369881947
355.6099946538607
348.59870734612144
345.0594727595647
339.39080305894214
331.9837460915248
329.1389672120412
324.5280302921931
317.60621584653853
314.15030444463093
310.3620512763659
305.8580095032851
303.53237976233163
302.0744792779287
297.82584555943805
296.41955557465553
291.6494283000628
287.44018949866296
286.44142415523527
284.84617470701534
278.7180484712124
274.8530369758606
275.0839574356874
271.80954886078837
268.1599498987198
265.4769100159407
265.24572228093945
260.60154185394447
259.79633247852325
257.30073975125947
254.91723701953887
253.15796396931012
255.30992754499118
250.49474646647772
250.7093291858832
276.58810317516327
254.9045332416892
247.40473680545887
243.7590862755974
239.73403498133024
238.8540205443899
237.3924740542968
237.62824692378442
234.22025489831964
232.3688561528921
230.7256447389722
228.70004406074682
228.06419800470272
227.10773736325402
226.05301518440245
223.8655416375647
223.41386730807523
222.63777562671652
220.95924159990003
219.94427199326455
220.26367605254055
218.28928434721504
215.30066044442356
214.48801709326605
214.07624480314553
212.45368795280035
212.73773801115652
210.63641102152567
210.21095051392913
209.45983294118196
208.56241698339582
207.797647528102
208.75967009738088
207.7580391779542
206.7806252869467
205.46886964614194
204.56382549082238
206.15990870023768
203.60928594246508
202.55872896164655
201.60096158931654
201.22157724599043
201.59140251229206
198.92545472979546
198.76589929113786
198.2737015083432
198.8313372120261
200.0258879194657
198.3109398861726
195.89731018344563
195.56456246972084
194.48210606674354
193.62315833618243
193.45568814824026
192.97865837017696
192.2972778479258
192.40932615747053
192.89047948221366
191.84874224811793
191.2643831834197
191.23063805997373
192.63814217547576
191.48603322058915
190.97281002600988
189.50279580553374
189.07732533812523
187.63057535688083
187.466992983222
186.921404560407
185.5109937230746
185.14794708589713
184.66840585172176
184.2498695443074
183.93358710308868
183.09475834767025
182.91634585062664
182.9771274338166
182.83700324793656
182.20575376550357
181.97306736111642
181.05601318776607
180.81426646411418
180.9914981087049
180.90254366894564
180.76198765734833
180.35176249345145
179.91601900160313
179.7726013193528
179.62052623232205
179.27768761018913
179.24006778200467
181.59171373844146
212.38591998418173
298.2901622871558
251.8276279727618
231.5236876030763
219.92436061265568
212.7721161426666
207.3521388260027
204.40174365391334
200.45387774631382
199.03416812916598
196.76065742423137
194.1289219737053
191.7685856650273
190.8292852540811
190.46779120912154
188.49522044658661
188.6550318111976
187.48847434024017
186.45844278732935
185.29316650629045
184.77203426361083
184.08452202578385
183.01237394611042
182.3413161555926
181.98034050166606
181.8676091015339
182.06346464157104
180.84361226757366
179.79195788900057
179.72498736977576
179.14988512794176
178.8097637414932
178.68586649199327
178.02398395041624
177.51781176229318
178.06889553964137
176.9865801970164
176.9014997412761
177.1798163185517
177.59677499930064
176.63835246264935
