266.68832589840065
258.90872660176507
248.59979235303814
244.20084806146292
245.0325612857424
241.46051852456455
240.2452859549687
240.4286570713438
240.66420120206374
237.21774386126418
238.6806149112767
236.53963856450443
236.17808342391046
235.78736518580337
234.74592870268327
236.52071127809327
233.73063381787003
235.54648898798843
235.4711134474853
231.70415393648477
235.11692029032213
233.38543050864646
234.48355749968826
233.1016899758372
232.40550532423217
234.20614397525787
233.87751391016204
232.44180726182873
231.75199615544287
233.80727841114177
231.63035748333766
232.08747750315172
232.2398361830876
227.79677785676103
230.23307398680984
232.0437320553023
231.6490406907838
231.85048684169507
230.12385458370736
230.51865821460197
228.93717290615214
229.82652391236405
230.3801514568
228.51068362696418
230.9793456833938
228.35331230739067
227.87720796157575
228.78469282594222
228.59433045058415
230.42850041389465
228.6674565323468
229.33034414258498
228.16199442024887
228.7673461231692
232.17367055909386
230.03253576262244
229.18083466743602
229.00535328634854
229.96753487093696
229.14121209341903
231.11287294996197
228.2154863004027
228.55358275462842
227.50119449763463
229.3311849585895
228.89642528418838
228.0634314602819
226.9430992356662
226.4023382787047
227.8987509875462
228.43769790797398
227.54660184218966
227.15072990285938
228.25728330118903
226.7470395893886
226.98219253688023
227.82798593208707
228.93872191577123
227.11679586048783
226.6934289808931
226.0688296638686
226.36555748972398
227.14418480314058
225.06483126097712
226.45703758864568
226.56492235742766
227.00197003627645
228.23379135953968
226.7764559860887
225.79726288647487
225.6761739582851
225.95190786082168
226.6812694812643
223.9572745397173
226.8792848587036
226.3983165847844
227.31902374070268
226.0442742890325
225.37098493658263
226.45475749311777
228.02688906932698
225.94007550025808
226.99703259303652
227.2173560364493
224.65311754983048
225.6165708714518
225.71123007248187
225.35586906301563
224.85624504500421
226.69058503364695
225.55202420004483
227.91333303369325
224.93423029883155
224.8222996859715
224.71657356311536
225.43315755909887
224.5842738315977
226.0020134366792
226.9159289927318
224.82498103585738
226.08071252395368
225.51467530891813
224.26539867088712
224.94095851224046
224.73709774839466
225.87520934795512
225.12348667095446
224.99478492243537
227.5615196269134
226.50453041339742
225.43095626913268
226.61264907902685
227.63962018489838
224.60678040570227
225.90725849414693
225.44364438796865
226.49352650395755
226.06901314751855
226.26753816111335
224.31637633257898
225.75724485002715
224.23001108498408
224.3497169223325
221.93110298699347
224.68485016247323
224.79956154165598
223.69335627555847
224.60440575254376
225.30729076780122
224.5425165686114
224.31620109492334
223.39104374934888
224.84555362010823
226.24759832743942
224.2539729660955
223.63437449109966
223.7601728110478
224.52551802273453
222.7290695001339
224.04391513610707
222.32063116287364
221.5786089033916
226.37376989989446
224.42009144404838
223.800891062309
224.13205437002512
223.9624058953647
222.55738320021794
222.92621050209834
225.044170375528
224.52467170254937
223.18905699664148
224.6938746139921
222.97537644978226
224.46196989355417
223.26191224723027
224.5342261709016
223.10283617315622
223.3697328567505
222.64125052813827
223.98385557635078
223.99174214642625
223.88163869545377
222.33442958881116
223.33000984274108
222.26193713319714
221.50664471757824
221.77434732585118
221.7142740282519
222.9828973556387
222.8333309847733
224.32692474743416
222.90265617699458
222.10121562974206
221.79445914153396
221.99290711304238
221.52795101445298
223.81940544062647
222.82745055905704
221.5780210864955
