-44.99485403299332
-76.1717813928922
-89.85607512791951
-95.42561542193094
-93.06597425540288
-92.4378925104936
-96.60731221834818
-95.1186380704244
-93.7932667096456
-93.27690870761872
-93.64038138786951
-95.20704178611437
-95.22682350873947
-94.91377210418383
-93.64094834129016
-93.73356579144796
-95.15278324087461
-97.89309519529343
-94.73936837911606
-94.10972952445348
-92.92799963553746
-94.61296361287435
-93.54021051327388
-92.50092434485754
-95.04155182441076
-95.73755196730296
-92.74781405329705
-93.0570837934812
-94.44818761150042
-93.64468865791956
-92.56995478868484
-93.87468690077463
-91.67910054127375
-95.01720622777938
-94.83909035523733
-92.71500469843546
-92.31803346474966
-92.64676108360291
-95.05085768302281
-93.32271083593369
-98.29496367375056
-94.5714769800504
-95.60284477472305
-94.97739287614823
-93.08318662842115
-94.96729085842769
-95.88239177068074
-92.60643635193507
-93.6884048819542
-95.68513151208559
-92.73817523717881
-90.74548522631328
-90.17196692228318
-91.89353248874346
-95.05714427431424
-93.03382966915767
-97.31427643696468
-97.77766436139743
-96.31263704697291
-96.95815409421921
-95.43808688124021
-95.12013620535532
-92.53298593560855
-92.83337944348654
-93.76322714686394
-94.26313716173172
-98.64198969999948
-96.30146743456523
-96.66332960526148
-95.22554694811502
-98.2753879070282
-95.84119999806086
-93.32960600852967
-94.42370850245157
-95.92443309426308
-90.43373367389043
-97.16929833491643
-93.56702491442363
-92.2494195540746
-98.72159388661385
-97.21237321694692
-98.08728518883387
-92.99561419487
-91.2714432477951
-88.0177418589592
-92.73461897571882
-92.60989161928495
-96.77287927865981
-90.34770056207975
-91.55330786307653
-94.51862109502157
-94.9719807902972
-96.43747461239496
-93.49775519371033
-94.5551494538784
-93.44600309729576
-96.26399248043695
-96.83466591437657
-95.18340169787407
-95.15543060104052
-89.25809738636016
-91.67680358886719
-93.41450160543124
-94.63274091482162
-92.713003830115
-91.99565886259079
-94.44326862295469
-95.19560968875885
-94.57054387728373
-96.67804328600566
-94.02964769005776
-93.69642480611802
-95.056934740146
-92.40083687901497
-92.57098337014516
-93.18816975951195
-92.26952960292498
-94.71322424411774
-92.82006604274115
-96.97406313021978
-92.74305828809739
-92.96949543952942
-91.38247855901719
-94.01321645577748
-96.12987260818481
-93.00051882266999
-94.72552494804064
-93.53859091997147
-93.73863447507223
-93.31902689139048
-91.97588685750961
-93.86093387603759
-95.39032962322236
-94.17871541976929
-94.93163814544678
-92.66589730978012
-93.66233516732852
-92.69516243537267
-92.31522956291835
-93.0670623143514
-93.04590479532878
-98.57160666386287
-89.3838678598404
-94.75145023862521
-95.02133609056473
-90.75387334426244
-93.40734803477923
-93.4769063393275
-92.91915830771129
-91.78899178902309
-93.31362839539845
-91.74209187825521
-98.06525141596794
-96.4128835161527
-95.70117061336835
-96.24418957829475
-96.13529222806295
-96.00092650651932
-99.3559408903122
-97.70121721029281
-96.47740981578826
-90.98681885798773
-97.17492615183194
-93.21544840931892
-95.12861546278
-97.68313280344009
-96.94781767924627
-95.43749909202258
-94.67480499347052
-92.23474810918172
-93.76273689270019
-93.13742482662201
-92.86553980906804
-96.19515887101491
-96.310888560613
-92.64837580720584
-96.49489181637765
-96.75532258351645
-94.3879880964756
-94.69113269646962
-94.51746435761451
-93.71321723659834
-94.70456927816073
-94.40993780692419
-94.37860190272332
-93.10882303714752
-89.82618272503217
-95.24984440406163
-94.11140524148941
-95.19293843309084
-94.21770513057709
-90.91327822208405
-93.09923055569331
-94.17584437131882
-90.96498497724534
-93.81791208982467
-90.60703400373458
-91.00553401708603
-91.8263033270836
-91.85689185460409
