138.096955037117
82.8487485130628
66.13474547465643
55.986239514748256
49.83130190769831
45.790890568494795
43.15279354850451
39.88482486108939
36.98333159883817
35.28658692240715
33.34318683842818
32.096789276599885
30.769097062945367
30.0447165509065
29.1652213315169
27.97390745083491
27.247087861100834
26.19219744602839
25.734773239990076
24.706479398906232
24.073334946235022
23.61125156482061
22.820252399643262
22.80404398391644
22.232348475853602
22.14913499802351
21.233051369090877
20.945401730636757
20.458333018422127
19.86668877998988
19.707593188186486
19.721781627337137
19.385320089757442
18.986556069056192
18.900095167259376
18.033717496196427
17.984825785954794
18.02224860986074
17.908248497049012
17.725201001763345
17.27627685914437
17.122729363044105
16.821750918030737
16.569006755451362
16.23512836297353
16.186294347047806
15.861621037125587
15.842729225754738
15.74193979849418
15.551572026312352
15.35358593314886
15.084721197684607
15.239571474989255
14.9370737661918
14.997406026224295
14.929211062192916
14.917601695656776
14.698524217804273
14.523939201235772
14.405729624132315
14.266844271620114
14.28169348090887
14.093953278164069
13.987071287135283
13.943914924065272
13.587213889757793
13.726219173272451
13.521923716862997
13.438616483410199
13.335248483717441
13.043617937465509
13.212654094398022
13.094358976185323
13.034265381097793
13.153655210137368
12.86441136598587
12.967132142186165
12.73442261169354
12.576665057241916
12.600998257100581
12.5249045992891
12.453549215694268
12.374604589740436
12.277209018170833
12.368672500054041
12.051572075982888
12.207920335729916
12.033714182674885
12.026043184101582
12.068952362736066
12.009765496353308
11.931497344871362
11.611174804965655
11.67281455049912
11.743493699530761
11.52413599640131
11.852600045502186
11.739065192639828
11.767544498542945
11.565772736569246
11.382893434166908
11.326768284042677
11.257806902130445
11.143435254693031
11.435284834603468
10.960697467873494
11.257489237189294
11.161486918230851
11.192750578125318
11.333952312668165
11.114983771989744
11.021934015055498
10.82185503890117
10.784964236617089
10.871413403749466
10.801957153032223
10.92310930043459
10.635169536372025
10.826547770698864
10.713823162515958
10.494245747228463
10.340143754084904
10.639831937849522
10.578466148177784
10.658577765027681
10.739935500671466
10.574777015546958
10.471045330663522
10.451131246984005
10.612332849701245
10.347926045209169
10.41420311530431
10.307444272687038
10.250318246086438
10.434320467710496
10.351766632497311
10.230760513742764
9.953216009835403
10.036956775933504
10.006817300369342
9.961855973800024
9.986197896053394
9.934530967225632
9.761674252897501
9.846229403962692
9.966562312593062
10.013036924600602
9.806352236370246
9.757060459256172
9.708696499963601
9.92749475290378
9.60900835742553
9.60891600996256
9.643492084989946
9.595047645519177
9.533056975404422
9.471586426595847
9.700488544007142
9.83720048069954
9.674488418797653
9.550465392072995
9.468129278471073
9.507208916048208
9.439302283277113
9.537076716373365
9.571853630493084
9.632409587005775
9.39235669374466
9.393301640450954
9.372134808202585
9.226597802589337
9.229118905961514
9.370798844099046
9.481882746766011
9.290023849159478
9.281024138381083
9.117734194546937
9.124919981509446
9.076026040315629
9.105790670464437
9.283543989559014
9.26390211035808
9.322269117583831
9.044505639374256
9.156041521330675
9.05290528461337
9.009878953049581
9.12569093555212
8.893569760769605
8.865400532136361
8.991004074613253
9.038453907767932
9.005402230719726
9.192355161408583
8.919285261134307
9.006304995963971
9.069696486989658
9.17710770269235
8.891662828127544
8.766733068724474
