-138.2074767390887
-197.57099452018738
-198.88113478819528
-207.1731854359309
-210.3306925614675
-211.93935888608297
-215.97707444826762
-214.95372053782145
-216.1319477558136
-216.86882932980856
-217.2477402528127
-217.3416574716568
-216.8130435228348
-220.77782926559448
-222.00037386814753
-221.35465368827184
-221.74348492622374
-221.26021712621053
-222.3028783718745
-224.23257594108583
-223.6002942085266
-224.95459884007772
-225.4412439584732
-224.78828681310017
-222.81181594928105
-223.42912282943726
-223.13710270325342
-224.21508829991024
-223.28726874192554
-223.6213622411092
-225.7165785074234
-222.7440788070361
-223.67024047374724
-224.14190415938694
-223.4490069746971
-223.76748956044514
-222.53485163052878
-224.79723801612855
-223.38347516854603
-222.60702050526936
-222.8208063920339
-222.66633999347687
-223.27652860879897
-226.09768530130387
-226.83244874080023
-226.2495482524236
-226.1754775285721
-224.14311178922654
-222.70717945098878
-224.38625613451003
-223.72828753789267
-225.27002823352814
-224.67632846832277
-226.80833062330882
-226.9809284845988
-225.3396320382754
-225.12422352631887
-225.01666541496914
-227.0720198392868
-228.012322251002
-226.35542238553364
-226.71915016969044
-226.31749171415964
-226.19764904181162
-224.28274296124775
-226.4837491552035
-227.8923088669777
-225.9913772702217
-225.37651740312577
-226.35921286741893
-225.77408752044042
-225.42501018047332
-227.39225228627524
-227.62227908372878
-226.65399796962737
-227.47790468533833
-225.7273596604665
-226.97069336573284
-229.56112795670828
-228.54235838254291
-228.36505696773528
-227.10882608890535
-225.41405828793845
-224.09628989696503
-226.28164323568345
-227.04519686698913
-225.17073353131613
-226.20661163330078
-224.81472511291503
-223.98618562221526
-225.24612675507862
-225.16808732350668
-225.8781933705012
-226.77962469657263
-228.29855918884277
-226.98487207094828
-227.08016640345255
-227.34133044083913
-225.66283081372578
-224.4112559715907
-226.08314863840738
-226.19158415397007
-226.77061169147493
-227.7044122139613
-228.3508458216985
-226.51759206056596
-226.0393836259842
-229.28045452038447
-227.4424174149831
-227.7445213596026
-228.66599451700847
-228.19356132348378
-227.09466103712717
-227.85889345407486
-227.96567535797755
-226.96726179917653
-228.37739673455556
-227.36540211836498
-227.14543012777963
-230.12668031056722
-230.46984159151714
-229.8366530895233
-228.85759431521097
-229.04297235806783
-228.47009864648183
-227.8798477848371
-229.32976905902225
-228.50471470355987
-228.7453859726588
-228.19428428808848
-228.7924661954244
-228.76821247736612
-226.87594458262126
-228.1115314046542
-229.15838810602824
-230.86135084629058
-230.70406708717346
-230.49888540903729
-230.68695515791575
-229.30074356396992
-229.98096733490627
-229.96626772085827
-229.59966459274293
-228.77474037011464
-229.9432579835256
-230.72188578446705
-231.55169736544292
-230.82867779334387
-230.5376315355301
-229.9089056412379
-230.07507790724438
-230.8519574960073
-230.9436410268148
-229.56576934655507
-229.50893476406733
-230.9943196217219
-230.0119871576627
-230.94287656148273
-230.29025830427807
-230.52507108052572
-230.9110407749812
-229.88828438917795
-228.49694324731826
-229.11216163635254
-230.75093184312183
-230.16314303080242
-230.5126278479894
-230.42069378693898
-230.14560249646505
-230.15268286069235
-230.8938301563263
-229.84475880861282
-228.9595736583074
-229.72179974714916
-228.70194379488626
-229.39731663862864
-230.2552279671033
-229.8439415852229
-230.82886533737184
-230.28966771761577
-230.3488591949145
-230.32766785621644
-229.09147089719772
-229.89328043460847
-229.33077334165574
-229.3325164794922
-230.1509065389633
-229.5671508749326
-231.01344927946727
-231.9528821349144
-231.7819683909416
-231.7533703049024
-231.15130554040272
-229.65243316491444
-230.12461763223013
-231.30115370750428
-230.30866595109305
-229.4075205405553
-229.65818521181743
-230.93230075041453
