-103.16586928963662
-186.34070864518483
-199.78222022453943
-203.03854667345684
-206.67273562749227
-208.78394849300383
-209.93444867134093
-209.27102822462717
-208.31807765960693
-210.5297550837199
-212.23313427766163
-215.65161840518314
-215.28455267747242
-214.5489465792974
-215.12422556877135
-215.38899489243826
-215.12337700923283
-212.7158906698227
-214.50151509443918
-216.09319617350897
-216.86342381238939
-216.61670344670614
-215.45271834929784
-216.92728856007258
-216.84578440586725
-217.41778432130815
-217.95674022833506
-219.18298394680022
-216.26209740638734
-217.60123741229376
-218.4346440712611
-219.24177079200746
-220.92051731745403
-220.75515145858128
-222.64676529169083
-223.16276186307272
-222.55913945039114
-222.87412002484004
-222.29921540021897
-221.69140565395355
-223.57639202276866
-220.94764480193456
-221.71299221515656
-222.33504328727722
-222.2428118666013
-223.17473016579945
-222.1232324361801
-222.54771076043446
-222.90360025167465
-222.04007020394008
-220.33943701585133
-220.77516549825668
-222.64978626569112
-222.09812928040822
-221.71840039491653
-221.6672583738963
-223.00448106129963
-224.4296364545822
-223.06765696207682
-223.48681148290635
-223.13357907136282
-223.03865156173705
-223.47177090247473
-224.2085007150968
-221.40695621172588
-222.0949425260226
-222.41186531384787
-223.7638424197833
-223.18128623167675
-224.42115577061972
-225.31244898637135
-224.18398104508717
-224.23985444704692
-224.4154281059901
-224.52316790421804
-225.9239944855372
-223.1930726647377
-222.38802440961203
-222.81517906983694
-223.1318286180496
-224.39951577186585
-225.55581297477087
-227.28267323970795
-226.6169106165568
-226.61927248636883
-226.57547698815662
-225.78170479933422
-224.58087568283082
-223.62120461463928
-223.54676459232965
-226.23501979112626
-225.77254635890324
-226.09714380900064
-227.07049299081166
-226.7211897889773
-226.00798645019532
-226.9163955291112
-228.30215187072753
-227.79446297486624
-225.1545887907346
-227.01923087040583
-227.1336274067561
-226.2886570374171
-228.79668830235798
-227.49865443309147
-225.7331157684326
-226.9627232472102
-225.4347310702006
-226.57821049690247
-226.5021664539973
-227.18469840288162
-227.73189521630604
-227.94166770776113
-227.86297295093536
-227.83648248116177
-229.08361546993257
-228.39476888974508
-229.81301606496174
-229.885739839077
-228.93415077527365
-229.07990856965384
-229.0166031996409
-230.75486969947815
-230.00974872907003
-230.46014048258465
-231.96775804360706
-231.384956685702
-231.5552669763565
-231.12968426148097
-232.28848189512888
-232.6898014942805
-232.13885107040406
-232.365216588974
-231.89976774454118
-231.65158485968908
-232.71478794813157
-234.075998489062
-234.19582285086315
-233.60401868422827
-233.5332502047221
-234.0620776573817
-232.1950707276662
-231.52053922812144
-231.55306018193562
-230.6937643289566
-229.68617596626282
-231.80527041355768
-232.89752560853958
-232.70726931095123
-234.70508008797964
-234.2627661347389
-234.48278148969015
-233.79600136677425
-233.12112645308176
-232.44466797510782
-234.04785439968109
-234.40645707845687
-233.75309737126034
-234.02838579416274
-234.84430774847667
-234.13251867294312
-233.2179613828659
-233.92730103731157
-234.1909679810206
-235.51013261477152
-235.57255205313365
-234.64165368874868
-234.1969127337138
-233.76939330101013
-233.7853733142217
-233.97659451166788
-234.968183974425
-233.98416945934295
-232.67992747624714
-234.9173407117526
-236.230668314298
-235.56934792995452
-235.8179027557373
-236.36701858838398
-235.45346115430195
-234.48652764956157
-234.36153513590494
-234.86431523958842
-235.11210613250734
-233.510542734464
-234.48303802013396
-234.55797584056853
-235.567652118206
-235.67593151728312
-236.78441869417827
-239.07155771255492
-238.7934515595436
-239.06398883660634
-240.03012047608692
-238.92489240964252
-238.1840044418971
-238.90327682495118
-238.95364961624145
-238.07825905879338
-235.84888355731965
