249.70213898708082
247.4513253014663
243.74388600217884
243.00923932420795
241.73538565224615
238.99034981069894
238.09108974193705
235.20540519829453
235.40726301176795
236.1800383617138
232.71391550836893
234.66218191179735
232.30278373997788
233.41239010465557
230.59359915092074
233.42065733876723
233.2471152132955
232.252701923765
232.2777579159572
230.12081498935305
231.50865498493457
230.86553522636152
230.78416629084225
230.51467356188544
231.57127574805557
229.5518536197728
230.40437757557837
230.13280610791568
229.27923745944582
228.73898483144825
229.3137653202846
231.35175334585125
229.7951985638717
227.08706448407008
228.66004671310557
226.53757063684793
229.7622149237271
226.57889602102082
227.74500252049546
228.195427738387
228.08706246984417
227.5505795561034
229.40824142406726
228.67740143989695
227.82769413241024
225.62743129401372
226.675897347516
227.27750638846695
229.14873674409142
227.09675006619815
227.19954482440292
229.770951665681
228.46474167396283
225.48293466403567
226.47594722797132
225.8215409065115
227.45364908103286
226.3040436218525
228.56006392117203
227.26591669279952
227.47367904515102
228.28730605799575
224.46474562431203
226.73228987743116
229.09196879534886
224.8234293090886
224.33126576193447
226.22614116504275
225.34867458918998
225.70476771223133
225.81943485243568
228.42059384954388
225.52881824970245
226.03295931322822
225.05038009018733
225.48864808986926
223.1669388269556
226.40322776498465
226.44557406162394
227.06407907502404
224.49633594628037
224.8827675745405
225.34891284745316
226.53929445661348
225.00681765737204
225.7217461199596
225.66205640085812
223.73979045604838
225.52266936055545
223.6031608910396
226.2791300888719
224.3939678751189
224.74558988110772
224.12045111327336
227.1232101423987
224.4941654123109
226.45844519960468
226.48837544178141
225.39916584820583
225.26683391373734
225.27857294164855
224.07505591984452
224.89943364981949
223.70758400703298
224.2267765546667
225.72231611712226
224.77903967890245
224.99002955699788
223.16758191174475
224.45643397446335
223.19010298005466
225.7524990747715
226.7027136621804
224.7724983568849
223.5431935211708
225.7847740280217
226.2407641246401
226.91062284338062
225.15198019866287
223.1219336822115
221.96546710359638
224.19427930486614
223.80451374218381
223.69767213278803
222.5205042608853
224.33787526755498
224.46453655999284
223.35331344604492
223.69934259200917
223.23346569209264
224.22432779443676
223.40345701678046
223.41202624912918
221.03863608014996
223.99565143009713
223.44451072298247
222.57009292470997
223.32325729008377
221.30201647199434
222.77306472021957
222.04483487688262
222.6349904043921
224.43683768140858
223.13386313257547
220.87869936022264
223.1177100559761
223.24389719552008
223.34435971852005
222.50802468431408
222.71714452628433
223.53606839837698
224.32391709294814
222.6466094995367
221.90213998843885
222.72900802924715
221.7174178197466
223.73899594668686
221.96117813422762
222.08821487837824
222.7295845870314
223.57831688996018
221.09963926364637
220.75384188520496
223.64110565185547
221.0824982462258
223.5440378559047
220.1800217299626
221.63892688422368
221.497093932382
223.62884190986895
221.466081676812
223.30070447921753
222.46650210331225
222.02234946448226
223.21281775934943
220.77518364067734
221.4294644183126
224.09105833234457
221.7983465564662
223.43003429626597
222.58255563522206
220.99252085028024
220.93303775787354
222.11248075962067
221.6708011791624
221.34546356776664
221.54350347354494
220.16747244062094
224.72231758051905
223.16885680987917
220.90113410045362
219.67212393366057
221.50945740732652
220.4720461697414
222.86710665965902
223.35295939445496
222.4175156231584
221.134100342619
221.63485525805373
221.96813503216052
