1571.4779987006352
1169.1851090398327
1058.9858552669657
994.7854224237902
942.1389934934418
902.3597737180776
863.1551908624583
818.6272142344508
792.605010312179
764.4741829181539
734.5968124126566
705.2366808693985
675.5458428941924
647.9070946923617
633.1843105842328
617.1839270591736
594.5197188443151
580.9955410464056
566.886894768682
549.1846512761609
533.941034201918
523.2729679140551
515.6854177179008
503.5674730004935
490.8352094189874
481.6086495169278
470.9658939427343
464.24262480900205
456.09195141956724
450.4914932662043
443.35610522895024
434.0830140524897
428.36570040933015
426.51086674065425
417.2883162251834
413.09159012498526
412.6165285439327
408.84974022569327
404.2657662506761
396.5277497686189
391.90331261733485
389.3860977682574
384.2972357930808
381.16299900515327
378.78045768573367
376.3193728759371
372.98438358306885
370.3032485781045
366.5832476615906
364.41667573205353
362.60041906915865
359.12704622334445
354.43908605904414
354.51874226537245
351.92247060249593
348.9380353072594
348.09599639629494
344.27224386971574
342.92694216761095
340.1823468783806
339.6703868898852
336.75911026165403
336.2796371229764
335.14831357988817
333.0251138621363
332.3695663172623
330.5710015954642
328.20057268800406
328.6458855744066
327.10770806772956
324.8558164711656
324.52964034573785
322.09607980991234
322.64290158501984
320.3800222955901
317.7306129521337
317.1426200866699
316.0134218314598
313.8721118631034
314.20825362205505
313.34426315899555
313.0893197224058
312.4656441622767
310.3207697868347
310.1226751228859
308.1983682204937
308.10915710186134
306.6450738249154
306.08620518651503
305.3196483069453
304.10268386479083
304.36101294385975
303.21394552855656
302.9664581315271
304.7900174157373
302.572019667461
301.38558856372174
300.2402721520128
299.80004936251146
299.7205442477917
299.09379676292684
298.83468583534506
298.51875444938395
298.0093005607868
297.3111881469858
297.7182048600296
297.0802666729894
295.91589416306596
295.7749684925737
295.1568550159191
295.17913731213275
294.8407556517371
294.0105040073395
293.6373770154756
292.9789623227613
292.51844017259003
292.34211129155653
291.88651967870777
291.5137810624879
291.0557631048663
290.62738741677384
290.83908312074067
290.50809440119514
289.8553315688824
290.0171780997309
289.36229244593915
289.0437865997183
288.87679191293387
288.7346612009509
288.58228826522827
287.519777158211
287.78336467414067
287.4511824558521
286.7011252600571
286.5057166691484
286.30671733001185
285.8939688863425
286.01106290981687
285.4083182071817
286.125937560509
285.27865825850387
285.75525384113706
285.3653185778651
284.2755528400684
283.74931352714015
282.94160671069704
282.96889782774036
281.7719689402087
281.17131377910744
281.5374905652013
281.52002773613765
281.07606932212565
281.6388419167749
281.0788717105471
280.8039632583487
280.4803522373068
280.0711771784158
279.78927655055605
280.1923975862306
280.6158385441221
280.78401483338456
279.6093491521375
278.7929478102717
277.8224964306272
276.6486159850811
275.59661339069237
275.6718786502707
275.3416529934982
274.98782060886253
275.02342685337726
274.546806006596
274.18271486512543
274.6420986323521
275.128359926158
274.6992067961857
274.18008618519224
273.9974334322173
274.20019708830733
274.3059442372158
273.94334146894255
273.34201268492075
272.9978487573821
273.16618546946296
272.85019026131465
272.65720452933476
272.61777795594315
272.3151166356843
272.0765569374479
272.00097540329244
272.0263037846006
272.2125691627634
272.1815376117312
272.1728371340653
272.28191850925316
272.18704086336595
272.29211197228267
272.22315916521796
272.24689281397855
272.17585830852903
272.11577620999566
