-165.76345736980437
-224.40509408315023
-225.1560806274414
-231.08780819574991
-231.40412296454113
-225.44203895727793
-230.05760096708934
-229.7553101460139
-233.99736309448878
-233.64004093805949
-232.24191839297612
-227.3999382575353
-223.5428790251414
-234.64939448038737
-236.62067792812982
-235.97424550851187
-231.25652244091035
-234.15112059116365
-235.63215195337932
-234.25249826510748
-234.0033456325531
-237.4552632967631
-237.7479559580485
-237.85778307914734
-233.4973634362221
-233.73891397714615
-235.09390965302785
-236.4832870165507
-231.99429760773975
-235.6642975926399
-238.4913910230001
-238.86241950194042
-238.8846117258072
-238.06158185402552
-237.7306275924047
-239.61052887837093
-238.18771042029064
-238.77652123769124
-241.28064331213633
-241.50413093566894
-241.7326652288437
-240.1990930557251
-240.42180453538896
-241.0244194904963
-239.15301983356477
-239.67344262599946
-239.68145776192347
-239.7760539531708
-239.35996152957281
-240.15972889264424
-240.98824116388957
-241.27458215554554
-239.01215120156607
-239.80782767534257
-237.24812297821046
-236.96815985043844
-233.85201511383056
-237.20914294719697
-237.25862091382345
-235.35660670598347
-238.33625515699387
-239.67581368287404
-239.35921755631765
-240.03671981096267
-239.35703734556833
-235.92593964735667
-237.34143511454263
-236.41499241987864
-235.77400881846745
-237.41190614700318
-238.2724372069041
-239.66924080053965
-239.42503623167673
-239.19761981169384
-240.07058378458024
-241.4267656246821
-242.14705528815588
-241.14316081603369
-241.61812642415364
-241.7447184006373
-240.96978662808735
-240.12224830389022
-240.8580874681473
-241.45936201016107
-240.84374115864435
-239.42339195410412
-240.0682685693105
-239.42713783979417
-239.5942834854126
-239.70572959582012
-240.42099376519522
-242.4656055967013
-242.00724130471548
-239.57150076230366
-240.36669329007466
-242.39452857176462
-243.0205837170283
-242.8216301202774
-241.96933030287425
-242.04510837395986
-242.50396395524342
-242.59978467623392
-242.4748263279597
-241.99046166737875
-240.5332000017166
-239.78135646979015
-240.43225541909536
-241.58312780062357
-242.1836033344269
-242.4836200515429
-242.76262069145838
-241.4225106795629
-239.15455134709677
-237.6967429002126
-235.4929889202118
-238.30233653386435
-237.4749916712443
-236.77135783831278
-238.11343195438386
-237.90702969233195
-236.2509472846985
-233.90432115395865
-236.66173507769903
-237.31776107152302
-237.3770097454389
-238.01083007653554
-240.3303703625997
-240.52560693422953
-239.10052680969238
-237.1853981733322
-237.1708857734998
-237.26520295937857
-238.51338150501252
-240.18470386266708
-241.2720673243205
-241.6345110098521
-238.74444195429484
-238.45360802809398
-238.96137259801228
-237.98026044368743
-239.45568515459698
-239.81791867415112
-240.0069469889005
-240.26767268180848
-241.04073659976322
-241.2209943453471
-237.13008541266123
-235.23618141810098
-238.65007404486337
-239.80544514656066
-240.89586267868677
-240.25436315536498
-240.1252590417862
-239.3643351316452
-239.35491395394007
-241.38414856990178
-241.37707683642705
-239.56026746829352
-240.54896884759268
-241.33870041767756
-241.1259579539299
-239.96968075434367
-239.50716803073882
-241.1703954855601
-242.22115608056387
-241.5204903682073
-241.01060502529145
-241.4322195092837
-241.3895546913147
-241.5228554725647
-241.22216765880586
-240.56800310611726
-240.1028331597646
-239.14259141683578
-238.82084728479384
-237.9987116098404
-234.3929632425308
-237.23399561246237
-238.64774074554444
-239.57172456582387
-239.57570673624676
-239.3523822546005
-237.3781609137853
-237.2383153518041
-236.72319359779357
-239.37741151253383
-238.619119032224
-236.9976430972417
-236.07163981993992
-238.35607144037883
-239.17790354887646
-240.59096813201904
-240.72568913300833
-239.61823941071827
-239.80276051362355
-238.46226186752318
-239.44853148063024
-240.55450836022695
-240.96059275865554
-241.0194354216258
