1326.6271605491638
1292.3912157058717
1287.7281382242838
1274.4062962849935
1271.6589555104574
1270.6485566775004
1266.2890762329102
1261.116092522939
1257.0257790883381
1256.5521256446839
1251.1067719777425
1246.7461035410563
1242.1941829681396
1250.4108894348144
1252.3522120157877
1247.1911721865335
1250.198989613851
1244.6880412737528
1240.3046000480651
1234.3643767038982
1239.6041631062826
1236.6176304181417
1242.610994052887
1232.0374779383342
1233.470264116923
1227.4851560910543
1234.0419777552286
1234.5642513275147
1238.216115729014
1235.4769620577495
1234.8902026812236
1230.7336497624715
1229.463245455424
1226.6801646868387
1231.0023583412171
1227.8080406188965
1230.7636228879294
1225.5705529848735
1227.126076666514
1222.7809866905213
1219.9870369911193
1224.2203492482504
1218.16974029541
1219.177667236328
1224.0932786623637
1212.2896090507506
1223.660550403595
1220.1292626698812
1216.005485312144
1221.5600178400675
1221.618688138326
1215.1743876457215
1218.3532289822897
1220.1548160235086
1214.6752749760947
1213.6078879356385
1218.0070548057556
1214.4314103444417
1219.970323340098
1217.3721663475037
1226.6814258257548
1217.2163342793783
1214.7833642323812
1219.3947884877523
1214.895609474182
1212.0979747454326
1212.1166830698648
1214.0175452550252
1213.87805797259
1223.5583396434783
1211.205619986852
1207.6727420806885
1209.525921122233
1218.8652356783548
1214.7315845807393
1212.725282160441
1211.7159005482993
1210.3043387730916
1209.7899422327678
1214.2720630645751
1210.1554984410604
1208.8711508750916
1220.278143533071
1209.8167114416758
1212.6710963567098
1216.3118464787801
1206.1867340723672
1205.257588672638
1206.3131187756856
1212.9171722094218
1203.0786450544992
1211.0018734614055
1205.7694315115612
1216.7181002934774
1210.4033422787984
1204.185529645284
1212.3496715545655
1207.3768545150756
1211.9737741788229
1203.7743447303772
1202.9756648699442
1207.175218439102
1206.2225217501323
1205.9283619880675
1204.7216764767966
1203.3158754030862
1212.5378365357717
1214.0815083185832
1206.617542330424
1204.4671409289042
1204.2416526794434
1205.9578136603038
1210.9262793540954
1202.0092989444734
1205.0660122553506
1209.9497895240784
1206.3504508654275
1198.3382042884828
1207.0484223683675
1204.6727534294128
1207.2616537412007
1205.299741077423
1200.6150160153707
1212.3546010653179
1207.3619031906128
1209.41225938797
1207.4971182028453
1208.1744970957438
1203.9587759653728
1210.174029827118
1205.5951824188232
1205.3051191012064
1204.1375260035197
1201.752727508545
1205.7753110249837
1204.2343303203584
1205.9459712664286
1203.3371047496796
1210.7565574645996
1200.6174225171408
1205.6255874315898
1203.2854564984639
1203.1499999364216
1212.0207863807677
1208.029933420817
1199.5281801859537
1199.3805123964946
1202.700747203827
1198.6335903167724
1203.4655663172405
1198.1266372362772
1202.754630502065
1203.4148853937784
1199.4811307907105
1204.8961236953735
1207.3544903437296
1194.7217578252157
1199.2803190231323
1199.8070315678915
1199.7230600833893
1201.1439038912456
1198.0815866470336
1196.6672785758972
1206.2569409688315
1204.8260725657144
1199.3175148646037
1198.4765068689983
1194.6264579455058
1200.0846285820007
1196.782095082601
1200.4572217941284
1193.4373971939087
1210.01773853302
1205.6834402720133
1197.8873639265696
1207.7352056821187
1198.5752801736196
1200.2369018236795
1195.449404811859
1202.0568205833436
1203.8107741355896
1203.6940298398335
1200.2008950869242
1201.864074786504
1201.42089732488
1197.4539984226226
1200.2572471459707
1198.8762395540873
1205.074271329244
1196.0621596654257
1202.000144704183
1199.2367889722188
1195.6434646606444
1199.2693839073181
1209.8758842468262
1203.3404873212178
1201.0503984451293
1197.6614591598511
1205.1688414891562
1194.8492159525554
