117.03800207582013
99.12124646121057
94.15567771319685
94.20644634139948
92.26907801217047
93.75484326995652
94.86855898643363
90.01608394137745
91.52319803320128
91.377265332074
92.81707435846329
91.67692911213842
89.12124406674812
85.04590570310066
95.2727082392265
90.36885162263081
88.27167046275632
87.52203308713847
89.37711926164299
91.60663007045615
86.06761861464074
88.86011435040112
88.96672877772102
88.22672880723559
93.00068642147656
88.72687722485641
88.28697687181933
90.26447776268269
87.1739637276222
89.0767682646883
84.5579793864283
85.28488961375993
85.19132413124215
86.61918407062004
86.55084934933433
86.47218590974808
84.46592149857817
86.53480396599605
87.13439096459027
90.13807645748402
85.35209534291563
83.79104367823436
87.77014983111414
90.89476290036892
88.53220156965584
85.8750694353005
85.2477776819262
82.2042837245711
88.46453588584373
85.78478423891396
89.53823322879857
82.52329986054322
84.55398751127309
86.41994179939401
87.84111355296497
85.5018715385733
86.69039019633983
85.19289575363028
89.61385759197432
87.9015046830835
90.68116233883232
89.35878757156175
90.58244262995392
87.03595407872365
86.08665675130383
88.03364918971884
86.25981608135947
86.10111664698042
84.817740423926
84.46368746921934
85.4721895702954
83.51763299415852
89.11005588646593
87.38297442526653
84.94649102564516
90.58133633383389
88.25496952903681
85.11834716796875
89.17998105082019
86.31477805252733
83.1544134760725
88.72272200933818
85.9868335785537
86.34020782750228
81.58785396814346
85.60418871558946
85.53190350532532
85.52637276156196
86.54679885609397
84.59583542675807
85.0679080321871
86.2633803764294
86.41447664334856
84.96813785413215
85.80653529948202
91.82356479455684
86.97735156067486
81.84910089496908
82.55968862360922
85.8248348421064
83.63876845918853
85.87974052593626
84.75838601589203
85.90675826011032
83.06710724995054
85.94625980278542
84.69104323715999
85.06074478913997
82.22614083207887
86.27308248034839
84.03539387522072
84.52160955297536
84.45601415634155
86.65557782197821
84.45516526904599
88.05189666871367
83.37676976467002
87.17479204720465
85.20478049023399
82.90223480504135
88.70661240610583
89.43366188633031
85.00401154263267
88.45189021168083
86.28928739654607
87.04072450358292
85.89540043164943
82.81034029557787
82.43397901592583
84.62167154920512
83.89453027371702
86.0559155468283
81.5292802699681
87.43826599367733
84.68168086430123
84.28614658117294
85.74054253101349
86.4845090200161
85.96202169204581
84.53096141486333
86.19771537390248
87.93129941307265
84.88058488122348
83.45316534412318
84.77681147435615
81.70575967533836
83.6734357517341
84.5147492844483
83.82983718452782
83.04067366698692
86.32663522506583
84.27932671842903
86.01681146950557
83.63818231533314
86.54161870068518
82.18051143555806
86.88102864602516
88.2659849462838
84.89338873583695
83.28905372784055
85.29132575413277
86.39020450361843
84.19926194281413
83.1035027483414
83.5000287438261
86.12747565836742
84.79383901069905
79.96850674111268
81.58512912742023
83.47896827089376
84.46566078580659
85.26589125600354
83.87816316300425
84.96046428844846
83.07633524516532
81.4568411132385
86.24829108139565
87.09676978711424
86.29499495440515
84.94567488185291
82.55895803920154
84.53250842053315
86.64913836635392
83.8400839731611
83.79778120229984
83.63964605948021
88.42758023738861
86.00237320517671
84.01394777873466
86.88052216069451
87.87745888890892
85.91347755645883
87.63715020130421
84.10495423448496
84.23256267761361
84.42736126636636
80.67816709855506
87.69807627899894
87.46484238936984
87.33389430210508
