252.36465184852995
245.92611104866555
244.00685861603966
240.6338878335624
239.5977119371809
238.5400760708184
238.11031065316035
236.51498325939835
234.97067201137543
236.96752539585376
235.02437834493045
234.7850677432685
232.98113321024795
234.66083937677843
230.51318664386355
233.9687074463943
231.23763332695796
231.0785105228424
231.7786558044368
231.35581513519944
233.55144723119406
231.7465941371589
231.07644656608844
229.01009450287654
229.31801355707233
228.8658931789727
229.2944365534289
231.14602511915666
230.99642145222631
229.3597395461181
229.61237196675663
228.74938316180788
228.542563985134
230.54728815884425
230.04492502788017
229.65484767946703
226.9310759552594
229.0385822181044
228.71541025720794
227.4047770130223
228.53495248843885
228.53921801468422
226.73284808520614
229.71252618986983
228.78935507248187
227.24885286955998
227.11728538315873
226.43070221358332
226.62510721025797
227.35875376750684
228.820939614855
229.53900890103702
226.93465534571945
228.00081005589715
228.30752485373924
225.09174272931855
228.1277195091905
226.58933297519027
228.92927535649002
226.6429596851612
227.60959339963978
227.84339957812736
227.30681192052776
223.57537172580587
225.7038678300792
228.36337531435078
227.0960693729335
226.35199483098654
225.87228597032612
227.38746453153675
223.89176023417505
225.56113664857273
227.24902757693982
225.91009819918665
226.41609144621881
226.9200926484733
227.78039674923338
226.07610104823934
225.83855242975827
226.8295444373427
225.83244175335457
227.20514799808635
226.35657149758833
226.5275321335628
224.26089891071976
227.61491693299394
225.7992181202461
225.7544198159514
226.74243536077697
227.11616705203878
227.1504349133064
225.80795272876477
223.3192944238926
225.7604423596941
225.59359723535079
225.59216662110953
224.15393923479934
226.18156042592278
225.4300403677184
226.33078611719196
223.23443673807998
225.1073053623068
223.42119922309087
226.97932383109784
226.82229245531147
223.76494715953694
226.55237621685555
223.59423106703264
222.97106444424597
223.65478594138705
223.97893892896587
224.87559100677228
223.68562173021252
225.48704594990303
223.78491464976608
222.90767393441035
223.06882575873672
222.7387862945425
224.92214693283213
222.56028783732447
221.05566897474486
225.08060341867906
225.63307235158723
222.5538991813002
222.31085822500032
225.59360955090358
223.7011007234968
222.36600129768766
224.27360328723645
223.39832601053962
224.11118925028833
224.0898849100902
224.7326776734714
223.97546863966974
223.62965194932346
225.48344701734084
224.48509016941333
223.4814859340931
225.3551568203959
222.36368367178687
223.80552424644603
223.88073421757798
222.9408778198834
221.0225279495634
225.33001024969693
222.8750342007341
222.9346495209069
223.14638361848634
223.91616770727882
222.7475908008115
222.60440368898983
224.02612178079013
223.60352519051781
224.83675057723605
222.17460873620263
221.4658211017477
223.21853684145827
222.90579650730922
223.26855684970988
223.12970114165338
222.7256550131173
223.65064864734123
223.718011194262
221.07892931329792
221.34666457258422
222.7039525344454
221.23157920919616
223.3043644674893
222.15444851332697
224.01828799576595
222.6202289359323
221.90990430733254
223.06422477755052
223.5085942827422
221.63555054829038
223.21092807013412
223.16082556083285
221.40274667328802
224.33177253706702
223.45494662482162
222.25636165306486
223.52662738849378
222.36862693983932
223.3980910860259
221.85695939639518
222.71416713040452
221.92556637320024
222.12409295706914
221.525148338285
222.4137293346997
222.5122504563167
223.22500628849556
221.81511456801974
224.45021463262623
221.09449429347598
222.77959581079153
223.2355683425377
222.62323854298427
221.9621261234941
222.92980277949366
