-16.349047362804413
-22.932761350582386
-23.03670304397057
-25.724908133005275
-24.354225439244303
-25.323926457557185
-25.733431212860964
-25.586695394125478
-24.380909727565175
-24.096469672589468
-24.10426122875049
-24.63371820696469
-24.090030644474357
-25.58873334938082
-25.163566759691157
-25.774816810057082
-25.266992810471304
-25.715028630248433
-24.423749674496978
-24.556976398517346
-25.250599915611332
-24.201980948962014
-24.631518109091395
-24.79836849919681
-24.507694969917164
-24.703109966269857
-24.27205685192141
-24.68075662748567
-24.368339955806732
-24.612020700142303
-24.248351273865534
-25.129063956696413
-24.047456018883608
-23.625996734047757
-24.673531879638805
-25.673015925390967
-25.325992058063374
-23.699430756527804
-24.349253555824017
-24.442477644517503
-24.580107531670865
-25.12500111450409
-24.145298639248157
-24.405828393738844
-25.490128368139267
-23.862429549981808
-24.60208107890754
-23.828911653880414
-24.62361733204332
-24.209573895766816
-25.549493317974026
-24.193296831229638
-25.07537800587457
-24.143558061328427
-24.712990231555082
-25.3810908979383
-24.979694922422542
-24.67744591523861
-24.542322726599103
-24.41955915093422
-25.153444450477075
-25.79374490113094
-25.615590276389288
-24.93304539446173
-25.125064469616987
-24.981227630171283
-24.41967111517643
-24.69923897241724
-24.60254511339911
-23.719260003032357
-24.756695323976977
-24.066687271512787
-25.16257632087017
-23.949060536150274
-25.18518686037639
-25.326243629743313
-25.25055991267336
-25.020622119307518
-24.85027504583885
-25.668550620305126
-24.53553331617651
-24.06175322676527
-24.39445521348509
-24.0510522538218
-24.894179317971755
-24.572577599821418
-24.05489654376589
-24.594058570933754
-24.00908530375053
-24.988610164872533
-25.824787554555925
-23.749328143123922
-24.0990104582803
-23.83847043226505
-24.955140832169302
-24.61823098361492
-24.628637116530847
-24.901033731370138
-23.77297337455996
-24.203207290891942
-24.659492848248316
-24.479588351886846
-23.905251503504555
-25.51528157859013
-24.453967973589897
-24.132989676348096
-24.059093938819295
-25.49164987329779
-24.76916664838791
-25.647883968620466
-24.6604480383725
-25.16129216243481
-24.60877852450157
-25.451599119038416
-25.00966563050089
-24.90205817078722
-24.855264240297778
-25.307004776494257
-24.421237789351366
-24.417350913943917
-23.797255921466597
-25.182254917662718
-25.01338270614887
-24.58026467315082
-24.50827502279446
-25.034331211242183
-25.596028953790665
-24.23948176462075
-24.023527400246984
-25.658746875051794
-25.007762560556674
-25.33285456176462
-25.144620108193365
-25.24451569853158
-25.426863569637824
-25.78929302250517
-25.548709619661857
-25.204261316821494
-25.0134884586622
-25.016615588089515
-24.926699305916653
-24.145719288238162
-25.53706111938789
-25.550355543350353
-24.817620509657367
-25.118491257059162
-25.07780019682029
-24.569594231658968
-25.045339415813313
-25.342232413333036
-25.209616530558158
-25.23124677867725
-24.452596426010132
-25.160291040251995
-25.67262394829043
-25.457268293047772
-25.212937449586803
-24.33598866236621
-24.753688945852478
-24.236404095744266
-24.173810780562203
-24.86422027133662
-25.392009560917987
-24.901913792408745
-23.687126181762792
-23.832481818980185
-25.452432009680518
-25.150195197812444
-24.382291214219457
-25.30423294470228
-24.966490963409687
-24.32265977612857
-25.4776632241134
-24.156830088845616
-25.249690391894045
-24.808045798334582
-24.72156828230825
-26.529012243295536
-24.743438094854355
-24.706728114136332
-25.954094615475885
-25.117975469293267
-25.05841567701307
-25.53813462421812
-24.73752176247794
-25.377191427966643
-26.867041871465485
-25.568527057253082
-25.239921731681658
-25.473337248481553
-25.633534186872943
-26.095946826811495
-25.90728586090022
-25.74798727138289
-25.239887333121793
-25.52960642658431
-25.82781619347375
-25.021966750765667
-25.305169657386582
-24.82054723182629
