6911.166232045492
4884.763877105713
4146.593405151367
3734.000596110026
3348.9650365193684
3115.2931516011554
2928.0000752766928
2810.802134895325
2688.7497255325316
2530.7107343037924
2462.0623338699343
2313.476500002543
2219.614063008626
2127.2778322219847
2029.267594019572
1968.5516513824464
1906.2645371754963
1850.0570594151816
1788.027496846517
1721.8151456197104
1651.417329788208
1604.840763982137
1541.2466812769571
1489.706641991933
1439.2802831013998
1397.618459447225
1363.677372932434
1303.5771802266438
1268.1966763814291
1254.6002714157105
1206.039307530721
1164.5662175178527
1129.1455980300902
1087.6853487650553
1059.1209776560465
1025.56586672465
1001.9684041023254
987.3178619066874
967.938837814331
939.4958297093709
923.6943510691325
899.5382162412008
876.98760693868
861.8864855448405
845.6288471857707
838.9031444867452
828.599528280894
811.9476252873739
800.0368598937988
794.5515733083089
774.8314003308614
755.4444056193034
743.5996335188548
728.1345252672832
718.573791996638
719.8340410709382
706.91734902064
694.5515783309936
686.2264594872793
682.8567690213521
675.1129200935363
668.9930901845296
661.3577634334564
657.4988667011261
651.237571366628
646.1608611901601
640.6020184993744
630.0753426074982
619.9530159473419
609.5405592123667
601.7752264976501
598.7505071640014
590.5379605611165
586.7291403134664
586.2890281677246
581.1958720207215
583.0455611228942
575.3670596758525
569.4635705312093
564.0241121610005
559.1621960798899
550.5185737609863
545.6778664588928
539.1211606184642
533.1914521853129
529.8404246966044
524.1157347520192
521.9828453699748
515.5415798187256
512.6958485921224
512.8752594470977
509.14824641545613
505.7338297049204
503.3927094777425
496.0943235556285
492.8082764148712
489.512193552653
484.61846391359967
484.9005405426025
480.6346035639445
474.705340830485
476.52845067977904
471.0951274553935
470.8352081934611
470.6223651568095
466.7442551612854
464.4737960020701
459.188888947169
457.48347555796306
454.5539710521698
453.6071838537852
452.6342227935791
449.3249265670776
448.369624265035
443.3807175795237
444.8702493667603
440.62410073280336
438.54561087290443
436.2200479030609
432.9828639189402
428.82255226771036
425.8453420321147
425.7936779022217
424.88192275365196
422.5048512617747
418.8155664920807
417.31173872947693
417.0655539353689
419.0629860083262
414.9878383318583
414.97778781255084
411.015727408727
411.91311882336936
410.0178786277771
408.635963010788
406.2476444244385
404.387101538976
405.36889333724974
404.18031624158226
403.88153392473856
400.0379305521647
402.5352699915568
400.18223497072853
397.4725038528442
396.4726302464803
395.8940606911977
394.2544652779897
393.24741962750755
391.84649222691854
390.312708568573
388.4356197675069
389.2659805774689
386.8299901485443
387.0261396567027
386.6225891431173
384.69700593948363
384.4989119370778
382.68248856862385
383.66957778930663
383.352712392807
382.4604170958201
379.963552347819
379.6153473218282
380.54378105799356
377.65334895451866
376.93480456670125
375.4550556182861
373.9620500246684
371.77813913027444
371.1001012007395
374.34975167910255
372.53889789581297
368.20588461558026
367.6612648963928
366.17034624417624
365.17974394162496
363.21606952349345
361.3110948085785
363.07791093190514
359.60382431348165
360.0932072321574
359.4632592201233
360.28366077740986
358.995357465744
358.1290835857391
356.2571297645569
358.33912426630656
361.4964231332143
359.8423460960388
359.8093018690745
358.05528066953025
352.06587586402895
346.99800318082174
344.1552389939626
342.3803644021352
341.8897398153941
340.39363061587017
339.706094900767
339.1168546358744
339.06663707097374
