14.13713516757406
9.103970786106997
7.792967982076365
6.912390450593726
6.452786433542597
6.084000513856781
5.719617211099329
5.388744170038865
5.205246118635967
4.9876803091630855
4.826489553883158
4.716140277426819
4.607910126961511
4.524938949865514
4.374745879193832
4.288891021547647
4.262195630191729
4.122750453650951
4.03014447976803
3.9846235504695056
3.915305659174919
3.8313937839762917
3.7956769529344707
3.775561603621162
3.7025989868260663
3.665531845185263
3.670633607447661
3.61760341915591
3.5600466583694876
3.567822658681664
3.488116503275674
3.5000685283849977
3.5240774877883236
3.479602568493835
3.3987200696278235
3.487677695036962
3.377268385270546
3.3690586492162327
3.3836152786067846
3.297644098642571
3.326571511168932
3.341791279357055
3.2471840420802094
3.2305368427187204
3.274362110243789
3.2611360885202885
3.187025747679431
3.1761553394126483
3.186713561672589
3.1970893705970256
3.1803250168931894
3.1638524642792243
3.11127559853525
3.0797720260532766
3.1089566050033115
3.0607165500907034
3.0713914993765026
3.132119920618575
3.103707682341337
3.036999622424101
3.054053694459385
3.0319686455587886
3.0160859809096516
2.9614516716964285
3.0386517809639715
3.007485708671397
3.019239827990532
2.9604180900315784
2.9397935330996225
2.960910206981774
2.9921776824470223
2.944745435347331
2.922020220294081
2.9070854832514605
2.9620218108697185
2.9279575888709775
2.94409046495526
2.9256436371983123
2.9273327082909386
2.9145202645068538
2.866695236864275
2.854809466492513
2.861421411921238
2.879357439754852
2.8344728545253646
2.8143554856551103
2.836541197359048
2.8357192982502024
2.794948364511646
2.8585814712890265
2.8287849549589485
2.857862844420918
2.8441030190422616
2.80867191269223
2.8201502027182745
2.842380732940189
2.7908045161387016
2.7834929625407376
2.84127420071384
2.8077713881201785
2.7700889954536128
2.756484554695158
2.7569847713898996
2.754054733391466
2.7709976776406684
2.773860770052877
2.724097418052883
2.737100269003161
2.7928584162145853
2.747429245761756
2.7456650316458324
2.699360962186394
2.7409634546473107
2.6966103104681802
2.732913606189962
2.68643633809326
2.693254560938683
2.758645974485011
2.710357499019853
2.7173335422472706
2.691753636660247
2.6965385437782468
2.644440653894482
2.6957494163050733
2.639406348482288
2.692527564114024
2.65104832301109
2.645048749665248
2.6531557797871788
2.6672034046516337
2.655949750594024
2.637811151879101
2.618893479350312
2.620796539403241
2.6099573257539808
2.663096766083919
2.6303662632046074
2.6223214471648477
2.704804211084185
2.578473916855352
2.63388000923241
2.6408744440253438
2.5834926418831636
2.58589173583635
2.6563149921210676
2.5886906840806376
2.5717772797135443
2.6127797092857032
2.614444278373287
2.591703785133773
2.6379859225888707
2.598163749701504
2.569679337714253
2.5864783185052462
2.5721210064045312
2.536284982901195
2.58088009894408
2.5632864850219983
2.5828588382694226
2.5917120857228495
2.608455630340453
2.546517130886686
2.565405026848974
2.560031305163585
2.5227629661174684
2.546532522308929
2.5544530596455624
2.4999889099392396
2.5001118756059943
2.552123299253912
2.5920896124223183
2.506385827629731
2.570799524414128
2.507733345417113
2.5393718084127737
2.5522805821664374
2.4969673545324595
2.4987881105907004
2.507996595368303
2.5202132205254046
2.55589225534992
2.5161850941849164
2.4961179349699925
2.532065730349257
2.512193113051612
2.479224861438932
2.4971969763523547
2.5086646050471684
2.4890302055483233
2.4997649158126323
2.5407825623606812
2.526239978984512
2.4663591635381352
2.4809198308222253
2.486625023314665
2.494593445083191
2.5388495737750985
2.468292457276377
2.478286374360323
2.5057567320121774
