-138.36352908611298
-197.75450235207876
-199.35646398862204
-206.83185940186183
-210.10920485258103
-213.76253128846486
-214.77467749913532
-213.98523041407267
-215.41784607172013
-217.60679673353832
-219.59905300935108
-217.52566852172217
-219.14172464211782
-220.82656998634337
-221.32316441933315
-219.8412428855896
-222.31530079046885
-223.15831758181255
-224.63935811122258
-223.53039236863455
-222.1003589471181
-221.0237207889557
-222.5996529261271
-222.93138358592986
-222.42207061052324
-225.5615523258845
-224.90658231576285
-224.20853435993195
-224.9268183628718
-224.6494243701299
-226.0287273287773
-224.999050060908
-225.5029283205668
-225.42678210337957
-224.12454500198365
-225.05081258217493
-225.57695185343425
-224.8771789709727
-222.99809234937032
-223.39632888237637
-224.2365047454834
-225.72019610007604
-224.42088184754053
-224.71263171037037
-223.97481265068055
-223.39204819202422
-226.7911980231603
-226.7319975177447
-225.96378679275512
-224.48095785776775
-223.04673593044282
-224.77082394361497
-224.77420531908672
-226.2083009203275
-225.92330613136292
-224.911998685201
-226.38855258623758
-226.3711236198743
-227.3740765094757
-226.3616576830546
-226.3404668966929
-226.6508919755618
-225.8527453104655
-225.2714478691419
-225.78135106960931
-227.00973855257035
-229.45599284966787
-229.09732590913774
-228.99866928656897
-228.11614580949148
-227.03835756778716
-227.17216982841492
-228.10167142152787
-227.701320318381
-227.16884268919628
-227.86442560354868
-227.04735219081243
-227.4121642669042
-228.31075288852057
-227.99927243391673
-227.74827420314153
-227.918398753802
-226.8292352437973
-224.2160710255305
-226.70036217371623
-227.6645407875379
-225.96140042940775
-226.52112557093304
-225.99798088073732
-226.6747453769048
-226.9218015352885
-226.87614379723865
-228.57337951660156
-228.77508379618328
-228.74259217977524
-227.70641210873922
-227.74191211859386
-226.55640051364898
-225.9862508138021
-228.15805779695512
-228.74554409980774
-227.80186924934387
-228.2707385937373
-229.83101297219594
-229.31425318717956
-228.6631983836492
-228.03376246293385
-229.0308090209961
-227.94828949769337
-228.56864573955536
-228.4824281056722
-227.51429158449173
-227.64563931624096
-229.3900590578715
-229.9803024927775
-229.42509433428447
-229.48144040902454
-228.64249053796132
-228.83892446359
-229.45671665668488
-228.4477103392283
-229.63956832091014
-229.37442240715026
-230.35136791070303
-230.4219034353892
-229.5722154935201
-229.24663247267407
-229.25191224416096
-230.51169565121333
-228.88312137126923
-228.07373472849528
-228.1910870631536
-228.28562325636545
-229.78126997550328
-228.1645454486211
-228.24374575614928
-228.45744631290435
-230.27357551256816
-230.567302664121
-231.07139807542165
-231.41667906443277
-231.8861793835958
-231.7090343316396
-230.12637883822123
-229.9665103475253
-229.17855871518452
-229.52613735198975
-230.50249803066254
-229.31639138062795
-229.268158809344
-231.03316790660222
-230.4238659143448
-230.45375050703686
-230.89786190191904
-231.41302573680878
-231.0279748996099
-230.4466075817744
-231.8402043422063
-230.96663669745126
-231.35984381039938
-231.61671809355417
-230.92447174390156
-230.06095567941665
-231.18996200958887
-230.46650987466177
-230.07118291854857
-230.56731862227122
-230.9591122706731
-231.0870339870453
-232.2481253226598
-231.9721673409144
-231.6207654953003
-230.06810502211252
-229.39849433104197
-229.72044479846954
-231.12724138895672
-232.16843952337902
-231.92874173323312
-232.74839170773825
-232.5416117588679
-232.69131291707356
-232.43290184338886
-231.78701540231705
-232.9609440803528
-233.36336791117986
-232.69754317998886
-232.32587871948877
-231.05540146827698
-232.85496282577515
-232.3563782652219
-231.6602968811989
-230.7154795328776
-230.75987447102864
-230.36154529253642
-230.00472675561906
-230.53000692526498
-229.91479743321736
-231.10755900144576
-231.65164662202199
-231.20108349720638
