996.4053320407868
826.4654980818431
761.2183059215546
714.2538657347361
680.6186636924743
656.4987467130026
632.3619091192882
610.5919704516729
597.2697135210037
585.2626713434855
564.2604826609294
558.8394342501958
550.3561863104502
546.6173968791961
539.5008399963378
540.1582620302836
529.8874083121617
527.8863482395808
519.9181980212529
511.383230026563
507.747713859876
504.78506836891177
493.05826172033943
487.58191976547243
491.8769651254018
484.5211826642354
481.06291886170703
471.1354587395986
469.47947765191395
470.3335435787837
466.28196971416475
470.5302199999491
463.79946669737495
460.957306989034
467.5734043598175
458.74571939309436
462.5500758846601
457.7280332406362
458.2720951000849
455.61537325779597
446.09505894581474
448.86102472146354
452.5579791863759
448.21385352611543
442.9239223321279
444.06911873022716
439.50409911473594
437.7218975464503
441.89077416658404
437.3921414216359
434.7622008283933
433.1719440062841
435.5897937178612
435.2041580080986
433.0337923248609
430.1386276205381
430.2023432652156
427.38782200813296
425.65787827571233
427.2144043008486
420.5041041970253
420.5530566930771
423.65930148760475
421.1754608829816
417.37789336045586
418.3091601530711
422.65807454188666
416.8568029721578
415.25696178674696
414.7299104531606
413.4132525483767
415.7784702897072
414.19739773273466
415.7145158012708
411.0948334376017
412.0143963177999
410.5745192368825
410.5912496964137
412.3322926123937
410.5946113745371
410.4890857776006
405.9916085481644
411.4784259517988
408.32224487861
410.1579869508743
412.7437109231949
408.12115659713743
405.5789805531502
403.94294920365013
400.8372518102328
405.1497689167658
405.3568478782972
399.50244880517323
403.0908450206121
401.82642062505084
399.6957051118215
397.12259806394576
398.94787538846333
395.3595011512438
399.7534043908119
400.1819787979126
395.3092129508654
395.0530940413475
401.7706327199936
395.78732288678486
393.95773967901863
395.8694199601809
394.6138517022133
393.575440176328
394.39800703922907
393.8745159626007
392.024240899086
393.5139559030533
389.6881750027339
391.76917308568954
389.7303229252497
391.73877133131026
387.41166757742565
388.9383808612823
392.0536095023155
392.3446592370669
385.3245987931887
388.72022791306176
385.3836564898491
386.1247795065244
387.53871905406317
384.70699166854223
384.67688788572946
386.44143004020054
383.19764277537666
381.4407324274381
383.05342392524085
380.2194988648097
380.80243083635963
381.85541047255197
379.33601802190145
385.09222946166994
378.48787923256555
381.46530787150067
382.71070327758787
378.4648833155632
382.1995093901952
379.98672511577604
381.988227113088
380.30775134166083
379.3669141292572
380.96619919141136
379.8587257186572
377.2387063105901
380.6904460231463
377.1844300786654
377.53268920580547
378.57420209248863
374.523840936025
376.07569038470587
375.18260454336803
374.63220089673996
377.41545457839965
374.86048708756766
375.51152311563493
369.6028004248937
370.77794158061346
373.0799678603808
372.1442452510198
370.59484894275664
372.3266146659851
371.1130649447441
370.92254904905957
369.5316438794136
369.24700922171274
370.1750221133232
370.6317683537801
369.1005409002304
369.30353250106174
368.56017960707345
365.34244345029197
364.66834278901416
363.10590506394703
365.9381344199181
363.7716611266136
367.51347907384235
369.66118885676065
365.7758725921313
369.03776657183965
365.6332898537318
366.4947948614756
369.0771745443344
364.88128587802254
365.2003623088201
365.07066949208576
367.57035606304805
365.3706770459811
359.85339521169664
361.67007382710773
365.528151345253
364.92578286329905
367.8421935359637
365.4419559240341
364.61565626859664
364.8029902855555
