-49.35791500632105
-55.15131664276123
-55.578343631892366
-58.508097765774565
-57.95525659158312
-57.72860964207813
-57.921851618536586
-56.98470805328468
-57.530188739299774
-58.081133528002375
-58.276578044069225
-58.73164644426313
-58.50351453341287
-58.583577743892015
-58.687779833530556
-58.21652934982859
-58.157382408092765
-58.239863305256286
-58.27827791818257
-58.89777291437675
-58.69852378450591
-58.14162237479769
-57.93655254203698
-58.70495992693408
-58.36128047005884
-58.89756922783523
-58.7173816284229
-57.95878690275653
-58.961527187248755
-58.72122139149699
-58.80231175032155
-58.69058541182814
-58.910373524345204
-59.31714858166103
-59.441142575494176
-59.541244909681126
-59.567331532979836
-59.3522512738047
-59.96935816057797
-59.67121354053761
-59.388444596323474
-59.93290104742708
-60.05312284313399
-59.65977282667982
-59.38137927137572
-59.46718713435634
-59.17661229187045
-59.55933262664696
-59.75499205650954
-59.35497527903524
-59.66380754215964
-59.49103830600607
-59.37878175233973
-60.03248727527158
-59.820932030677795
-59.88687780191158
-59.80789864988163
-60.23711154378694
-60.478880526690645
-60.2073445484556
-60.57295144426411
-60.53643487548006
-60.586756650743816
-60.42807920020202
-60.59641209964094
-60.183051829708035
-60.25912311159331
-60.34845936195604
-60.29421556818074
-60.591813991809715
-60.3296894163921
-60.30759080114036
-60.504595419456216
-60.37610434355407
-60.46740774656164
-60.51138892461513
-60.207786620690904
-60.31594181574624
-60.243233964360996
-60.713112329614574
-60.865343187389705
-60.68848315806225
-60.51000848720814
-60.69289816864605
-61.2474127514609
-61.00566186576054
-60.874686503204806
-60.80091601199117
-60.69828662790101
-60.542722271434194
-60.905541878322076
-60.816952906805895
-60.94677126407623
-60.86202757831278
-61.00949437659362
-60.74646813499516
-60.61701218424172
-60.611874311134734
-60.80557576541243
-60.69934006806078
-60.524341270841404
-60.672135957356154
-60.6110061016576
-60.65477270710057
-60.34054634180562
-60.78118497338788
-60.50063109397888
-61.23983010341381
-60.802024652217995
-60.643730430767455
-60.91720195268763
-60.53009692964883
-60.889078553380635
-60.88095538575074
-60.96226078066333
-60.92945389295446
-61.02123113130701
-60.9143158135743
-60.866445730472435
-61.187355867747605
-61.21655812756769
-61.19721773164026
-60.85665647531378
-61.034789884912556
-60.759728213836404
-61.054460788595264
-61.325993172053636
-61.13368653223432
-61.182290422505346
-61.166308519141424
-60.9966856035693
-60.74529040887438
-60.70497142240919
-60.85906149395581
-60.860417312589185
-60.9402115108638
-60.939157177662025
-60.615494216310566
-60.601730407312
-60.67110584419349
-60.83615200889522
-61.24870050981127
-61.02089519952906
-60.971299331763696
-60.991058041309486
-61.03519132013979
-61.19528839300419
-61.02223797502189
-60.99914960100733
-61.07203088752155
-60.9140860068387
-61.05412746297902
-61.19503511848121
-61.11126982549141
-60.959531644295005
-60.97160324557074
-61.146328181028366
-61.14739703721013
-61.33326526551411
-61.16534561740941
-61.076495885849
-60.94326994336885
-61.02155626333993
-60.92564020382947
-60.930919104608996
-61.009835674844936
-61.00966044746596
-60.98979648022816
-60.92816877365112
-61.05515311195933
-61.30584839089163
-61.14890051299128
-61.501188979066654
-61.313574443603386
-60.898356649382364
-61.353797237420906
-61.09398513621297
-60.75289957482239
-60.66229137264449
-60.94085149312841
-61.12146211081538
-61.25745731592178
-61.27659996624651
-61.20359838419947
-61.26497158099865
-61.16445416623149
-60.988538994871334
-61.16247447811324
-61.10466480666194
-61.204875304781154
-61.28908639118589
-61.21330850494319
-61.229244279450384
-61.135316290732085
-61.09412753787534
-61.025574102483944
-60.96692211360767
-61.03631863922909
-61.16868096590042
-61.01415611854915
