527.6745513677597
417.0856288989385
385.1009181578954
360.9434370676676
343.1047450820605
333.6985455095768
323.9557232518991
321.530256964763
309.572834533453
303.2464783012867
296.68037734429043
293.0230761627356
290.6570856551329
286.27145573695503
281.53664622306826
279.81185099482536
277.04082226157186
273.8104608714581
271.9078706284364
267.58413489659625
268.3425528268019
269.93465538918974
265.55196657677493
262.70111571848395
261.73007881144684
259.0454455991586
258.54951907296976
256.46576096216836
256.49442815979324
255.14767370621362
257.21987917323906
253.91539532244207
253.0627407491207
250.22076184848945
250.45833023587863
249.3889463076989
249.21008577048778
246.60996064891418
243.4139079918464
244.8012803517282
242.7219186981519
242.203066243728
242.35423397322495
242.76731485972803
242.43720339337986
242.752432607611
242.541282868882
238.86266264667114
238.605475063622
238.65339567810298
238.3130930364132
237.7486536361277
236.53988621135554
236.6246460656325
236.19137267072995
235.63233717630308
234.63876225203276
233.76935586581627
233.96789338638385
233.45117445513606
233.94394403621556
233.36607512434324
233.27161425004402
231.8022934446732
230.34876729200283
231.79353020141522
231.65343232955783
227.54110828340055
230.17268616432946
231.5900619789958
231.32470449507235
228.48945335869988
230.25092436050375
228.02065747926633
228.70778887970374
226.64659632171194
228.3701307248945
229.2014737625917
228.1654795219501
226.8199063935162
224.45761365989844
225.48919138486187
226.6409091481318
227.643726195395
225.31280566876134
224.87296198072534
222.66649599385758
225.94691362871478
224.9638882217308
222.47057305866232
223.05092913244542
223.2613538729027
223.05980412761372
222.48312308390936
221.85937207589546
223.19703561452528
223.96819606929395
221.78819323976833
222.89867685362697
222.73732241354884
221.0123713365135
221.1990943302711
220.79250324865183
221.45217226427047
220.27181188923618
220.72962899282575
222.19748823281068
219.29010945966002
217.9073292861382
218.6387867598484
218.43008561685372
220.4186602912843
220.3051841666301
217.69086077859004
219.3450750319908
220.0503531826039
219.8750245672961
220.85909140318012
218.27067642435432
219.4371459571024
216.61553024624786
216.97645304302375
218.30210440172814
216.12253055274488
218.62733101136982
218.09092806248614
217.46776235261933
218.7596188483139
216.0301088894407
216.3049304768443
216.04902452329796
216.94055104479193
216.51752444903056
214.63422006865343
216.62631475515664
215.50915629238202
216.19608511614302
215.75554838118452
214.85325019210578
214.18599860270817
214.93320244929444
214.17189577569565
213.08922147291403
214.24678419108193
213.27659964562045
215.37274605135124
215.23397202218572
213.62490554923812
215.1804558575619
215.6193944385896
213.63001619453232
211.69915075028936
214.3902545260576
215.94513568120698
211.824608130008
213.16166192665696
215.73251285509517
213.72860753896336
212.93805444445462
212.87593869995325
215.61433789394795
211.68328447354335
210.47303861950834
211.31128777265548
211.356075728933
209.13779854675133
213.05706743448974
212.69561167707045
213.07027939110995
211.15927162965139
209.4010457654794
210.45749169078965
211.39324777225653
211.28775964705272
209.54232832591515
210.5982817831139
211.1065053217113
210.0369966045022
211.52699021920563
211.23179425646862
210.20065516332787
210.27896512846152
208.18703779180845
209.78690961611767
209.05275697211425
208.49540789773067
208.9736278394858
208.46721776475508
209.08646590212982
209.11723452955485
208.8570763664941
209.91488398835062
207.05638640547792
207.7866141177714
208.14812268863122
209.29636239012083
207.21265600696205
208.88766635855038
208.52276654044786
208.00773490170639
