649.4809847672781
509.754492521286
458.600190226237
431.57137799660364
408.397443540891
392.65626617670057
376.740899904569
370.5379138112068
355.6951190193494
348.92578575213753
340.28926758766175
335.2995731830597
327.21328334410987
324.78563016255697
318.8868502219518
315.52175709207853
309.81687606374425
306.2382247428099
305.4195338865121
301.5726815064748
295.2267089545727
294.1955272138119
292.8091384768486
288.74569784005485
288.01707756121954
287.3173091729482
284.43320912122726
282.6841718733311
280.09859148859977
280.34820501208304
280.1769600490729
274.284374666214
272.6034074405829
273.27436454693475
271.30023148457207
270.04544871052104
270.6134541451931
271.3673160046339
269.75716259082157
266.3884667734305
265.73110045790673
264.56066607137524
263.4452989667654
263.5487418274085
265.3352302124103
261.84836976329484
259.37683838804566
260.4233087738355
258.70264709790547
256.3068714906772
259.0524812489748
257.5969150652488
255.27800975938638
255.57874421179295
256.00971303979554
255.3631036579609
252.88714762330056
254.50980982482434
254.20244769056637
251.74652653535207
251.85447977681955
252.64062016904353
252.76022178729374
252.9097543815772
249.2171110312144
249.0370166470607
251.0142436111967
248.41648950924477
247.03847766518592
248.27149476806323
247.1068616727988
247.45003003279368
247.16618115504582
246.54218680212895
249.44240770041944
245.5750270292163
248.32341512044272
248.66495762318374
245.5925404548645
245.61454005539417
244.52709772686163
244.77135804891586
242.61696138083934
243.80353580713273
244.69284202357133
245.37140832642714
242.48203377823035
242.79124679962794
241.9500778287649
242.46239281694093
241.03559388120968
244.33245131870112
240.89436282416185
241.1228386208415
238.58226999590795
239.5977155978481
239.55243838727475
238.9643235201637
241.33142071614662
241.31633258660634
239.5815764605999
239.8487996156017
241.90275197029115
239.80507755825917
239.31830095897118
237.58171938061713
237.54046400487422
237.96455661157768
237.93252339164417
237.94356942077476
238.96074103514354
238.87501307825246
237.45314056277275
236.6725456063946
235.23928677588702
235.06592608094215
237.38255538170537
235.47474425683419
235.1589122245709
236.63811334967613
236.44632814104358
235.74628128359714
235.02837941348554
236.63625225027403
234.10030567298332
236.18884382396936
235.92107411076626
234.56150484283765
235.2815279076497
233.62307378997406
236.00821333825587
233.5867167795698
233.2549496750037
232.8002450682223
233.7809014285604
232.75361740638812
232.55283567657074
234.18490002552667
234.79581782420476
234.30984277973573
233.02601975500585
233.91021153330803
233.49564377168815
234.48206095000108
234.13069361448288
234.49627405504387
231.01803459028403
232.89942882731557
232.7517585535844
234.2387758354346
233.29737311154605
230.36579203183453
228.96784195999305
229.5084296564261
230.20475703155
231.09262061864138
230.6280196517706
229.2955168860654
228.6921356484294
230.98880787019928
232.65279473761717
231.53388335158428
228.18838270107906
231.6780205667019
232.78397570649784
231.43967948108912
229.0362953543663
229.27648026794196
228.89127866824467
226.75891272181954
230.8964787438512
230.7495460351308
227.55439878081282
231.0355649297436
230.38570006390412
228.14858086357515
229.46574622193972
225.14817960113288
228.5930887038509
228.0818707957864
227.4907705500722
226.66785712925096
225.8778196980556
229.15326230749488
226.70444570382435
227.27442135115464
227.06100907251238
226.20924243132274
226.77394179850816
228.21063213000696
229.83023423751195
227.5143639907241
224.15944529225428
226.85597848047811
229.45027413268883
226.9249943981568
226.82737710922956
226.8446153461933
225.28544685021043
228.35344167550406
