6899.299873097738
4870.310936737061
4111.830169550578
3707.92722307841
3321.8695841471354
3094.299338976542
2918.5351202011107
2810.014975420634
2686.439126968384
2509.7839925130206
2438.7599380493166
2305.172592989604
2216.798876253764
2112.7174973805745
2024.7894723892211
1956.813134765625
1893.6422166188559
1833.9208234151204
1759.086284828186
1705.098970603943
1632.2294102668761
1586.6993679682414
1518.890682411194
1464.143498357137
1407.9517393112183
1360.2033608118693
1325.1007159233093
1273.882798798879
1234.4615564028422
1214.953719774882
1170.2281133651734
1141.1664670944215
1112.9214366277058
1062.043710422516
1041.7487170537313
1005.0900225321452
981.806668027242
966.3706497828166
953.377090771993
924.2301646550496
905.6206732114156
879.8706466674805
863.9920509338378
846.6956815401713
836.9730411529541
826.7243556658427
818.8866005579631
811.4951608657836
796.7426798184713
779.9497464815776
764.0418692906698
747.735794766744
740.519858455658
725.2235741933187
712.3055590788523
713.8282871087392
700.4106216430664
687.9713810920715
679.1778232733409
675.7840434074402
668.6690159479778
661.20882730484
662.9993584950765
657.9148536523184
646.4885917981466
637.452802213033
631.5925431569417
633.1319981416067
629.3949457009634
625.3427780151367
612.9637108802796
605.5970163186391
590.6686072031657
582.7233733177185
578.9827868143717
571.1751399676006
568.089443953832
561.0280059178671
557.1201715628306
552.5806961377461
550.0975069681804
543.5786946614584
546.1456307411194
542.3666451295217
537.9007253011067
533.6174298286438
525.0447447776794
521.1279439131418
514.4664658069611
511.2902947584788
511.0761483510335
509.47683987617495
504.780264822642
498.95907627741497
493.2049343585968
490.4798352718353
486.89815950393677
483.01441891988117
481.35194133122764
476.1670671463013
472.7337098121643
476.4569570541382
470.67536524136864
470.2895985285441
466.6993233362834
462.7776545524597
462.4980510870616
459.4983142852783
456.19282596906027
454.94875961939493
455.0113927682241
451.4210804780324
449.4884611765544
446.8891914685567
443.29901056289674
442.93716746966044
438.63232396443686
439.3797660827637
436.51360047658284
435.25609668095905
430.7677382469177
427.64383142789205
426.575389734904
425.03378842671714
422.0671307404836
417.1581227302551
417.234033425649
415.99516596794126
417.9668945153554
414.7089957873026
415.769687239329
413.12201930681863
411.8417321681976
410.99575163523355
409.8001475493113
407.5483838717143
406.2223050435384
408.22801365852354
408.43499863942463
406.5128904660543
402.6468571186066
401.6579886595408
396.8071664015452
393.86620060602826
392.1732838153839
390.2051987806956
388.13150062561033
386.5132396697998
385.42846544583637
384.86012570063275
381.894184144338
381.8409192721049
379.79909148216245
380.7911437988281
380.18470177650454
377.37809257507325
377.1403246561686
376.0947360833486
375.7625282128652
377.80773261388146
377.55061310132345
374.7906649748484
376.29541894594826
376.08622929255165
375.00088148117067
375.4652371724447
375.5174063046773
374.4778095404307
373.1655711650848
371.86464676856997
372.1501000404358
371.4233990033468
369.49256184895836
369.8087826569875
370.6301935831706
374.75381083488463
370.2770829995473
366.6564058462779
368.2077872594198
363.4813415368398
362.12082304954527
358.7749363740285
358.1561388174693
355.66054884592694
354.00605297088623
351.27442984580995
350.7833109219869
351.0091531912486
348.59511319796246
348.33119994799296
347.4783653259277
345.33683272997536
345.0590400536855
343.74356220563254
342.22521036465963
342.61782321929934
342.13140721321105
342.91777362823484
342.8459442138672
343.7765913168589
