391.16965839862826
250.81169350147246
206.12759393453598
179.0114504178365
162.28085545301437
151.76138023932774
144.83337705930074
137.17066671848298
133.546885629495
127.86100108623505
122.31368486881256
120.15448979536693
117.29740171035131
115.03215190172196
112.61754444440206
110.70851856072744
108.0208629488945
106.53394344250361
104.75726943016052
103.21183569033941
102.28634974559148
100.52982950210571
100.97431604862213
99.41804947455724
98.45846108198165
97.7138450105985
96.40873589515687
95.70753302574158
95.2615800221761
93.15794704357783
92.71825848420461
91.6138950586319
91.48301685253779
89.34417470693589
89.67314600944519
87.89918719927469
87.68193209966024
88.73216157356897
88.06870452165603
86.74496653477351
86.10645189086596
85.80240825017293
85.44616131385168
85.91408098141352
84.96144822438558
84.15852650801341
82.81409412225088
82.85998868147531
82.32893953720729
82.90711488723755
82.4638912876447
81.9050437172254
81.49805186589559
81.82027245759964
81.43716494242351
80.80182970762253
80.62178617318472
80.03496085007986
80.49336328903834
79.34727268417676
78.20328783194223
79.34543434381484
79.04319633841514
77.3751755754153
77.3053005317847
78.22697134017945
78.44085567593575
77.24164972901345
77.14284166296324
76.8054334640503
76.36038628617922
76.87073372999826
75.32202623089155
75.48393287857374
74.80074680646261
74.81643145084381
75.09752012093863
76.24584869742394
75.19021963477135
74.81072281400363
75.37550355394681
73.81070727109909
75.15761142969131
74.33314466277758
73.3995453397433
73.70811764001846
73.04102385640144
73.48292558789254
72.83226236701012
72.45565261443456
72.22646487752597
72.26472720305125
72.61920691927274
72.55588239630063
71.89043865203857
71.49634291330973
71.16498477657636
70.99340377847354
71.46216785113016
71.60297944148381
71.53694036602974
70.89533701936404
71.21847010652225
71.55231156547865
70.52397327025731
70.01497179468473
70.85215204755465
70.58991440931956
69.54672233661016
69.63739455739658
70.44318884015084
70.51233406066895
69.47696070671081
68.48372999429702
70.28273527820905
69.293037712574
69.02315596739452
69.28615717490514
68.5640456298987
68.60829619963964
68.37268518606821
68.01952791611353
68.99759891033173
68.04203277230263
68.4781804184119
68.82017798423767
67.66247981786728
67.8874117453893
67.60546754598617
68.0467539469401
68.50138937632242
67.55510222514471
68.40280132095019
68.49779548048973
67.46640843947729
67.61751159032185
67.2751590291659
66.74048509200414
66.84129671255748
66.34953373670578
67.41756573915481
67.26414459546407
66.40157124400139
65.64988848765691
66.04103294610977
65.72069618701934
65.82635077238083
66.35394129951796
66.04765857259433
65.197037255764
65.53109394907952
66.65852141578992
64.35214704275131
65.45996908545494
65.79425505797069
66.16788026293119
65.75136388937632
66.3587286611398
66.11537938714028
65.63690404693286
66.40680688619614
65.32555220127105
64.54934910535812
65.4125366906325
64.82297488451005
65.7239435394605
64.61070343255997
65.24713828961055
64.5298474987348
64.98786355257035
63.51489304701487
63.9411082983017
64.53215733965239
64.57645504077276
63.091801806290945
63.94300495783488
64.58187365134557
63.672832417488095
63.686742748816805
63.559365910291675
63.84572789867719
62.826564254363376
63.267548777659734
63.2789457877477
62.87130882143974
62.94876894752185
63.34523935119311
63.578329956531526
63.23025310436885
61.91964868307114
62.90438440243403
62.706456915537515
62.758505181471506
62.86001920104027
62.426080580552416
61.69257629513741
63.239739437898
61.78814335465431
62.603981188933055
62.415472479661304
