649.6083700100581
314.16914025942486
290.8858495950699
260.7474609454473
226.68719370365142
204.44822982152303
193.32194103399914
182.62035757700602
173.24094168345133
167.6390121936798
156.8476599931717
147.8133601307869
137.7566696325938
131.18688690662384
124.22632032235464
120.01307249069214
115.83784699440002
112.22982831001282
108.02874151865642
104.59955585002899
103.52215288480123
99.12433036963145
95.0822758714358
91.58083298802376
87.29502857923508
85.67008592486381
82.49366972446441
81.1207455654939
77.13790038824081
73.98364290396373
71.72059671282769
68.67998342514038
68.53778431018193
65.41793060302734
64.31420098543167
62.98308405081431
60.85029653310776
59.40126217007637
58.32268616557121
56.334841106335325
55.626805605491
53.3077061265707
52.82640106876691
50.45803832511107
49.632456247011824
48.41489305297534
46.991579207777974
45.72818107505639
44.16714526216189
42.82131617863973
42.728164637088774
41.91412165363629
40.66696337064107
40.07598169843356
39.386074837048845
38.2265653282404
37.978378520409265
36.70013341804346
35.794095278779665
35.27468590537707
34.365258446335794
34.24474213222663
33.903994806607564
33.398304439584415
32.83423720002175
32.8901547451814
32.395258907477064
31.408451159795124
30.784724909067155
30.337398027380306
29.797976344823837
29.26333051522573
28.95443006356557
28.38280570705732
28.114031797647478
27.279384341835975
27.593815445899963
26.63082915445169
26.478915083408356
26.030802944302557
25.368823873996735
25.304957002401352
25.005964651703835
24.334948462247848
23.83293079485496
23.93475495974223
23.496373147765794
23.07260301311811
22.804014356931052
22.419678584734598
22.31228354225556
21.82651050488154
21.82577585677306
21.313858429590862
21.061897799372673
20.96616746336222
20.67875979145368
20.613814130922158
20.28081366966168
20.165679598848026
19.77790925949812
19.701860367755096
19.545097259183724
19.344052645067375
19.002020057539145
18.900706854959328
18.575573579470316
18.509623717765013
18.235159756243227
18.05339657564958
18.132510170340538
17.845401640733083
17.72449397246043
17.554649428029855
17.457852532962956
17.30518194834391
17.044728559752304
16.920688456296922
16.787746394673984
16.63560519317786
16.511624392370383
16.297214311361312
16.216127414007982
16.103108448783555
15.977276256183783
15.876123542586962
15.740816584229469
15.504979537427426
15.329962884883086
15.209506391485531
15.300076545278232
15.083693294227123
14.857213413715362
14.835510482887427
14.69713928103447
14.606206290920575
14.471390423178672
14.352701750397681
14.283272881309191
14.147064070900282
14.029913380742073
13.864957933624586
13.912300818165143
14.067532192667326
13.80447775175174
13.61493497689565
13.561926358938218
13.488371397058168
13.326958122849465
13.245410762230556
13.116976679364841
12.95372094164292
12.846704882880053
12.77837027957042
12.762152849137783
12.793455708026887
12.62178703347842
12.614662703375021
12.560191402832666
12.572358676791191
12.384075769285362
12.341028057038784
12.129118103782336
12.186198184887568
12.070475129286448
12.07008941322565
12.042920368909837
11.947750621040662
11.773534749945005
11.82812070051829
11.734141504267852
11.73237962325414
11.69590571920077
11.556730846315622
11.492065308491389
11.534098735451698
11.4306592648228
11.383938030401866
11.330574642121793
11.285059610754251
11.214702586581309
11.19979261159897
11.079449538389841
11.022432056069373
10.962348915388187
10.924842639019092
10.769266988585393
10.811247663696607
10.808798770606519
10.714235430955886
10.675178951521714
10.688570807874203
10.51387610634168
10.48710219860077
10.397513213008642
10.418880247076352
10.331076196829478
10.249491553008557
10.170517345766227
10.168030420690775
