51.5351201116011
22.497120276221942
11.652274599041919
5.456384527015275
1.5078029545216725
-2.530217336683438
-5.407075884013341
-7.731919570729651
-9.410329203153479
-11.224208976688056
-12.465296374312762
-14.352645112008885
-14.892084481387302
-16.207230921963166
-17.89483722119496
-18.089876440578493
-18.635469063602645
-18.96310038299396
-19.13297249068474
-20.36438213134634
-20.259546078484632
-21.705484200140525
-21.708528076780254
-22.353987537581347
-21.573651835836213
-22.851603765939846
-22.58970308971816
-23.507655240338423
-23.738674220340005
-24.203533348338357
-24.199538828997778
-25.279518329891665
-25.296561572058447
-25.609439126376447
-25.085442369354183
-26.27044064628667
-26.232135193101293
-26.852347073883845
-26.290062152106188
-27.11493609794255
-26.528552102631537
-26.280704163271807
-26.91569489035113
-27.347947674578634
-27.60437720397423
-27.296219095073898
-27.996117562055588
-28.455916777766983
-28.079695661520137
-28.29791510413433
-28.78305383694583
-27.98384054467596
-28.40726498283189
-29.231120629557246
-29.473145496228646
-28.565277425379588
-29.03171840001797
-29.335407645537934
-29.989335794901027
-29.648681197700828
-29.988141159559117
-29.02885098806743
-29.698182044358088
-30.17870906303669
-30.54255603202458
-29.619161383859044
-30.302340476677337
-29.879043321157322
-30.98789668597024
-30.486909241511903
-30.94120762265962
-30.62798889238259
-29.838716953992844
-30.35323160681231
-30.121517114598177
-30.857312285694583
-30.970644151342327
-31.114979908384125
-31.452619730398574
-31.720393757367955
-31.13709124408919
-31.326043916159662
-32.11243035053385
-31.35259313727247
-32.349343827058526
-31.460417034297155
-31.532689853988845
-32.30745840997532
-32.76823214415846
-31.92159593721916
-31.483948575011617
-31.8827500610516
-31.830242258721384
-31.46649857533389
-32.1569407643943
-32.322897879214125
-32.01056955189541
-32.27441347467488
-31.91924306955831
-32.828907481555284
-32.177338465534405
-32.402588873073974
-33.14991585961704
-32.42123002327722
-32.391732582758216
-32.44898718801038
-32.47440700284366
-32.398510775689424
-33.06089192115027
-31.86008100468537
-32.430233879335994
-32.70774711411575
-32.7541120956684
-33.16418780232298
-32.67039184734739
-32.88413455568511
-32.80335381524316
-32.84806626110241
-32.78974984740389
-33.10215512842968
-33.35047491973844
-33.52664348072019
-33.57371955287868
-33.38266189242231
-34.220014016176094
-33.70039209620706
-33.69880266744515
-33.28508850418288
-34.066406633319524
-33.50498508379377
-34.24744465638851
-33.93703732100026
-34.03194815948092
-33.67658545128231
-33.76298879343888
-33.266117912941965
-33.676427098183794
-33.77630390380991
-33.50666106055523
-35.17558171934095
-34.28558150858715
-34.264744076235544
-34.18253328471348
-34.90776230446224
-34.614120172015554
-34.67405168352456
-33.80218295085019
-34.48178765280493
-34.541385695852085
-34.652479584874776
-34.48754342773865
-34.622267756996486
-34.963585735395036
-34.80294854784834
-34.70456253557369
-34.882924358392586
-35.187457240861036
-34.72983268417161
-34.96378913830067
-35.01838425521193
-34.984843694958194
-34.94948805817242
-34.46802655992837
-35.075027847084506
-34.89649267751595
-35.31128516587718
-35.40542531732855
-35.298406750991425
-35.2628494223644
-35.812806923841606
-35.142368601313954
-35.85283987378252
-35.53459013947125
-35.905504070479296
-35.823082177803435
-35.28199926327015
-35.61355951120113
-35.20537027511104
-35.14967894759671
-35.861853855437246
-36.309282612184
-35.397168817191286
-35.598422269368996
-35.589503700363224
-34.8087133816604
-35.770980719862315
-35.74407467554356
-35.31221530046956
-35.25414126700368
-35.52554782916759
-35.80092302067526
-36.01630955831758
-36.04802365755213
-35.685707357423055
-35.65027379270258
-36.42522513352591
-36.40121477122965
-35.30265758571954
-35.78721449601239
-35.59457807191487
