-149.9406871030728
-203.51101208130518
-207.23341675202053
-212.58987367947896
-214.2017191608747
-215.45773970286052
-215.53049669265747
-217.48883117437362
-224.73856931527456
-225.86876488924025
-220.9491328716278
-217.11603772640228
-221.50620851516723
-222.94186509450276
-225.58821453650793
-225.32827288309733
-224.7451307853063
-225.00592722098034
-227.0553034702937
-227.58676288922626
-228.5015968521436
-228.06860098044078
-229.00993987719218
-230.6293518980344
-229.1022775967916
-224.94624233643214
-225.4440608819326
-229.03559408187866
-229.86256352265676
-228.35682058731715
-229.85739130973815
-233.25107923348745
-231.71877371470134
-229.30482480923334
-229.50690258741378
-229.72311259905499
-231.53521389563878
-230.3584511121114
-231.09666354656218
-229.91533465385436
-229.7544143676758
-229.70097904205323
-228.5433306058248
-228.6497404416402
-227.6486982822418
-226.50079363187155
-228.32610435088475
-229.58371654351552
-229.55716257890066
-231.53815777699154
-232.89380745887757
-230.98981340726218
-230.46393171946207
-230.81257598400117
-230.00121119817098
-227.9076060295105
-232.10883899132412
-233.20000240802764
-231.78291112581888
-231.80115650097528
-232.5505207459132
-233.2277647058169
-232.40998380978903
-232.21833742459614
-232.97702467044195
-231.14667826493582
-231.41084315379462
-229.9280575831731
-230.07511404355367
-232.26218736569086
-229.54040276606878
-228.69866533279418
-229.6173062165578
-230.6332816998164
-230.6627392689387
-230.4239440759023
-230.84295155207317
-230.5339642604192
-228.3272484223048
-228.58883005777994
-230.75377098321914
-231.28354635636012
-231.0461156686147
-232.27721679210663
-232.3155423641205
-231.71567754745485
-230.48137051264445
-230.42177846829097
-231.37636295954385
-230.66779617468515
-232.25633426507315
-233.13324759403864
-231.91107064088186
-231.61746775309246
-230.80334878365198
-229.90454007784527
-231.28226883411406
-232.09183752536774
-231.67658284107844
-231.8915040810903
-231.99309872786205
-231.67471067905427
-232.87157578468322
-232.51125100851058
-232.90197827418646
-232.76798559824627
-233.0046755552292
-233.27045210997264
-232.9670857747396
-231.92950139840443
-232.3696138739586
-229.88837790489197
-229.07113978862762
-230.1421811421712
-230.1351662715276
-232.01491891940435
-233.25075860818228
-233.22603359222413
-232.35456624825795
-232.1777529915174
-232.57257388035455
-232.01709169546763
-233.33890059789022
-233.48770578702292
-232.89064144690832
-232.378302415212
-233.31181035041809
-233.30637710094453
-232.43532073497772
-231.87765142917632
-232.7583746989568
-231.87147754828135
-232.60580503145854
-231.25153079430262
-230.8214205622673
-231.29448306560516
-230.69694625933965
-231.96037990252177
-230.80721662044525
-231.570152815183
-230.37581533590952
-230.04019966920217
-230.28725332419077
-230.1128736893336
-230.2666894753774
-230.15870896577835
-229.68560558160146
-229.64443453152975
-230.0948673248291
-229.14392201900483
-229.03606660366057
-228.25491219361624
-228.5112631559372
-229.36571295261382
-229.9868231455485
-228.29574279785157
-228.77204373677571
-230.39637554486592
-227.3378479719162
-226.88928382794063
-230.05968759059905
-231.99383183320364
-231.2115062991778
-228.37697933514912
-230.14947412014007
-231.32757960160572
-230.59793546597163
-231.13778936068218
-231.37144697507222
-230.6493276755015
-231.75205733776093
-229.97086776097615
-230.97251946131388
-230.69436382850012
-229.85038349628448
-229.87448350191116
-229.60725249052047
-230.6491112112999
-231.2923795859019
-231.07880040804545
-230.73858629067738
-231.03244642814
-230.31122266451518
-229.4835634946823
-228.96826404730479
-230.28343635400137
-230.3697518269221
-229.72865804831187
-230.5861290415128
-230.13376363913218
-228.95116827487945
-230.44643785556158
-230.94408483902615
-231.58971390724182
-230.67388308048248
-230.28517914613087
-230.90191808541616
-229.50821815331776
-229.02204291820527
-230.10584438641865
