-58.09182396332423
-148.72668078343074
-184.02234615484875
-196.7044712583224
-200.49152510563533
-205.2857944091161
-208.93044621149699
-209.22362252871196
-212.68431269725164
-212.74916571776072
-214.39724122285844
-215.87772345542908
-217.25051685174307
-217.45210489432017
-218.01717772483826
-218.23691390752793
-217.1287276784579
-218.7679964383443
-218.58740567366283
-219.48247888882955
-219.52383463382722
-220.48014469941458
-221.4920204401016
-222.78810710112253
-223.37331730922062
-223.62995007038117
-223.77393574317296
-223.50716674725214
-223.74877181450526
-224.0655356725057
-224.95966999530793
-224.83730511665345
-225.1606631755829
-227.41021637121835
-226.70832661787668
-228.33084784348804
-227.36605293750762
-225.5500594139099
-224.76809335947036
-224.48484764893848
-223.3411463022232
-226.8901041507721
-227.57263599236805
-228.03932403326036
-229.84369815985363
-231.00812254746754
-230.4538890918096
-230.4942480524381
-229.996888756752
-230.79511841932933
-231.2209430217743
-231.95831458965938
-230.91566060384113
-228.79795888264974
-231.10252030690512
-231.05013101498287
-230.5249458948771
-231.58396563132604
-233.175099337101
-232.15546514987946
-230.7146637360255
-230.0790193160375
-230.43483371734618
-229.59178073803585
-229.85339121023813
-230.03458553949991
-229.31610491275788
-231.78858155409495
-234.0365079800288
-234.99533861875534
-235.4371608654658
-234.08776241143545
-234.73107676506044
-236.1205899000168
-235.08997451464336
-235.162503862381
-236.08735288778942
-237.41712867418926
-235.8949934164683
-235.5727675596873
-236.12621339559556
-236.84941082000734
-236.05529628992082
-234.02833751042684
-232.687504529953
-233.63413619995117
-234.31501705646514
-235.10646909475327
-234.25902240276338
-236.76690369447073
-235.12409034570058
-235.91934325695038
-235.55112487077713
-235.28997520208358
-235.14607513745625
-237.41370609601339
-237.4322722196579
-236.43275082906086
-237.16921974817913
-236.48556330601374
-236.0108763694763
-235.47414298057555
-235.9457251548767
-236.39964861075083
-234.79144399563472
-234.89663933912914
-235.89638508160908
-235.53095420996348
-235.2353834072749
-237.2137955347697
-236.13696228265763
-233.022114721934
-234.59383149147033
-236.3606362859408
-237.75542438030243
-236.84374486605327
-237.89840733210247
-236.89878219763438
-236.45916125774383
-236.47901736895244
-237.68417530854543
-236.9289571205775
-236.30749842325847
-237.7436535199483
-238.54440964460372
-238.23702445427577
-238.7486498037974
-236.27873487472533
-236.81271899541218
-236.475594552358
-238.17590097983677
-237.77217909097672
-237.4306699991226
-237.00601381460825
-238.17915504773458
-238.83401947021486
-238.55777830282847
-238.65224092006684
-237.79292902946472
-235.64554294745128
-238.24371558825175
-238.6949624101321
-236.95416754086813
-237.65083726247153
-238.46899432341257
-236.8133498708407
-237.15928294658661
-237.1821897149086
-236.7001667936643
-238.3218479156494
-237.7879614273707
-238.11275055408478
-237.50396322806677
-236.22147165139515
-233.96344308455784
-237.89551572799684
-238.14186421632766
-236.4283169945081
-237.44104677041372
-239.27560623884202
-240.11444499492646
-241.24239007631937
-240.34922811190287
-239.46419738133747
-238.11684746742247
-238.17030291557313
-239.33525524536768
-238.86478696664173
-237.39729518493016
-238.70370413462322
-239.51446984211603
-239.32870234648388
-238.41626351674398
-238.7846151550611
-239.37620226939518
-240.06121757030488
-241.1698625723521
-241.62881492773693
-241.59087285995483
-240.98617316087086
-240.89503602186838
-241.26006596883138
-241.1984098116557
-240.88158122698465
-240.5992826461792
-239.6561005751292
-240.15229376951854
-241.60218613942465
-240.35919132232667
-240.42448930740358
-241.19597457249958
-242.59911882082622
-242.56004446347555
-241.9394637664159
-241.96495343844097
-241.75759541193645
-240.68416933218637
-239.7036142428716
-238.94358366330465
-241.09951961835225
