103.72459853723132
77.24270529582583
65.19673926563098
57.95540460841409
53.601534820836164
47.723520320037316
42.273169223347615
40.2001180684772
37.46256722150178
36.33169700924692
34.467638460726576
33.519967229201875
31.646809983356246
32.25687892015638
31.061813497337802
30.050625873279984
30.02914404303863
29.108989354865304
28.775236426242465
27.09358600912423
26.39354584391775
25.37843060140209
25.526948967884326
25.575718388989053
24.378439525591915
23.12812046809443
23.19586872643438
23.89165629330894
24.14489561345043
23.273149302293515
22.848500106098324
19.60747356340289
20.063173338000116
20.05935899245328
18.83835482597351
20.59033721505568
18.764177651626284
18.691161130779776
18.529487351533668
16.8769475424598
18.493281417751106
18.119817230111824
19.21051537168437
18.5379532187021
17.764260335536353
16.949749272541496
18.307064448451175
17.47521184076523
15.231133501173865
16.79298083275428
15.14967065510051
18.17527768658153
16.559766340165815
15.915852025408169
14.927079045310103
15.811656494849714
16.276928921647627
14.532406866694961
14.814586229622364
15.631564391327315
14.550814263908
16.741776228464882
14.791904087724356
14.724751776798852
15.346812464232588
13.516732849260984
14.733649327832923
15.911366405543582
13.10738430159359
14.603199120932098
13.833651778641446
13.211312038117441
13.922299216790446
14.693303426695538
13.780073302701629
14.69035789558407
13.427478258594357
12.179303173244739
12.884786007733181
12.01496590653049
12.971133203342044
11.578528587931189
12.483618539340537
12.782674284587646
12.606588725129079
11.560972518448171
13.886763105201053
12.25288700726654
13.037446980717881
12.017057295631746
11.19435858906343
12.150486690843286
12.282664729731865
11.677826644531612
9.986312127575792
12.21733251079949
11.519889381938967
9.952497192594254
12.090483309347825
11.481833510100842
10.407037151142442
9.895170234657567
10.392271696365086
9.489010040840968
10.024181449850058
10.256439369621463
10.557511854708066
10.168783651600624
10.882754083208997
11.076800479104035
10.649279323952465
9.51942277699709
9.296144421501406
7.917101943672731
9.887492908357546
9.25414568956556
8.37284463541261
9.447268467781873
9.687493129344336
9.71071584908099
9.049560423394473
8.684325498175518
9.262733678879409
9.38144896638676
9.617307476378206
9.197298408389605
8.632202741657865
8.946981798728991
9.216490858844642
9.031825376224928
8.60416820144345
9.995817506974884
7.386230163533112
8.811505078498659
8.531665650421175
8.419912791072294
8.892625979308423
9.201314528697523
8.62752176885461
8.415043380400487
8.13672020029405
7.820124490250802
8.61402506252815
6.5979259404642825
7.7122785255056
7.710938253793223
7.492619211143204
7.800668896143806
6.249668199183612
8.221064641300973
7.51789439238351
6.695946094676338
6.919269383907045
8.985336721136138
8.054109500143035
7.7352610867598965
7.281973770466344
7.604346386574465
7.511179763181456
7.345016760558917
6.520488332828571
8.299089223885074
7.523102936065447
7.598318717024964
6.057907982376115
6.61622099641004
7.141703176087346
6.392669851409978
6.321233119430213
5.944198519505304
7.258721757037886
6.295303680516523
6.663163545059747
7.313865707866077
5.834434314534582
6.245153278754703
6.038630769042106
7.773447227632177
5.441015161124283
5.569734067752443
5.267152290662815
6.139811728213882
4.015377405067456
5.673698960707106
5.948124737832053
6.867310027367082
4.788199906205309
7.086883449991202
3.71677918526633
5.872633551986053
7.561456844339083
6.450131180342929
5.966353345983501
5.401080065438974
7.5944115411618665
5.359200729378339
6.255595301245821
5.5473899322337115
5.203429496397489
6.269843384109694
