1054.6226093358007
797.1587416714635
717.7885364170733
662.7603433378812
629.2488791038251
600.6179928286322
582.5336186310341
560.0745280857744
542.7124476268374
529.5549063189276
515.5975611127656
500.2262009258928
488.49935288264834
478.9513163402163
473.1887015309827
464.8802997161602
455.25879552446565
451.8934994977096
444.0947072423738
435.2064623668276
430.2679237497264
422.40138556217323
417.45498784657184
416.3151681916467
410.77233663920697
404.3401021710757
403.6022290196912
398.6632627947577
396.85731215312563
395.0881297999415
390.1140655813546
386.88131591369364
385.51752558247796
382.7789532316142
379.3037101318096
374.8232907426768
375.8091909556553
373.97946879781523
370.190345336651
369.2193216208754
371.79219604360645
365.5072521012405
364.5892780567038
364.13669664284276
363.4942511361221
360.3430036758554
358.78268751604804
356.02495396548306
356.07120148888947
353.4737821940718
354.08629990446155
351.8856086073251
350.98528135233914
348.5940555950691
347.70455037314315
345.9810881696898
343.8733524700691
344.52617947808625
344.215181326044
339.7943806401614
339.13027773232295
340.4074158915158
338.8498964227479
337.82439117596067
337.6776682015123
337.87134829060784
334.5514840504219
333.71785001919187
334.41842480363516
334.1758843043755
331.8991859699118
331.43592394631486
331.5264568657711
329.78991369543405
328.193641670819
327.679797238317
327.3597884507015
326.8372078352961
327.2358537542409
325.57806391551577
325.8271155932854
324.0863382323035
325.1415298642783
323.5690337378403
322.80510758531506
322.72620474059005
322.40015067725346
321.60698487018715
322.1759102097873
320.9634765592115
321.2676649833548
320.85393324391595
319.449007239835
317.56646110271583
319.3123364119694
318.5219458136065
317.2208839860456
315.77196757546784
315.48532607637605
314.46817384095027
315.3328001581389
314.59779200882747
313.63238845200374
314.36787443325437
314.1208472991812
313.4444132591116
313.4060124528819
312.14129545770845
311.91093661045204
310.89735796533785
311.24686770603574
310.5030305467803
310.55166596379775
309.69768766699167
309.05488885682206
309.4486870847899
308.19495279213476
310.30893396509106
309.78635527347694
307.4032033147483
306.53468127908377
308.1302776418883
306.98192430364674
305.36090096111957
304.61871446412187
305.6124599555443
306.4060923724339
305.58484643903273
305.3165799009389
304.75909041536266
302.68041364899995
303.27326841189944
304.6588459919239
302.1540822407295
301.0193110827742
302.4741997061105
300.65117822022273
301.04028645055047
301.0390666599931
299.80290194215445
301.29258922872873
300.1830071251968
300.8373274638735
303.45338414455284
301.07153497893233
300.4088130983813
300.55224837927983
299.68072599378127
298.8956264709604
299.95201073843856
299.1394727887778
298.3866085595098
298.4650133560444
297.5498925324144
297.7062443782543
297.2782132707793
296.55689812528675
296.4563201706985
296.4460161965469
296.5801043510437
296.3818391109335
296.01873906727496
296.6547949725184
296.22697583560284
296.1534441175132
296.3571824534186
295.96861600875854
295.3140414418845
295.40677108435796
294.1090102360166
293.8853068187319
294.9636487714175
293.7595212130711
293.9156459117758
293.82824420928955
294.43956925951204
295.80352229085463
293.63984524792636
295.9450549339426
294.310313611195
293.4688801189949
294.3209300041199
294.52575075215304
293.3508668850208
293.7513180354546
292.18069522134186
291.90955593668184
293.45919709370054
291.76495506023537
291.31911165960906
291.58087630107485
291.77553122619105
291.84939030121114
290.23135415438946
290.7197348084943
291.07459674210384
290.8297789507899
292.03745802517597
291.99617270765634
289.89879166668857
