1303.5310792605082
1279.387613137563
1270.5410084724426
1260.066379928589
1264.0468285878499
1260.3075097719827
1253.5249788284302
1253.3431309700013
1250.4686745007832
1248.11562277476
1251.4351064999898
1241.6073472340902
1239.6517044385275
1229.803885300954
1241.836904335022
1239.930581442515
1241.9651624997457
1239.378836472829
1233.3350422859191
1228.85071849823
1232.5323110262552
1235.22415933609
1225.8167240460714
1235.590774599711
1236.5319856325784
1231.9440485318503
1227.4737023035684
1226.0762257258098
1231.1607276916504
1225.7273679097493
1219.4349258740742
1227.9910776456197
1224.5256123224895
1226.9536496162414
1215.3975017547607
1221.1923114776612
1221.0873936017354
1224.602695274353
1213.8743544896445
1217.8023166656494
1215.9676416397094
1220.1945923805238
1218.1925223986307
1215.6730735778808
1221.2133595148723
1212.1000184694926
1217.4384415308634
1225.9640328407288
1214.2034989039103
1217.6251343091328
1205.6493635813395
1213.8209527651468
1220.1840836524964
1216.0969042142233
1212.0279793739319
1216.0614054520925
1209.5439731438955
1215.3188263893128
1210.9203888257346
1207.5766943613687
1213.1446715354919
1207.4838094393413
1201.8346784273783
1209.9196829477946
1214.4626872062684
1212.3901844024658
1214.5660426616669
1208.4770345052084
1213.1456807454426
1209.0413139343261
1212.6462721188864
1214.66252005895
1208.6489402770997
1212.6171511650086
1212.362835629781
1210.2039733886718
1210.0870293299356
1206.8650559107462
1206.350197283427
1205.5298161824544
1206.6641212145487
1208.249963092804
1206.4422315915426
1210.7709234873453
1206.9573427995047
1207.0381050427754
1208.6615625063578
1207.2038588205974
1209.5620617230734
1208.7845061620076
1206.0729519208273
1203.4182369232178
1204.1319085121154
1203.1525767962137
1203.0273562431335
1195.7156601905822
1211.4360131104788
1203.8496192614236
1210.9123531341552
1208.4333410263062
1204.847198677063
1202.1366293589274
1205.2178075154623
1202.5923157691955
1203.1079118410746
1204.8277466138204
1208.7115316390991
1204.5057768503825
1203.493023109436
1203.4421368598937
1208.6005641619365
1201.243010632197
1204.2198800722758
1208.4199159622192
1207.9661427815756
1210.352860323588
1206.2234832445781
1196.3173112869263
1200.2903018951415
1204.486809571584
1203.1083643913269
1208.9604790051778
1203.3076049804688
1198.7153717358908
1197.4341542402904
1197.6444615840912
1197.5361167907715
1199.1584673563639
1201.1411144256592
1203.1459570248921
1203.8655070304872
1202.2867090543111
1205.4366323153179
1201.7857938448587
1206.261335436503
1207.9107032775878
1201.9213452339172
1199.2480461120606
1204.235766951243
1197.6204153060912
1202.708021815618
1200.8622705459595
1207.2625470161438
1205.6969798088073
1200.042469183604
1201.557409032186
1206.5249080340068
1202.6172135353088
1202.375482114156
1210.0539140701294
1199.9948006629943
1195.9908877213795
1201.1745807011923
1200.3174462795257
1198.3719022432963
1201.1480157534281
1204.0137632369995
1205.432705926895
1194.2983112970987
1201.193912156423
1204.8654603640239
1194.1738656361897
1210.9129776318869
1191.6940099398296
1200.54886747996
1198.7669910907746
1202.9614816665649
1197.2817891438801
1208.366778278351
1192.7382154782613
1205.3065218607585
1200.3275314013163
1199.3920769532522
1200.8473865509034
1207.3104544003804
1205.4829637527466
1199.6907284418742
1199.5193559646607
1193.2153565088909
1197.8373580614725
1196.4461488723755
1199.111221631368
1202.183485062917
1196.1466023127239
1198.4129380385082
1202.3906128883361
1198.8179238001505
1195.4295921325684
1201.093069489797
1198.1978358427684
1200.9680790583293
1189.2412620862326
1202.0631383101145
1195.4523892084758
1195.149700832367
1199.557986497879
1202.0121180057527
1200.1406660397847
1198.8499868710835
1200.4891429901122
