803.4513475100199
708.1781107107798
670.6266944885253
637.3354852517446
616.4003699143727
600.9025953133901
592.5664195696513
583.1970094998677
568.4781542142232
558.0532986323038
548.022649582227
541.1516069332758
536.31846464475
526.1345652977626
518.4726856946945
515.0159959554672
511.49359508355457
513.2079355160396
503.12103701432545
498.60678078333535
501.0290201187134
491.8675821940104
489.78468485673267
490.05866884390514
489.0740881204605
483.4969594637553
479.03033939997357
482.57674633661907
479.57227766513824
476.39736279646553
470.3077888886134
470.4784417629242
472.0995105346044
465.4275754292806
466.121340628465
460.0341138442357
462.1148866653442
463.3643414815267
461.31432517369586
457.00620675881703
455.14128938515984
459.207528424263
454.8536758820216
459.7766199906667
449.3976913690567
455.4482486685117
446.4264683008194
450.91178085803983
450.0262011607488
452.4505266427994
453.24592060248057
447.75338694254555
447.81233696142834
442.2535031080246
447.94011435906094
440.7675104856491
440.0827268679937
442.19442921479543
439.24886289040245
436.9181758125623
439.2117727001508
437.309045902888
444.6269611120224
439.41380701065066
433.63948927323025
442.14947752952577
438.5397658745448
435.97334884007773
432.0568148612976
439.0570665836334
436.75282061894734
434.5085312008858
434.75086395343146
435.58428405920665
431.3582322438558
431.0905433575312
434.5876368800799
432.970174741745
431.88833976189295
428.44342403411866
429.8436782280604
428.7308712085088
426.73868816693624
430.52969686985017
429.8602430264155
427.04116900364556
429.6056759675344
429.44312378168104
429.793929763635
428.74757232666013
426.69594407081604
427.95482099056244
430.33682607809703
426.09390731652576
423.77726414998375
427.9312544663747
424.5520391861598
431.092502729098
423.01014775037766
422.6132179896037
427.26533311605453
426.74588225285214
422.9837782740593
421.96093508799873
421.1962106704712
422.08195780913036
422.21001962423327
424.116587972641
421.683662712574
423.0674819072088
424.4037381013234
421.08478931983313
422.34251889387764
419.9461945732435
424.64555931886036
421.23396231333413
420.4475648522377
415.8862686395645
421.31306329965594
422.4641651590665
422.77158455053967
416.6598065574964
418.3729936758677
419.6128800670306
422.3584388097127
420.13141139348346
421.5380834539731
416.4231807390849
421.0528455932935
418.85633825063707
420.597029475371
415.48710944652555
420.1068774779638
416.66452041069664
414.6906309644381
413.6499294042587
416.68009705543517
413.1851253469785
416.5676019191742
417.16143871943154
416.85891761779783
416.3379857222239
412.505263988177
414.8360762556394
417.3126148144404
415.8235530813535
413.22213122049965
411.76623763243356
413.6666700681051
411.8559947888056
410.35725374619165
412.3767179568609
412.24798948367436
415.61543926397957
416.6255231062571
415.96300529638927
411.378102795283
416.38598263661066
414.67635453939437
408.2886525034904
416.0267908970515
416.1365311463674
408.7688492337863
409.28759218056996
412.72298519213996
412.07993963956835
416.40656114021937
415.05518778562544
411.70015156269073
412.2043859322866
409.82297427654265
413.7109189430873
414.10433943271636
412.8319897174835
413.896896759669
406.770581750075
412.25756131013236
410.8124913771947
408.4173798004786
412.01321377356845
410.90491193532944
409.28431053558984
408.5038339416186
411.18638124863304
413.34909315506616
410.4727923552195
407.06601843833926
408.00469420353573
406.58383557399117
410.38647239605586
411.0052718202273
408.2501379013062
407.84579121669134
413.82490805784863
409.023010524114
409.8721622109413
407.51035180091856
407.3401448925336
407.4381964166959
407.07099666595457
