-45.09913654327393
-76.66514158646265
-89.10933244029681
-92.08906391859054
-94.19381684064865
-92.77916075785954
-98.97486605246861
-96.18384848038356
-94.35098405281703
-95.42057836850485
-96.88547279040019
-98.71103816429773
-96.65230264663697
-94.08828732570012
-93.86233790715535
-96.48720846573512
-95.57379913330078
-99.17261049747466
-95.64965229431787
-94.60556584596634
-91.6043845653534
-94.0579472899437
-93.09401716987291
-92.44800181587537
-95.30637575387955
-97.33701274792354
-93.87879255414009
-96.13200512131056
-97.13897214333217
-95.0363066236178
-94.80532811085384
-95.21749506394069
-93.6484823624293
-96.37659154931704
-96.92368127504984
-94.06235270500183
-95.26773721178373
-94.39344449043274
-95.9005735874176
-92.12043111721674
-96.11900210181872
-96.34107637604077
-96.67531927426656
-92.96270129680633
-92.44694646199544
-94.4098267654578
-96.0002068579197
-92.08757562239965
-94.29388221899669
-96.92481703162193
-94.03531840046247
-91.90087014436722
-89.75359293222428
-91.00960959394773
-95.94140495856603
-92.04092902739843
-97.708574873209
-98.131758304437
-96.6000177939733
-96.4294928073883
-96.11690726677577
-96.0749282916387
-93.58244022925695
-93.3893900791804
-94.01405718326569
-95.63964924017588
-99.3569163441658
-96.83998140891393
-97.32870655854543
-96.77280034621556
-99.37238232692083
-97.27772694031397
-93.19695963263511
-95.06669090986252
-97.79540876547496
-94.87118099133174
-100.58501045505206
-97.00749428073566
-94.33487704396248
-100.18198959430059
-98.05606033404668
-100.55115595261256
-95.50838166077932
-94.0988793293635
-89.86357733011246
-94.63182846307754
-92.87621820767721
-96.37522266308467
-91.6319857875506
-93.27967963218688
-95.5876590748628
-96.24991583426794
-97.84477014144262
-97.20666386286418
-98.04428116877874
-96.6810389637947
-98.68514717817307
-99.41669330994289
-96.61981058120728
-96.95731790860494
-92.49148503144582
-93.95408083597819
-94.48847985068957
-94.9207733909289
-93.57425924340883
-93.89284173051516
-96.15139288902283
-99.02387916445733
-96.9746753334999
-97.11851634979249
-94.85599923531214
-95.5083554784457
-97.33098935683569
-94.70988076925278
-95.56883922417958
-96.16635207533837
-94.20986452698708
-95.93947212298711
-93.60405533313751
-98.21984115044276
-94.65993846853574
-95.72710783481598
-93.25680543581645
-96.52068023880322
-97.85532736579577
-95.24059072335561
-95.82720391352971
-96.05624489188195
-94.68541080951691
-95.7036829272906
-94.62537438472113
-95.69047327041626
-96.86287797689438
-98.00418455600739
-99.20128726164499
-97.94814522663752
-97.2111932794253
-95.88377181887627
-93.29735677639643
-93.48528207540512
-95.53696605761846
-98.35646044015884
-90.53440154790879
-94.81125853061675
-94.85085754195849
-91.89966180324555
-95.63612102468808
-95.90856494307518
-94.5925919810931
-91.51797539790472
-91.37284779548645
-90.30839066704114
-99.37299962043762
-98.7034396092097
-98.87610629995665
-100.11383303403855
-100.775934334596
-100.02589314381281
-102.83458340366681
-101.07383234500885
-100.14247364004453
-94.24008635679881
-101.13210679690043
-98.30708958903948
-100.68217899004618
-102.58578655322393
-101.33834507664045
-101.26446600755055
-100.01614145636559
-97.87547087272009
-99.65231183568636
-97.40268830259642
-96.24440789620081
-97.98082981506984
-97.13342061837514
-95.23170559604962
-97.55101067026456
-97.9092868288358
-95.66075381437938
-97.30804912646612
-96.59071800907454
-95.25557471513748
-96.7781178355217
-96.92267342011134
-96.48708958625794
-96.14606832663218
-93.4711253742377
-98.32874048948288
-98.04987474282582
-99.30945747892062
-97.94523405830066
-93.77353452046712
-95.71868304014205
-96.5522595345974
-93.53043356736501
-95.02599710027377
-94.0975308517615
-94.86225457787513
-96.06352206667265
-96.18699199954669
