109.71300037975969
79.97671571271172
66.74655151161654
60.42190874547794
55.39294585380061
51.079894453287125
45.82339189073135
43.39855096463499
39.6739262404113
37.1904681530492
36.22843040371763
35.43641538198652
34.208607184475866
32.99884299985294
30.818521223962307
33.89684614076697
29.83764852442104
29.594512722101705
30.9026165769018
30.763663807305797
28.514974003208096
27.451845526438333
25.178666521249145
25.62166827608799
25.1185647639735
24.720607276620537
25.099158944626307
23.796949359620438
23.21907203593131
23.989909027157157
24.641356674247774
23.79163699108979
22.47755786673776
23.650976722096576
21.577889947027995
20.833944889492003
22.18123340349773
20.62555481801773
19.2574294288161
21.344425193708517
20.39874675613025
20.495483178516913
19.29981750455396
20.64585493813301
20.20599810522178
19.503679838673822
20.084690504546824
18.191736823269004
18.75817516343347
18.174791875327454
17.7758007145262
18.333963969144328
17.189182257857816
18.510973464312226
16.51233951914413
16.914603103915677
17.544798225678246
16.639563488292282
17.14370052477923
16.102283075965683
16.31822990972934
17.220760229621725
15.8424883199663
16.617201990094678
16.01156309915
14.045233531501786
14.655340144057469
16.693802718330048
17.285876756084377
16.932383966343156
16.093577696331614
15.699078770081416
16.059414411670176
15.855797897125113
14.998307334965673
15.58134362923688
15.54926229448154
13.4714238552762
13.333184090218154
15.206505326393607
14.960880661190584
15.277536499988416
15.311718561526003
13.40029524029072
13.867061641195725
12.979776671573777
14.743650859286046
13.964966672119395
14.281137188896537
13.548819753485892
14.765791521118633
13.191293215700265
14.43855563063046
13.094869667856857
12.562921355639038
12.746779771714374
12.709132699360108
13.479352063788422
13.29460885086707
13.434183224264917
11.962907668395802
13.000107395623264
13.03457569009785
11.775836594145874
11.882917961715881
12.352701159900633
12.22475046690168
12.659675142374532
12.118712873695868
11.545022225842393
12.960904888070091
11.933066110158789
12.092545908458273
12.112166009008371
12.436623926691968
13.315219463844752
11.516295303301565
11.94827964323862
11.586365065954883
11.916099654703304
11.485666558724539
11.422150208903798
12.75474688629138
9.772717930890362
12.523420717502976
11.392649578123256
10.67615293017749
10.637401996758477
11.547696857873735
10.608242360682324
10.695993278849999
11.174411827248745
11.606500655155758
10.749414175556138
11.205232721753418
10.465570547714316
10.656646021609676
11.751293573143153
9.935962448892152
10.571866276754259
11.827895007385262
12.135741700257721
10.989569580246663
11.128350362952414
10.806192419331136
9.429346053764737
10.497572487541314
10.011704645344409
10.690203167112736
9.745127128822537
10.210551371219857
9.057199975668356
10.289337335860935
10.989293074941841
9.665582799063674
9.206611870563236
9.67332497598796
10.077909575458134
11.062445114567426
10.02163088231765
10.30355047993362
9.589759108835253
10.11637930572033
9.507218250715784
10.262308254195698
10.713687162268265
9.436768254779022
9.013934083539864
10.537736532840364
9.457716200757643
8.664257523314706
9.422199927655788
9.50170399255023
9.49387151889246
9.498449078921613
9.834287574611091
8.705742511866164
9.419940522261735
7.449262273594223
9.490376955219384
9.649842787919374
9.998564399526192
9.380039308091689
8.673172581427057
7.512806523719738
8.931804806989586
9.576756114140153
9.297745501365641
8.35024700281692
9.302880674086769
8.289193122808275
9.22598880812012
9.246786508002671
8.939476231562681
9.150647350426379
9.317674441841142
8.079927339250672
8.55710393562913
8.726136038144087
9.174928337175015
