-48.05008377340333
-56.885120227419094
-57.7912118527396
-58.25181441060428
-58.82594581308036
-58.99985200372235
-59.250112420526044
-59.31893352393446
-59.5247515172794
-59.45660540564307
-59.61876117258236
-60.00370836874534
-60.20722185537733
-60.18134488319529
-60.35122948268364
-60.38961441249683
-60.5548298215044
-60.51425246842976
-60.65264449962254
-60.86831793394582
-60.825773390202684
-61.11886671802093
-61.230793977605884
-61.014495961625
-61.087873027242466
-61.12876376201366
-61.08231390961285
-60.99926833037672
-61.48292307298759
-61.3256446554743
-61.36725415649085
-61.22865733401529
-61.480745652626304
-61.491984749662464
-61.66334247486345
-61.76896997361347
-62.038536663713124
-61.939126524431956
-61.81570655210265
-61.77122699392253
-61.869460130559986
-61.876849686277325
-61.99790546914627
-61.9982656795403
-62.23966376534824
-62.14476000029465
-62.21976699089182
-62.0162609404531
-62.34570748641573
-62.317680522285656
-62.22322958193976
-62.11832874191219
-62.33599948060924
-62.32719552414171
-62.15040708718629
-62.09612595007337
-62.10984318729105
-62.46950741882982
-62.37504299652988
-62.23813363601421
-62.517114832483486
-61.79315734834507
-62.331762572814675
-62.01287499481234
-62.28418853159609
-62.144971833146855
-62.4527960111355
-62.5118325743182
-62.32250875029071
-61.99922587131632
-62.40219118060737
-62.24126794831506
-62.58362672041203
-62.70637369361417
-62.29584183877912
-62.32414412292941
-62.63831345788364
-62.47564005440679
-62.467063012821924
-62.53862110294145
-62.525101066663346
-62.66503965032512
-62.34059290228219
-62.23055018227676
-62.308729915783324
-62.64947658160637
-62.70595179960645
-62.476223896289696
-62.46765953610684
-62.583288100259054
-62.51109840643817
-62.40691418688873
-62.5879181253499
-62.738408386707306
-62.644761821319314
-62.73585016049188
-62.8457254520778
-62.69491545290783
-62.87429990439579
-62.98522312271184
-62.88258903602074
-62.866163583665056
-62.94090358758795
-62.8022186817794
-62.73513176728939
-62.660178071465985
-62.61599761555935
-62.70540214715333
-62.78640579457941
-62.85885021809874
-62.70252597845834
-62.79078952711204
-62.84637847851063
-62.884061773275505
-62.90400371366534
-63.06804759132451
-63.09443939759814
-62.90828333024321
-62.99523226351574
-62.821527720525346
-62.974590488548934
-63.01822453737259
-62.83512831864686
-62.94406129779487
-62.96723428779635
-62.92953237171831
-62.9235563956458
-62.987732450509895
-63.054067012564886
-62.9179173831282
-63.02468463675729
-62.868695891109006
-62.85787086034643
-62.893860510711015
-62.92825693508674
-62.91225861064319
-62.902720208825734
-62.90197401005646
-63.08094545479479
-62.91770231312719
-62.71298661314208
-63.01274717881762
-62.999123355437966
-63.05913160381646
-62.849930849568594
-62.68035559818662
-62.54910469055176
-62.8070385003912
-62.906166313023405
-62.69624444020206
-62.82267628661518
-62.72832430025627
-62.93140008120701
-62.970870437293215
-62.97917000178633
-62.92938235299341
-62.9765322742791
-63.01518504578492
-62.899394744429095
-63.05667042321172
-63.114295040738995
-63.20817515151254
-63.17108339585107
-63.1005634213316
-63.18079345082415
-63.22108696041436
-63.206418970535545
-63.22232719639252
-63.21753422967319
-63.228570031708685
-63.20566355771032
-63.24931837155901
-63.25812789386716
-63.223949150792485
-63.20327421200687
-63.26694729615902
-63.22143339288646
-63.190177943172124
-63.09638622300378
-62.83067625452732
-62.785405383027836
-63.083018999675225
-63.10554251280324
-63.20814415093126
-63.27034846359286
-63.22484889318203
-63.13795460606443
-63.247819299327915
-63.136052316632764
-63.14746753717291
-63.213111737678794
-63.11028281059758
-62.99869552974043
-63.062275445666806
-63.279550478376194
-63.23419271563662
-63.15714198761973
-63.009589030824856
-63.124557834247064
-63.29946944425846
