89.7735454162647
62.51158820246828
50.39301155970014
43.821758935163764
40.16052434413597
36.51425790838127
36.210965881316824
36.199881460646104
32.61045081707938
31.57477682109537
31.404339103349322
28.70330960894453
28.70602368023889
27.360103301960848
26.87819691464819
26.5234167139078
26.44894100417351
23.968614119137154
24.763617096276118
23.922328734031783
23.511211799907272
22.274836466872486
22.8124970033251
21.611644810772148
21.94041626694901
20.449881307780743
20.573453909878072
20.291510377207707
20.473598057853764
22.19667389269533
20.498828636161214
19.140643246985714
18.987662809162305
18.632868341202364
19.247247404194084
19.593617065071033
19.29211798657117
18.59184900414327
17.666819700907016
18.585901334881783
16.79674614124514
17.297718139365315
17.82669069386762
17.907246976705462
18.712870366871357
16.765074491500854
16.554298442306703
16.353688335881152
16.50971394700223
16.43866381068425
16.167372087466305
15.907735825741085
16.56734099977746
15.67947632530383
15.192184134964542
15.056056144454613
15.371000702653465
14.177298801726309
15.811576513637757
14.280733879141767
15.392592822875956
13.884477150016304
13.88540090367214
13.737472692376066
14.05745573752913
14.058876176910667
13.744087995961308
12.664895388458309
14.419786832712848
13.507822307533232
12.788791685911088
13.622654286052647
10.621207591788522
11.718078541216151
11.890397828200769
12.080464617445552
12.993211649807877
11.129680798613819
13.023140452545265
11.593832703307271
11.456634494251219
11.562208727772894
12.542323684641
10.459228825723303
11.504863603233263
12.24309959146997
11.754976185616748
11.202071355270414
11.604291587441775
10.92370339765631
10.299657788513036
10.159613036133091
10.469994167267377
10.893080078836146
10.600135932194776
10.366305335713871
10.142888190353226
10.228222003656215
10.393175220438119
9.913020372005372
9.498884522717383
10.83187782456135
9.452677961181978
10.637358806513507
9.31142451871058
10.15492659029029
9.174522995820332
8.901513270263013
7.946185870417233
9.393252339599462
8.397132606085005
9.968221029973236
8.126847790136676
8.973161411953383
9.023696772754192
9.427187563401871
8.371862447499458
7.466018223556979
8.266924360959694
7.632498409085232
7.364115782403227
8.448644914246838
8.581708686618969
8.387012093135253
8.717795461930077
7.882888429766071
7.876439825599563
7.0782414939382985
7.115529578564496
6.717295231747216
6.93661515928548
6.686325015885563
7.362766688143642
7.190935382169896
8.257869216974761
6.428439764113262
7.0431383099278495
7.80528770290829
6.697637359001513
7.08884971743
6.502798823993011
8.071578196410474
6.607776939612011
6.782504195283199
7.545126617982469
7.2353651576257985
7.394395351987974
6.285667183712639
7.991491942184752
6.8779664670342004
7.320058807216841
7.686748485177241
6.218394047227399
5.877743945360698
7.182378175315158
5.721237131233873
4.663845868331605
5.189497627317905
6.145294068638107
6.337498291813094
4.673102681492937
6.441158304183648
5.754773701316323
5.03591686255973
5.229022398077208
5.956146601330618
5.785805881344553
5.123635868060178
5.592980823126332
4.6839036145086945
5.498707303391962
6.485516538522367
4.300260454994337
5.310968813903886
4.56455215619042
3.828467688169973
4.5486335972773615
4.868527010597032
4.1207696142895465
4.355214037771883
4.474245121252948
3.6886929805422652
3.963641038999475
4.796776235874357
5.013519170148106
2.9678551701122315
3.5334898233413696
5.015218612962756
4.125462543604703
4.930368469578439
5.126879383263917
4.574065748602152
3.9972838276419145
5.428353002616044
3.4533279956928613
4.159473633586333
4.453881601706661
4.221935829982676
3.6614956272573305
3.7171785836589746
