-47.0838675737381
-93.4126292705536
-98.49871911605199
-99.94393249352773
-98.87624969482422
-99.98178396026293
-95.93655563592911
-99.03760241270065
-101.16142739454905
-97.46505610744158
-100.96360011895497
-96.80914216041565
-96.81165202061335
-94.0829880475998
-95.45664475957552
-96.29870466192564
-94.1301509598891
-95.75231196482976
-92.99029755791028
-97.43608388900756
-92.98231884638469
-94.9005142490069
-97.76629270712534
-95.2583249092102
-94.73639674981435
-98.7838163892428
-96.540553855896
-97.20401335159937
-95.006344439586
-98.58275443514188
-98.63881953557332
-95.32819319168726
-95.92273544073105
-97.08715390364328
-98.13367679913839
-92.13271054426829
-95.4992504119873
-94.80227520267168
-95.1384019613266
-93.74905851284663
-92.55487057367961
-96.51188936630885
-95.23244533737501
-92.74697455962499
-97.96958635648092
-97.99139546751977
-94.37855077783267
-97.90902415513992
-95.238820652167
-100.41899287700653
-96.32281024853388
-93.84219514131546
-95.45145503282546
-96.93788961569469
-95.36153715848923
-94.93356315493584
-94.19468559821446
-95.43678578337034
-96.59613262613614
-102.13688530524571
-100.70906456311543
-96.35061378479004
-97.72720056772232
-100.78434034188588
-99.49661302367846
-95.3857403477033
-97.02238803505898
-95.74618786772092
-97.75821639299393
-99.47112274964651
-100.38864239056905
-93.50174608031908
-94.5879120250543
-92.14879643917084
-89.3295183300972
-92.79408162434896
-98.02390048106511
-96.1198007941246
-92.65614060163497
-95.54037676652273
-97.1859841187795
-97.52240588267644
-95.85076806942622
-97.89670805732409
-94.28479982217154
-93.92892300287882
-99.78447223703067
-94.88841023842494
-96.92230587800344
-95.29676515261332
-99.1419463634491
-101.29401643872261
-95.34420750935872
-95.42292553186417
-95.71525108218194
-98.84996169606845
-94.00209653377533
-95.63614102403322
-94.5845167239507
-96.89079979260762
-95.68923457463582
-97.76380083163579
-98.88595469792683
-98.2239946504434
-91.48719339768091
-95.00031371712684
-94.0453688065211
-98.13116432825724
-92.30750995874405
-96.17842813531557
-96.95489187637965
-97.68273616631826
-100.71787437597911
-100.13130693833033
-95.97950475215912
-96.0721140185992
-97.2474673986435
-97.96918666561444
-94.88297823667526
-98.58257080117862
-99.04698867003123
-96.60648711125056
-97.05981708168983
-97.04264620542526
-94.99537922938664
-95.08494529128075
-95.86272136370341
-97.57327928145726
-94.51317959626516
-94.77172575791677
-94.89750790397326
-90.72072877883912
-94.86513828833898
-97.30768519242605
-98.6874420205752
-92.94978841145833
-94.94176127711931
-98.29701564510664
-97.84587825139364
-100.73158617417018
-98.37101229429246
-94.49953902165095
-96.97929067611695
-100.39338333010673
-95.55082501769066
-100.29828242063522
-97.24595272342364
-95.88437920014063
-97.52949721415838
-95.51171020070711
-96.7468615492185
-95.67979845205943
-95.01944202780723
-92.0351182659467
-99.20111162662506
-97.44775883555413
-95.50207385023435
-97.75990099509558
-97.66614598433176
-96.84877874453862
-97.6725625872612
-91.58188088734944
-92.9512341161569
-95.2448289513588
-97.55403776566187
-96.55052619775137
-98.31366448799768
-97.05599223772684
-94.68851489623388
-101.42080311377843
-96.81615557074547
-97.8287820617358
-96.53600097497305
-96.47749064366023
-100.22024985750517
-95.86848815282185
-95.80279749830564
-96.18999011516571
-97.94555790225665
-96.77557005882264
-96.44112913211187
-92.23081456224124
-95.98351769248644
-95.06346828937531
-98.52805411020914
-95.99490789969762
-94.82957540750503
-95.46023282210032
-96.8047559261322
-94.32267728646596
-96.40546081463496
-93.10116634766261
-97.84606826702753
-100.25524301131567
-95.80416464805603
-100.17432900667191
-97.12543486158053
-98.46194658676784
-97.11048806508383
-94.41071741978327
