719.3010263681412
636.6028008143107
605.917496029536
579.7707017262777
563.3199562867483
556.6643879413605
546.0521378119787
532.444610842069
521.8564571539561
515.5360095262528
504.4604240179062
496.49020936489103
497.79926416873934
489.7236094236374
481.3374109427134
481.3576973517736
480.21412386099496
476.8571684360504
474.7583267211914
473.5039566596349
468.5625197251638
467.66636096636455
465.7116154352824
458.371980102857
459.29526669979094
455.3117833296458
452.856142560641
446.7383973916372
454.38936076958976
451.0624215086301
450.08825606505076
448.13551821311313
445.74407026767733
440.33932605584465
441.2820225318273
445.5218768874804
438.14500058492024
439.35171410242714
436.9072495818138
435.55170662403106
439.5266380230586
441.03346209526063
435.39587782621385
433.85114765167236
439.12890951633455
433.5663498679797
438.69299396673836
429.7985942681631
430.9945245464643
426.89716055393217
430.6963528593381
422.59025783141453
426.7599859714508
428.6367928306262
430.5906346599261
427.6810808022817
424.04062815904615
422.32875424226125
423.80471529563266
428.4549701372782
424.17370717525483
426.170130109787
424.90913085142773
421.42577978769935
420.08348157803215
422.8430581490199
418.9780967752139
421.917865717411
418.93322993119557
417.2121255238851
415.2054499268532
416.8175019184748
415.96943124135333
412.0771541674932
417.38700532515844
415.7010840853055
416.10866055091225
418.5647336204847
412.9967087984085
413.34551159540814
414.6024665991465
414.12935444911324
412.1915716568629
408.89013894399005
415.92369010448454
414.3320572813352
415.2624486645063
415.9162704865138
406.9910025437673
408.0340186913808
411.30759294430413
409.13507037560146
408.3470495303472
412.3980755249659
405.8372208317121
408.66372808218
405.33929714759194
406.399736281236
408.03603174289066
408.1208888530731
404.1744941751162
406.3172063310941
407.83827277024585
411.8846457560857
401.52318188349403
403.0001086672147
407.3725276192029
405.1633349021276
400.3829443494479
406.28585784435273
405.065598376592
400.77383487621944
402.15428280035655
401.95657168626786
402.6708281000455
399.70549392700195
399.1633606235186
402.2327954292297
403.50024383862814
401.61971213817594
399.68220384518304
404.1379624724388
399.89262029329933
402.5571111838023
405.0826272567113
401.10064309040706
399.9834040602048
401.2136717438698
399.3991015036901
401.1703286012014
402.06699897050856
402.2029750108719
399.39581272602084
398.16293982664746
397.9022946675619
395.7881463567416
399.18387316068015
399.4961615920067
397.06793168385826
394.044599266847
396.216298186779
396.6339526971181
396.2266364097595
396.227538839976
394.8519365668297
396.6442272345225
396.48640263875325
398.4294138153394
397.8888558387756
392.4680229028066
396.0823275486628
395.61796906789147
393.6563452243805
397.6566905697187
395.3096995393435
394.2734494328499
391.73423012097675
391.33861784935
395.71273647944133
391.9635049899419
389.2101986368497
394.64395215113956
392.4690293828646
394.9022500514984
389.18894432385764
388.664680937926
390.9166266759237
391.77087611754735
392.1052994807561
386.92001412709556
388.42381530602773
393.1064185976982
389.9668585817019
384.06692425409955
388.1630334774653
389.30020799239475
389.6164979020754
387.0015407562256
394.908451294899
389.26659400463103
388.5903916915258
390.1205919464429
384.03619180520377
389.8604713360468
389.0043933828672
389.39211250940957
384.3073310136795
380.7266982158025
386.57843936681746
384.7469954450925
386.73092859983444
386.12747683922447
387.9600229620934
379.75031513373057
382.67749926249184
386.1881954908371
390.30640218257906
385.3354335824649
383.16805785099666
383.9663086056709
