562.2251522382101
441.53053373098373
402.54369092384974
375.89098866780597
359.07766401370367
343.3814372221629
337.3764656404654
329.75147036910056
320.08180120189985
311.7593974431356
305.77120281656585
303.0209660291672
296.36370717287065
293.6365665415923
289.68917398055396
284.9436995228132
281.89473996361096
277.16789051890373
276.2284106016159
273.98506431877615
274.6045338153839
270.73446643054484
270.12086679140725
264.5709469169378
264.3555503169695
262.81603765885035
260.0774341056744
261.5009915490945
257.6851513495048
257.8487074861924
255.9908246209224
253.7264066532254
253.34318507214388
254.50480417311192
252.8299312045177
248.59370764195918
250.04410187502702
248.91021830439567
249.27689892500638
248.53865083058676
244.84276989474893
244.56407721141974
241.89847791890304
244.6573955198129
243.3498822723826
242.93564296662808
241.08749825706084
241.11674153457085
240.3389949356516
237.67192378391823
237.88563660234212
235.33491304715474
235.62693172742922
235.1215136771401
235.27371594260137
236.50635522057613
235.00099456608297
235.03702699293692
232.54822410270572
232.71620630162457
233.65919931580623
231.6644030953447
233.63658487300077
231.7905105188489
232.13861998418966
234.65480440805356
231.9650227976342
230.0549800718824
229.8495362393558
227.1805803582693
228.4860856273522
225.85798064544798
228.65088969456653
226.0515139085551
225.91971669917305
228.55729254906376
227.68279190907876
223.1000164218247
227.19260262921452
225.42120476578128
225.91535797094306
225.5902720409135
223.5592691493531
222.52784511484205
221.79585646068057
223.27108089271934
223.5558602583905
221.92487544864417
220.93833139228323
222.8240710079049
223.28368611807625
221.18672867923354
221.09232284215588
222.32329189976056
222.43768704030663
220.2112322776268
220.03562088990583
220.32774666870634
220.3044030384471
217.16195819706965
217.5037091286232
218.55057090638826
219.5473897094528
218.4200188194712
217.7184356793761
216.45618593245746
215.36955727363627
214.5866588766376
214.9649151077494
218.99390141157588
215.81542285333077
216.58411304106315
216.82182199216138
216.03874686621128
216.3664545888702
214.7461497962475
213.4587297764917
215.54925322631996
214.6208478473127
212.81992993078504
211.41364709486564
211.12731493574879
212.5890036975344
210.85047016640505
213.59800113936265
214.63337912745774
213.8300021748369
211.211969777445
213.08148987063518
213.47996225903432
212.31130929241579
213.28067730820428
212.3183497880896
211.64039330035448
209.57286795899273
212.20444032674035
210.18797052154937
213.01627972796558
210.31164473295212
210.75088937701656
211.76141801284004
212.4139301161592
209.49137141605217
208.030209809045
209.52676181619367
208.99075355728468
208.55263851359487
207.5507192030549
209.64498283465704
209.36710947832714
207.7834387285014
207.0959908972184
209.05787352571886
207.38384099478523
206.94577429294586
206.37106200531125
208.13807108600935
208.62809459815423
205.4572391991814
205.44316328962643
207.06276653756697
205.59655085156362
209.8777012956639
206.99543815503517
208.99374935875338
206.34904963076116
206.6434827014804
206.01839057902495
207.36519831145804
203.39484575539828
205.30079759011667
206.6699976079166
206.3284797956546
205.95291480819384
205.9760007472088
204.4283297409614
203.7925272459785
203.25418925980728
205.93651361813147
205.46906703809898
205.01712828278542
206.2787957429886
203.52772755871217
200.97638249148926
201.6471275235216
203.31806004097064
203.19627682914336
203.66807550316057
203.78521626591683
204.03431155880293
203.74136876612903
205.51225180377563
202.64403030127286
200.24836884389322
202.31396404455106
200.14356299191712
203.05375050604343
201.08131504803896
201.49798158754905
201.3156087026
