631.5975404103597
505.7613686879476
458.40305027167
426.5753721356392
410.1032172958056
392.10226536591847
383.1674944519997
369.66932696501414
360.94944382508595
353.5760810216268
344.9092334508896
337.0509403288364
334.7289273619652
326.96708711385725
321.7020289937655
318.7013647298018
314.2122021774451
310.58873786528903
307.9894237418969
302.7925312419732
303.6156146883965
300.1845228354136
296.7872224112352
295.9543538212776
293.76131902734437
292.43280941049255
290.2287634650866
287.9021944999695
288.2846755504608
284.3076536099116
283.087680910031
282.7964652856191
283.2269607981046
280.9680816054344
279.1703165213267
279.03447237213453
276.0933360993862
275.6845219969749
274.14038536151253
273.95483875870707
274.6036925375462
272.3799010952314
270.99851273496944
270.4507109940052
268.6404629846414
267.7070970594883
266.5931723813216
266.9111619790395
268.70286355813346
264.2191689501206
265.46007017592586
263.1395399332047
265.36681207617124
263.2357739388943
261.8078800419966
260.5448541154464
260.8248822083076
259.075704173247
260.998075034221
258.7028489778439
259.75770560801027
260.9621156106393
258.217016556859
259.1171106417974
258.6663071960211
256.52997622986635
254.06258577505747
255.30425054331621
257.4577775667111
254.80917139649392
256.53539475401243
252.51038148303826
251.8658240576585
253.75606152514618
252.90459801952045
253.71006581882637
251.54720468322435
255.25449157357215
250.26261094709238
252.56499098738036
252.73557977775732
250.02769104639688
252.39427379369735
250.73855354289213
250.80309606790541
249.42778596083323
248.63680429061253
249.9411872158448
248.97516281306744
249.77047395408152
248.19422262310982
249.95319995482762
248.62104042669137
248.75823551714421
248.37997069954872
248.2797111362219
249.95681309799355
247.99932841757933
248.30295935769877
248.47929254472257
246.64377393921217
245.29899416863918
245.97165077676377
245.9880587220192
248.27062962253888
246.04564536611238
247.12840821047624
244.10553546001515
244.91885722925267
247.5868728985389
244.2985212345918
244.44764882425468
243.13201452692348
245.8573275099198
246.02960976163547
245.12350478172303
247.36760312914848
244.56403721570967
243.9182682921489
243.5041133577625
242.58103621602058
242.3366115252177
244.9290231357018
244.02867388824623
243.00233356108268
243.75036802589892
241.31076136281092
242.06671543965737
242.38885235488414
242.12040649652482
242.39967000981173
241.4941558599472
245.0624028424422
241.6098003268242
240.24979346146185
240.5096060688297
242.67049015263717
240.49524022440116
241.2178830186526
240.75157517194748
239.38126906355222
241.17392598738272
240.79348508715628
241.3044330234329
238.38502955089012
239.70434250930944
238.08967104355494
239.90496499687433
240.99295688668886
241.5576488400499
239.42393737882375
237.94783671696982
236.92859582602978
237.02295658836763
238.57932709753513
240.0536184658607
238.9793320789933
240.31693597435952
237.0981917331616
237.11564208567142
235.89484846740962
238.64614368180435
237.5221519296368
236.80802674939235
238.2131133943796
238.54618279337882
237.0230473458767
237.27188275059063
238.07937707652647
238.84337714513143
237.67943838487068
237.31170173039038
236.79903038144113
237.28346626162528
235.68941362996895
236.23666863441468
236.25335069497427
235.0850518087546
233.63314280162254
236.07366726001104
235.10427726507186
236.2149317406118
235.95803607751927
235.64063742806513
236.1372166936596
237.04766521354517
234.09935388614733
236.21393980185192
236.19788883129755
236.5642613550027
237.80831492046516
234.2535181204478
235.39598080863556
236.319789498051
234.54259600540001
233.7255444025
234.41017489135265
233.66090498318275
234.0331494147579
233.24993613610664
