1282.6608570734659
1135.7009916941324
1049.0431303024293
972.46243780454
926.7837500254313
873.4910832881927
824.0924827575684
786.8181068579356
758.7127509593963
734.1872140407562
714.0565430959066
703.8326134204865
692.7261620521546
678.6010424137115
664.5264060179393
649.434370303154
644.8686101436615
632.4581676403682
625.9741043567658
617.9781523545583
616.1424830834071
604.0489898204803
597.763936193784
596.111225883166
588.7374705950419
582.7304592212041
580.2326369921367
580.5917760133743
573.2627129077912
572.016422979037
572.2768427530924
567.4602970759074
565.908290306727
564.7114660422008
563.1278380393982
555.4146660248439
559.1061882257461
544.9427387078603
542.2453713099162
534.4504179239273
530.7805051803589
527.2899087031682
518.6599295218786
517.1594305117925
514.0638321797053
516.2876708587011
513.1253999392192
507.1458774725596
505.15745787620546
504.3887978951136
502.78421370983125
503.8124200661977
494.4532609621684
496.3534616867701
499.2569165547689
493.5289750814438
492.07597122987113
490.7874272505442
484.61539645195006
484.92421435515087
480.1174349308014
481.190568892161
479.26423080762225
473.7614914894104
473.6170873641968
469.9726207017899
472.4798191944758
471.8230715274811
468.5682768265406
463.201483686765
460.8458919286728
466.13619573513665
461.4388568003972
463.1169699668884
460.25822847684225
457.02273626327514
459.92339338461557
458.6743814309438
455.85537501176196
456.8170123338699
452.64251581033074
451.54297442436217
452.50220076243085
450.16891424655915
452.6303276141485
450.1041980981827
448.03655467828116
449.29402022361757
441.42019418478014
448.1193786382675
447.2204446315765
445.8954559445381
445.7233791748683
445.017452398936
447.0394364476204
442.9883319060008
440.95711158514024
440.81971595287325
438.05195155143736
440.7648730039597
440.5645204226176
437.4534490029017
435.67490744193395
437.80803297758104
436.87589275042217
435.08719327449796
434.4417031685511
432.7999783039093
431.7335026661555
431.0059647679329
432.19652595122653
436.00298996766406
433.3206335465113
428.51934184233346
427.29805215199787
427.75946416854856
427.9798564076424
428.2116692225138
429.54691262245177
428.869679582119
425.980434679985
427.00916564861933
421.77677462100985
424.1652125199636
419.89341518481575
424.36971096197766
423.2812531431516
418.46429634888966
417.8904201030731
418.5202070236206
421.4761724829674
416.5439013401667
417.31038502852124
415.82519387404125
416.86928899288176
416.5626190106074
414.687050251166
413.5984828948975
414.055130592982
416.34850527445474
412.87316060463587
412.5699248552322
411.24659817616146
413.81296174526216
412.3886986374855
411.949307791392
405.5692924539248
410.7303699096044
407.31561677853267
407.3008919119835
409.17063076893487
409.4460354248683
409.92122079928714
405.8786212404569
409.029506333669
406.5280644774437
407.7301348487536
404.80321349302926
404.78366386095684
404.9451402306557
404.93742343982063
404.89406677087146
406.53462596337
407.79780479272205
402.948508254687
402.59206207990644
404.54497226079303
403.5737876574198
405.51699425379434
400.2261856635412
400.67632234891255
400.41674637794495
400.85272556145986
398.69775384664536
402.0033910950025
399.5298399925232
400.21867651542027
396.5057094415029
398.9102301239967
397.9337693969409
397.57198966344197
396.2811348160108
396.63786095380783
398.8037372708321
396.7994772950808
396.17865390777587
402.8445840318998
395.3204860488574
394.309136835734
395.81670643488565
399.3405624508858
399.1661922931671
397.9279732187589
400.4665436466535
400.07144616047543
398.8628969550133
396.9425481756528
394.55007599194846
400.6498303492864
395.5031483610471
