266.1576792536111
257.19862689232
248.82730029780288
244.4176105589702
244.24653472160472
241.53256998802053
239.99185167509933
239.93272333309568
239.6103278151874
237.03313395894807
237.7525724994725
236.14634631420003
236.38267973784744
234.95630016820184
233.73658518133493
235.4630398626985
233.0654745554102
235.8152995027345
235.00684731582115
231.16987916107834
234.4283955754905
232.961289623688
234.22464026664866
233.15583965696138
231.76104200708454
233.90768486877968
233.82990224196993
232.22678643259508
231.03345376869729
233.15253355996362
231.96662409963278
231.50643961594022
231.95131767618244
227.55274313071678
230.58209668356795
231.64768315594773
231.64790046215057
231.9025413250101
229.71071363728623
230.06905734127966
228.99983743141436
230.15797542703564
229.78315033583806
228.46026421415394
230.79396152496338
228.04535599823654
227.97530009006633
228.26238131934198
228.27123393683598
230.28197814267259
228.3250287072412
228.81255132576516
227.83420387629806
228.58627466908817
231.6503723983107
229.8575977662514
228.8577048778534
228.43596850592513
229.6126172789212
227.72528719902039
230.16834053911012
227.5638769042903
228.34234652437013
227.10634326523748
229.04350218690675
228.60042652590522
228.3322439728112
227.27230849759331
226.62234938966816
227.94189886800174
228.15558378449802
228.5445935849486
228.0967537411328
228.7454054150088
226.55793822633808
226.90568174164872
227.97849130219427
229.260018003398
227.15847071696973
226.66573182467758
226.22069592311465
226.43421716936703
227.43069122577535
225.13389527386633
226.72576892375946
226.23547800656021
226.78502129275222
228.15604785804092
226.5406774323562
225.4062295083342
225.68565296715704
225.98453950881958
226.84506290945512
223.7574861871785
227.423485908015
226.27183703718515
226.91637058915762
226.34639377018502
225.5441726281725
226.55483513864976
228.08596073347945
226.0038081654187
226.71120403963943
227.39826947656172
225.58838974607403
226.4886099675606
225.80062582163976
225.5477151213021
225.0976464460636
226.4750333490043
224.99803391818344
228.19471006146793
224.83844367800089
224.68177277877413
224.40773957762224
225.2804963876461
224.19553630516447
225.86926534669152
226.6778772576102
224.20079448305327
225.65597194638747
225.46148217546528
224.50709874876614
226.77357988110904
225.66871766386362
227.5445663764559
225.8417311619068
225.18211609330672
227.6325877206079
227.19783484524694
225.85026031527025
226.57283158548947
227.9096459890234
225.10799703104743
226.28792351278764
225.7429616163517
227.11759636319917
226.80704486370087
226.40073780355783
223.5548963300113
225.15490565217775
223.94586824959723
224.56332898962086
221.95358836239782
224.27136452855734
224.94188887497475
223.6737003696376
224.71342136942107
224.93307549789034
223.93539146308242
223.572771105273
222.16914453588683
224.26984752868785
225.81533552449326
224.2347028789849
223.38186505745196
223.094063109365
223.80344135185769
222.6663337247125
224.16059598018384
222.22435304214216
220.9981098257262
225.4941085494798
224.03048853627567
223.77659408388467
224.0556168021827
223.2247076116759
225.04395091944727
223.99015653133392
226.24173949915786
225.09517224903763
223.74865414356364
225.28326351478182
223.00814941422692
224.83304900547554
223.4794296108443
225.0447735786438
223.68090467206363
223.6739752662593
223.55029545981307
224.59939813202826
224.2909061045482
224.34843788475825
222.98426356397826
223.3789139287225
222.42066554776554
222.10437319196504
221.93494471188248
221.77212849567675
223.31090111568056
222.83100423730653
224.48373444738058
222.94139298077286
222.27208684641738
222.30880534648895
222.54290474694352
221.8378339718128
223.97408138883526
222.96068579575112
222.08298849237377
