573.4779525625295
448.58258540054845
411.18336989961824
394.831396941481
384.0567535120865
369.09179313429473
360.2077801309783
347.12598449608373
337.3325148944197
328.79761085839107
326.7992449135616
316.39788390850197
314.56024620450773
310.7611664985788
303.40615009439404
299.1945984363556
298.0619944375137
290.15441582942833
290.75915138474824
288.28295102612725
286.42834658458315
281.25520919931347
282.49023498337846
278.4201916168476
279.96900241128327
276.0898701733556
278.6860253482029
276.2267355754458
271.1552367703668
268.5490806267179
269.2625735381554
267.52278064859325
263.8220781622262
267.01029072136714
262.4732101292446
261.15554539910676
266.9824821784579
267.18871336969835
261.4704647804129
259.5105553988753
260.5303673990842
254.49914429105561
254.59314407151322
255.86539482248241
257.83618941800347
255.6130260188004
251.3226121211874
249.30586816524638
254.11274635380713
250.87471633121885
257.2840147676139
252.7564717325671
251.5390540155871
247.34122052685967
250.3993826570182
252.3882946557012
249.05747869919085
247.70341783556444
245.46707435311941
244.86669954760322
243.10694120670186
244.85533137157046
241.12677103897622
242.47324109077454
242.68319009912426
244.94720451585178
241.2673288871502
238.18416574905658
239.29605713383904
240.44369337476533
239.04363346099854
237.16420923430343
237.58478583960698
239.25684693763995
237.89768153223497
236.8727258156086
237.79095680960293
235.79885094741294
235.23088503706043
236.0351901218809
235.1198852473292
232.84359423867588
232.5809945566901
232.3343369714145
232.38334272647725
230.2571896191301
232.59923826414962
228.95779248763776
228.68981688598106
229.39688271489638
228.33516115977847
228.423413305447
225.91091499657466
224.17068317018706
225.84755128005455
225.07742864921175
228.88849020004272
224.85905930091596
223.1768070911539
224.52064110081773
224.6572185878096
223.478723452009
226.8025627793937
225.24943824472098
226.89289943103134
224.45749881760827
219.29507046321342
221.30303499616426
223.63352592238064
222.97226083689722
220.08100174624343
220.63560050109336
219.94122912554906
222.14295250382918
219.6082115255553
218.86621031678956
220.1205507393541
217.8087745617176
219.6214246832091
218.48856320874444
216.5918347342261
215.0383934316964
218.69003686411628
217.21690776430327
214.8206770831141
217.25309326730925
217.15310036725012
216.3297370055626
214.1496871545397
215.9025935551216
215.378433412519
216.53293388465354
214.73672370664005
214.9756423769326
213.87035600070297
213.81489374719817
214.334605167652
216.0764103757924
212.05471339719048
210.47840327229994
211.2864898443222
209.66467699511298
211.52513524992713
206.8204446661061
211.153569007742
210.1729629697471
211.27739022518026
212.6539966114636
211.2217478916563
207.7804163201102
208.44627428465876
208.01653579185748
207.76190236108056
209.16913529100088
206.85282070061257
207.18355887100614
206.29825324436715
208.31882785106527
208.18131176356613
210.0925496446675
208.8850277210104
207.54779874867407
206.4409901602515
206.40004255031718
205.04177951812744
206.67916831888002
206.15353581412086
202.50902696313528
205.1707711754174
203.8949797852286
204.41799641888718
206.22864090985266
202.12659683309752
202.60535347050634
199.78763406852195
202.3132243156433
204.02523517608643
201.72736430579218
203.50558897955665
205.28711688107458
202.6134557148506
199.34937812542094
202.12801417400098
201.8378666310475
201.0013222694397
202.3788468508885
201.96273264802736
200.541042007249
199.87309547128348
198.79219328535015
203.00385965972112
200.04931374253897
202.58861840182337
201.76461865162028
202.1127207073672
203.33886098039562
198.14905356538708
198.02411763832487
197.13759578507523
196.5757675828605
