-78.44042409261068
-167.23252487977345
-189.9253924369812
-197.48747266133626
-199.82443843682606
-204.35498682657877
-205.4510956366857
-206.83154001235962
-207.6113664229711
-207.83930219809216
-208.81587676207224
-212.31660179297128
-212.03295742670696
-210.29212081829706
-211.06636051336923
-213.58318525155386
-214.16114310026168
-212.3018994251887
-214.26196058591208
-212.48672854105632
-213.01321977774302
-214.53698229789734
-215.70267169475557
-215.37450782457987
-216.08700544834136
-215.462914788723
-216.7037491639455
-215.96509768168133
-219.21208543777465
-217.64171636899312
-219.24644546111423
-221.24105915228526
-219.68862787882486
-221.3326096534729
-221.5536503871282
-219.91603419383367
-221.03323684930803
-220.7859541217486
-221.89356664419174
-221.4592708349228
-220.9359617471695
-222.20032715002696
-223.24895887772243
-221.63626530567805
-223.3891402800878
-222.83184641599655
-221.99705356756846
-222.63324728012086
-222.93622983296711
-221.7505430142085
-222.29418312708538
-222.9423797527949
-224.40555016994477
-226.28748647371927
-226.43714632987977
-225.27009512583416
-225.3794286330541
-225.78644479513167
-223.77505192756652
-223.9423399289449
-225.07353650728862
-226.48326670328777
-226.20306413968405
-225.400496562322
-227.31999514897663
-228.2054936647415
-228.55036228895187
-228.50731301307678
-227.75602158705394
-227.25874594449996
-228.44070768356323
-228.0228609085083
-227.98024510542552
-228.9438405752182
-229.29157263437907
-230.823636786143
-230.8118545293808
-230.24614282449087
-229.14443132082621
-230.0587125857671
-229.756893992424
-231.24913727442424
-231.42817275126774
-230.5662253220876
-231.01792305310568
-230.4317573706309
-228.6752856651942
-228.59105843702952
-229.34340321620306
-229.39617067575455
-229.4434952576955
-229.67972844441732
-230.2444220662117
-229.52020731767018
-229.50296436945598
-229.98378054300943
-230.00349841912586
-229.6064704020818
-230.47689995765685
-230.00831735928853
-231.0145221153895
-231.93586473464967
-232.52852159341177
-232.12373977502187
-232.83374397357304
-232.6467465957006
-231.01393764416378
-231.6314982175827
-232.10935042301813
-232.75112907091776
-232.0166364590327
-230.8549174706141
-230.43065636952718
-232.46609882911045
-233.6847232023875
-232.15351426998774
-233.76479183832805
-234.66492859919865
-233.18007230758667
-232.87956610123317
-234.040518506368
-234.54793620109558
-233.57031559944153
-233.47715238730112
-232.06857333183288
-232.6294661283493
-232.71393450101218
-232.23405483166377
-233.0818019747734
-234.07921716372172
-233.03148672580718
-233.1904808441798
-232.45831094582874
-232.89655857483547
-233.5965047121048
-233.96408449411393
-234.54235866467158
-234.72528324921925
-233.40648956298827
-234.26624499559404
-233.3037525097529
-232.27928166389466
-232.44709636767706
-232.5534858028094
-233.3771406173706
-234.3615957180659
-235.72163089911143
-233.95820252895356
-232.43216297626495
-231.46113829612733
-233.46776506900787
-235.0519963343938
-234.76070245901744
-233.8703308582306
-235.12535718282064
-234.53378938039143
-233.49034729798635
-234.27147439718246
-233.4306433002154
-235.01546755631765
-234.79033286571502
-234.030897128582
-234.51259840329487
-233.71535705725353
-232.52510503927866
-233.15917560656865
-233.43511650562286
-233.67983457247416
-234.04916190306346
-236.4002904812495
-235.73998359044393
-235.62475419839222
-235.79512669245403
-237.38776925007502
-237.72740222613018
-236.85566880702973
-237.3834587097168
-237.49232516288757
-236.93037099043528
-237.74652544260024
-237.26471235752106
-234.86833671331405
-235.84280655384063
-237.32461635271707
-237.73937898874283
-236.99892357985178
-235.141349029541
-235.14402505954106
-236.19821119308472
-234.4585409561793
-234.69083074728647
-236.06418227354686
-236.07483713626863
-235.23146201769512
-237.02214167118072
-236.76796454588572
-235.67723128000895
-237.7102753798167
-236.91437048514683
-233.43555246194202
