92.52723216188365
68.8608381460453
59.43493201609316
51.603184032542956
43.55677119616804
42.460713172781055
38.52560135979077
37.78965428317415
35.7207593023777
33.60343555849174
31.561084389429666
30.43274779951778
29.194947373250436
28.79491482803534
30.00965992823757
27.87016574010767
25.871583354627266
25.264468285287247
24.44894635882871
25.38357717492457
24.277031834012476
24.483535963399657
22.56656113999157
22.36023498249465
23.309431029419446
20.656249157827475
20.17537794711775
21.304494307986623
19.925737923460787
19.984373819211434
20.12045783344014
19.368593263985783
19.542744448986547
19.393979884106024
18.472050578237095
18.197294959557595
17.45346440056917
17.952519741037797
18.6466325768109
18.159474417727825
16.99434655313862
16.891408682897172
16.166892887703305
17.19854048639536
16.295858264354795
14.751380866971509
16.0790718500663
14.129053494989359
14.321374404533156
14.18653823775721
14.222919881600758
14.390041755383898
15.314110448134356
13.675295310255525
13.877938695508858
14.062551382286795
14.309547954495867
14.05140433987153
13.471237353466709
13.554576449481578
12.509534041172472
12.694216081551437
12.8733981792526
12.548767897589453
11.83169613187683
11.776943704691426
10.983510957581215
11.281969447845015
10.751764806437082
11.21141956457547
11.353942619379739
10.238136975415822
10.830070018254478
9.51110766005927
9.45869514994837
9.980529016485951
10.887308322214361
10.38185174891661
9.781392806177509
8.253755323331932
9.255408445565864
9.212507193201574
8.540919233113527
9.707245125724324
8.905540025985703
8.540234076308794
9.300908682932114
9.083067315759074
10.270816274372669
9.28991552159704
7.9905414668650465
7.071120923449254
8.506152405949502
10.23162837821091
7.353341943488039
7.59377341839517
7.430716272957366
7.973965802069368
7.738158700538093
6.5317309090289575
7.306082733232399
6.415619102531466
7.494290128350258
6.223815103414758
6.546532157551626
6.938093628092059
6.078100104270311
5.894589073185263
5.959279756864597
5.294711049774597
5.909292019261368
5.9635922667281385
5.054541222301537
3.591084339045759
4.9343477373236215
5.266206718981266
4.583690893547288
3.9344427166827796
4.317827802408358
2.885589387741518
3.8535955687021386
5.892328960114512
3.1167586877428253
3.7570345820859075
5.237265016498236
4.894827088212659
3.961730449364103
3.4642351809246787
4.798010029894268
3.1422869214338474
3.6471992503723194
1.5694587752223015
3.1873876817267517
4.951288911289182
2.886567951019468
2.99257480276042
3.185281634587666
3.8359802956211158
2.5131989951277602
2.188574757812352
3.4435792236492553
4.0535055971865
1.200721734813575
1.8455710678265012
3.5949063958792853
2.0888839153380228
1.8215558472378501
2.5762773294901025
1.9534579049153575
1.360244322953553
2.1976968594666184
2.369000982493162
2.121419871675557
1.9944317818715656
1.6271380859202351
1.4855296766256978
1.2518156939025582
1.305144512704734
0.4131366415270444
0.7734625755712904
0.1545703418809792
1.6541849431292763
0.11866444092372368
0.3412424695902857
0.3439779086359616
-0.04603953248467939
-0.5324813101826043
0.6126169320838205
0.5488231996523922
1.0973894601238185
0.8698777010471657
0.11028903106163288
-1.0214189383490333
-0.997522993591325
-0.3637143455702683
0.29535892348864984
0.5664273151035967
1.0089122226525997
-0.5735891587261496
0.9669677096194235
-0.723744610774106
0.47753012026178426
-0.9912231424502258
-0.9374136292728884
-0.3288774536601428
0.596336731622959
0.6517782684030204
-0.7226687240703352
-2.082361842023915
-2.153987008949806
-1.3360832050956528
-0.6996438441605404
-0.8771548348254171
-0.1304693561175774
-1.6931748415889412
-1.6284929110572255
-0.38959235158459893
-1.4516913667321205
-3.3595475040633103
-2.018548555415252
