-149.20870901743572
-203.32908934752146
-209.6138906319936
-209.84307885567347
-213.67948854366938
-210.81474660634996
-208.62915081977843
-212.5641445795695
-213.37463324069978
-217.3315961321195
-221.90028165181477
-220.22542576789857
-219.5804504354795
-221.18302962382634
-220.59248872995377
-224.03419875303905
-227.47998564243318
-228.8661999265353
-226.89438774585724
-225.53012607892353
-223.81764055490493
-222.6609515508016
-222.8669481197993
-224.49629950523376
-222.45683968861897
-222.15391967693964
-224.4222779949506
-224.0779914855957
-219.87399330933889
-222.89964124361674
-226.65811797380448
-225.48946892023088
-225.07617816925048
-226.01543693542482
-228.73289121786755
-226.95435852209727
-227.514670920372
-227.9009303887685
-226.9142433842023
-227.50608479976654
-227.82585166295368
-227.57637337843576
-224.88462599118552
-224.7673846801122
-224.040247074763
-227.16013283729552
-225.42257872422536
-225.61763722101847
-224.32333354949952
-226.67261517047882
-225.64153068860372
-227.46598584254582
-227.37054267724355
-226.16012477874756
-224.9916445016861
-226.24212976296744
-227.91181521415712
-228.43191723426182
-227.77549204826354
-226.4696277856827
-226.71047932306925
-227.07559118668237
-227.41808104515076
-225.92228928407033
-229.4154376188914
-231.04753456115722
-230.4600690205892
-229.52782113552092
-228.69336268901824
-228.42180386781692
-229.96990943749745
-228.55578151543935
-227.3530162334442
-226.7481653769811
-227.56583170096079
-228.3626080910365
-227.37061994870504
-227.59411911964418
-228.65260856151582
-229.1024303515752
-230.0824408372243
-229.3080854177475
-230.48233602046966
-230.0154883225759
-227.24174127578735
-229.27124356826147
-229.3380078434944
-227.16818712552387
-227.73031091690063
-227.8307362675667
-229.67656578222912
-226.12369282245635
-225.18676331043244
-227.79561308224996
-227.65399526755016
-229.2905656417211
-228.96516218185425
-229.7559375445048
-229.2809566338857
-229.8084756731987
-229.01963622172673
-228.97684924999874
-229.34815018971761
-229.37806057929993
-230.80824585755667
-228.70789030392964
-229.51253387928008
-228.7507532119751
-229.84031894207
-228.3353786945343
-228.72655013799667
-229.28134084542592
-229.27401858965555
-229.85974789063135
-228.76585100889207
-226.2204628388087
-228.93044482072193
-229.80651125907897
-229.94321798483531
-230.40399740139642
-230.16750542322794
-231.8912544409434
-230.80480512777964
-230.481009777387
-229.91631088256835
-229.37156276702882
-226.63251457214355
-228.5995658437411
-230.60831234455108
-229.34523055553436
-229.2379877368609
-229.4202599287033
-229.86073231697083
-229.65139443476994
-230.06669154961904
-229.3051691452662
-231.18589486281078
-229.260262576739
-230.2442912022273
-229.51090379953385
-229.97855201562245
-229.72233951886494
-229.86196244557698
-228.94842791557312
-230.12564287185668
-229.38304030895233
-230.0428631623586
-230.0461699128151
-230.7352730989456
-231.0497436761856
-231.17414485613506
-229.86968401273091
-229.33845006227494
-227.86147600015005
-228.05641025702158
-227.52511626879374
-227.87014561494192
-227.78263126214344
-228.55805010795592
-228.73600063323974
-228.97590326865514
-228.71874266068141
-227.93184443712235
-228.55100339651108
-229.29670866330466
-231.4151424407959
-230.8936104933421
-230.41356918414434
-231.67971306641897
-231.51838747660318
-231.67197315692903
-231.5020401318868
-232.87079028288522
-232.79831677277883
-232.4011510014534
-230.63651060263317
-232.34813203811646
-231.601429883639
-230.70670516888302
-231.0962508757909
-230.81221241950988
-231.68285618225732
-233.1295328895251
-233.99829060236613
-233.3683494369189
-233.5608182112376
-234.08730766773223
-234.30643288294473
-234.81235201358794
-235.2194831609726
-234.0806454062462
-233.5578716993332
-234.00541427135468
-233.16390879948935
-233.39871848424275
-233.43272190888723
-233.21433848539988
-233.06519323984782
-232.96987318992615
-233.73945191701253
