58.362900722129595
23.085328860786454
11.779170518419866
4.776462714476832
0.8044509014178967
-3.769223318017762
-6.488672539591789
-8.910848369372301
-10.85272630689473
-12.797893580691568
-14.700571646464281
-14.988014427752331
-17.165367752313614
-17.40021685279649
-18.739740567988363
-18.618607475839813
-19.481891869470992
-19.80890665794241
-21.044355774747913
-21.39856264406237
-22.512941625611536
-23.06888137706395
-23.332605188262875
-23.59731522613558
-24.297797986145678
-24.607368809395822
-24.813769285021156
-25.616908892475326
-25.166826151568316
-26.18878555400618
-25.33926124511094
-26.56575335202546
-26.72847183819475
-26.492734338702828
-26.966533661916337
-27.73447359635912
-27.20336098712066
-27.731428811262393
-27.541211132345527
-27.76725703066793
-28.176630695318355
-28.656319491822146
-28.6863167871689
-29.279907158736524
-29.270375698804855
-28.75115240339575
-29.33638592629597
-29.72010959427932
-30.1307062681379
-29.842856535623813
-30.228700569991407
-30.234344002501718
-31.2910865997446
-30.36496088628111
-30.792367132573293
-31.363125403379573
-30.73753370498789
-31.630955540928348
-31.629477507081525
-31.380362676135427
-31.300866308911093
-31.44432091815718
-32.066116799568306
-32.10944080969383
-32.9123325573987
-32.28343111379393
-32.566043997633045
-32.86756127661672
-32.967657151921046
-33.17583076604481
-32.863283376241554
-33.23507035600728
-32.977969378232956
-33.34418684038623
-33.39211533090164
-33.150373386925665
-33.366553636460466
-33.237599339978445
-33.20298949089543
-33.57598073112553
-34.46191427830992
-33.61257532033427
-33.15505775398221
-34.13889810956758
-34.03933419646888
-33.39108303394811
-34.70730163002836
-34.300830643752526
-34.836474161723565
-35.53584800095394
-34.58529226019465
-35.13095652646032
-35.12698450170714
-34.87329629474673
-34.8291022787834
-34.76126402513734
-34.32645881689828
-34.94673765630558
-34.21660296259255
-34.831601438851195
-35.27166569746774
-35.969665600308055
-34.912759624678515
-35.36991111780035
-36.38595341916742
-35.44344288110733
-35.53889168850307
-35.105699933808424
-35.58628010441517
-35.61373127328938
-36.410741941682225
-36.24962587603207
-36.12449226194415
-36.171571594887766
-35.80587851898424
-36.18695718255536
-37.019308750999386
-36.54928988834907
-36.54361077012687
-36.762730920109256
-35.9624429221811
-36.98001684710897
-36.44017849811192
-36.82491993287514
-36.755377156981105
-37.01131336031289
-37.327397617800486
-37.24117723826704
-36.86095013186849
-36.951338287057546
-36.56668591807629
-36.61861680191139
-37.40496100639475
-37.385980123075946
-37.3748182859914
-37.44854279633226
-37.18133479459532
-37.6507487482038
-38.16907292296146
-37.78226191833102
-37.25930343414175
-37.779211940436525
-37.59983268174632
-37.73211902482756
-37.905640621637474
-38.11058564741036
-38.01605627043494
-37.77316329705304
-37.7789073339824
-37.840465858064846
-37.8090526225238
-37.519349805239976
-37.63811369086134
-37.42103523735342
-37.879483211657096
-37.877136906673165
-38.16275699385281
-38.18282371348348
-38.77919951697876
-38.024982203697334
-38.4667853456119
-38.82343571144959
-38.53819387534569
-37.935733086076276
-37.984638431976585
-38.02542341783129
-37.967516124248505
-38.78220346158948
-39.30669889881693
-38.91780633659199
-38.46119799593399
-39.26176003957617
-39.353854778511774
-38.96374699678914
-38.859179466962814
-38.833852671343706
-38.66597375170938
-38.789988372860286
-39.21510296443413
-38.84205456746036
-38.78308005990653
-38.924580515458665
-38.91323196065837
-39.09109641868493
-38.91996286552528
-38.25847073259025
-38.93284023938508
-38.88420631864975
-39.37246580987141
-39.72855378224932
-39.00591624399711
-39.59875755782785
-39.44260292423183
-39.19477995510759
-39.023358013095525
-39.55096521151477
-39.572507972347324
-39.50017130477675
-39.958554011994394
-39.67803173024079
