170.96158562857528
131.82612070544013
122.24657089751342
113.30243309407399
110.17609736015056
103.11143089985025
101.69963004671294
98.18076091388176
96.33486380248235
93.20276842651695
93.21433599652916
90.16776485073156
89.75114187289928
87.5582754735289
87.41976566972404
88.11888130779924
87.87821173667908
84.99872484289367
84.79954395623042
85.10669559856942
85.44830023831335
85.04708080456174
83.91484996573678
83.50927069680444
82.00977207463363
81.18730924047273
81.287397066067
81.02253502607346
80.09642128697757
80.96066484780147
80.09841144495996
79.80301413453859
78.35708119334846
78.79854243582693
79.33363284735844
77.94527934543018
77.51936192553619
78.10414736024265
76.71546039499086
76.7596302361324
78.06813692224436
76.86303379001289
76.9446293814429
76.93061312313738
75.60076920739536
76.46665713704866
76.50868556828334
75.72736108714136
74.80468167518747
76.41681293166917
74.85670888629453
74.17426737834667
75.92469226697395
74.45822902794542
74.72060610919164
74.44746915636391
75.773590862751
73.9785367908149
72.5080483822987
73.0447619454614
73.04509703660834
73.84150092355137
74.0915945747803
74.72813243290474
73.80554634332657
73.37134851874977
71.7847524573063
73.4431354547369
72.63830880050001
71.7426496435856
71.01779529349557
71.4964526110682
72.02460517965514
72.55659339756801
72.74500818704736
71.22497861960838
70.475671276964
71.14178150686725
70.89615485174903
70.93434789674035
71.53709368048042
70.33165413346784
71.13006870705506
70.60975410198343
70.573959171772
69.6971005221893
70.00810588022759
69.36706287285378
69.00119784371606
69.03706824573977
69.99525284356085
69.90877476642872
70.12031870874866
68.75719874480674
68.34715893556331
69.30493595887874
69.69070700530348
68.85372856156579
68.35268230890405
68.060932586933
67.81410854849322
68.24004859965423
68.60177768509963
69.9612467987784
68.00401871779869
68.61223562627004
69.04912905446415
67.88525005866741
68.44207106170983
68.01574100708139
67.45845902788228
67.53611725157705
67.31294925048434
66.5038302150266
67.05003266293427
67.32179677897486
67.28067072506609
67.60677420681921
67.44729871174385
66.37475352246186
67.14005229390901
67.12449554944861
66.33174333490174
67.21902661076908
66.3214930665904
66.88659212301518
67.23160851412806
66.20287511266511
67.65636366400226
65.18902381124168
65.3259246431548
66.26075766620964
65.74842745476755
65.55012564823545
64.44860105678953
65.83581299822906
64.69601758184105
64.81231569010636
64.67667561975018
65.53125193406795
64.66141294199845
65.25714018427092
65.27299780475683
64.88866567200628
64.3317968557621
65.83601148375149
64.55650992640133
64.95727959994612
64.89567083325879
64.99411577397379
64.91388790771879
63.18159093939025
65.23860320346108
64.02608903112083
63.795647148428294
64.16177500321947
63.601238267175084
63.34704311346186
63.6462967806849
64.46617969151201
63.173016529658746
64.69239805690174
65.07465964761273
64.12002429057812
63.27968648178824
62.90400956416952
62.84117551096554
63.20424454171082
62.80684100759441
63.2255568093267
64.22075275100511
63.34625307239335
62.16166063012748
63.843631347705575
63.648486850590544
63.39482273932161
62.43700774168146
62.556782294963966
64.08172144355446
62.26807262568638
62.274825042691724
61.99328759209863
62.6486293714622
62.02483919982252
62.13965277425174
61.56153503985241
62.72828689114801
62.45031041317973
63.262359499931335
63.508649445813276
62.44871095131184
62.011570180284565
62.24017084055934
62.80106032100217
62.25006268353298
61.1580658061751
62.146489231750884
62.70153585384632
61.190869516339795
61.38320672923121
