-28.554819022273197
-46.2406194621119
-48.53416831534484
-50.07882034573062
-52.066333753281626
-53.08305968395595
-53.94921170226459
-54.17917088599041
-54.458696883300256
-54.65993904861911
-54.419620419370716
-54.68697402806118
-54.61713120033001
-54.85905407317753
-55.07371747802044
-55.370501037301686
-55.3640773727976
-55.798654696037026
-56.12663237801914
-55.893096502484944
-55.60236727985843
-56.357526673325175
-56.42637433265818
-56.27148678590511
-56.71533919613937
-56.97881439636494
-57.00396976183201
-57.55565371801113
-57.75905300830973
-58.08495217664488
-57.99886317705286
-57.7997659321489
-57.9909937607831
-58.24956159858868
-58.161777229144654
-58.09685061615089
-58.29610641763128
-58.4350423360693
-58.656589531692966
-58.664140039476855
-58.72651666402817
-59.01502967908465
-59.131171483418036
-59.067426915826466
-59.13121662879812
-59.237312966379626
-59.31854105612327
-59.58028122679941
-59.60611191083645
-59.5991010316487
-59.893250123180195
-60.427141571867054
-60.41964673379372
-60.517459831361116
-60.50967939043867
-60.70742236026402
-60.776053517029204
-60.979454009697356
-60.97611184469585
-61.00114203938122
-60.96816762254156
-60.88852410480894
-60.90271282504345
-61.05435274695528
-60.88294718594387
-60.90265287921346
-61.422303215183064
-61.353121847941956
-61.51296858951963
-61.639597623512664
-61.65946478576496
-61.53240491192916
-61.698150943065514
-61.98490912852616
-61.84686053004758
-61.989899402034695
-62.05485124629119
-62.18054010744753
-61.82483669704404
-62.075824633754536
-61.92639042385693
-62.02470212763753
-62.280532448456206
-62.192359714672484
-62.180736921984575
-62.053168463295904
-62.211378913501214
-62.260876719293925
-62.3625303054678
-62.15756940636142
-62.30233989912888
-62.46099452828539
-62.48516453031836
-62.54783690386805
-62.50908096288813
-62.497544428397866
-62.49223193217968
-62.478286315654884
-62.50314075063015
-62.56824729360383
-62.612990377278166
-62.6953594098831
-62.86088492541477
-62.749933896393614
-62.70620953009046
-62.6912635749784
-62.78815478703071
-62.81004002382015
-62.93133306297763
-62.90817856994168
-62.93085178321805
-62.83760795099982
-63.036358060507936
-62.93586186088365
-62.987462709689964
-62.9569545717075
-63.052600595457804
-63.04806443226749
-63.12914534272819
-63.16677053735174
-63.05609768629074
-63.1227176908789
-63.02543053236501
-63.17584352041113
-63.21638871472457
-63.15144285765187
-63.09452565476812
-63.1660380312081
-63.27997698043955
-63.179837017223754
-63.13597252142841
-63.130163542155564
-63.21283237379173
-63.25405748548179
-63.13543554626662
-63.130168035112575
-63.31445366966313
-63.28411297551517
-63.29590821266174
-63.331049393990945
-63.32864427463762
-63.38498070116701
-63.356886134065434
-63.238020245371196
-63.144912866682844
-63.16027758142044
-63.28528843254879
-63.369713912750115
-63.33181117012583
-63.34563218211306
-63.341264184178975
-63.328965986597126
-63.27289240832987
-63.28556464458334
-63.30445548994788
-63.27117475250672
-63.2902070736063
-63.28036743196948
-63.2170908553847
-63.29964819550514
-63.37760261112246
-63.423044630165755
-63.433776277920295
-63.3711778973711
-63.3735453137036
-63.34841445396687
-63.2716517489532
-63.37282838698091
-63.315969703526335
-63.379826866347216
-63.37825001622068
-63.45042068588322
-63.492761761977754
-63.38544573763321
-63.37762170207912
-63.407341009583966
-63.185925031530445
-63.28641187939151
-63.32744912032423
-63.33892513349139
-63.35050873920835
-63.4141508936882
-63.32340500478087
-63.30598189193627
-63.37308557691245
-63.34047245773776
-63.398102315335436
-63.377291141912856
-63.36784656191694
-63.4296397607902
-63.39278697042629
-63.36903267893298
-63.392171426066035
-63.287335880871474
-63.289308023863825
-63.23871450383088
-63.31257897204366
-63.2929889888599
-63.173774262954446
-63.2095944675906
