227.2002109249433
186.54403049151102
173.3796744942665
159.70327379703522
160.84718840122224
170.4900219599406
154.39469371239343
159.16709184646606
149.68673981428145
146.28450862963993
141.5727921962738
145.9657296260198
143.9506068944931
141.25640723307927
148.42364242076874
140.46752318143845
146.27299238642055
145.03344365358353
143.9465620279312
140.86638167301814
143.45403791268666
132.53820181290308
148.68844468593596
147.05646888415018
136.38980219364166
143.14952912727992
150.40206602811813
145.1235525091489
138.69490761756896
141.61406405766806
144.29748592376708
142.76360605955125
137.46051718393963
142.74081101814906
139.40169885953267
138.9173636118571
143.37384723424913
146.20297209819157
138.37304290135702
138.99861082633336
142.98131029804549
140.38305713733038
144.0142478386561
146.83238419294358
143.60021085739135
145.84589838981628
141.77394523819288
152.66687775850295
139.92063804070156
135.1917645831903
132.37932603756587
143.0744494398435
132.37388910452526
144.2301378409068
134.12008334795635
137.8078374127547
133.67512028018635
145.357279274861
141.87483812173207
129.24016169508297
141.38295703728994
130.60585291186968
138.04740000565846
143.94883333245915
128.5967227935791
142.4560374180476
129.8502141356468
143.32736199100813
137.45194788575174
129.60457702676456
136.50431729157765
137.97237848043443
138.6711401263873
134.07309956550597
143.55729477802913
127.39272880554199
133.88363081216812
126.67442173560461
124.54353483517964
142.5602743089199
134.55673021475474
144.8520083685716
141.92507849931718
141.66355311870575
142.9113939166069
128.83111878832182
136.82243487437566
128.38315381209057
128.34865990281105
145.5859882891178
139.57855110565822
134.24110240340232
130.39759981632233
130.4915057182312
129.3874578356743
134.88193941513697
133.7088189681371
131.26505837837854
132.046350278457
140.85483562548956
130.43329300880433
138.15886072913807
132.35251036087672
128.73503110806146
134.05989435513814
133.8178755780061
147.5089351971944
132.02289158503214
135.03564768632253
131.08018290599188
135.85734175841014
128.72685992717743
123.26771630644798
126.66882115602493
144.42461701234183
128.31067965626715
135.3951090614001
136.02276089986165
140.4474376519521
133.93890236616136
138.30749861399332
140.00331817468006
139.904884938399
132.52523729205132
137.16764195362728
146.24710564414661
137.1240779797236
135.7317357559999
134.90510222911834
137.63739964167277
130.1387727022171
126.86896260976792
145.839154479901
136.90494920810065
133.15961734056472
129.69469951987267
130.40674559672672
131.24644431670507
139.57235029538472
134.68057398398716
128.42849263747533
129.0561904191971
134.67343444824218
136.1968093196551
128.0028547525406
126.59387520352999
136.3827828804652
126.05308460394541
141.3625639518102
136.05907410780588
136.5917469739914
144.778970181942
134.89307447075845
129.2490299463272
131.4515244801839
142.75579767624538
127.62960156202317
139.36140261093774
137.0033122499784
133.37650730013848
138.0275686442852
141.93031091094016
134.43062358697256
140.18288149237634
132.30240719914437
131.6026465257009
127.17022361755372
130.58710599740346
133.53742175896963
142.51368466615676
133.1289827724298
134.03211481173832
127.51182716290155
126.59363075494767
123.75794925491014
128.6407697280248
147.3462891936302
129.63415187398593
125.09008041620254
144.45085125366847
124.17388511896134
126.29118032852809
121.81491742928823
140.0795591255029
126.30998440384865
115.6246673266093
129.1256801187992
138.78612989981968
142.64831452767055
141.12183621724446
135.37403424580893
131.44807809591293
137.5903795838356
130.09759531021118
128.68292156855264
128.92701736887295
134.64415618578593
130.8106824954351
126.19863901734352
132.4483062485854
