-48.06825845405973
-53.8326803507476
-56.26666156793463
-56.84046551276897
-57.11966352421662
-57.11870343109657
-57.053612933076664
-57.450463764626406
-57.78975388510474
-57.53136549324825
-57.60073712159847
-58.15360468831555
-57.8109333124654
-57.65350681954417
-57.737615996393664
-57.864212196448754
-57.94659591543263
-57.914618773707026
-58.05476608769647
-58.056220126563105
-57.93184131178363
-58.021400712687395
-57.86122559884499
-57.97053545610658
-58.05475041989622
-58.225010686907275
-58.194583300886485
-58.03879791909251
-58.544286757707596
-58.352173646976205
-58.312729248712806
-58.48284533208814
-58.81958128254989
-58.97522782971119
-58.67837065047231
-58.6191280134793
-58.77845105220531
-58.593365346563274
-59.11660408973694
-59.222194636690205
-58.938609650422784
-58.860546178858854
-58.54650691562686
-58.997873702953605
-58.82369470185247
-59.80394238850166
-59.42582156534853
-59.19857710805432
-59.24779086688469
-59.35263270345227
-59.4170961133365
-59.36076932734456
-59.370407347021434
-59.724549119842465
-59.454153938540095
-59.51927382370521
-59.783607203384925
-59.77200051217243
-59.93395903089951
-59.467992727098796
-60.331374215668646
-60.27650225779106
-60.23766968887428
-60.13623299475374
-59.82864697226162
-59.83828009202563
-60.04902975723661
-59.838671557862185
-59.84171261253028
-60.16051735343604
-60.06846811442539
-60.11290604698247
-59.82320781720096
-59.75005642298994
-59.60962327184348
-59.896075087374655
-60.38439090087496
-60.21950796554829
-59.963032888955084
-60.00142792997689
-60.236549924159874
-60.10527698747043
-59.8575959555034
-60.22149038725886
-60.26788222892531
-60.168104652700755
-60.10936816293618
-60.0777657854146
-60.18291435159486
-60.33243245914065
-60.269529112454116
-60.378592863165096
-60.32139873504639
-60.109965385034165
-60.35955482104729
-60.21066133729343
-60.18587591730315
-60.817907166892084
-60.63292480439976
-60.030916098890636
-60.10245910184137
-60.41434215882729
-60.18258281411796
-60.378820483026836
-60.06959770671253
-60.08338333409408
-60.46676523109962
-60.34777793493764
-60.218859620135404
-60.67268121448056
-60.602525927897155
-60.548619958861124
-60.57249896896297
-60.53784999148599
-60.43994214205906
-60.6692278487929
-60.53436572181767
-60.26718012628884
-60.64544381252651
-60.594022107535395
-60.24353958409408
-60.245752737439915
-60.15617253759812
-60.00583202674471
-60.16767156637948
-60.25619428424999
-60.212445467710495
-60.44238276522735
-60.553899982879905
-60.31183004070972
-60.63236921409081
-60.53546652300604
-60.459567372141215
-60.43260289677258
-60.581702548882056
-60.31628363913503
-60.529153177450446
-60.67140875499824
-60.57593361468151
-60.64483843795185
-60.664449679440466
-60.56341591169094
-60.66585685261364
-60.60495847669141
-60.44592212705776
-60.5010645081257
-60.51005180128689
-60.463965766388796
-60.63639823116105
-60.348353714778504
-60.34177610380896
-60.34786311922402
-60.45221389367663
-60.6156905344848
-60.5133211900448
-60.57266090245083
-60.791056153075445
-60.68134764556227
-60.6480609425183
-60.61711568256904
-60.49072109830791
-60.610599175609394
-60.79279729004564
-60.75377865187053
-60.820733495827376
-60.56129105646035
-60.642626365710946
-60.601146420528146
-60.59089071894514
-60.552429094396786
-60.583051093693435
-60.44402204094262
-60.516541931135905
-60.26833803283757
-60.16705276020642
-60.28799349686195
-60.5720965348441
-60.72523480756529
-60.52844531885509
-60.703245399327116
-60.46715458405429
-60.63260406666789
-60.56543890566662
-60.45246474907316
-60.757213103360144
-60.58239557928052
-60.636527849682444
-60.468705144421804
-60.36865362627753
-60.58278257887939
-60.6325722521749
-60.60086650683962
-60.57530778646469
-60.744858348164065
-60.743519840569334
-60.61707057212961
-60.49021614933836
-60.48054132379335
-60.38384346304269
-60.71324529524507
