14.13691514396462
9.122761471775071
7.77257451633441
6.914989278491201
6.477264335571692
6.095845949932419
5.6810660241492865
5.369103649438455
5.18195428249651
4.957078838142856
4.816254631070228
4.712785820251908
4.5695823555619555
4.48612615157818
4.347653796061359
4.30401178398009
4.2233769300168955
4.087789476945482
4.0081538656919165
3.9562072827127475
3.902273887447242
3.854246437421133
3.839844778822414
3.80611466924692
3.7195838743756555
3.695713239240235
3.7009720059818236
3.643629778433463
3.5941842489972196
3.608169361563592
3.561427652835846
3.5316718540571888
3.5391955308873078
3.4987842059084056
3.4387023617224446
3.498244983625823
3.376585640527051
3.392520277921496
3.416145070873458
3.3227960536063743
3.3595685258764645
3.3686374612794867
3.274534978229424
3.241328760788872
3.306647255888273
3.279551542010801
3.205062892930261
3.2145239421134364
3.1947841512617368
3.2025788133514337
3.1957772425536453
3.1776794142507274
3.1350550634208423
3.101404741149524
3.2527857892986
3.1797732800116827
3.1281447373972884
3.128961864152345
3.1103797536343336
3.0389949761587998
3.0791929524777264
3.073814194135625
3.0385734575061965
2.9907706658644924
3.068668737044108
3.039399813603738
3.0370931680603275
2.980247554272927
2.973691568163962
2.9862647659048953
3.01341129788037
2.9862464238600483
2.963347508668386
2.951024846077479
2.975815356420032
2.95117778806337
2.9491311111969165
2.930544723852955
2.903100959507042
2.922536131251475
2.876478685515708
2.8639109852755893
2.8688200538143
2.88025428740115
2.8669376812618355
2.846240018205396
2.856584602067697
2.846111155211412
2.802097936642581
2.8677700327645086
2.835601141226703
2.870014023164223
2.853089407471747
2.8314096049630435
2.8430147770920704
2.8435607939830114
2.806625855893924
2.8064025687374947
2.781543807030238
2.7791489896460853
2.78299273955154
2.774001701767075
2.763762851663191
2.7471246474005024
2.770154709510248
2.782009574488319
2.739384023023063
2.746605517149999
2.7917978046140792
2.758481662527754
2.731189462773759
2.715149019170424
2.757037748614776
2.708726141730259
2.745843888870601
2.7119319198717333
2.7049534879624844
2.7709558879763914
2.7129217066384594
2.730613719029673
2.697904519736767
2.7171472187699943
2.651937295714843
2.712480615952919
2.67020165811068
2.711806252406075
2.683322547067856
2.6656310861480645
2.6654642212750583
2.6681052666029026
2.678032900110401
2.6643976621201326
2.6394520978732356
2.645625057790814
2.622526443145912
2.6808885437404286
2.6455632746861926
2.658944091020987
2.683819035903133
2.609277314538586
2.675551261560156
2.6484853799358525
2.603588724316194
2.602832752954343
2.659474645709169
2.5996219501670064
2.5931886891866553
2.647475648029097
2.624372333416651
2.606628847019426
2.641418190030702
2.599523168892182
2.5661339272327464
2.574237608447157
2.5742532908916473
2.5469021840213704
2.5848705704998354
2.581027329353423
2.585616041231772
2.608585641944203
2.6197789381418763
2.5613958211294534
2.5809875105604014
2.577516156923154
2.54024772024874
2.56897628570682
2.581573926297755
2.531252307881569
2.506785472084222
2.5788496411566078
2.618151836932219
2.556505899940585
2.6084909223276993
2.524745139261258
2.564695455005457
2.5879054569221775
2.527989149543232
2.527442074284471
2.5366570461412956
2.534532347886727
2.5587400429207703
2.536193066244495
2.5108654084775983
2.554990315874075
2.5348318183216554
2.5071691226471087
2.4934721230689822
2.513364312849168
2.500194678532666
2.51152583841106
2.5407856596184186
2.5084487118854604
2.4894725031636913
2.494207195295342
2.5018963465659785
2.5269147322095673
2.57035548117911
2.474035982171009
2.46513936475947
2.5078599055394015
