-21.3962605646972
-24.66350475878551
-26.73114618761786
-29.98555666516567
-29.805635409108525
-29.19922654895947
-28.17665141718141
-27.420923018249972
-30.119583685850277
-29.813231659346613
-28.057097755629442
-27.208224985106238
-26.556199020352857
-27.051953260240882
-26.860624408927457
-27.288922826277798
-25.700749488740133
-26.248781748886767
-25.990673916093236
-26.568035299408024
-27.416727166751336
-26.955705819458796
-26.5671653490642
-26.371472445541414
-27.281103340716196
-26.44545242498661
-26.23170235341993
-26.50792146088748
-26.442151585015758
-25.7342297003187
-27.653305620982728
-26.278180872058048
-26.15728967097299
-26.08344555928789
-25.2510916426264
-25.98123551751005
-25.4349018592259
-25.083100458671307
-25.936808089757786
-25.973299273129168
-25.956883490085602
-25.502747934440087
-24.948117358931178
-25.940666790666253
-25.246808467240168
-25.07086551086656
-25.093421727932732
-25.952795792242576
-25.0326157345854
-24.80880107756319
-25.314437040481074
-26.550583033726134
-24.865634745564954
-25.554620053233773
-25.35613025108288
-25.43889932180273
-25.200911351319018
-26.227854346406872
-24.277799167509738
-24.669265448019424
-26.311896363722866
-25.92676008878083
-25.35598204773048
-24.630356019427037
-24.48578761261085
-25.38940119023981
-26.133794505020667
-25.74553443542842
-26.071425855673592
-25.940964481953916
-26.55944504922834
-25.88340991221625
-25.664032348271075
-25.475041404880326
-24.589533233437045
-25.541588998046414
-26.669393414567256
-25.170395498645718
-25.87159596897405
-25.3439760752793
-25.09986553572375
-26.306894802327815
-26.848534643650055
-25.095952552968058
-26.34556204799948
-26.780729174613953
-25.352761670433242
-24.952059270492917
-25.541419680262432
-26.894886551232172
-24.48461254917342
-24.941983549759307
-25.49368426923094
-25.01317175503435
-25.040230330722085
-24.95175756462689
-24.705403083357318
-25.774848960083105
-25.11864495688471
-24.9113090618931
-24.449389699718047
-25.716994960246414
-24.750412686117762
-25.19519157348008
-24.663718890013367
-25.377087341300374
-26.746079386308274
-25.37757771693427
-25.173026117785223
-25.366371168658652
-26.32050596537261
-26.02541574681627
-25.20740359199458
-25.197427012283228
-25.248002987997285
-25.784592013934564
-25.59863226167087
-25.125902602898663
-24.05379030108452
-26.57992205588982
-25.304873631432137
-25.102895901634774
-25.59019631712601
-24.9740433132854
-25.148544203104645
-25.430926967283774
-25.508188724517822
-25.120423373477212
-25.570456681580378
-25.54528073504053
-24.777355909347534
-26.17784922955365
-25.426436808602563
-24.909645134518886
-26.44772280084676
-25.484530872312085
-25.10542007458621
-25.528111336560084
-25.22725298178607
-26.009903106196173
-25.666737255351297
-26.50001399989786
-26.9339369083273
-26.449956301985114
-26.372417146789616
-26.497086068165714
-26.31441144593831
-26.20873598600256
-25.254933108029693
-27.24564326991295
-26.17562392456778
-26.03924913961312
-25.848399620631646
-25.43089055912248
-25.18381051924722
-25.832902947376514
-26.407591244783895
-26.129583090543747
-26.024755560118578
-25.907717013153537
-26.258301719509323
-25.84718857551443
-25.858949929475784
-26.095170132045087
-26.326647176310935
-26.146852663878736
-25.622388293003215
-25.638207165331675
-26.021306587190463
-24.802160999898252
-25.920583462920682
-25.703048338150158
-26.39970787999959
-25.214088606423346
-26.731810110396353
-25.6552188956532
-26.28050188360543
-26.454502060495575
-25.213832334711633
-25.248376341215497
-26.33146744144374
-25.728205404404935
-25.275923161157245
-25.541534943827266
-25.85616520766554
-25.797563215781903
-26.480963831317837
-26.041856410174535
-26.090250520870605
-25.58074186947839
-25.087279669683554
-26.127199790601072
-24.75759080874509
-25.375157368594202
-25.678738672671646
-26.348118610423185
-25.829879335802175
-25.67177514577734
-25.578708928720705
-24.93821161779864
