-23.758010946471117
-44.78252425481533
-48.45798524186529
-50.67574922791843
-52.11868292504344
-52.741081157635
-53.416976059305256
-54.73206632507259
-55.066897211403685
-55.42915588411792
-55.86713417131325
-56.57922751019741
-56.62678227753475
-56.740197689368806
-56.92440987660967
-56.96600688942547
-57.01347076276253
-56.994188725948334
-56.92709481921689
-56.61201246647999
-56.99864456468615
-57.07018688834947
-56.98923369111686
-56.90807939808944
-57.21870730252102
-57.269561958724054
-56.92160455831166
-57.13307536470479
-56.80516892877118
-57.05216198440256
-57.45392514097279
-57.450526071005854
-57.605616959004564
-57.41201913767848
-57.247276961803436
-57.37348960802473
-57.745573985165564
-57.42870133395853
-57.57036733421786
-57.65943194977169
-58.08175848784118
-58.4652230359357
-58.003778001357766
-58.36061142025323
-58.321378962746984
-58.66654043362058
-58.687979572805865
-58.99529996411554
-58.74776507246083
-58.97745129568823
-59.56946710985282
-59.80447807805292
-59.42455912869552
-60.070038104879444
-60.34483259813539
-60.36133112373023
-59.96508575205145
-59.98941525508617
-60.00474784497557
-60.15795041672115
-60.1488228584158
-60.6280762614875
-61.12660296312694
-61.25135360298486
-61.3190461520491
-61.13497441082165
-60.9905922392319
-61.23506390431832
-61.09274915580092
-61.392558576731844
-61.89103338636201
-61.732479327711566
-61.82708005966811
-61.8594508828788
-61.74485381307273
-61.60412725497936
-61.59571720813883
-61.48900102644131
-62.14626468666668
-61.955127250531625
-61.866095919033576
-61.68768589661039
-61.765877117370735
-62.30055971597803
-62.18529388925125
-62.073764849325705
-61.691637350567454
-61.59395524962195
-62.19450623619145
-61.87406857465876
-62.12598941346695
-62.32319248441992
-61.89540296587451
-61.595529650819714
-62.31568260233978
-62.27662087925549
-62.38684433904187
-62.74254116107677
-62.42022089711551
-62.227007536024885
-62.39450057107827
-62.15339044969657
-62.41378720978211
-62.2713828086853
-61.78425543986518
-62.30892852462571
-62.56249130388786
-62.17911919026539
-62.22743743246999
-62.47346457325179
-62.70928204059601
-62.82959279726292
-62.503751557448815
-62.07940648650301
-62.611315186681416
-62.58462371908385
-62.620189695522704
-62.62117240963311
-62.42291584816472
-62.17642797272781
-62.24134722865861
-62.20164682947356
-62.41133377778119
-62.386175256350946
-63.17708539346169
-62.41164094723504
-62.33292301358848
-62.37245041954106
-62.353217451736846
-62.91394997670733
-62.96291682843504
-62.893250845629595
-62.70440721614607
-62.71690155925422
-62.89292786141922
-63.062520272772886
-62.78330300183132
-62.625989521371906
-62.90337205549766
-62.80107666500683
-62.97440129210209
-62.83152304230065
-62.79623074778195
-62.832128362409
-62.76809651276161
-62.933993436139204
-62.808794728640855
-63.21814506834951
-63.14885841361408
-62.939263379779355
-62.63096589672154
-62.419041497954005
-63.11330976362886
-63.02112766175434
-63.06245829832965
-63.20107977349183
-62.824588401564235
-63.20373088738014
-63.11830506242555
-63.208801633325116
-63.19740477512623
-63.129442558206364
-62.88317744074197
-62.921637827980106
-63.176207581470756
-63.37418953920233
-63.14396363085714
-63.15434210978705
-62.94961395654185
-63.04604904918835
-63.149259396668135
-63.25281799456169
-63.02814040307341
-63.15555069467117
-63.20136658487649
-63.07566493133019
-62.81417391217988
-63.05673896444255
-63.035753969488475
-62.838292598724365
-63.331478706721605
-63.09641504390486
-63.35481106618355
-63.474437647852405
-63.41892019222523
-63.443268822184926
-63.46216288106195
-63.437025886157464
-63.23893399485226
-63.359244811123816
-63.401936137470706
-63.17095202824165
-62.8763108191819
-63.33145832809909
-63.266948934259084
-63.085811157678734
-63.32580755085781
-63.18224106266581
-63.346003430670706
-63.325782895088196
