-57.37479543487231
-157.8221245288849
-180.14305636088054
-188.2308179696401
-191.35685376326242
-192.86895573933919
-195.40388954480488
-196.41910897095997
-198.35946392218273
-198.1969352642695
-198.21637806892394
-197.38264973958334
-203.15906154314678
-203.6430204351743
-205.3264493147532
-206.69537682533263
-206.7416971762975
-207.33516189654668
-203.14856642484665
-205.82694185177485
-208.76049411296844
-209.79935037295024
-209.96477431853612
-212.46792232990265
-210.5155212243398
-212.5943738102913
-213.93396852811176
-213.1793488542239
-215.36462779839835
-216.54021976391473
-217.65741033554076
-219.42442928949993
-220.83111337820688
-220.29779958724976
-221.0865373134613
-221.4453653852145
-223.04932885964712
-222.4609988252322
-222.92380587259927
-224.0063108444214
-225.20134416818618
-224.81025958061218
-224.9442628781001
-225.07057426373163
-226.03122636874517
-227.85539031028748
-228.66360145012538
-228.02967794736227
-226.46731344064077
-227.3322861512502
-227.5277986764908
-228.21436688105265
-228.21619740724563
-225.3948358019193
-226.2955945253372
-226.86267631053926
-227.62523289124172
-227.71973705291748
-226.5897298693657
-229.56295099258423
-228.22759250799814
-226.97072329123816
-230.59952641328175
-230.1979743162791
-231.8658615430196
-232.08954966862996
-231.3258139371872
-231.72750900586445
-231.65870410601298
-233.20648652712504
-233.56417949994406
-233.1718547821045
-233.24657071431477
-232.70436326265335
-234.1086311499278
-233.46089860200883
-233.6421806057294
-234.41225133736927
-234.9178531130155
-235.08202026685078
-235.6870000441869
-234.61077382564545
-234.70756340821583
-235.24712069034575
-235.4888680934906
-236.48874388535816
-236.7311581691106
-236.9017238299052
-237.97351910273235
-237.95060783227285
-238.07332935333253
-238.16883533795675
-237.39808784325916
-237.2819803714752
-237.46300777196885
-237.81386252641678
-237.51194146474202
-237.79034982522327
-237.9041938940684
-237.42087218761444
-237.70712575117747
-237.81722316741943
-238.31754349867504
-237.8101273059845
-238.32915399869282
-238.39867836634318
-238.9158117691676
-239.5265365123749
-239.21141877969106
-238.77347733577093
-238.23098721504212
-238.03811175028483
-238.95303815205892
-239.36538376808167
-239.45347363154093
-239.33849773406982
-239.4116862853368
-239.77556267579396
-239.9799511830012
-240.32135305404663
-240.32722081343334
-240.3776849945386
-240.35935723781586
-240.24108192125956
-240.44983337720234
-240.44284953276318
-240.117706990242
-239.84231656392416
-239.90307761828106
-239.95164941151936
-239.99493118127188
-239.54742419322332
-239.49172204732895
-239.88925109704334
-239.97036782105764
-240.7351774295171
-240.5467964251836
-240.38344857692718
-240.6465010444323
-240.3905872742335
-241.05287092526754
-241.15184702475867
-240.86560311317444
-241.18380456765493
-241.18935454686482
-240.9228098710378
-240.31564046939215
-239.9590128660202
-240.6670544107755
-240.42359116872152
-240.0667057355245
-240.25361869335174
-240.12072388331094
-239.7055668036143
-239.89994091590245
-240.37300944328308
-240.71482042074203
-241.455055920283
-241.64743241469066
-241.9726768652598
-242.03868077596027
-241.7595577955246
-241.45303280353545
-241.07872502009073
-240.6285567522049
-241.07160733540852
-241.04005874792736
-240.98859062194825
-241.16645142237346
-241.41038835843403
-241.4613907535871
-241.59305143753687
-241.62699913581213
-240.8863316933314
-241.21526923974355
-241.1945919752121
-241.13816114664078
-241.50333842436473
-241.72664340337118
-241.9088947971662
-242.0672407190005
-242.21403150955837
-242.14229196310043
-241.65260968605676
-241.58172275225323
-241.7298596739769
-241.95766020615895
-241.97928093274433
-241.46814563274384
-241.18979892730712
-241.70867383877436
-242.04630824724833
-242.12421188354492
-241.89427280426025
-241.9760363260905
-241.50425346692404
-241.49381716251372
-241.7029771208763
-241.898513062795
-241.84636683861416
