31.153423957783602
10.134849629268563
1.6470928002020409
-3.925276454152732
-7.815423066759932
-10.460559680030263
-12.737678523721366
-15.12084051761134
-16.4879787584831
-18.415493723647348
-19.597045858358516
-21.062474239489127
-22.472805744615094
-21.9706877804008
-22.602116960903693
-23.156675455899073
-24.121184962576834
-24.687816294102834
-24.765036850140014
-26.52321060669833
-26.04629903106854
-27.637779656155356
-27.048659249626358
-27.80588497889453
-27.967453707908764
-29.289155285933923
-29.046039999559007
-29.112766145632186
-30.90616761610426
-30.109955998330282
-31.24210796479521
-31.37724687724278
-30.750376221434824
-31.88354565871173
-31.59041900984172
-32.37067949463581
-32.378249998750356
-32.410442204310975
-32.91300249613565
-32.63088630191211
-33.754258329498356
-34.457423757890176
-34.471569492899135
-33.779211382413735
-35.07184601652211
-33.94869948152838
-34.47980286232357
-35.063733612668926
-35.39098913299626
-35.012755180227344
-35.70701258860785
-35.95051172375679
-36.05058543640992
-36.02713911903316
-36.5395276433435
-36.26991690232836
-37.20336463122532
-36.187184933958385
-36.367488106776925
-37.14812553956591
-37.010007484205836
-36.423395105477034
-37.78916264196922
-36.35195781855747
-37.286152556024746
-37.78809683487333
-37.45046692367258
-38.01364879772581
-38.31021267997807
-36.987100291868735
-38.361650245970694
-38.14691188006565
-38.49966424909131
-39.179388722469064
-38.70057855392324
-38.53760684769729
-39.380814434125504
-39.253111627595175
-38.9812997322658
-38.467218462763164
-38.86409997220697
-39.0988276713881
-38.94651806662823
-40.249102109465106
-39.29269779858918
-40.07819792731055
-39.717159080094305
-39.620731387672755
-40.16147406039567
-40.57706348135554
-40.24404444879499
-41.17772033296782
-41.52975192254987
-40.90036441950962
-40.571585314027196
-40.980108855099516
-40.999968247167
-40.552686379901296
-40.56373392919014
-40.98411254327873
-41.162703535680116
-41.39239792782685
-41.40585631851492
-41.503180501789885
-42.16495222469856
-41.32893106855195
-41.3007509451488
-41.43561269291516
-41.69402264726573
-41.869561433792114
-41.630557363403256
-42.0612058803953
-41.71741779405495
-41.547129953729694
-42.23775247150454
-42.71082212390571
-42.14185570437333
-42.98491977309359
-42.72388952867738
-42.389864811609534
-42.75504284583289
-42.5980531439699
-42.87430183229775
-43.38859905456675
-42.81512231251289
-42.95798844407345
-42.90679424281778
-43.08753780455425
-43.042996230824244
-43.64221999049187
-43.53811554251046
-42.94823965224727
-42.700668592905174
-43.17022235331864
-43.21478708653614
-43.36952378009928
-43.59371746614062
-43.89583158493042
-43.648651877353934
-43.96837261627461
-43.26010001116786
-44.40006973003519
-43.43987216415076
-44.072575905199706
-43.88466926484272
-43.54337480561487
-43.99628999109926
-44.11091528473229
-44.39238961092357
-44.55909233257688
-44.420925233898494
-43.10891476376303
-44.72417194062266
-44.466486698594586
-45.177274999947386
-45.04805680698362
-44.55014793009594
-44.15205097198486
-44.90638636823358
-44.118960840948695
-45.07443607264552
-45.28246562028753
-43.99188519346303
-44.916543203181234
-44.858543463822066
-44.749129689972975
-45.28615900257538
-44.60316855331947
-44.55690874313486
-44.60761279587088
-45.58705383744733
-45.12674272882527
-45.04029967250495
-45.69716423749924
-45.25869965347751
-44.838286124426745
-44.60795484945692
-45.53027742278987
-45.55827603977302
-45.56746560335159
-45.49582649202183
-45.806743099771694
-45.0257693436639
-46.16948260623833
-45.197714898093
-45.54070256290765
-45.114143045811815
-45.19147663794715
-45.89559199686708
-46.17350561968212
-45.85753655330888
-45.75214368104935
-45.83370351380315
-45.71952011050849
-45.62923836502536
-46.167738997730716
-45.74859533227723
-46.06328707727893
-46.26454363609182
-45.67288119422978
