-54.693978291133355
-59.49512692772109
-59.226486034434416
-59.9848939488674
-60.53340275225968
-61.03574135796777
-61.23755528597996
-61.38319253510442
-60.70992742941297
-61.77663090619548
-60.861737781557544
-61.38909593532826
-61.310376741762816
-60.985826621795525
-61.41640477139374
-61.41588724276115
-61.62103428100718
-61.66771641168101
-62.030223756000915
-61.805589238117484
-62.382988193939475
-62.56146881806439
-62.123313746575654
-62.23016502528355
-61.67995322470007
-62.12701687730592
-62.04416791529491
-61.64475431832774
-61.99768194659003
-62.24356748728916
-62.01786901621983
-62.335737491476124
-61.954750391943705
-62.19360991079232
-62.339307349303674
-61.82527162802631
-61.94919523493997
-62.30489139310245
-62.52868697561067
-62.271793581288435
-62.07013959000851
-62.43922423083207
-62.16426667571068
-62.07856965476069
-62.48599617440125
-62.31916130925047
-62.34880267957161
-62.4108225045533
-62.19712846032505
-62.12513984996697
-62.49445424203215
-62.11809969873264
-62.643601298332214
-62.76905071324315
-62.58018271368125
-62.48474923598355
-62.53711682763593
-62.53455361621133
-62.53709293233937
-62.64423869807145
-62.473636082534135
-62.432947327350746
-62.72315693004378
-62.66945958959645
-62.47090475312595
-62.64352754272264
-62.648713794247854
-62.45890363331499
-62.242224826894955
-62.18571585314027
-62.37072528539033
-62.250270288566064
-62.323864815563994
-62.465745675152746
-62.12393144184146
-62.33755891898583
-62.44820691285462
-62.51532384444927
-62.72064997718252
-62.6305511583542
-62.78607455718106
-62.55778861148604
-62.53968553399218
-62.651058595756005
-62.5277329190024
-62.60681831014568
-62.521182149648666
-62.72370824320563
-62.75010077912232
-62.78267502784729
-62.64177100103477
-62.740306439070864
-62.7642961247214
-62.66584395540172
-62.649900803278236
-62.8175201313249
-62.858745377639245
-62.86034712503697
-62.83896515698269
-62.78990110857733
-62.79337593193712
-62.694027606783244
-62.69878466273176
-62.80566038653768
-62.548835810916174
-62.41946074469336
-62.343727683198864
-62.45265304220134
-62.46573535841087
-62.1349969588477
-62.65338261990711
-62.58139815823785
-62.382939534968344
-62.27968505538743
-62.83129009193387
-62.78650309710667
-62.819085892932165
-62.76208794322507
-62.812759489848695
-63.00178934787882
-62.977972867160005
-63.02772082028718
-62.994603484869
-62.99252934908045
-62.946533517590886
-63.00104447685439
-62.84231474687313
-62.6479055490987
-62.76980635112729
-62.64641747700757
-62.577014096852004
-62.67080605749426
-62.70787537714531
-62.83448007600061
-62.87483161687851
-62.7646036826331
-62.80858996099439
-62.808217155522314
-62.778230295099064
-62.6657712038221
-62.60844067972282
-62.67199680722993
-62.658763464154866
-62.620737028533014
-62.73543964583298
-62.71277849735885
-62.63774353162996
-62.65708121760138
-62.64469748529895
-62.763831065646535
-62.897621309962766
-62.65169291249637
-62.404137326725596
-62.21004550826961
-62.516480661671736
-62.60325493894774
-62.7122942414777
-62.77268766843039
-62.76431929243022
-62.8127288828636
-62.724008060734846
-62.78296698270173
-62.69991814679113
-62.69899387606259
-62.578815863050266
-62.7286674575559
-62.67284979080332
-62.682092785835266
-62.64218790777798
-62.18837355539716
-62.185407990011676
-62.406558837356236
-62.25093667466065
-62.30850157449986
-62.48725536568411
-62.50472846318935
-62.52368400425747
-62.372024832100706
-62.34391604415302
-62.19500915757541
-62.14325612064066
-62.02717148435527
-61.9352141608452
-61.88065486529778
-62.03139348996097
-61.96355164667656
-61.960327543061354
-61.84814746626492
-61.98034732814493
-62.42587620225446
-62.39639427333042
-62.12276303562625
-62.04990620654205
-62.2508142981036
-62.34766133283747
-61.80318715243504
-62.05992248551599
-62.05133014917374
-62.02238109605066
-61.58194524255292
