115.13157877634312
85.90183674878088
77.69789482396224
71.70096691723528
68.68237540434147
64.77307049981479
62.88851624727249
60.834338952755104
59.72758220598615
58.85068830744974
57.471188654159675
56.66126559109524
56.00494831183861
54.91465536479292
54.466803902182086
53.69556223729561
53.25446649460957
52.178847704468104
52.1762331323377
51.527907562666925
51.46582861193295
51.189500818992485
50.305449344988524
50.28464793131269
49.964271556714486
49.50619472100817
49.60100174155728
49.198191254303374
48.71885408615244
48.5807947588378
48.4725352803181
48.2493764028467
47.87863203574871
47.97113447764824
47.17014328570202
46.94194810452132
46.79453190955623
46.96225472565355
46.786175479148994
46.80974839987426
46.04201664595768
46.7245450245923
46.42640711315747
45.529093476205034
46.24206864011699
46.11352978287072
45.366001268913
45.5923184670251
45.45743318878371
45.43616932425006
45.15150399968542
45.04472019138007
45.016361679496434
45.332352378245055
44.592172073906866
44.93090950003986
44.845809593282894
44.51031525484447
44.19079260476704
44.44720801813849
43.48516584984188
43.373692255595635
43.262218407515824
43.93653667384181
43.55008191692418
43.48890746153634
43.580109739098056
43.33912584391133
43.0814171885622
43.19031886191204
42.870161576517695
43.131769433103756
43.188620004160654
42.535923421382904
42.89302078300509
42.471367162877115
42.60280394965205
42.62758110309469
42.44308016217988
42.48530451182661
42.36911153587802
42.24013639832365
42.49596120468502
42.306818616801294
42.36396646088567
42.30820547301194
42.17360292734771
41.87454445403198
42.110089857002784
41.72194171157376
41.80639514429816
41.40157026874608
41.23788942756324
41.81233045972627
41.64586757791454
41.2434805498041
40.88158437095839
40.98170953166896
41.65095433284496
41.51109102162822
41.007190272725865
41.106247444605
41.31797462393497
41.16108558301268
40.99486272807779
40.91127734040392
40.607611501011355
40.76295476021438
40.77136598064982
40.97930566195784
40.43453150473792
40.4918774571912
40.64185313109694
40.56299076717475
40.55754179276269
40.502311217373816
40.67899134857901
40.47758678732247
40.551747287141865
40.494931161403656
39.94799049866611
40.73288771407358
40.164369331351644
40.43582335833845
39.94715420644859
40.16919844212203
39.81091452878097
39.77241076991476
39.72879819212289
39.69148044750608
39.84834835652647
39.66749601528562
39.83729711483265
40.093890440875086
39.87815400649761
39.51615470031212
39.61489147872761
39.112475682949196
39.94386973257723
39.519814759492874
39.43528596594416
39.13065549834021
39.12535203119804
39.32310053192336
39.40377490582137
39.12162458588337
39.3964905512744
39.778106052300025
39.375028235131296
39.074323899787046
39.747695099690866
39.01950954363264
38.89778994589016
39.09119201425848
39.1498518760862
38.82786562524993
38.68667816190884
39.05073026542006
39.05626025898703
38.61742459905559
38.76133452818311
38.82603501759726
38.73425786145802
38.68446829915047
38.6698766751536
38.54848864366268
38.25906769571633
38.326053498120146
38.568386273137456
38.714936365341316
38.505456115665105
38.38943843492146
38.43358198835932
38.47534638951565
38.717842328137365
38.51064093976185
38.12084845222276
38.312043953558494
38.106883504267394
38.200027434990325
38.48040625452995
38.66635037598939
38.45698078130854
37.957405012229394
38.1028423679286
37.95571925825086
38.170241927278454
37.85562691709091
37.98265345034928
37.53193792186934
38.21651184147802
38.1772480021263
37.72413144851553
37.80552240075736
37.87195051538533
38.103784567323224
37.88265220563987
37.62027223254072
37.6386236753957
37.76938536249358
