-40.93229638348366
-52.555043397278624
-54.0764599534972
-55.026437917660026
-54.867488972071946
-55.31821551816217
-55.25763607127913
-55.376284704126164
-55.255332681639445
-55.61807000020455
-55.60921174698863
-56.189031690359116
-56.22809736276495
-56.25695099090708
-55.56099655813184
-56.116593889121354
-56.507000127743034
-56.66654360294342
-56.47204500025716
-56.58163118465193
-56.91939217674321
-56.94816296984409
-57.095572141737776
-57.10840596310024
-57.26687491762227
-57.155364328417285
-57.22566375650209
-57.037787649138224
-57.111617339068445
-57.338192767110364
-57.488553742910256
-57.725137581085335
-57.93558799398357
-57.94672484233462
-58.294957997470064
-57.991607501589016
-58.19288148962218
-58.046160523233745
-58.08823913541333
-58.156446917303676
-58.16684573683246
-58.25896580876975
-58.45502312532787
-58.68814190091758
-59.150871869818914
-59.147677775087026
-58.77942531787116
-59.06684250769944
-59.10856193098529
-59.355194787526955
-59.42273037392518
-59.68565528454452
-59.60989019171945
-59.46877726809732
-59.55505563061813
-59.69630557401427
-59.96571869685732
-60.07334216812561
-59.99332480492263
-60.042956360455214
-60.404881647948564
-60.28630245554036
-60.33654898816142
-60.54389233013679
-60.15008323357023
-60.582168570880235
-61.0163772979687
-60.60044467654721
-60.90087022555286
-60.82871155081124
-60.530784496973304
-60.6959966369744
-61.12596007256672
-60.93727630685116
-61.184341471770715
-61.33422187690077
-61.37792122261278
-61.387341067708775
-61.5522058935001
-61.64780876143225
-61.597444776831004
-61.48777641099075
-61.583629544438985
-61.46651852953023
-61.54414922204511
-61.48687678575516
-61.51375014206459
-61.553214297212406
-61.38058638161626
-61.44665105692272
-61.369578493052515
-61.4967345862553
-61.49051257454116
-61.65372548843252
-61.59574624793283
-61.40879444315516
-61.19665686529258
-61.20481428401224
-61.25281488381583
-61.421495003946895
-61.25424011000271
-61.14451485769502
-61.261624291025356
-61.38332677915179
-61.43057233917302
-61.60378779625071
-61.40354173964467
-61.716796034368976
-61.6589919071773
-61.72886309541505
-61.45881603092983
-61.78448984951809
-61.618616654955105
-61.5495294250291
-61.464476927601055
-61.57164364128277
-61.29565512209103
-61.44858920985255
-61.23101038151774
-61.205240225997464
-61.15963053908841
-61.10462473487032
-61.27022998497404
-61.23314693878437
-61.568863332271576
-61.506196101163994
-61.627877022685674
-61.406760435679864
-61.65455918476499
-61.665238442092104
-61.62214523348315
-61.731260634701826
-61.5602639728579
-61.72649492991382
-61.5777197500755
-61.42228637584324
-61.413303794531984
-61.654621478812444
-61.71640200861569
-61.65142063231304
-61.58241420778735
-61.67786252498627
-61.45594238310024
-61.65738912389196
-61.750125162560366
-61.705093141259816
-61.49944013768229
-61.60310915009729
-61.686069075403545
-61.81606523127392
-61.72783919243977
-61.62613634610998
-61.904909848139205
-61.87356103391483
-61.67318580273924
-61.75593631020908
-61.85791850090027
-61.79898997010856
-61.759759656314195
-61.86687978074468
-61.678638147896734
-62.08130799696363
-62.17236459769052
-62.229163817290605
-62.20962309837341
-62.2094409671323
-62.08151496895428
-62.21923451793605
-62.37211346729048
-62.400094252208184
-62.16391465376164
-62.32364807252226
-62.106625643269766
-62.1401519549304
-62.432384542350114
-62.19742014593091
-62.039812558683856
-62.129181110653384
-62.080731328191426
-62.18474719647703
-62.170960986408694
-62.17468438682885
-62.07635815287458
-61.97738243690853
-61.942858819303844
-61.68997508492963
-61.88921816390136
-61.7563261492499
-61.79695973519621
-62.15865857745039
-62.27243288118264
-62.38936845804083
-62.028975289443444
-61.80949984131188
-61.89444277820916
-62.3087445949686
-62.08588787193956
-62.27621079416111
-62.27236692453253
-62.54182078817795
