3971.5400689442954
3042.4570717493693
2661.8426106135053
2422.0331846872964
2248.4254365285237
2098.66655699412
1977.0450351715087
1904.0069622675578
1878.2393709182738
1828.4145887374877
1753.0174606959024
1719.0705233256022
1650.7769470214844
1622.0409908294678
1590.3838583628337
1548.096266937256
1548.444179916382
1518.1228886604308
1520.5816368103028
1471.0603528340657
1453.4337104797364
1422.1803363164265
1393.4497933069865
1403.0122855504353
1404.5790870030721
1364.7688309987386
1348.4518757184346
1359.3775190353394
1327.723712348938
1317.8488317489623
1274.999555937449
1269.5204008102417
1276.9960964838663
1269.7136231422423
1268.3145240147908
1247.9986212412516
1226.1735832850138
1243.8614188512167
1231.673069190979
1200.2395578066507
1192.4648276646933
1195.3051118214926
1179.2316146214803
1173.6784288406373
1155.6211616516114
1167.6689926783245
1162.1225899378458
1148.36872660319
1146.1735525131226
1148.5386132240296
1159.1934058825175
1135.6015022595723
1119.5393802324932
1126.867721048991
1118.0793251037599
1113.447358894348
1103.3094886779786
1125.4008955637614
1102.7677266756693
1093.5046224276225
1103.9726635932923
1115.457505130768
1117.808673032125
1089.4463970184327
1096.641178703308
1098.5114758491516
1082.271279112498
1075.26548910141
1050.351604493459
1046.6930225372314
1065.0724396387736
1051.511121972402
1040.0328062693277
1037.2554943402608
1032.8719841957093
1061.7977729479471
1067.4162649154664
1047.5859927813212
1036.0905108769734
1041.7774696350098
1047.353594684601
1038.2229356129965
1014.2725074450175
1015.2650859832763
1028.2838735262553
1024.2231285730998
1021.7368516286214
1026.1388189951579
1011.9513926823934
993.615138244629
1014.3521113395691
996.3734452883402
991.8901849428813
984.5363362312316
991.2769359270732
995.5478924115499
982.8760246912639
982.1048582394918
997.4768498738607
1008.5951634407044
988.3235967318217
989.1906938552856
1008.0433134714763
974.0516221364339
997.5794042905171
986.1627554893494
959.888596534729
975.1356799443563
971.9466044425965
968.1013825734457
976.6136878967285
968.082230758667
976.1680011113484
956.9456890106201
959.1686211585999
961.6632037480672
953.8901536941528
958.1221690495809
948.7331446647644
959.1621782302857
948.0290330886841
966.8203824361166
961.119259293874
963.1671529769898
941.8050148646037
956.1386911710104
940.6389543851217
956.9620094299316
927.3538107554118
941.467623647054
923.0011884689332
930.5955502192179
931.7477270126343
927.2732082366944
942.4485292116801
935.3895980834961
931.3567646980285
925.1198453903198
909.8412638982137
907.3956411997477
919.2528641700744
927.081103070577
936.658692963918
927.6913897832235
924.1968665440877
898.8935120264689
905.1812562942505
898.0747353871664
891.6234701156616
905.3089579900105
921.0538549105327
911.5175734519959
899.5024203300476
911.3821812947591
907.3101673762004
886.0561190923055
891.6161253611247
896.4946477254232
909.5347876866658
906.1326470375061
887.834207725525
914.1883645375569
886.712876923879
879.9338866551717
899.6414683659872
897.8363857587178
891.4066062927246
880.3967002550761
885.7903952598572
880.9450269699097
877.1647339820862
880.9922514597575
869.7836224238077
877.7481006622314
870.1501074473064
872.9712272644043
891.6943455060323
882.4214284578959
873.3224452972412
871.8378675778707
879.4965016365052
877.648043123881
870.6151292165121
856.3427551269531
882.6926789283752
863.1587896347046
878.8649519602458
866.3825099309286
850.9278546333313
851.8994050979614
868.6752159436544
863.5052613894145
858.7392525672913
855.4755393346151
858.3633587519328
853.6754904429118
845.702242342631
851.9331839879354
876.4889601389567
853.4290673573812
