17.34190035487215
10.30816171616316
8.484729767342408
7.317309438437223
6.694801286111275
6.188644113764167
5.633129633838932
5.379204325253765
5.072587086757024
4.894024763256311
4.676739647984505
4.451004219055176
4.312071851144235
4.102189228062828
4.0241484683007
3.966029991209507
3.7225739960869153
3.712806895126899
3.5808666636546453
3.455451929072539
3.4492247437437373
3.3832468299816054
3.2941959413389363
3.196170898154378
3.1033353161066772
3.1162385345747072
3.022107486923536
2.950407914320628
2.91152367045482
2.935988813949128
2.8667483057205874
2.8306546508024137
2.7409905744095644
2.736268775475522
2.709475314617157
2.651605124399066
2.586370405865212
2.6350855136911076
2.6050902800013622
2.5614169580241044
2.504555224751433
2.568564111366868
2.3582762395963073
2.523571757165094
2.392912210089465
2.3818896477421125
2.3083058051764964
2.3026599768549203
2.276873633141319
2.2339400108282765
2.2605460515866675
2.1718592626353104
2.190164564239482
2.124541592411697
2.1231503204753
2.1400328611334163
2.07070499813805
2.077900516676406
2.138445212816199
2.009044177706043
2.0300908176228405
1.9791532217214505
1.9650623263170321
1.9479698142036797
1.9737849501272042
1.985264647876223
1.9661177860572934
1.924984530111154
1.8758430786430835
1.9721865278979143
1.8755220747242372
1.859340678465863
1.8557056906322638
1.847545984449486
1.8379425659775734
1.8400833453362186
1.8470029113193354
1.8235227651894093
1.759543532691896
1.7960150671501955
1.8054734297096728
1.7892013645420473
1.8016768592720231
1.784877169256409
1.7446310804535945
1.7326886035501956
1.7932865823308626
1.7174689991399645
1.8004159099111954
1.7079267039895059
1.744377914443612
1.6901688485095898
1.6990191397567591
1.7284264675651988
1.7001653382554651
1.6722095010181268
1.654168786170582
1.6102480554953218
1.6415950315073133
1.6490285868446033
1.6186661936963598
1.6209410288681587
1.6156053898856044
1.6285474366197983
1.5848065211127202
1.6203500066573422
1.5656738681097826
1.664522006486853
1.5497724105914434
1.5850393710037072
1.612539033095042
1.5765230131645998
1.6110987580070892
1.5797155182808638
1.5230463940029344
1.4927938089395563
1.5277756667385498
1.5919297140712538
1.4938707429915667
1.5238589675476153
1.4753122470031181
1.4915143312265475
1.508499067525069
1.4786473703881104
1.531438308643798
1.5251112572848797
1.5631854676951964
1.4644188420847057
1.4301146738231183
1.4458670258522033
1.4834602096118032
1.5040829978262384
1.4575949000815551
1.4566847098370392
1.4722721048941214
1.4455240132287144
1.474922506387035
1.4357819129402438
1.4411710583915314
1.4444308989991745
1.396848143885533
1.421374542824924
1.3889110456531246
1.393810120038688
1.4252061239133278
1.3881490999832748
1.3994782502452532
1.3531214127937952
1.433044444769621
1.4042389693359534
1.427931853539
1.3791413834008077
1.3844005351265272
1.3865866531617939
1.3908058368290463
1.368612102108697
1.363549070060253
1.374615728110075
1.3331475066641967
1.345959298312664
1.3584751893455784
1.3417984169597428
1.3267734417691828
1.3699916429196795
1.3445450084283948
1.3806461437294881
1.3643682096774379
1.3654116740450264
1.3181336880971988
1.2756083239180347
1.3320965675016245
1.2953484977285068
1.3211657373234629
1.332127707824111
1.263549295781801
1.296083937585354
1.2903703988219302
1.3409817395421366
1.3339981492608786
1.289327079554399
1.3401518866419793
1.293955638880531
1.2443350174153844
1.2875031694148977
1.3305888269717494
1.2953442944213749
1.2705276570903759
1.3179818059628208
1.2705499135268232
1.2641077016790707
1.2732070375233888
1.2423078727597991
1.2508664815376203
1.2839025193825364
1.2487244876101613
1.2703481721691787
1.2303879931258659
1.229415645233045
1.2526985870984693
1.2482876809934775
