138.10069394111633
83.00838405688604
66.09096897443136
55.94823827942212
49.86162842512131
45.794002851843835
43.07838090360165
39.85827046235402
36.90733317732811
35.145280381043754
33.283368504047395
31.974175146222116
30.656526305278142
30.014337078730264
29.007459207375845
27.883908739686014
27.203691844145457
26.10840606292089
25.631645611921947
24.733468448619046
24.006276450057825
23.556596875190735
22.81229200164477
22.752883065740267
22.188236384590468
21.714620699485142
21.060028956333795
20.75391373038292
20.362524264057477
19.87600861986478
19.65242024262746
19.733459119995434
19.542573050657907
19.15467085291942
19.002085343996683
18.076824912428854
18.11710655093193
18.141401622692744
17.876426704227924
17.582253017028172
17.34709043254455
17.241776221990584
16.989276231328645
16.780724182724953
16.2676248545448
16.283252267539503
15.92569099466006
15.95767211864392
15.867489755650361
15.716986406346162
15.516789987186591
15.259162426988285
15.349683852493763
15.070097035169601
14.927461278438567
14.885235879818598
14.931306352217993
14.712717128296694
14.603756819665431
14.411745930214723
14.326034298539161
14.275670158863068
14.024002341926098
13.906770353515943
14.000841687619687
13.748607501387596
13.8223122899731
13.578873092432817
13.4186186114947
13.360474045574666
13.232947843770186
13.386491222679615
13.23614698300759
13.015379330019156
13.169984558224678
12.87878988981247
12.997398808101813
12.768882615367572
12.645908424258232
12.696450687448184
12.641817745069662
12.615126902858416
12.524960399170716
12.365249225993951
12.402266352375348
12.133675708870094
12.301933675010998
12.198029029369355
12.0766186957558
12.14989394346873
12.128699460625649
12.007081338266532
11.672931203246117
11.770825161536534
11.873297100265821
11.514614446957905
11.860726575553418
11.66249502003193
11.726564566294352
11.545066661636035
11.375155991812546
11.31546823779742
11.26497822900613
11.091312855978806
11.433245798945427
10.925666010379791
11.224610836307209
11.142517543832462
11.1956074933211
11.316931334137916
11.086405430982511
11.004308754205704
10.797055318951607
10.761681452393532
10.87744445502758
10.809212175011634
11.014694187045098
10.706502791990836
10.84228497793277
10.739256937801837
10.540249352653822
10.366697267691295
10.681021614869435
10.731847287217777
10.913426133493582
10.925986456125974
10.682197160522144
10.47927247385184
10.43969240784645
10.490126716097196
10.30026639426748
10.365674002468586
10.299180654684703
10.273904547095299
10.438461683690548
10.372107274085284
10.268719167013963
9.897740293542544
10.011885457485914
9.981900189071894
9.961837987601758
10.10599490205447
9.99470706929763
9.815459813177586
9.857491041719914
9.93613761862119
10.022959392766158
9.711495951066414
9.721824089686075
9.619687142471472
9.923298003772894
9.601306066662072
9.505324524641036
9.582909273604551
9.53402567928036
9.519403131802877
9.441284531354905
9.6646830710272
9.716795585056145
9.624906474351883
9.48341711461544
9.436757662395637
9.40814322779576
9.381736255437136
9.465550685922304
9.529161335527897
9.553010317434866
9.309592357774575
9.262038825452327
9.352675310522319
9.206677464395762
9.146604915956656
9.299074453115463
9.37163853123784
9.225089092552661
9.2128330980738
9.083847938477993
9.0774103594323
9.103848885993163
9.065961136420567
9.174078282962244
9.162836044530074
9.305218411485354
8.984892413020134
9.123407801240683
8.933459521333377
8.909836276372273
9.052909569690625
8.833201926449934
8.851049343248208
8.983349179228147
9.00951082855463
8.956023777027925
9.104780514538287
8.828570318718752
8.938372553388279
8.955974114437899
9.146597890059153
8.886014116555453
8.75242045323054
