66.6057959527805
36.40623571543858
30.38191794321455
26.673468630889367
23.556567688440456
20.699463893113464
19.69499922929139
18.089436993516724
17.16798929972895
16.8512498356145
16.193688654437146
15.305691250439349
14.638882335917703
13.771561664753946
13.502456384486166
13.044564709581177
12.936536402537905
12.539567477230367
12.16970459089197
11.48407682031393
11.014739906736489
10.845855638127903
10.360145531337837
10.059133539425916
9.69474794407343
9.489456670037631
9.19372302550694
8.82723231099803
8.746064477439585
8.630568921052177
8.60548348056859
8.471291396638442
8.21218065994567
8.060008216263919
7.96942461718773
7.650432076433609
7.5283844224337875
7.299887282324248
7.260345602086906
7.085338578912719
6.9391088431765295
6.879077952997438
6.75323599808175
6.661236764028154
6.603246182588668
6.454487881526865
6.331471856041201
6.212439415269885
6.150544376208864
6.045313247190467
6.008744509055696
5.947142814510856
5.75180235582179
5.817043670035642
5.704640610207772
5.6219110301342505
5.529713028849199
5.431438706172951
5.38210219453121
5.267154892456943
5.203810402545436
5.200299078534389
5.118058923246531
5.041709376049453
4.939581729985517
4.8883777781036395
4.819892544042448
4.779281966516684
4.69853929006334
4.726091729926652
4.645734921868505
4.744752779731463
4.698110535355477
4.6436378641118266
4.537594263795121
4.470697835858526
4.400301851846021
4.369557398146596
4.409712811610822
4.333503912235129
4.28111476271317
4.206312207312419
4.228576748664009
4.181306081856119
4.110471838250242
4.048559137202543
4.032065877498224
3.9805489045021862
3.9718823535688994
3.95527582461464
3.9436370337317728
3.8916152235248993
3.8897956557058055
3.844912423398988
3.8158526759723137
3.774628351346172
3.7417556976192983
3.7334775444248627
3.6949949254249703
3.6743761272779825
3.697109235643313
3.6521698285279602
3.647148795040517
3.579701033003371
3.5618338230355033
3.5577200782196274
3.5460504966563193
3.5179846370271566
3.5135761364523708
3.454776905348589
3.4393891224573396
3.4214771610909493
3.407783417480773
3.3931306979522624
3.3786500312131027
3.3379464351154606
3.3108452782034874
3.3212885142400346
3.302701275795698
3.2791233363978822
3.2686070979669175
3.233022621993361
3.223219930740266
3.213487009935338
3.191015254577686
3.2200453354623813
3.1865743368478685
3.176203324941212
3.1475754643565623
3.1174777408355268
3.1076173643613685
3.1281201019240865
3.0877096112817526
3.074149474308922
3.062319753948471
3.0485657183132293
3.0352194948314595
3.007136436050822
2.991437760470756
2.994714076277511
2.9874530290092887
2.9738686350655965
2.951489087579579
2.968554706922893
2.934210800790581
2.906610987309752
2.9054332296524583
2.887823558829982
2.8747411711334157
2.8807878108245544
2.8736869826399047
2.848854621101556
2.8371224775910378
2.833828723828854
2.8211383951892115
2.8083957621249658
2.803453743907398
2.788024863163973
2.7710232671735615
2.7775776697130037
2.7750858360066495
2.755824456312533
2.737041865828736
2.734567227805483
2.7325598514028666
2.7225981102292907
2.7199450573916066
2.7007758433063485
2.7011466414250176
2.6924476546460183
2.693526824293979
2.6657050560260642
2.658159754206908
2.6581727446153245
2.6580484075921365
2.647398282163616
2.633423190050084
2.6317296310103147
2.6281437412675084
2.608379683617888
2.598839566689627
2.5934195512070737
2.5870267301155576
2.5898115059425093
2.5984186885942675
2.5901077933737944
2.567619476852746
2.5635868971846225
2.5627287791335376
2.550558144098212
2.53126729620171
2.534108146061671
2.5282858635844856
2.519851750854788
2.5070999535121796
2.504606760010637
2.5143195287934663
2.489451760233476
2.496637406598391
2.487882280529573
