2283.1730217769227
2123.8901462226077
2134.068273873165
2138.4289438313454
2086.7168067405964
2100.9005793209735
2088.739800222989
2045.6800386494604
2100.50610811957
2051.289716128645
2026.2473706212536
2069.776373731679
2046.4465645757214
1986.9125209676808
2023.205369554717
2011.7888205298061
2009.5609256481303
2012.2142817398596
2028.0958909001843
2053.734764987025
2000.9244986567005
2008.6477859102447
2002.580939819073
1999.553469164618
2019.1151219400867
2014.0778222577326
1984.2662019729614
2000.2967402359534
2018.1859791854333
1989.0984949572332
2016.8791756465516
1978.891825741735
2019.9130860032706
2009.098909706905
1989.58571434021
1977.712069248331
1995.249020576477
1970.6601329671926
2007.155168105816
1980.8596056576432
2004.7128899672937
1987.5711435778387
1960.635100266029
1983.3665550495016
1985.235924622108
1975.3790252290923
1990.0363667586755
1960.7930959504226
1954.1408441477809
1964.2896418078192
1942.5206368545007
1997.8108846072494
1975.7409632452602
1949.3071963211585
1966.85345215633
1977.3822994232178
1979.9114388432995
1953.7882961404734
1978.0154276223018
1962.515003730511
1956.3237931810577
1950.6930346324525
2014.6575573888317
1985.611518202157
1965.193079718228
1954.4693382855119
1968.9014618314545
1961.1039990392223
1965.210224940859
1965.3533560654212
1971.4986841925258
1982.7442551316885
1968.96648311615
1962.1814736991093
2002.6937414366623
1956.3911454102088
2011.9486694007085
1943.922198065396
1953.260161366956
1976.106011686654
1943.4870898476963
1966.7741065189757
1962.3508390229324
1951.5265049112254
1978.0065552941685
1981.4826366819184
1993.9719463874553
1961.8669250751364
1936.2904344427175
1982.4307715317298
1953.9972628231706
1947.3101116048879
1995.9736794110001
1980.38111324968
1962.412839560673
1943.7762737931876
1963.8496565983214
1944.255473235558
1902.006212629121
1932.954119386344
1943.5105828910039
1914.6692242457948
1918.929437637329
1955.1288261413574
1952.3411545589051
1919.5576137345413
1901.12572064893
1875.1287781945591
1936.0408190694347
1931.3403653440805
1911.9279935113316
1936.8233103916564
1908.01535629404
1929.4632595325338
1891.9434527693124
1889.72265625
1885.235247973738
1928.6357440948486
1912.942291917472
1896.4544534025522
1883.5033258898504
1911.0165935384816
1872.5617953662215
1939.1989899997054
1887.377355641332
1929.6933064954035
1897.6007070870235
1887.0622708879669
1881.6476367424275
1890.5477796094171
1878.293453052126
1941.8356516607876
1869.1869816944518
1898.5912784050252
1899.748501087057
1887.4763072441365
1889.1701396415974
1921.5542913963054
1892.1864077469397
1917.4946538333236
1894.3487654061153
1927.8397773874217
1893.519849185286
1876.4034064720418
1932.9083852439092
1875.3243777834136
1838.2332286834717
1904.2696910726613
1855.4513682661386
1902.4985458110941
1894.7716857647074
1900.170096101432
1891.8551109248194
1867.8069322849142
1878.93411070725
1880.0549685379553
1917.324166133486
1911.1983983270054
1897.232624251267
1889.1824924205912
1929.1871906806682
1857.6185122522816
1900.1831339474381
1883.5818690267101
1896.90493767837
1892.8420226656158
1873.940641370313
1917.8164392668625
1897.6412915854619
1903.935419543036
1889.6738421341468
1875.2481122181334
1890.7544525409567
1892.8304685724192
1895.4405873397302
1872.2379239180993
1869.6039299800477
1906.7924738916859
1912.884142842786
1822.5108563982208
1892.0365014569513
1866.442731462676
1905.9812314263706
1883.3339409006053
1850.230523734257
1909.0324781352076
1850.288855519788
1878.2669044034235
1871.9740564412084
1856.7773640073578
1892.2467742130675
1890.4881085362927
1912.512849281574
1865.8046679003485
1895.7594261498286
1869.5826496913514
1871.8424344556086
1844.104494423702
1874.2759985430487
1900.5561614858693
