-165.79024911721547
-223.7498081366221
-225.42831962108613
-231.44230207602183
-231.12062590916952
-226.9031769990921
-230.7503046433131
-230.24501876036325
-229.78951284090678
-233.44080264568328
-236.7295339902242
-236.6390737215678
-236.8146605372429
-235.26622328360875
-232.9024570941925
-233.13213646411896
-233.17663600842158
-229.99973605473835
-232.88982439041138
-233.0709849913915
-236.53154800335565
-236.6736780444781
-236.36933267116547
-236.61187931696574
-238.6039999961853
-238.17072270313898
-238.15767713785172
-235.58324031829835
-235.88617328802744
-237.8498028198878
-237.17802570660908
-238.51067907015482
-239.26592280864716
-234.37274256547292
-234.02068306207656
-238.2172888358434
-237.76093961397808
-235.37608434359234
-234.29506502548853
-236.90314383506774
-234.494520119826
-236.8082318385442
-235.3303585131963
-234.67352959314982
-236.27851422627768
-237.18433525562287
-239.3113398472468
-238.84042100111643
-239.00261917908986
-237.96513423919677
-238.10269691944123
-236.3366867462794
-238.46765275398892
-239.6488306045532
-239.43094851970673
-239.80389076073965
-240.42583661874136
-240.42556495666503
-239.77620197931927
-240.12875636418661
-241.4425491174062
-241.71245092948277
-240.41174778938293
-236.83818136056263
-236.79748453299206
-236.27260202964146
-233.39281647205354
-234.7409015059471
-237.7530157248179
-239.85988542238871
-240.394420782725
-239.40388944149018
-237.1830905119578
-237.0757184902827
-236.79904052813848
-233.42495601971945
-238.34896200497946
-239.65556174914042
-239.87413780291874
-241.17496932347615
-241.68786708513895
-240.23033467531204
-239.63481750488282
-239.3576112985611
-237.67957357962925
-239.17360148827234
-239.58445621331532
-239.54621410369873
-239.3446390748024
-238.63095750013989
-240.04574774106342
-241.07049580017727
-241.67938204606375
-241.34852763811747
-238.9921566406886
-240.1119243144989
-241.3681572119395
-240.7909890492757
-237.01853477954865
-237.75141115983328
-239.98108298778533
-241.1854335308075
-241.8359249273936
-240.39847317536672
-238.53529531955718
-234.55532163381577
-237.4356134533882
-238.24307995637258
-239.53120794296265
-240.72981950441996
-240.5006089568138
-240.6313460191091
-240.07611020803452
-238.76229284207025
-239.9213391741117
-240.09428563117982
-238.9555608590444
-240.18002749284108
-240.65144062042236
-241.28205846945446
-242.0983853737513
-242.12787032922108
-241.3491809686025
-241.57646788756054
-240.39211548964184
-239.852463722229
-238.82763063112895
-239.43923695087432
-239.6782616774241
-240.0077991684278
-240.91784421602884
-241.09827681382498
-241.53138433297474
-241.51776681343713
-237.9721920490265
-238.24599624474843
-240.27882064580916
-240.26367207368216
-241.24816483656565
-239.82285374005636
-238.27222131093342
-239.05824089447657
-239.59967026313146
-238.16959632237752
-236.73592884937923
-239.75641700029374
-239.7779201110204
-240.06474553744
-241.59835281769435
-240.98037174542745
-240.29281719128292
-241.63472031354905
-241.44191293716432
-240.17924791574478
-239.63685379823048
-240.68381889661154
-241.5513758778572
-240.2057711640994
-239.5867795586586
-240.77988969484966
-241.64301156600317
-241.69482049147288
-239.9384121020635
-238.5410841067632
-238.92979563474654
-240.89222186406454
-241.08704341252644
-240.76495939890543
-239.72023084163666
-239.48264032999674
-240.95836904843648
-240.648015499115
-240.61184606949487
-238.8548603773117
-238.0113786617915
-239.2748379945755
-241.02661232153574
-242.06422129472097
-242.4281239827474
-242.13969724973043
-242.997682650884
-243.11316429773967
-242.57884941895801
-241.81760009527207
-239.59262158473334
-239.57933735847473
-240.91714846293132
-240.23690690199535
-241.0827663898468
-242.2204859217008
-242.48160871664683
-242.83309345245362
-242.23170883655547
-240.92248672246933
-241.5626093308131
-241.78179779847463
-242.41758054097494
-242.312145058314
-242.30016213258108
-242.3070620616277
