-44.00142226753564
-51.15641426217967
-52.626950163265754
-54.35823478472644
-55.65158949843769
-56.357683613382534
-57.12750909349014
-57.723479517574965
-57.692206876031285
-58.082782798799975
-58.10621756520764
-58.112621419388674
-57.921741950100866
-58.61000709287052
-58.97552648494984
-59.67057214831484
-59.62906067124729
-59.79651290794899
-59.91111271648571
-59.64357058138683
-59.312586539778216
-60.27366241298873
-60.93776823631649
-60.88676328700164
-60.7377320599967
-60.43869026159418
-60.48215825084982
-60.70699320168331
-60.14907243128481
-60.13936465362023
-60.32958275182494
-60.02003202767208
-59.884278375526954
-60.50472033640434
-60.59388363566892
-60.32009951718922
-60.816706123023195
-60.76266173453167
-60.42867556728166
-60.4132174458997
-61.02382329620164
-61.08122228753978
-61.036342935315496
-60.921107789565774
-60.75415138540597
-61.066943668085955
-61.04541254865712
-61.25382391543224
-61.15199724045293
-61.336103594508664
-61.10500944380102
-60.8714980791355
-61.05845041521664
-61.48724034120296
-61.35726739209274
-61.05261399622621
-61.32655571246969
-61.17816159642976
-61.192307362268714
-61.22596343632402
-61.05861269811104
-61.25551892560104
-61.134369628182775
-61.050528750337406
-61.51360604064218
-61.37556139867881
-61.15413675637081
-61.61351923901459
-61.649934101721335
-61.52774238175359
-61.45251079263358
-61.581278571794776
-61.482929355111615
-61.46193451408682
-61.50069452359759
-61.706128929195735
-61.96340206984816
-62.121143864146596
-62.172322566139286
-62.12010231614113
-62.096988027465756
-61.9241500599631
-61.915910297426684
-61.77838898116145
-61.61461548558597
-62.01618914665847
-62.09271391301319
-61.84013543457821
-62.186595454298214
-62.02456094992572
-62.03828007804936
-61.76353427664987
-61.770168501755286
-61.917459707835626
-62.03076397139451
-62.081932029847444
-62.126765187444356
-62.15240890404274
-62.02924027936212
-62.14450167581953
-62.08795832148914
-62.10235520889019
-62.288215439895104
-62.264669725607185
-62.29351420032567
-62.375770540073
-62.48185065491446
-62.37390575635022
-62.377236513228254
-62.380674438229924
-62.32024068051371
-62.46194111273206
-62.48542175621822
-62.50664501354612
-62.64868088631794
-62.53465556276256
-62.608984864991285
-62.52673818119641
-62.609421433045945
-62.36286362491805
-61.989565053890495
-62.13606720546196
-62.32605788214453
-62.4452252007764
-62.46659647185227
-62.50645339180683
-62.63795035049833
-62.686373807232954
-62.810610828728514
-62.73729891715379
-62.73957194953129
-62.61851936167684
-62.64967682032749
-62.65447597051489
-62.63829420969404
-62.734260507698714
-62.56680654451765
-62.72088471055031
-62.60619268437912
-62.64996091970082
-62.61827075275882
-62.38264508082949
-62.37448027010622
-62.74020934927052
-62.665625091256764
-62.54753171781014
-62.66648999267611
-62.647408608732555
-62.72997185279583
-62.7703926501603
-62.746281218939814
-62.68713964881568
-62.79384705527075
-62.78920788703294
-62.8443280437897
-62.76770527814997
-62.68363963221682
-62.69636421162507
-62.70277904436506
-62.574835142184945
-62.472665922395116
-62.435982530486996
-62.66693641810581
-62.654858989962214
-62.427556786043894
-62.64237301616833
-62.7172844245516
-62.82977638676249
-63.0885808406205
-62.994132298847724
-62.9551755117959
-62.88592286151031
-62.88368836661865
-62.954748314002465
-62.775360519516056
-62.93210295664853
-62.687058471400164
-62.81214569971479
-62.879156816622306
-62.87152905710812
-62.9200013793748
-62.93789331974654
-62.904556920816155
-62.80120661238144
-62.79873803257942
-62.829635191580344
-62.52870470182649
-62.74739623275296
-62.87230726562697
-62.980734399680436
-62.86994476564999
-62.69790238964146
-62.51118304606142
-62.54730968434235
-62.70472362740286
-62.799978278834246
-62.63583252964349
-62.795810576142934
-62.79704632430241
-62.70652765960529
