945.5148921489715
766.395590543747
701.4141673088074
648.1027073144912
605.1221489350002
577.9032479921976
556.4357494751613
532.9641028006871
507.50924448172253
478.6125650803248
460.46714492638904
437.50716938177743
418.09072233835855
405.72616253296536
384.43263823191324
372.2131021499634
357.92589207490283
350.9684084733327
335.10457451144856
326.25371272961297
321.2040282269319
313.10046602288884
307.7725822091103
298.24212999741235
293.864364083608
287.7976908346017
283.92951880296073
280.857708872358
275.5576139499744
270.1090116292238
267.80886702736217
264.14538766940433
260.8376923422019
255.52259323000908
253.3441959053278
253.68006820082664
250.50364564955234
246.56361777881781
244.51168106396992
244.12117610971134
244.07246293077867
239.2761967043082
236.48205742165447
236.4460624491175
235.10927675391238
228.5455428943038
225.94200662542136
223.39344513831892
226.30508934557437
224.38567608864977
220.5951659715424
220.33043503984808
217.5005761422217
216.23577415123583
214.00778580171365
213.01504475971063
211.76823658694823
211.6363496877253
209.52661061560113
208.65157096982003
205.8781196852525
204.10769540667533
201.7394910732905
199.93669041196506
199.76763709783555
197.24948533872762
195.40202385882537
193.38702620764573
192.4190161978205
191.5982453763485
190.17053917149704
189.88567662437757
189.48499908049902
188.0179149776697
186.84938386480013
186.2750395476818
185.18363632261753
185.46043455998102
185.41119836767515
185.40998286207517
185.01683872242768
183.34821399450303
181.68230965534846
180.93532643814882
181.55780572593213
179.76703196962674
178.0817551145951
177.37228829860686
176.3504626383384
176.2087889522314
175.79178803165755
175.01660651167234
174.27734207113585
173.7473375727733
174.46142833630245
174.2988045255343
173.63018319010735
172.3042897741
171.54157373309135
170.51627989212673
170.09775314132372
169.9338404804468
169.204392182827
168.53942163387936
168.08276923199494
167.6100029240052
167.6080392877261
167.00951071778934
166.86719390352567
166.0672957142194
165.40844310224057
165.303928732872
164.2049988637368
163.75639370878537
163.28920358022054
163.0771093448003
162.64345579842725
163.4288351635138
162.97311967710655
162.38515069186687
161.02332211037478
160.52640736103058
160.48797298371792
159.99428163468838
159.67013245423635
159.3804708411296
158.71993560989696
158.7656030724446
158.54982539614042
157.95725381175677
158.1677261342605
158.6494342058897
158.42582600712777
157.923005203406
158.06550699969134
157.35352508922418
157.45829641123612
157.4043661614259
156.74330617090067
156.23035113811494
156.1980026870966
156.30518752038478
155.448540315032
155.03390579322974
154.69966342846553
155.5770383844773
155.09181790252526
153.79989508589108
153.32701346476873
154.01910241643589
153.94174585243067
153.7386742512385
154.06469483872255
154.7394716401895
154.40692754089832
153.82710198660692
153.19359617332617
153.15879273414612
152.41177400747935
151.7103551308314
151.35525603493053
150.41938757300377
150.14651856819788
149.96330921848616
149.8799867272377
150.35673463741938
149.4527926246325
149.2353491127491
149.12970125277837
149.40614324013393
149.28014662861824
149.62913430333137
149.245626805226
148.94485116004944
148.9891133507093
149.07885071436564
148.33690909743308
148.40665031671523
147.95762727856635
147.34936327338218
146.92167087992033
146.85543499787647
147.17520443399746
147.00399441719054
146.9449069003264
146.45963930884997
146.03756108085315
145.99978871742886
145.8240067879359
145.79428015152612
145.7286915520827
145.63206786513328
145.47424593567848
145.41736787756284
144.8631420036157
144.6219891389211
145.2942904293537
145.56483575701714
145.3369798183441
145.6509619494279
