-15.492092657192
-22.825034523832386
-24.38362412411591
-24.564913300604655
-24.37393396938669
-25.006849765777588
-24.923717885181823
-24.877491590277902
-25.22246642051072
-24.878404151776742
-25.120767641684104
-25.08246972334796
-25.1347788767568
-25.223188672086287
-24.354703492131726
-24.006467878818512
-25.434654382796122
-24.719739311727984
-24.670246813317824
-24.177436603554362
-25.27342269749477
-25.020623978355836
-24.733918236247426
-24.356053260893656
-25.21912738783606
-25.479359625485436
-25.21507569428148
-25.128866772199498
-24.226901357030048
-24.612364184239816
-25.59750514811483
-24.80082970138254
-25.15063078033513
-24.716140758374642
-25.396400163913594
-24.81748039044183
-25.598778246805587
-25.60744702918776
-24.371256488150564
-24.10528661362056
-23.716421195145312
-24.867366274883008
-24.858193137522402
-25.060362889848907
-24.796730565613714
-25.81010345189736
-24.808908709678157
-24.293906975922912
-25.082465026913017
-24.664852099172002
-24.788421624693378
-25.116171993058302
-24.44110436223704
-24.275385428091575
-23.554745949547865
-23.639127472351337
-24.057316968153263
-24.779103045833523
-25.391864923567606
-25.226844089298414
-24.180509695719028
-25.04561309876113
-25.081925506221836
-24.08058194713346
-24.325134048174167
-25.558490536850073
-24.215040744378648
-24.61394912004471
-25.015322384135477
-24.910410162703744
-24.840675859615722
-24.66401221320547
-24.98838839859798
-24.39558969283926
-24.269252545874693
-24.027095939578683
-24.50234414688472
-25.086425692870698
-25.30894008998213
-24.163458735778413
-24.513729429450528
-23.799584954977036
-24.626860974934594
-25.853538535792254
-24.901637112272198
-25.046887554999056
-25.37144044761
-24.441718198102095
-24.06934400108354
-25.03461138133345
-24.102906632012335
-23.74873260382948
-24.73663730765211
-24.587436021401963
-25.391157444694947
-24.366456964406474
-24.39162080657893
-24.151733012034974
-25.033835600162373
-24.239315828372693
-24.05031136603191
-23.842951534123255
-24.624415529185328
-24.018361162522744
-23.770398529439138
-24.752933212395373
-25.387326563226765
-25.43153841125554
-25.281852632761
-23.9116195481399
-23.727082367601067
-24.79273175679404
-24.27247422008679
-23.908785630402893
-24.30553296311148
-24.220000788055618
-24.688891745846846
-24.861114962861457
-24.418946916173244
-26.14300249157281
-25.95201852198305
-25.245453057104143
-25.241460487760346
-24.850170058423075
-25.2898474715907
-25.631543532527726
-25.112570011924053
-25.61400649157064
-24.67546216526936
-24.52751066407253
-24.41399978306787
-24.70731367530494
-23.960124272724677
-24.364647524624036
-23.98235846593462
-25.947217363735724
-24.85862383760255
-24.182310585831775
-24.350720122970383
-23.635335934059373
-24.240401070693444
-24.42766818455581
-24.71055146229678
-24.04656414584867
-24.53556531256643
-25.180652272084664
-24.26112539192726
-24.247886466568914
-23.891895557272022
-24.711087328606638
-24.242709057084447
-24.473045481690043
-24.95594921399807
-24.368363563356727
-23.940025080894603
-24.506449876160456
-24.327871303106175
-25.16016361579813
-24.503459630855197
-24.828515802991802
-24.528182814861164
-24.20224296327295
-24.17931054532528
-24.690613292414568
-24.331063263889018
-23.593881373775417
-24.600672745499118
-23.901859446846206
-24.24260284571812
-24.23259010602688
-24.380278879198535
-23.93117018198145
-24.423601147429697
-23.76944320006617
-23.903767834449635
-24.676353054827658
-24.17814236262749
-24.984925284467895
-24.627392940480135
-24.44693456487409
-25.116330719713506
-24.042571498402232
-23.97668397734905
-24.279545362653405
-23.990167343410953
-24.260471920514927
-24.455643280826767
-24.969900771975517
-24.105860078129275
-24.26244580437397
-25.10139434450659
-25.276012791127993
-25.116612025376025
-25.042152886760647
-24.52136687985782
-24.446499976618536
-24.115190458708796
-24.7251746150954
-24.838435109833192
-25.095658372188435
