-42.1537273445263
-50.93423634767532
-53.26642397970989
-55.12687336781929
-55.262914612375454
-55.48417164950535
-56.409204241530645
-56.770466446876526
-56.490489211575735
-57.019371762357906
-56.625873454685866
-56.94997215270996
-56.75761699676514
-56.45987320151822
-56.831209562975786
-56.92365474844801
-56.92241134109168
-56.81425728571826
-57.23881506817094
-57.12531288327842
-57.666953588354176
-56.98739148213946
-57.4468767273015
-58.299901137064246
-57.99441170692444
-57.5767422914505
-57.93800201292696
-57.48948333181184
-57.82549419896356
-57.758949214014514
-57.54900518573564
-57.57010620729677
-58.08821432960445
-57.65368426771
-57.78083419388738
-57.4724716461938
-57.4258561144615
-58.479578423088995
-58.560107638095985
-58.43352521493517
-58.021338123699714
-57.768390911406485
-57.91398913490361
-57.715248879687536
-57.81380752037312
-57.75406819684752
-58.16977735017908
-57.78227997545538
-57.95394559975328
-57.91001380825865
-58.322202380361226
-58.879261536844844
-58.48838290058333
-58.44715644162277
-58.16312606581326
-58.93754292973156
-58.894456803798676
-58.23770419276994
-58.51140502197989
-58.40148060280701
-58.62282952871816
-58.42433810439603
-58.25496720034501
-58.444788410745815
-58.52648201893116
-58.81715676188469
-58.51600030372883
-58.59967355892576
-58.74896652123024
-58.77736477605228
-58.817369666592825
-58.98072303163594
-58.67631803607119
-58.88212785227545
-58.669491451362084
-58.97989160952897
-59.65114521569219
-59.1981081212389
-59.17288490410509
-59.22807443553004
-59.273790453014705
-59.079217895351604
-59.38956561787375
-59.27239244251415
-59.24093193021314
-59.01420688218084
-59.264515637323775
-59.55595047515014
-59.403001183065875
-59.598908576472056
-59.29151312030595
-59.74743418446903
-59.922235028497106
-59.612441685693014
-59.91456359213796
-59.70410958857372
-59.56833768301997
-59.80685726116444
-59.58149981498718
-60.09792399406433
-60.24994729818969
-59.929111083006035
-59.798410407428086
-59.53200769938272
-59.975638254963116
-59.947078040961564
-59.87696245518224
-59.774641437777156
-59.60897261109845
-59.93330417213769
-59.78850952510176
-60.16037457873081
-60.075141049664595
-59.766854184454886
-59.73521608730842
-59.88581295054534
-60.1947657856448
-60.011581501056405
-59.92343365323955
-59.82265496048434
-59.66586899757385
-59.662733776816005
-59.882044436602754
-60.052961538577904
-59.98721305666299
-59.66308475979443
-60.089774172881555
-59.836620408913184
-59.790766963671
-60.055109923255856
-60.210342051654024
-60.18404831146372
-60.360789706994744
-60.11091887642597
-59.99637240582499
-60.18357262529176
-60.132058873258785
-59.92003563149222
-59.811237150225146
-59.97240996669079
-60.407340801995375
-60.36751701091898
-60.287970964250896
-60.180616508270134
-60.13268587095984
-60.07522545806293
-60.11154911230351
-60.2279137146884
-60.267374861856986
-59.996054704847005
-59.74106658121635
-59.97215445699363
-60.02800281088928
-59.832924320779995
-59.900894323299674
-60.00310225938929
-60.03546222325029
-60.39669459852679
-60.47175960088598
-60.60502407879665
-60.45847193331554
-60.51390583350741
-60.45030379295349
-60.6619099645779
-60.65741604361041
-60.438816765259055
-60.25202067761585
-60.00219444981937
-60.52278275736447
-60.41270934918831
-60.50277063764375
-60.73535605956768
-60.7085437353315
-60.650314144019426
-60.69944794938482
-60.56934668586172
-60.51511371135712
-60.482815859646635
-60.54814327688053
-60.25208667537262
-60.88080470109808
-60.71387090148597
-60.74632282092654
-60.87944661543287
-60.79646069119717
-60.82548739170206
-60.92088105041405
-60.8111612108247
-60.78225594142388
-60.71966929887903
-60.56414255602606
-60.652182524574215
-60.78075885978238
-60.815771033023964
-60.68796965993684
-60.743557396633875
-60.6861595922503
-60.8411081926576
-60.87528727177916
-60.73036161784468
