250.96770763397217
235.49001924196878
233.16474119822183
239.00532245635986
224.08931382497153
227.5804115931193
231.72646299997965
216.3757750193278
228.98316192626953
212.1717606385549
225.71034709612528
227.7828438282013
225.292396068573
223.77665050824484
228.48302141825357
224.20521823565164
214.55974260965982
222.64007345835367
223.71999065081278
225.44824385643005
221.0486843585968
214.8351307710012
209.28542510668436
219.03490551312765
223.54188911120096
224.19138447443643
214.21918519337973
218.50121227900186
221.67327316602072
219.24415850639343
222.53147331873575
217.80407651265463
227.32176081339517
219.99589912096658
219.44134306907654
224.74274396896362
222.33716003100076
213.10982735951742
226.54126914342245
217.8473732471466
214.31504185994467
219.99467738469443
215.88955426216125
220.8124359448751
213.65308101971945
219.24306027094522
216.45002508163452
218.4610820611318
212.34226274490356
218.63273803393045
215.67703437805176
214.98824350039163
218.08186626434326
214.64975198109946
216.71835136413574
221.60795855522156
214.19999599456787
212.43155193328857
220.56173984209696
215.08079862594604
222.29307834307352
222.47894088427225
217.11244583129883
208.4150919119517
216.85826881726584
216.20953289667764
209.0327988465627
215.84311095873514
212.0661895275116
216.50294725100198
211.40713373819986
223.6218543847402
214.57250316937765
216.31622807184854
212.1475662390391
213.2102792263031
215.31872010231018
209.30735476811728
210.99464734395346
216.34976641337076
215.748996814092
208.7038856347402
210.14925344785055
215.2174108028412
213.02942609786987
216.10584799448648
207.28041966756186
215.3629347483317
216.28055667877197
211.78812837600708
217.86153856913248
222.6042710940043
218.46435944239298
209.05071822802225
209.4173530737559
215.41392755508423
222.44753885269165
212.50431768099466
218.33921019236246
214.02696180343628
208.0057558218638
214.75637992223105
211.34515221913657
207.69760823249817
210.71765875816345
221.75699758529663
214.61206833521524
213.86157592137656
211.14965573946634
215.05755066871643
213.43111371994019
215.0723965962728
210.87520281473795
211.35053173700967
210.74865476290384
216.8357489903768
213.24345707893372
211.8492577870687
204.69097582499185
213.35537060101828
213.86670660972595
207.05122804641724
215.54091302553812
222.41188510258993
206.4104858239492
220.3260588645935
214.25667198499045
208.0586725870768
212.9798777103424
203.86448963483176
212.26497340202332
212.14719080924988
218.1896735827128
217.46571771303812
207.9887890815735
206.00085775057474
207.64337118466696
210.29408582051596
209.81035645802817
211.35854562123617
219.71788358688354
211.57107337315878
214.09580739339194
214.49836405118307
215.71532877286276
203.5887041091919
213.06563703219095
212.51258810361227
210.92605423927307
213.91147224108377
209.1564379533132
214.54256939888
218.07590556144714
212.96790544191995
209.77510817845663
211.86765829722086
209.6536656220754
208.0620365937551
213.83423201243082
208.698831876119
214.6468604405721
215.9260336558024
212.49700903892517
204.00229303042093
216.8331642150879
214.82117501894632
208.85408822695413
209.48414397239685
213.60068170229593
214.57883477210999
210.76201812426248
205.47404249509177
214.44504006703696
220.05384159088135
215.07519841194153
211.11677289009094
209.7081573009491
213.6982958316803
205.58727224667868
206.57916522026062
214.4547042051951
206.91981736818948
213.59340810775757
207.83352621396384
213.713534116745
209.8871336778005
213.78625241915384
206.78862849871317
220.2450941403707
209.20003708203635
218.50197219848633
208.60649299621582
209.43111944198608
211.84395742416382
212.72803020477295
209.33780686060587
213.87640190124512
211.6994877656301
215.4346614678701
212.23408706982931
