236.89829786618552
239.5519183476766
244.20778234799704
248.02301772435507
260.77045853932697
245.34170381228128
240.6031381289164
228.0111788113912
242.43742863337198
228.34063959121704
221.60941298802695
235.50207424163818
224.40897210439047
235.8887722492218
233.71400809288025
223.86301883061728
235.25136184692383
233.81272133191428
242.48035883903503
230.3287321726481
218.79808966318765
236.93638491630554
234.53747383753458
231.64917874336243
213.96570579210916
220.0872325102488
222.1109597682953
223.47742581367493
216.13978505134583
220.59779659907022
220.4272407690684
212.71885879834494
224.37158385912576
214.80697989463806
214.42772165934244
215.36260875066122
213.50977516174316
222.3987725575765
215.65897297859192
217.15844885508218
216.04605960845947
220.95426829655966
222.53324206670126
214.21955569585165
213.75492278734842
213.67847402890524
226.5100391705831
211.8188500404358
220.1609174410502
213.4937982559204
221.4784720738729
214.55279350280762
216.13415892918906
214.73362692197165
211.8625737031301
215.7939421335856
218.14831431706747
217.3498910268148
215.55074421564737
210.73753801981607
208.61231923103333
217.91677149136862
211.78227670987448
216.79787850379944
217.07837669054666
224.59609882036844
212.40607905387878
213.59247732162476
213.65265146891275
215.53308884302774
208.27082697550455
213.59462682406107
210.9843738079071
213.29691918691
215.08667341868082
211.13372230529785
213.23966852823892
207.43150734901428
210.3234839439392
212.17667468388876
211.81995542844138
214.31021030743918
213.7635273138682
216.95160349210104
213.23454133669534
214.13606675465903
207.73724595705667
209.48668122291565
213.25665227572122
210.55239748954773
212.89530396461487
220.52655371030173
211.40746823946634
216.3719526131948
206.68522946039835
208.9674452940623
220.10914063453674
217.98595507939658
214.43335914611816
213.6198623975118
210.6121895313263
212.98143927256265
207.6893994808197
217.69587103525797
216.19715102513632
216.90786027908325
216.60042079289755
211.22791250546774
213.4898545742035
218.45289500554404
211.01554568608603
215.63073007265726
212.9388504823049
213.73242513338724
215.56114037831625
214.2834099928538
213.14766645431519
218.28390455245972
215.92516009012857
213.50904758771262
215.5420607725779
219.54721275965372
212.701291402181
215.32330091794333
214.53605484962463
214.5742469628652
212.22527448336282
206.7224921385447
212.143741051356
212.32487416267395
209.87709410985312
208.19709610939026
208.61359429359436
211.88066013654074
213.7253396511078
209.74098547299704
208.41417837142944
207.92905966440836
210.87883186340332
208.59221863746643
214.23215087254843
206.6421888669332
213.29337286949158
214.32569257418314
216.12248468399048
208.89693824450174
215.26280117034912
212.50894133249918
210.58660729726157
204.52380084991455
210.2115624745687
211.87188053131104
214.03177205721536
216.53784370422363
217.16856694221497
210.24845616022745
210.31905484199524
211.23883279164633
214.7978101571401
209.62449963887533
210.87641215324402
211.13493267695108
214.74839615821838
214.56950815518698
211.82740545272827
210.40348505973816
212.80740038553873
212.662935256958
208.5118096669515
207.79928278923035
207.66791113217673
204.41940808296204
209.0387805302938
220.65616734822592
210.47299989064535
211.75259590148926
212.4731009801229
219.35381905237833
213.85790952046713
215.38256208101907
211.30154132843018
208.1320060888926
218.28609522183737
214.41320673624674
209.14639735221863
209.89969356854758
213.98590421676636
211.4947702884674
213.8790062268575
208.230402469635
212.88507843017578
217.5795865058899
218.99057388305664
211.21073253949484
211.14630468686423
211.2538731098175
216.4215472539266
212.16035143534342
207.35471812884012
205.70411038398743
