957.6696214675903
865.0796451568604
847.7715764045715
890.2475380897522
847.5886473655701
837.4899973869324
821.5754127502441
852.5132260322571
841.0505862236023
860.3165597915649
848.1887674331665
869.8048553466797
854.2777256965637
835.5094480514526
854.9414277076721
854.0404014587402
832.5295581817627
824.060830116272
836.6730217933655
827.3308277130127
823.2849531173706
862.1562457084656
833.0839056968689
837.4262542724609
847.4344873428345
808.3984780311584
826.9243545532227
833.0204849243164
823.5707898139954
825.7761726379395
843.6493067741394
817.2710199356079
842.9097738265991
836.7279810905457
816.1162300109863
846.3219242095947
832.5771842002869
817.1783466339111
827.1827116012573
824.1293277740479
827.2236490249634
807.3141198158264
814.463180065155
843.0187253952026
845.7993273735046
817.1532039642334
830.9247789382935
859.7406959533691
817.6094789505005
825.5587530136108
835.9640307426453
830.6463561058044
840.0950036048889
825.1345510482788
837.2081093788147
842.4700994491577
836.2037725448608
834.6205902099609
833.7617101669312
835.0554294586182
838.4252724647522
825.5344967842102
825.963372707367
846.2311849594116
837.4893527030945
813.9366345405579
819.8473377227783
834.7988452911377
830.5353093147278
819.488329410553
831.4287605285645
824.0258560180664
814.2922582626343
833.0148439407349
831.8992991447449
833.4066505432129
820.5647096633911
821.35356092453
823.185188293457
834.6518573760986
811.8497123718262
831.4007167816162
835.9413862228394
818.732518196106
815.954656124115
820.4057950973511
819.0226259231567
829.2064547538757
819.3195028305054
844.2269434928894
820.6679396629333
819.6515955924988
818.265202999115
823.8691172599792
814.7884230613708
815.605318069458
818.0204648971558
834.3615884780884
842.1752371788025
821.6970162391663
834.7961859703064
796.7293782234192
809.1734685897827
818.7496829032898
816.5242342948914
849.5980463027954
833.3985114097595
816.5273771286011
815.3396277427673
828.1282210350037
825.2397956848145
799.3701643943787
812.3343534469604
826.959409236908
833.7679152488708
824.6703786849976
823.2540888786316
829.8444499969482
808.0113453865051
806.2158203125
812.9110231399536
814.3252177238464
806.0065398216248
800.2824726104736
826.7238578796387
831.6211180686951
827.809344291687
818.9168977737427
805.7502779960632
829.2837362289429
823.4961676597595
835.5598139762878
827.0390276908875
823.6147894859314
823.1151595115662
808.1352858543396
821.3027114868164
821.9004945755005
807.5740079879761
813.9244661331177
815.7720494270325
813.0534176826477
827.5393023490906
806.9012804031372
810.6261830329895
823.4100217819214
830.3857426643372
828.6500926017761
814.0606555938721
847.9492673873901
813.1124062538147
815.3494591712952
802.9612145423889
821.6929869651794
835.539909362793
816.8448839187622
827.8109560012817
814.9652276039124
822.581280708313
809.3076434135437
819.1476945877075
815.2274527549744
788.3635578155518
804.3185157775879
808.1222310066223
815.0647506713867
806.8281087875366
821.4609813690186
811.6276187896729
817.6924819946289
819.1378631591797
821.7539095878601
814.9740920066833
823.1201558113098
811.7025632858276
818.4875383377075
813.0011982917786
811.7715444564819
836.0824108123779
836.364782333374
829.9233431816101
816.3049612045288
801.9064311981201
819.3072538375854
822.5160064697266
824.9507355690002
814.635552406311
828.631477355957
824.4830174446106
816.6310906410217
813.7963352203369
802.6222720146179
819.8754620552063
824.4633545875549
808.0676746368408
808.2322301864624
823.0735774040222
805.1866631507874
832.4959540367126
812.2679510116577
