1804.2760162353516
1718.7172419230144
1727.1554069519043
1517.1191749572754
1481.8106842041016
1556.8639704386394
1513.782751719157
1437.9554710388184
1462.386085510254
1433.3534558614094
1338.2406883239746
1349.7448972066243
1442.6035493214924
1384.118466059367
1303.9693857828777
1321.438669204712
1260.7169513702393
1297.1289952596028
1299.2878093719482
1231.6766166687012
1254.0662371317546
1245.7425753275554
1220.6460342407227
1326.992504755656
1241.9125334421794
1227.6580810546875
1258.2866967519124
1249.554183959961
1271.4119650522869
1235.7946840922039
1227.489580790202
1215.1511567433674
1237.140682856242
1166.499579111735
1210.4475275675456
1205.9804719289143
1214.3405793507893
1253.4524192810059
1182.7634207407634
1235.1826655069988
1167.2327009836833
1199.948321024577
1188.2550964355469
1178.7011089324951
1166.9328702290852
1171.5700384775798
1176.2890396118164
1146.13933690389
1145.8642654418945
1138.2524884541829
1115.016456604004
1162.713565190633
1139.704345067342
1123.7063573201497
1150.7900797526042
1178.7751439412434
1114.1353003184001
1147.471903483073
1160.7717628479004
1131.3775946299236
1110.6305039723713
1131.1492029825847
1128.3885434468586
1101.2359682718914
1089.335055033366
1128.9094785054524
1077.4703038533528
1121.6128196716309
1058.0796343485515
1071.1966082255046
1066.839661916097
1070.6001148223877
1050.9808985392253
1121.578290303548
1072.132044474284
1069.8359305063884
1044.4320023854573
1069.3858648935955
1089.7126057942708
1042.2208518981934
1034.9683825174968
1047.951244990031
1097.523593902588
1087.37992477417
1042.0144488016765
1075.045057296753
1034.1852773030598
1036.9837735493977
1011.6783237457275
1037.984862645467
1005.0562260945638
1004.1347643534342
1003.978842417399
1007.0859228769938
979.9116338094076
1026.009121576945
999.9913584391276
981.9919090270996
1008.5945383707682
1010.1789436340332
974.5998338063558
989.6223901112875
1047.4007453918457
1008.0094159444174
963.0590985616049
970.3345425923666
975.2252508799235
989.3754552205404
952.4067357381185
1004.0568504333496
1008.2907416025797
987.6192817687988
974.2361679077148
1004.2127691904703
967.994348526001
979.4174416859945
948.8642361958822
942.7396895090739
954.4229494730631
937.7516136169434
919.2520535786947
897.7938632965088
914.523577372233
941.3985875447592
897.0657653808594
937.9093437194824
906.306001663208
931.3578249613444
903.3689867655436
920.2464567820231
940.7958443959554
930.6316070556641
961.6067161560059
911.643788019816
914.262009302775
912.5974998474121
943.0151144663492
904.4711596171061
919.544075012207
912.0504830678304
993.6646582285563
907.5170027414957
898.1135737101237
930.7491366068522
937.5065180460612
901.0311539967855
870.1060886383057
870.3389943440756
920.6421273549398
869.1495679219564
890.6464754740397
931.0482762654623
906.2583103179932
865.1709480285645
893.4698486328125
860.5344314575195
885.136435508728
877.7065378824869
900.4488954544067
864.0880788167318
868.1338272094727
869.0804875691732
870.9953549702963
854.7406927744547
870.4423828125
824.8831361134847
833.9637330373129
845.5562826792399
864.5235716501871
831.0530179341634
857.140962600708
849.8744812011719
852.3237269719442
866.2773873011271
821.1413764953613
856.3730948766073
849.8189036051432
851.357572555542
871.3718897501627
855.350445429484
859.0854835510254
828.0232483545939
838.7887070973715
841.4482485453287
879.3780555725098
832.1653985977173
847.2574399312338
834.0909868876139
848.3521461486816
831.6372814178467
818.6923999786377
810.4154046376547
843.0285145441691
810.2801485061646
824.7500057220459
817.2403920491537
815.7653121948242
817.0522546768188
797.851154645284
788.0619716644287
