7418.15128326416
6308.210723876953
5657.2238121032715
5257.5401401519775
5798.882125854492
5242.964160919189
5461.107765197754
4807.026371002197
4910.374025344849
4824.325494766235
4975.563488006592
4676.521087646484
4896.261573791504
4895.577564239502
4697.580007553101
4553.68141746521
4692.545993804932
4938.76944732666
4456.264854431152
4515.971603393555
4481.985160827637
4455.91092300415
4353.246955871582
4281.6880168914795
4280.103706359863
4218.941261291504
4613.502597808838
4680.355344772339
4299.302391052246
4333.798778533936
4260.340923309326
4268.088088989258
4190.970363616943
4223.414077758789
4207.435911178589
4229.3235721588135
4155.401544570923
4128.544982910156
4111.305492401123
4043.4841079711914
4290.003793716431
4000.9668865203857
3980.6138954162598
3960.6989669799805
3919.3934288024902
3751.338857650757
3834.8689308166504
3731.008430480957
3848.5433197021484
3831.492721557617
3722.684917449951
3785.873603820801
3686.7386360168457
3663.942615509033
3621.8276767730713
3627.321994781494
3742.020275115967
3732.2204360961914
3799.3661918640137
3704.1805572509766
3637.684320449829
3697.144800186157
3742.608871459961
3567.8176765441895
3707.6363849639893
3647.564100265503
3624.3306617736816
3680.287284851074
3550.5130729675293
3520.2864265441895
3603.1540870666504
3637.1917819976807
3604.9398612976074
3608.957208633423
3523.8637771606445
3490.771511077881
3501.615737915039
3486.2393836975098
3417.022581100464
3306.8374099731445
3558.343402862549
3425.668113708496
3372.6122455596924
3392.7160663604736
3344.7619037628174
3341.2609481811523
3411.4418754577637
3413.613815307617
3588.76216506958
3324.5552558898926
3276.8186740875244
3327.339645385742
3323.9137954711914
3301.760202407837
3249.2394218444824
3257.0852241516113
3290.8457050323486
3225.695245742798
3128.0050144195557
3188.171745300293
3212.0173110961914
3190.505823135376
3175.6384468078613
3081.9961853027344
3291.121307373047
3221.4999656677246
3165.9997787475586
3059.705596923828
3164.7629528045654
3092.3681812286377
3075.0158710479736
3047.6316356658936
2987.709239959717
3043.5936584472656
3067.2609691619873
3011.850070953369
3092.0916118621826
2998.9289951324463
3130.720100402832
3065.248266220093
3106.5676651000977
3035.634391784668
2997.7663078308105
2992.7932167053223
2987.330165863037
3017.9842376708984
3017.321502685547
2956.238353729248
3113.8525924682617
3022.1263313293457
2950.3469104766846
2997.438808441162
2974.2256774902344
3014.3185653686523
3032.793270111084
2951.3155479431152
2914.891233444214
3004.753713607788
2912.6132431030273
2875.468816757202
2915.8611602783203
2926.2057571411133
2863.1534214019775
2909.0761852264404
2963.552291870117
2893.5325355529785
2858.695432662964
2858.7734394073486
2867.2919692993164
2937.023551940918
2851.02530670166
2837.009880065918
2802.627601623535
2841.3921184539795
2867.447338104248
2810.2184314727783
2806.8112773895264
2784.079402923584
2950.221519470215
2815.331741333008
2775.319116592407
2807.349910736084
2786.695529937744
2736.470146179199
2728.4399642944336
2700.254870414734
2714.45548248291
2779.358060836792
2758.635021209717
2675.774291038513
2669.9165325164795
2694.1268281936646
2701.6978340148926
2592.7382068634033
2623.268660545349
2596.30894947052
2633.95316696167
2595.923267364502
2523.4603204727173
2534.9200592041016
2470.8323612213135
2497.1509342193604
2635.618224143982
2498.375672340393
2584.446928024292
2573.320490837097
2584.6841716766357
2669.904767036438
2470.0851726531982
2482.169448852539
2553.3570499420166
2474.8410053253174
2530.362466812134
2525.9860305786133
2537.0236625671387
2492.4436140060425
2556.4534664154053
2479.844235420227
2437.846145629883
2547.2809047698975
