-1.7670629750937223
-10.50922229513526
-15.384103015065193
-23.93774551153183
-26.502635270357132
-32.32967057824135
-38.48813381791115
-38.96992418169975
-44.413025081157684
-43.96147441864014
-43.18897697329521
-49.127396523952484
-46.77399328351021
-44.01222816109657
-56.320375859737396
-50.62981206178665
-57.760045528411865
-59.822761833667755
-55.08945280313492
-70.28467604517937
-53.77612102031708
-57.62532675266266
-63.251543045043945
-68.78636533021927
-64.47987225651741
-67.56514275074005
-65.6464881002903
-72.4318560063839
-65.08573907613754
-72.17813766002655
-67.00622200965881
-73.95766651630402
-64.74325078725815
-65.88891440629959
-74.84854906797409
-66.23560321331024
-71.80385839939117
-65.88340437412262
-77.46367883682251
-74.52779871225357
-72.40315246582031
-66.8803071975708
-84.90693652629852
-74.27996814250946
-75.77670240402222
-79.96682500839233
-76.90620359778404
-74.22797539830208
-77.55095794796944
-72.6137323975563
-73.95801907777786
-77.62124359607697
-80.02093815803528
-63.49507236480713
-78.76091367006302
-77.43289518356323
-76.1008877158165
-70.54837188124657
-70.03253415226936
-68.46168139576912
-77.66382294893265
-75.49589222669601
-73.68490481376648
-70.56165337562561
-75.77592676877975
-82.0756664276123
-75.19682943820953
-83.15401095151901
-79.23223799467087
-74.43578520417213
-82.00355249643326
-76.95466569066048
-80.32565200328827
-79.15928798913956
-75.15468323230743
-69.34903833270073
-81.972914904356
-79.08826196193695
-78.34561136364937
-76.60776031017303
-77.85532930493355
-76.46145233511925
-80.17572775483131
-79.36856344342232
-70.71222734451294
-76.56597673892975
-87.243623316288
-73.26619273424149
-70.51586067676544
-72.15414333343506
-82.23586532473564
-80.56792217493057
-77.80508425831795
-77.22523647546768
-77.5664958357811
-80.5133305490017
-78.25997921824455
-76.44134122133255
-76.78948056697845
-77.39738216996193
-84.64714908599854
-76.92308121919632
-72.64588096737862
-65.98858353495598
-65.39334392547607
-76.033800303936
-71.10034212470055
-74.77526161074638
-74.18433836102486
-76.78630247712135
-79.57962185144424
-70.85069838166237
-74.07883182168007
-69.38935625553131
-70.54128539562225
-76.37055695056915
-73.1428365111351
-70.00407740473747
-71.54502791166306
-71.49008876085281
-71.20395490527153
-77.50477743148804
-71.69316920638084
-75.80313444137573
-70.71555149555206
-73.28477272391319
-73.28746730089188
-75.30750352144241
-70.74376145005226
-72.08660262823105
-82.53543680906296
-73.18111461400986
-79.01047682762146
-78.09243696928024
-71.1657322049141
-79.43127405643463
-78.72637271881104
-83.92447865009308
-73.86539614200592
-77.94973015785217
-73.13423401117325
-75.18046051263809
-66.09816467761993
-70.51597651839256
-75.65545147657394
-78.95712420344353
-76.51123905181885
-81.49970185756683
-70.22224748134613
-72.86344665288925
-70.25534796714783
-80.46456122398376
-77.74065113067627
-69.83040562272072
-77.16459086537361
-65.62737423181534
-77.30668824911118
-71.33564668893814
-78.09277945756912
-69.85662108659744
-74.44420638680458
-80.60700613260269
-75.77845513820648
-80.42585501074791
-73.09394127130508
-68.66621741652489
-73.96982988715172
-73.58972328901291
-67.13396006822586
-71.50803917646408
-74.07566380500793
-78.77758479118347
-72.4318560063839
-76.10053011775017
-80.12324646115303
-72.3042539358139
-69.956698179245
-79.09477931261063
-69.3757574558258
-70.64699339866638
-72.92009824514389
-73.8298881649971
-64.5826288163662
-60.82466095685959
-74.84309947490692
-72.85866692662239
-69.98825243115425
-60.79892900586128
-82.92507264018059
-75.46449410915375
-83.7098593711853
-67.26473015546799
-66.19260582327843
-78.50712984800339
-79.61329650878906
-76.6581363081932
-76.95562767982483
-73.30044156312943
-75.9487473666668
-67.49512404203415
