177.50047890345255
168.05824240048727
157.91233070691428
151.51672387123108
150.69037357966104
142.38601779937744
147.38461573918661
130.98780258496603
121.94915175437927
136.98843574523926
124.18554588158925
128.98321517308554
125.76098608970642
124.37707161903381
121.80686851342519
129.11694304148355
119.51636107762654
116.78723088900249
117.19126240412395
120.71430424849193
116.42047874132793
114.78321782747905
116.34059552351634
111.32775588830312
112.40966033935547
107.16341046492259
107.32181787490845
108.90717069307964
101.4443777402242
111.7156796058019
102.4976266225179
98.84373545646667
100.55167043209076
95.79596853256226
94.7009482383728
104.3786648909251
98.98459963003795
92.66795972983043
93.61237398783366
94.53789830207825
90.6767361164093
90.38942221800487
89.36661628882091
91.91394182046254
90.7874767780304
82.49859368801117
89.33490602175395
88.42896234989166
85.94007094701131
81.47324415047963
87.08694064617157
85.72934150695801
79.68254840373993
76.26434401671092
79.11976528167725
77.66180648406346
81.43115154902141
84.44169171651204
79.79011523723602
82.05244064331055
81.9900770187378
78.15096710125606
78.57701869805653
79.20348076025645
81.92073718706767
78.03081325689952
70.68680554628372
79.87288423379262
79.21143275499344
76.66794566313426
73.09798910220464
73.22133308649063
74.26144645611446
78.42956161499023
66.99851663907369
74.870261490345
73.3786992629369
73.66197903951009
76.12705330053966
75.25452715158463
72.65337099631627
76.60248996814092
73.07083255052567
72.42434785763423
64.96972489356995
75.62248158454895
72.4327322045962
79.57891796032588
68.16208885113399
73.96570261319478
65.82433203856151
73.76513880491257
72.74748472372691
68.66550034284592
75.30354883273442
74.15739427010219
73.301032324632
73.68302321434021
69.16689930359523
69.90870141983032
68.26284525791804
66.41224135955174
60.73237087329229
70.18097267548244
67.64460428555806
64.92915775378545
69.20539911588033
62.69835241635641
69.71766485770543
63.979944248994194
68.75130174557368
65.81926163037618
64.99008864164352
62.303826014200844
60.69142190615336
64.65267133712769
63.28333592414856
62.39046311378479
62.78269646565119
66.30418244997661
70.18627365430196
57.829453428586326
64.36639771858852
64.62680021921794
64.6382564107577
62.59755112727483
67.27105263868968
62.38292394081751
63.54998368024826
68.92301404476166
70.36930829286575
65.88842004537582
61.092223823070526
61.303382794062294
61.45706365505854
60.62329270442327
66.17809394995372
59.866888562838234
68.20539448658626
60.53172183036804
62.49019161860148
49.88093612591425
64.8933025598526
63.3164119720459
66.79907101392746
56.580837070941925
62.5150993069013
61.78340071439743
60.60269091526667
62.57400314013163
60.35798076788584
59.92694501082102
60.47092048327128
63.663055300712585
60.522857308387756
64.27136427164078
58.558112581570946
62.16705308357874
59.508235136667885
59.609032928943634
66.72152958313625
64.45313733816147
59.66656893491745
60.39733866850535
64.28548749287923
65.13278881708781
56.98870517810186
56.8194375038147
65.34953560431798
60.10658860206604
57.00757336616516
52.91016594568888
59.327198108037315
50.59407922625542
59.57418074210485
59.978109220663704
59.12485469381014
53.25820827484131
60.721340934435524
60.45963563521703
59.16840340693792
60.417470614115395
63.263055662314095
62.620582242806755
57.417721658945084
58.4914359052976
57.120363314946495
57.01560195287069
56.39093965291977
62.57349707682928
61.968983272711434
64.53716284036636
57.62804891665777
59.001119454701744
58.234684546788536
58.21570587158203
55.17895084619522
54.772834956645966
60.75756279627482
60.75642546017965
