1.587137633934617
-28.489356949925423
-58.99301344156265
-85.2812460064888
-103.19901442527771
-116.33787250518799
-126.26006042957306
-135.0130134820938
-138.53536450862885
-141.83620619773865
-143.97325253486633
-143.87052619457245
-146.77595508098602
-147.0392278432846
-149.915676176548
-150.36662244796753
-151.52227866649628
-153.76031875610352
-153.46205174922943
-152.00923657417297
-154.29357302188873
-154.17727810144424
-154.05496948957443
-153.29556214809418
-153.25309360027313
-153.51075559854507
-154.12120068073273
-152.91546058654785
-154.2306256890297
-154.27193582057953
-152.77524185180664
-153.7021360397339
-154.00066494941711
-152.63102406263351
-153.20688790082932
-153.92004925012589
-153.5597112774849
-154.10133635997772
-152.21128451824188
-152.87829053401947
-154.27793943881989
-152.81319761276245
-152.9061227440834
-153.42313903570175
-154.08360755443573
-155.0132718682289
-153.24430978298187
-153.14238929748535
-153.23878967761993
-155.85501742362976
-155.76366370916367
-156.47676461935043
-156.8384221792221
-155.37781035900116
-155.94049847126007
-154.86546802520752
-155.487275660038
-153.3602219223976
-154.39210891723633
-153.20083391666412
-154.30263888835907
-154.37670701742172
-153.33212780952454
-154.41686880588531
-153.14254039525986
-155.0263569355011
-154.6703907251358
-154.6392746567726
-154.21248388290405
-154.3861858844757
-154.57961118221283
-153.59944999217987
-153.5196099281311
-154.84078872203827
-153.95139700174332
-154.27495777606964
-154.6656261086464
-154.57632732391357
-155.16891264915466
-154.78837794065475
-154.90300071239471
-154.01779943704605
-155.53313887119293
-155.3645943403244
-154.81472939252853
-155.20807719230652
-155.3693891763687
-156.14087426662445
-156.56475389003754
-156.97801637649536
-154.58729702234268
-155.14894759655
-156.71309161186218
-155.26612895727158
-155.6945818066597
-154.61867499351501
-154.44982826709747
-155.28214532136917
-153.05341285467148
-155.90030646324158
-155.55267077684402
-155.7734346985817
-155.43997198343277
-155.22478860616684
-154.99144327640533
-154.41563987731934
-153.2386486530304
-153.69172036647797
-152.79748344421387
-153.07860589027405
-153.00419527292252
-153.0011430978775
-151.2961356639862
-152.3833748102188
-152.49559009075165
-152.46410131454468
-151.7396982908249
-151.64902955293655
-152.14285737276077
-154.46986383199692
-155.16472220420837
-153.6916498541832
-154.29002726078033
-155.05452156066895
-155.36971151828766
-156.8713111281395
-156.4598718881607
-157.34669494628906
-155.66572213172913
-157.37459766864777
-157.45644229650497
-156.0038185119629
-155.23805499076843
-156.03103625774384
-157.31564939022064
-156.1873116493225
-156.81053960323334
-157.49386417865753
-156.55711841583252
-158.0282063484192
-156.84035623073578
-158.0792773962021
-158.6093888282776
-158.4960252046585
-157.003803730011
-158.44286900758743
-158.37329351902008
-158.76924020051956
-158.8777586221695
-159.9894151687622
-159.1170068383217
-159.90107333660126
-159.3233963251114
-159.6752023100853
-159.8442102074623
-159.90535444021225
-160.79405111074448
-159.68653464317322
-159.5641958117485
-159.5491565465927
-160.12115228176117
-159.42335253953934
-159.70199698209763
-157.2717101573944
-159.34106469154358
-159.65994143486023
-158.92504215240479
-159.16796708106995
-159.4816460609436
-159.7157871723175
-159.33376163244247
-159.89478766918182
-159.4600088596344
-159.11052978038788
-159.476327419281
-159.0732388496399
-159.1155059337616
-160.29145961999893
-159.54650729894638
-159.72655540704727
-158.85307931900024
-159.17417216300964
-160.32095390558243
-158.94309329986572
-159.2674901485443
-159.97805261611938
-159.0663286447525
-159.3461617231369
-159.09382843971252
-159.84349501132965
-160.23997557163239
-161.17981380224228
-161.48854684829712
-161.18796300888062
-161.85164487361908
-160.20409488677979
-161.09357726573944
-160.6128042936325
-160.28707778453827
-161.49150836467743
