866.8846793174744
883.5254197120667
903.1595883369446
1009.5611906051636
910.7662935256958
949.9643602371216
935.4848418235779
915.5424337387085
915.1810078620911
918.0773305892944
848.6461706161499
912.6110563278198
863.8777933120728
831.5676898956299
850.8788719177246
876.795081615448
876.6879029273987
865.7588195800781
851.9439702033997
925.9043564796448
847.9955234527588
855.9842844009399
857.6256494522095
835.2074942588806
863.3971815109253
851.9899845123291
824.4088788032532
844.1319332122803
840.2723722457886
847.4966993331909
853.8648862838745
835.432005405426
821.7361807823181
821.6753387451172
829.1045141220093
825.590503692627
837.6139378547668
848.6433501243591
841.7926979064941
868.4262795448303
855.6170563697815
854.472339630127
840.2855076789856
839.1202416419983
813.440550327301
822.9282011985779
842.1474351882935
854.6622796058655
842.5707507133484
821.1814303398132
838.303991317749
837.385880947113
839.8746023178101
831.5880780220032
840.8383240699768
826.0237312316895
850.7426824569702
825.7361216545105
822.453230381012
812.384316444397
834.1660075187683
835.3655223846436
843.2093906402588
839.1961531639099
828.9416508674622
837.6104726791382
843.0043811798096
846.6114678382874
831.0458183288574
826.1912684440613
824.7093014717102
829.2181396484375
831.9723901748657
852.7358031272888
838.0269384384155
819.4765639305115
813.8028626441956
842.344386100769
824.3573040962219
839.6603255271912
825.8416080474854
825.2281913757324
827.4778156280518
829.7205901145935
801.553466796875
831.4326286315918
840.1509299278259
817.089460849762
823.5081748962402
821.4795160293579
849.4904646873474
824.6898803710938
826.05411195755
807.8731412887573
839.1030769348145
838.2665996551514
827.8142600059509
831.2735528945923
816.6879034042358
818.1344933509827
825.1832246780396
808.0876598358154
819.074200630188
845.1028270721436
830.6747221946716
836.2818598747253
828.8696074485779
824.2662425041199
821.4193186759949
832.2574210166931
824.6525692939758
826.4944310188293
831.6292572021484
826.8992118835449
831.449390411377
822.4949736595154
821.9120988845825
822.391179561615
816.1572480201721
798.1386570930481
804.2304358482361
829.2747912406921
837.8092770576477
848.026629447937
826.0661997795105
813.2691450119019
809.9591770172119
812.304859161377
826.2899050712585
829.4398303031921
812.8874921798706
792.0036039352417
823.8683114051819
823.5475006103516
821.259114742279
813.4690775871277
833.9634962081909
823.9480104446411
809.854012966156
827.1569242477417
803.4312696456909
839.0403814315796
806.9234414100647
832.7616443634033
814.954348564148
801.9068341255188
823.5915808677673
822.2818250656128
815.8415946960449
813.476330280304
817.9721941947937
804.7269229888916
815.743763923645
807.0308618545532
815.0131759643555
816.6390686035156
813.2177314758301
828.4064021110535
810.0059971809387
821.9726991653442
816.299078464508
808.2865447998047
815.5506811141968
814.1775045394897
812.7133469581604
812.5323519706726
828.2106599807739
825.385735988617
818.3648872375488
828.3722338676453
819.5370836257935
815.7200717926025
817.2079215049744
809.8896317481995
815.6824383735657
828.8711385726929
821.3806376457214
822.9594683647156
812.6529884338379
833.1412825584412
832.5173091888428
820.0874018669128
822.952618598938
833.2546663284302
803.2621207237244
789.0023589134216
807.9472799301147
808.8659543991089
810.5703372955322
826.008581161499
832.5341515541077
822.4203515052795
794.0635299682617
828.4703869819641
824.897629737854
821.5987825393677
809.737889289856
811.227511882782
831.0983600616455
814.2606687545776
