162.29948695500693
117.01169594128926
88.23778069019318
65.80164488156636
59.49039475123087
58.27889688809713
53.49845918019613
49.313223679860435
52.34720035394033
50.53363617261251
43.749312003453575
42.048506100972496
40.01206016540527
38.62690778573354
39.808501521746315
38.84220230579376
46.5093248685201
35.831437508265175
34.81118780374527
41.46379637718201
41.02724003791809
33.035546918710075
37.50343590974808
35.20576220750809
42.906175335248314
35.95846768220266
32.324155946572624
33.57903206348419
35.86824258168539
38.30065703392029
35.06338024139404
32.43608617782593
32.85162844260534
34.12075277169546
32.13074131806692
29.43995948632558
30.374300718307495
29.934831360975902
32.49849605560303
30.866405367851257
29.331583261489868
29.11796897649765
30.689468443393707
40.164159615834556
27.940518587827682
30.403560996055603
32.076748530069985
29.1760040918986
30.592369198799133
27.982117116451263
27.143072485923767
29.474300861358643
28.474269211292267
26.425645271937054
27.71822665135066
26.402771294116974
26.18682912985484
27.027248819669087
25.797176867723465
26.41149592399597
25.846689244111378
25.761866092681885
26.774697999159496
27.9524052242438
25.174149731794994
26.241235077381134
24.98763034741084
26.03702758749326
24.67471694946289
25.014297664165497
26.987789173920948
27.09092663725217
24.511208216349285
23.938464105129242
25.28309327363968
25.51136569182078
24.496364255746204
23.78688500324885
24.07668509085973
23.207287033398945
22.996246586243313
23.50655449430148
23.485381990671158
23.064117918411892
22.667753140131634
23.979864021142323
28.519786576430004
26.02705641587575
23.73234272003174
25.128291537364323
22.95271835724513
24.02766943971316
24.532390495141346
22.689794500668842
21.274842441082
22.10393973191579
25.8389534453551
21.172090967496235
21.866588572661083
21.397670219341915
20.206678529580433
21.460950632890064
20.575191150108974
20.830488940080006
20.954968571662903
20.622720330953598
21.61544332901637
19.84078350663185
20.848541527986526
20.17284180720647
19.529113749663036
20.195398430029552
19.276703496774036
18.951033373673756
21.222262978553772
22.115606745084126
18.453872213761013
18.615325967470806
18.377464284499485
19.969194412231445
18.453636556863785
18.15611670414607
17.72091336051623
17.17578947544098
18.010735233624775
20.861718237400055
16.858547548453014
17.363121191660564
17.351278344790142
18.19220359126727
17.115111887454987
17.365365276734035
18.363509098688763
16.242164462804794
17.599083244800568
17.481402307748795
17.791244079669315
17.92622835437457
17.583480089902878
16.67927720149358
15.863185693820318
17.525287707646687
15.630939920743307
18.47774177789688
16.33077989021937
16.334571311871212
16.203137179215748
17.35462659597397
16.05710780620575
17.90731519460678
15.423969785372416
16.194531937440235
15.979457914829254
16.585111886262894
16.42857912182808
16.72950166463852
16.101403812567394
16.578871309757233
16.067020803689957
15.242993632952372
15.220455010732016
15.97098078330358
15.640667736530304
15.777714908123016
15.826380868752798
15.882380962371826
15.756114035844803
15.560072839260101
15.135900994141897
15.39668513337771
14.91098560889562
15.451724956432978
15.027728726466497
15.271243780851364
15.908878783384958
14.412986566623053
16.109282443920772
14.82756910721461
14.572235544522604
15.921509474515915
15.66874697804451
14.632057572404543
14.920089721679688
14.860041876633963
14.091663241386414
14.860729058583578
14.44715091586113
14.586433152357737
15.579569041728973
14.248439818620682
14.639847556749979
14.495175659656525
14.640133062998453
14.955590208371481
13.577962925036749
13.578688452641169
13.909602155288061
13.678157513340315
13.447546909252802
13.824339985847473
