-2.9912587652603784
-9.18146227300167
-12.736090580622355
-16.485172430674236
-21.093350569407146
-23.594846924146015
-27.257104118665058
-30.76711634794871
-33.25165090958277
-33.98833417892456
-35.555700143178306
-38.015012085437775
-38.45020715395609
-39.73123153050741
-40.931168258190155
-41.00088463226954
-40.885926286379494
-41.20764297246933
-42.22924282153448
-41.77375737826029
-43.863158921400704
-44.69446933269501
-44.107084353764854
-45.688174645105995
-46.093437711397804
-45.34026354551315
-44.777771870295204
-46.36853023370107
-45.17550526062647
-46.29542907079061
-46.32466606299082
-46.46414728959402
-45.77713763713837
-45.677345176537834
-47.18263359864553
-46.78742289543152
-46.813214461008705
-46.759566366672516
-48.80213737487793
-48.26850704352061
-47.943479220072426
-47.0155464609464
-48.068318605422974
-47.4592539469401
-48.327133337656655
-48.8103292187055
-49.06089289983114
-49.16842075188955
-48.47329912583033
-49.49933155377706
-48.795842369397484
-49.067216873168945
-50.48828283945719
-49.11381836732229
-48.45619412263235
-49.79218125343323
-49.66405848662058
-49.26281352837881
-49.84107653299967
-49.68034346898397
-49.52894353866577
-49.06612507502238
-49.59306695063909
-49.491962949434914
-48.64861257870992
-50.613620122273765
-50.00442294279734
-50.05975560347239
-50.489340583483376
-50.30958251158396
-50.64006117979685
-49.94075655937195
-50.505795081456505
-49.72744280099869
-49.633464296658836
-50.238901356856026
-49.9372216463089
-48.709400951862335
-50.493453780810036
-49.61498095591863
-50.69471689065298
-49.596358935038246
-50.38355245192846
-50.44204012552897
-50.18496863047282
-50.522831400235496
-50.579109172026314
-50.2448658545812
-50.823065181573234
-50.564219852288566
-50.10157183806101
-50.63294504086176
-50.04162724812826
-50.21915062268575
-50.50834329922994
-50.29725714524587
-50.69586177666982
-51.41722993055979
-50.86910478274027
-50.5213063955307
-50.374612192312874
-50.61644377311071
-50.056345363458
-50.85924939314524
-50.840386390686035
-50.51962864398956
-50.083616733551025
-50.91876437266668
-50.79813996950785
-50.971439361572266
-50.683988531430565
-51.58869401613871
-51.105340798695885
-51.42180530230204
-51.71963105599085
-49.96786340077718
-50.246195356051125
-50.880134542783104
-51.49793926874796
-49.85434518257777
-51.866223176320396
-51.57773506641388
-51.04234629869461
-51.36397751172384
-50.66198194026947
-51.64053386449814
-51.413281997044884
-51.47446624437968
-50.863837679227196
-50.5826870004336
-51.31828637917837
-50.64304010073344
-51.8790899515152
-51.421831687291466
-50.816589534282684
-51.364256064097084
-50.424409906069435
-51.22585767507553
-51.90274357795715
-50.852643966674805
-51.4428174495697
-51.200868566830955
-51.4859951933225
-51.49984057744344
-51.39928398529688
-51.730642239252724
-51.57272617022196
-51.863902608553566
-51.057774444421135
-51.30266137917837
-51.60954680045446
-51.385828614234924
-51.715652545293175
-51.43731468915939
-51.943820436795555
-51.71906546751658
-51.877564112345375
-51.50700879096985
-51.00330932935079
-50.492450753847756
-51.5579434633255
-51.267785449822746
-51.11778426170349
-51.60861233870188
-51.52459033330282
-51.46838506062826
-52.056533336639404
-51.83044612407684
-52.148081024487816
-52.04754741986593
-51.61340034008026
-51.427266577879585
-50.89020927747091
-51.66631885369619
-51.15162412325541
-51.80859967072805
-51.610498785972595
-51.700531125068665
-51.99295179049174
-52.039199233055115
-51.61167565981547
-51.213228483994804
-51.85603413979212
-51.69301207860311
-51.92488396167755
-51.602670550346375
-50.9465825955073
-52.12140782674154
-51.47465670108795
-52.11630827188492
-51.58717453479767
-51.539609452088676
-50.994975090026855
-51.7520517706871
-51.57042237122854
-51.44798596700033
-51.04989822705587
-51.69672443469366
-51.58543872833252
-52.103939851125084
