-6.090609326958656
-14.67492488026619
-20.741275986035664
-25.75099178155263
-29.169718424479168
-33.356860518455505
-36.40730502208074
-39.23877102136612
-41.14805885155996
-43.469551841417946
-44.76040663321813
-45.55499184131622
-47.10820504029592
-47.88872083028158
-48.82599914073944
-48.63470514615377
-49.59825825691223
-48.90485127766927
-49.97410110632578
-50.46916574239731
-50.86299010117849
-50.832918445269264
-50.22438814242681
-50.56260859966278
-50.77919832865397
-50.5663832227389
-50.9306809703509
-51.135004798571266
-51.19013979037603
-50.634502132733665
-50.99931279818217
-51.01362876097361
-51.217864652474724
-51.09361759821574
-51.02267952760061
-51.23380561669668
-51.24406564235687
-51.24558933575948
-51.12674192587534
-51.233513394991554
-50.80172487099966
-51.39457909266154
-51.54418134689331
-51.33076500892639
-51.58781027793884
-52.03738145033518
-52.15230162938436
-52.50244895617167
-52.0646448135376
-52.496230800946556
-52.69281804561615
-52.48734047015508
-52.74703152974447
-53.19741451740265
-53.101339280605316
-52.64695910612742
-52.211817383766174
-52.90779320398966
-52.79810859759649
-52.54148155450821
-52.340532302856445
-52.41477572917938
-52.764542738596596
-53.190516789754234
-53.119097431500755
-52.70177278916041
-52.718531688054405
-52.99989253282547
-52.60992467403412
-52.88213070233663
-52.91711634397507
-52.84377761681875
-53.18938628832499
-53.17210670312246
-53.00173272689184
-53.12600950400034
-53.46681161721548
-53.203325072924294
-53.1589142481486
-52.83483668168386
-53.14013055960337
-53.014512499173485
-53.26999445756277
-53.29755038022995
-53.51573026180267
-53.4700501759847
-53.55898137887319
-53.21982727448145
-53.81810907522837
-53.22094005346298
-53.60188857714335
-53.91230797767639
-53.78033665815989
-53.950380086898804
-53.81355345249176
-53.77043636639913
-53.980844259262085
-53.61118551095327
-53.79562294483185
-53.724181175231934
-54.08416871229807
-53.60224187374115
-53.49545872211456
-53.34723103046417
-53.53219419717789
-53.516712148984276
-53.8345673084259
-53.89397160212199
-53.77681509653727
-53.71707332134247
-53.895619332790375
-53.48416437705358
-53.43283977111181
-53.584492564201355
-53.60002303123474
-53.79900340239207
-53.763871947924294
-53.83166710535685
-53.122779846191406
-53.764680782953896
-53.40568729241689
-53.85894330342611
-54.00942118962606
-53.84659620126089
-53.55989714463552
-53.40592900911967
-52.98314527670542
-53.223949352900185
-52.59172876675924
-53.430996696154274
-53.355666200319924
-53.40898625055949
-52.8937429189682
-52.59004247188568
-52.8909183939298
-52.89104314645132
-52.836516082286835
-53.478821873664856
-53.79897439479828
-53.54079399506251
-53.44802709420522
-53.64601238568624
-54.077106058597565
-53.21856131156286
-53.85892911752065
-53.92503505945206
-53.41172134876251
-53.684696753819786
-53.83722790082296
-53.86091649532318
-53.630103985468544
-53.50606111685435
-53.34545781215032
-53.4236026207606
-53.53746251265208
-53.409972151120506
-53.870210687319435
-53.796211858590446
-54.09486258029938
-53.72019133965174
-54.09528275330862
-53.85218608379364
-54.2690315246582
-54.07645344734192
-54.26667183637619
-54.018412272135414
-53.81283036867777
-53.990861217180885
-53.72923731803894
-53.82019728422165
-53.68761964639028
-53.74072233835856
-53.93933343887329
-53.6640220284462
-53.53800102074941
-53.51553197701772
-53.915035923322044
-53.521497090657554
-53.56393472353617
-53.70831712086996
-54.087456385294594
-53.746114790439606
-53.86732210715612
-54.184369246164955
-53.787846287091575
-54.08476708332697
-53.97057521343231
-53.95881199836731
-53.51952852805456
-53.87723886966705
-54.032675524552666
-53.87247665723165
-53.96321372191111
-53.93968653678894
-53.85263087352117
-53.38881641626358
-54.02590934435526
-53.37344362338384
-53.56165154774984
-53.371578772862755
