147.64540139834085
93.76872332890828
66.87400019168854
62.181387424468994
60.33220930894216
55.061267952124275
54.53338758150736
55.267365872859955
54.7318487962087
47.68671969572703
48.36589135726293
45.65467687447866
42.3986000418663
47.73183669646581
42.31377383073171
44.9398717880249
42.989742398262024
38.503958662350975
39.56004625558853
39.66629409790039
41.185414950052895
40.70046178499857
37.49066444238027
41.33292786280314
40.50244873762131
39.31013902028402
42.47475536664327
38.28126994768778
38.13813098271688
38.4667409658432
45.806783397992454
40.23499721288681
38.64730461438497
37.622792998949684
39.7441752354304
37.134591460227966
36.88896520932516
40.19391018152237
36.14596692721049
36.071837862332664
39.614096184571586
35.340995828310646
35.83938980102539
34.22902443011602
34.276805996894836
32.39729960759481
35.661443968613945
34.565662344296776
37.86298475662867
35.03942779699961
33.502023915449776
38.98269081115723
33.09553819894791
33.07882026831309
35.18872068325678
31.060988306999207
34.20670713980993
34.295509020487465
30.938899755477905
30.172001043955486
32.256943146387734
33.77537727355957
34.02845082680384
29.68462570508321
34.32185729344686
28.33097653587659
32.12040515740713
29.40018351872762
29.368624965349834
28.537500381469727
28.471389989058178
30.9642098347346
34.79596801598867
26.80389283100764
31.379147092501324
30.488965769608814
28.104514439900715
30.57133913040161
32.41979664564133
30.703511397043865
27.239429752031963
32.146556417147316
29.828906416893005
31.11420081059138
26.197042683760326
28.053377608458202
27.284883439540863
27.336166779200237
27.34205251932144
30.660937746365864
29.284472505251568
27.85198825597763
28.257124702135723
27.24698919057846
26.061743557453156
26.85685607790947
29.215585470199585
27.290209730466206
26.690616369247437
25.20547009507815
26.077972491582234
25.061262478431065
27.4527228474617
26.04853653907776
26.60883602499962
24.4416286945343
26.25946976741155
25.38196289539337
24.763040234645207
24.352015028397243
26.432751953601837
24.106262385845184
26.468640625476837
26.495706697305042
25.533629457155865
27.328344076871872
24.93442138036092
25.537947217623394
23.66763092080752
24.47022866209348
23.78964803616206
23.171703437964123
23.10117933154106
23.320565233627956
22.681627690792084
24.506340116262436
27.48436725139618
23.767974495887756
23.63194504380226
22.700959126154583
23.50367499391238
22.639895488818485
24.266729334990185
23.56716137131055
25.1607366502285
23.644908289114635
24.274419049421947
23.596876621246338
24.468729724486668
24.695355157057445
21.863121489683788
22.38608005642891
25.170921683311462
24.448384284973145
24.689242045084637
28.875627040863037
23.35000725587209
23.23991037408511
23.3816952308019
23.195659279823303
24.009093552827835
23.603760838508606
23.173572719097137
25.357414146264393
23.977234939734142
22.769446313381195
22.200058688720066
21.336235860983532
22.362270841995876
24.490018914143246
22.515106121699016
20.277165750662487
20.552806039651234
21.009463886419933
21.745655576388042
21.9800003071626
24.067876935005188
22.150870551665623
20.500874996185303
21.062199294567108
21.037713984648388
21.00097718834877
23.199442863464355
22.00127112865448
21.50457102060318
21.060098628203075
22.898117045561474
22.438336223363876
21.523422221342724
20.270363986492157
22.066343526045483
21.949938237667084
20.49498458703359
21.73432656129201
21.51823051770528
19.687061150868733
22.787294109662373
21.972554395596188
25.69509596625964
20.714115877946217
21.665542125701904
22.966723144054413
21.19451402624448
20.597734292348225
22.293081998825073
20.894263237714767
24.639909346898396
19.748300592104595
21.848238468170166
19.482287575801212
