258.20192098617554
149.6540251970291
111.78455114364624
106.52390080690384
143.15473574399948
93.74852353334427
90.6468488574028
91.80201148986816
85.9789047241211
89.53512179851532
79.91282266378403
85.1501032114029
76.86415812373161
73.20912310481071
71.95352578163147
67.33213990926743
67.55281820893288
63.05008438229561
67.44955798983574
67.58223190903664
60.70645213127136
74.8066446185112
58.87660771608353
66.23742142319679
61.099568247795105
61.564486026763916
68.4078654050827
60.41461685299873
78.73082002997398
61.6098455786705
59.46615093946457
66.29050207138062
60.656267523765564
66.76171559095383
64.31329199671745
66.82414919137955
52.66870528459549
52.75964096188545
57.471554547548294
55.2136350274086
56.22607573866844
53.65862235426903
56.4070203602314
53.02424842119217
55.436927318573
55.39637267589569
49.90152582526207
66.83863946795464
52.458593755960464
56.27658772468567
54.93861189484596
50.37785652279854
57.30855530500412
51.5890109539032
59.121245086193085
56.68589144945145
50.49433276057243
52.63285481929779
50.71862733364105
51.76610258221626
52.91187700629234
51.448444694280624
57.60928016901016
49.180044025182724
59.78674012422562
59.286112904548645
50.33208900690079
49.12168502807617
57.87643110752106
49.504843801259995
58.45279860496521
56.530734181404114
48.13691535592079
52.4322674870491
49.70971727371216
53.25320687890053
52.64735013246536
53.46023601293564
52.11651846766472
49.41090127825737
47.56430011987686
50.91546240448952
47.8065904378891
50.237733483314514
53.70973873138428
49.414855003356934
48.33319640159607
47.3742795586586
50.47837683558464
47.00976121425629
46.76880559325218
51.32866948843002
51.48012989759445
45.65831249952316
47.3258980512619
47.83606457710266
46.88521635532379
48.70080217719078
45.01327610015869
45.310324251651764
48.04542565345764
47.98099756240845
46.97969275712967
42.35608071088791
40.892870008945465
49.64220678806305
46.5270189344883
40.79656280577183
46.600779831409454
44.24800616502762
43.5442430973053
46.60934203863144
49.52223515510559
49.216957211494446
43.063057124614716
40.19500982761383
41.66024523973465
43.394993752241135
43.47771978378296
42.925014197826385
43.933632135391235
54.52615022659302
41.463996931910515
40.52457170188427
42.574019104242325
41.324553832411766
41.11555790901184
45.74514839053154
38.721826672554016
45.109434723854065
40.98297968506813
43.655859023332596
42.72206470370293
56.299373269081116
41.71575100719929
37.240806579589844
46.14288306236267
41.136008992791176
44.64150506258011
41.50643526017666
41.462108209729195
38.5102142393589
37.65994676947594
39.74550402164459
39.745194271206856
39.43008238077164
38.217009007930756
39.844306856393814
36.87030476331711
35.14397743344307
37.27337822318077
42.536209404468536
37.11660924553871
37.37021426856518
33.7604204416275
37.84068489074707
36.52194884419441
35.533306032419205
32.45432372391224
32.69286933541298
32.25276181101799
35.74445761740208
42.4705725312233
35.121081084012985
38.86333225667477
36.1582867205143
34.21177215874195
33.64888006448746
33.60065972805023
36.37960970401764
33.364005357027054
33.92147807776928
34.45068544149399
36.429174810647964
32.230792194604874
30.67399153113365
32.986245810985565
33.94979631900787
32.181710600852966
36.38795281946659
32.97857004404068
37.45443868637085
32.793122708797455
36.867182075977325
31.499579697847366
31.752587884664536
31.209199994802475
32.22879518568516
31.288659796118736
31.935179471969604
34.63643245398998
38.05311073362827
33.16588091850281
38.13254787027836
36.10413831472397
30.636257380247116
31.94517458975315
30.605282336473465
35.381301671266556
32.0698554366827
