-1.8309038309380412
-10.61667736619711
-14.06673188507557
-19.030326515436172
-18.40348732471466
-24.053018003702164
-21.282350704073906
-24.729653984308243
-27.858485966920853
-30.543196260929108
-30.740605503320694
-31.35598896443844
-32.083622962236404
-30.703924000263214
-31.706533282995224
-40.15252868831158
-38.638821110129356
-35.35943782329559
-38.84296175837517
-41.21134130656719
-42.86745098233223
-43.26858535408974
-40.988781839609146
-45.70216107368469
-50.502376198768616
-47.9393550157547
-44.21358609199524
-51.718924820423126
-49.45400947332382
-48.29708403348923
-51.061312049627304
-53.666887402534485
-52.43286180496216
-56.72382706403732
-50.41781684756279
-53.90728396177292
-55.485721826553345
-50.97390702366829
-55.82615014910698
-50.62611520290375
-61.06193482875824
-51.938167691230774
-50.509956270456314
-59.67465075850487
-63.67301517724991
-63.0592257976532
-56.93837583065033
-63.192786157131195
-59.735276222229004
-63.392476975917816
-56.21352455019951
-63.96620026230812
-66.4995256960392
-72.81117185950279
-62.06058031320572
-60.178163945674896
-60.77400290966034
-67.80388730764389
-59.186040848493576
-65.18356984853745
-66.48174148797989
-69.05588346719742
-67.98721927404404
-58.10473984479904
-58.10431173443794
-68.97907543182373
-68.57396215200424
-70.32810658216476
-67.87719994783401
-68.03673401474953
-67.25599166750908
-60.386034190654755
-68.843903362751
-65.61504465341568
-69.39685070514679
-60.62832450866699
-56.98354399204254
-67.09259957075119
-62.622417241334915
-65.12978911399841
-63.59780877828598
-63.42772305011749
-59.64464274048805
-60.99687212705612
-60.43109154701233
-65.86242192983627
-77.99057692289352
-67.41513791680336
-60.342487812042236
-64.84638005495071
-74.35004729032516
-66.4650200009346
-62.412255346775055
-76.54823786020279
-66.38302427530289
-72.16330993175507
-63.929695039987564
-80.55927938222885
-67.26669442653656
-68.3961301445961
-71.10742357373238
-68.36102005839348
-69.20241305232048
-59.04877355694771
-73.63748025894165
-63.18505498766899
-78.92843073606491
-66.75248351693153
-69.98692780733109
-65.49426212906837
-68.75433260202408
-75.0409368276596
-69.61147502064705
-66.04186564683914
-59.56671154499054
-72.65629664063454
-73.7401562333107
-64.94442740082741
-66.25793546438217
-61.9659628868103
-69.56018739938736
-56.59453773498535
-76.38451838493347
-67.14904969930649
-66.3913044333458
-71.84769690036774
-65.74329644441605
-70.81368446350098
-63.58130890130997
-63.4360334277153
-69.48791733384132
-69.51641437411308
-63.24040713906288
-69.39215660095215
-61.00505658984184
-71.12762534618378
-60.50527048110962
-67.10481330752373
-57.88545164465904
-70.2643735408783
-63.73021072149277
-66.34987846016884
-62.591945856809616
-70.3022386431694
-67.49195098876953
-63.250253677368164
-79.7543009519577
-65.25059682130814
-72.22395050525665
-75.43861609697342
-55.85701942443848
-66.34028878808022
-54.294784277677536
-66.95084971189499
-63.49967581033707
-68.43646317720413
-62.897158324718475
-68.9691835641861
-66.34351724386215
-64.56800758838654
-61.19594848155975
-72.74163162708282
-70.0812077820301
-49.60061964392662
-79.76459574699402
-66.59538716077805
-71.7855453491211
-71.73869496583939
-72.29503697156906
-76.40417116880417
-55.408651888370514
-68.88736915588379
-73.50783836841583
-72.1960931122303
-71.31957492232323
-73.44142585992813
-62.04979193210602
-76.21949443221092
-74.28236556053162
-64.09085088968277
-64.29487317800522
-67.99921643733978
-67.59842455387115
-58.08629584312439
-57.998548328876495
-67.29170110821724
-67.77627670764923
-71.96406736969948
-73.2243487238884
-67.85166946053505
-68.17983368039131
-74.62322199344635
-74.06493586301804
-71.59901010990143
-62.85333997011185
-71.86736479401588
-72.44655781984329
-67.55163460969925
-73.52623200416565
-69.05183908343315
