-2.9602030167977014
-14.758414963881174
-26.041858712832134
-34.368552486101784
-40.578851421674095
-43.887859304745994
-46.144794166088104
-47.06281860669454
-48.439117749532066
-48.671506683031716
-49.48501364390055
-49.09495234489441
-49.7968803246816
-49.412351965904236
-50.17003798484802
-49.698882619539894
-49.707398335138954
-50.595789313316345
-50.648678382237755
-50.40950139363607
-50.73137587308884
-50.81319510936737
-51.234459479649864
-51.3912680943807
-50.97485043605169
-50.775458772977196
-51.20261677106222
-51.14533166090647
-51.231285651524864
-51.23562159140905
-51.181693732738495
-51.03268895546595
-51.524867494901024
-51.303969621658325
-51.101028084754944
-51.64338982105255
-51.699839532375336
-52.13066053390503
-52.266699393590294
-51.768200397491455
-51.65818530321121
-52.512842218081154
-51.91463375091553
-52.479119539260864
-53.053019404411316
-52.60637585322062
-53.16019733746847
-53.28453962008158
-52.24078847964605
-52.70250868797302
-53.36201663812002
-52.314994156360626
-52.91831741730372
-53.36574113368988
-52.670857747395836
-52.7909042040507
-52.752852181593575
-52.179542462031044
-52.32544086376826
-52.92079794406891
-52.75041554371516
-52.268985867500305
-51.66671351591746
-52.12805223464966
-52.71948492527008
-51.74024907747904
-52.68801979223887
-52.12121353546778
-52.495771288871765
-52.898319045702614
-51.782073517640434
-51.91179585456848
-51.50544846057892
-50.68954885005951
-52.02973926067352
-52.21114504337311
-52.71947964032491
-52.208778381347656
-51.831164399782814
-52.07624751329422
-52.35877158244451
-51.80095360676447
-51.548372427622475
-51.77701588471731
-52.250680009524025
-52.47531735897064
-51.740667839845024
-51.53672671318054
-51.99953921635946
-52.17690215508143
-51.42412646611532
-51.561130821704865
-52.09965833028158
-51.93248709042867
-52.34342871109644
-52.399183789889015
-52.548739870389305
-51.7829620440801
-52.480050921440125
-52.261201898256935
-52.767663876215614
-52.919960816701256
-53.123878598213196
-52.77711433172226
-52.49230074882507
-52.493394354979195
-52.080672919750214
-52.91712395350138
-53.343236327171326
-53.19591383139292
-52.69697634379069
-52.785657942295074
-52.712637643019356
-52.71919776995977
-52.237208823362984
-52.887138744195305
-53.254065573215485
-53.26850811640421
-53.108612398306526
-53.17679317792257
-53.11171634991964
-53.22171058257421
-53.1411197980245
-53.32456707954407
-53.94851799805959
-53.21756285429001
-53.25288108984629
-53.14303211371104
-52.86838414271673
-53.066556453704834
-52.34746980667114
-52.64515153566996
-52.49422959486643
-52.731141448020935
-52.5584983030955
-52.36695639292399
-53.10439864794413
-52.93658401568731
-53.24953250090281
-52.8345063328743
-53.354936401049294
-53.335957745711006
-53.65149476130804
-53.57641786336899
-53.32445764541626
-53.13727823893229
-53.25261982282003
-52.68131709098816
-52.729966163635254
-52.43596617380778
-52.95220945278803
-52.51271313428879
-52.65525817871094
-52.979645788669586
-53.084861397743225
-53.000479896863304
-53.49472157160441
-53.48744281133016
-53.65184370676676
-53.892558892567955
-53.228723208109535
-53.60258734226227
-53.87840418020884
-53.46146365006765
-53.461989084879555
-52.92037938038508
-53.52784677346548
-53.22161547342936
-52.523064176241554
-52.28234990437826
-53.04609429836273
-52.84269618988037
-53.37045454978943
-53.30470303694407
-53.732149163881935
-54.102053344249725
-53.48700749874115
-54.23009991645813
-53.922489841779075
-53.90458603700002
-53.94395124912262
-54.29404298464457
-54.20068484544754
-54.376641631126404
-53.92945988972982
-54.096280097961426
-53.865733663241066
-53.99611965815226
-54.32313017050425
-54.018609484036766
-53.57392325003942
-54.12015547355016
-53.85857613881429
-54.06438253323237
-53.88215466340383
-53.34672625859579
-53.14993222554525
-53.51411163806915
-53.61664408445358
-53.80045008659363
