-0.18850084813311696
-21.198481366038322
-58.87153083086014
-89.70586228370667
-113.18448209762573
-125.56487971544266
-135.61304289102554
-139.92399334907532
-140.25693225860596
-143.13582837581635
-146.10226047039032
-148.62162446975708
-148.05313420295715
-151.51344448328018
-150.40109288692474
-151.13335299491882
-151.0403271317482
-152.63050025701523
-153.00317788124084
-153.0021504163742
-153.06945943832397
-154.4345371723175
-155.88011980056763
-154.8813635110855
-156.09934252500534
-154.64124900102615
-154.6616472005844
-155.14595586061478
-153.54847967624664
-154.31021392345428
-154.4470077753067
-152.94438070058823
-152.12602508068085
-152.08114904165268
-152.1746382713318
-153.07693374156952
-154.5850305557251
-154.95959186553955
-156.54881811141968
-154.95523017644882
-155.4916776418686
-154.84495902061462
-155.56920087337494
-153.21585303544998
-153.63637828826904
-152.23051422834396
-152.27178406715393
-149.52675050497055
-149.12008595466614
-150.5264436006546
-150.45572984218597
-151.15275394916534
-152.5830454826355
-152.69828271865845
-152.92851543426514
-154.43141448497772
-155.41614890098572
-154.52113634347916
-156.05429524183273
-155.29932010173798
-154.45945823192596
-155.15420579910278
-155.15943378210068
-154.96223104000092
-155.78506922721863
-156.93067240715027
-156.7702670097351
-154.5154047012329
-155.6261848807335
-154.5449594259262
-155.9152752161026
-154.2433380484581
-154.79057389497757
-152.92716562747955
-151.7703207731247
-149.2187830209732
-151.02867245674133
-151.83934223651886
-151.43760347366333
-151.45688354969025
-151.52366876602173
-153.21550047397614
-152.5121705532074
-153.65342211723328
-154.49590301513672
-154.6119259595871
-154.91130101680756
-154.7114087343216
-155.18851506710052
-157.21818125247955
-156.5194749236107
-155.2045415043831
-155.2256246805191
-155.86926090717316
-155.44111025333405
-154.86157977581024
-155.72136640548706
-156.47302746772766
-157.67913019657135
-158.86578160524368
-158.46685326099396
-158.3856633901596
-161.15467113256454
-160.6889676451683
-161.88462448120117
-161.6467159986496
-161.82420551776886
-160.5692881345749
-161.06152439117432
-161.49422812461853
-158.848566532135
-158.95769941806793
-159.16766488552094
-158.82002919912338
-158.67566031217575
-159.3560938835144
-159.5011175274849
-158.63072383403778
-159.26763117313385
-159.1821601986885
-159.36539143323898
-157.05545902252197
-159.41562640666962
-160.07223689556122
-159.17139196395874
-160.13579869270325
-158.84834492206573
-159.01555979251862
-159.14907985925674
-159.84215527772903
-160.2687042951584
-159.1301120519638
-160.44841998815536
-159.40522080659866
-159.44548332691193
-156.49484598636627
-158.72269201278687
-159.28241860866547
-159.40544241666794
-158.68734520673752
-159.44045680761337
-157.51534020900726
-156.77487045526505
-157.34667479991913
-152.13414406776428
-153.1087247133255
-151.44963085651398
-151.9280567765236
-149.54906260967255
-152.7655313014984
-153.59881538152695
-151.3472671508789
-153.2873323559761
-155.45990681648254
-155.97946155071259
-156.19352680444717
-155.75447696447372
-157.38279724121094
-157.4978128671646
-156.95176565647125
-158.0488966703415
-158.9736351966858
-157.74634855985641
-159.11353158950806
-158.94466471672058
-160.2023824453354
-160.51022905111313
-160.21406733989716
-158.7899808883667
-161.28791922330856
-160.83604621887207
-159.32792925834656
-161.16713166236877
-161.6847321987152
-162.10186278820038
-161.57442075014114
-161.40104109048843
-161.87823808193207
-161.7671308517456
-160.36969804763794
-158.8997282385826
-160.15000188350677
-160.39903116226196
-160.65680396556854
-159.2950604557991
-158.45560151338577
-158.25759291648865
-158.41031247377396
-154.01110076904297
-156.17101323604584
-153.84080350399017
-153.15379214286804
-155.64344024658203
-155.6479429602623
-156.28433656692505
-156.949700653553
-156.6258578300476
-156.70656418800354
-156.42533093690872
-157.08578938245773
