600.2444109916687
570.3794724941254
552.7127177715302
529.0584216117859
509.4672453403473
511.12339782714844
528.010085105896
492.5492103099823
483.96637320518494
484.5925626754761
474.2931742668152
466.6325170993805
470.87526202201843
467.2933180332184
457.57362127304077
467.3170907497406
458.6769976615906
464.38502836227417
457.16710782051086
451.8532609939575
444.18651962280273
441.13442516326904
444.89019203186035
437.83932518959045
429.05897307395935
423.92781352996826
424.35169315338135
414.34680438041687
400.6770088672638
405.5227749347687
401.65922498703003
407.4729838371277
419.03893423080444
398.6727271080017
398.4731571674347
405.4786946773529
409.46614480018616
393.0151026248932
398.32802271842957
390.39490604400635
394.1935443878174
383.20684242248535
376.7796266078949
374.23244047164917
391.0468828678131
379.77647972106934
384.00737857818604
374.52407932281494
375.1431369781494
381.58759808540344
370.71488428115845
375.4527060985565
365.2302768230438
371.69347405433655
361.238716840744
363.35960578918457
363.68795132637024
356.8277497291565
359.8471667766571
367.74720311164856
373.2999858856201
357.3108193874359
357.899133682251
357.6784906387329
353.2895233631134
360.96037459373474
354.63586497306824
350.6148912906647
357.5662753582001
346.65032744407654
343.9759774208069
343.99600291252136
343.14211916923523
347.151730298996
343.3750514984131
357.8780605792999
351.03522515296936
343.5681746006012
347.1601514816284
339.24786615371704
337.9852327108383
338.0120475292206
343.98790407180786
342.9457323551178
345.36938095092773
330.5103452205658
335.61138594150543
331.7291603088379
345.0181894302368
336.52300918102264
339.4940950870514
339.3851435184479
352.32100677490234
333.2351417541504
331.20186936855316
335.52362835407257
343.24273014068604
332.64960765838623
340.91026401519775
334.5747343301773
333.4312868118286
330.56322944164276
329.65466845035553
343.5428304672241
327.4257345199585
327.7204557657242
334.6457905769348
331.82447278499603
334.3553605079651
323.354616522789
331.8921242952347
334.1535744667053
319.5396999120712
329.0673816204071
315.66944122314453
319.3722634315491
334.1881456375122
321.6897003650665
320.3873987197876
313.03320813179016
313.23807656764984
315.83726048469543
325.8205523490906
311.01081478595734
318.3509029150009
312.99436593055725
324.08484184741974
328.81134140491486
320.26192712783813
319.192577958107
313.1864011287689
325.9276705980301
320.7528337240219
323.04879462718964
322.96905529499054
320.7310152053833
316.263436794281
318.8014361858368
314.48827970027924
324.4454417228699
316.84729874134064
321.7241909503937
312.1522275209427
315.1670914888382
309.83001589775085
311.5383676290512
319.6660176515579
315.65342485904694
307.29364836215973
312.8016457557678
318.56586468219757
315.31365633010864
313.1423007249832
305.1843032836914
303.7936396598816
315.7822608947754
315.04617297649384
308.18270766735077
299.24505269527435
321.8230894804001
303.3030352592468
308.30175256729126
306.63635289669037
309.3597391843796
310.00043404102325
312.78369534015656
316.3330022096634
299.6459654569626
306.1715157032013
312.0535304546356
315.7020380496979
305.2679510116577
306.16895711421967
321.87823009490967
316.0924948453903
300.6829192638397
301.93457293510437
292.68237268924713
324.48297441005707
306.09600710868835
301.60199666023254
296.69178235530853
298.2922502756119
306.77898919582367
293.7897380590439
303.35837733745575
296.906502366066
297.78151965141296
299.1989578008652
295.61755776405334
295.55276703834534
295.4666211605072
314.8983187675476
304.6701477766037
313.61219465732574
307.76904225349426
298.3777514696121
280.7462730407715
294.8399683237076
299.0502977371216
