133.25463032722473
107.26839586098988
98.87195201714833
91.49437952041626
87.85923465092976
73.34773498773575
68.21766064564387
60.10725233952204
66.25188291072845
57.333288391431175
59.43697464466095
60.157669405142464
58.272355457146965
52.31409097711245
52.314618150393166
48.46034119526545
45.7510693470637
46.890137016773224
50.03873880704244
45.79984121521314
44.358861754337944
42.95438688993454
41.22535120447477
43.52550733089447
42.626808087031044
41.16556995113691
40.63693806529045
35.51122790078322
35.53655032813549
43.02070793509483
38.20243172844251
38.25691765546799
39.39392390847206
35.72799162069956
31.625611384709675
34.50559510290623
31.14304241289695
32.59369903306166
34.58277387420336
34.32092943290869
34.997265964746475
30.61603980511427
32.76148411631584
30.194088163475197
35.603983456889786
30.88599427913626
32.30066844324271
30.26151815056801
29.94873024026553
31.31657559176286
30.618762349088986
25.355836662153404
27.60546857180695
27.013948515057564
25.593108505010605
26.63409637908141
24.77035540466507
26.265562061220407
26.78946151273946
28.563622564077377
27.673565953969955
25.39490545913577
27.748192199816305
27.576448758501403
28.23272121946017
26.08951973418395
21.227948940048616
28.012740520139534
21.269016105681658
22.168908521843452
20.6099834566315
25.51132630308469
23.615519528587658
21.351831879466772
21.630042398969334
22.82966439984739
21.42350819086035
24.00876937309901
23.750172053153317
21.57252927000324
18.73971184777717
23.286468231429655
18.62879070887963
19.330215853716556
18.3966802097857
18.6856138681372
18.705947399760287
15.975328465302786
13.85821262995402
14.550591496129831
15.467792595426241
19.414090804755688
17.015120429297287
19.724429614841938
15.470557858546576
15.414983247717222
14.779011438290278
16.38785353799661
19.202347396562498
18.615107094248135
16.5503347342213
18.23958937327067
15.686543812354406
15.000034178296724
17.0342991600434
15.83012868463993
21.70348334607358
16.474638710419338
16.562963723554276
15.778595384210348
19.672703226407368
19.839679921666782
16.322135287026565
20.5550478224953
14.252933534483114
17.12044147650401
16.097356095910072
15.85266413539648
15.221119602521261
11.550312439600626
11.456570128599802
13.037870248158773
10.817855169375738
11.765700176358223
13.445670172572136
13.526860947410265
10.430824637413025
12.540700669089953
14.888229742646217
12.146837304035822
12.830683534344038
17.62515153735876
11.675079748034477
12.656900589664778
13.23036386569341
13.253082330028215
13.412381748358408
11.039067675669989
14.549743130803108
11.206959242622057
11.551923990249634
16.325992183138926
11.26402131219705
12.164925451080004
11.825262183944384
11.795306622982025
7.944320658842723
10.768462608257929
13.665855874617895
9.343150754769644
10.993440667788187
15.400738125046095
10.328692158063253
10.329782063762346
14.575099021196365
13.904878318309784
10.26603832344214
15.16177082558473
16.468511278430622
15.579108729958534
15.13481530547142
10.484028200308481
11.923891067504883
11.653311883409819
12.868251318732897
9.138040433327356
15.823854943116507
11.748778199156126
9.78983930250009
11.84894828995069
9.580265879631042
10.349773128827414
9.854142010211945
10.926982109745344
7.293694878617923
9.231304258108139
9.781411826610565
8.772151072820028
7.643709192673366
12.030899812777838
12.77739242091775
9.83845967054367
13.361694013855109
10.116426289081573
12.738652224342028
12.857023944457373
9.823779175678888
10.927817702293396
15.431995771825314
13.858796474834284
12.47928466896216
11.709308003385862
9.844543404877186
13.866319393118223
8.859172667066256
9.727370773752531
12.189053744077682
12.699071739489833
11.505799611409506
15.623590213557085
