862.5463600158691
850.4881935119629
837.891393661499
810.3316431045532
797.8495163917542
791.5156588554382
772.7418208122253
769.3880143165588
791.6918992996216
787.4307808876038
793.4395565986633
771.1962718963623
782.961187839508
786.9795022010803
773.0108151435852
753.2610869407654
762.9760694503784
792.179844379425
772.3273696899414
737.9669299125671
753.4258842468262
742.7302570343018
767.6240787506104
762.8617992401123
755.9930958747864
745.8560872077942
745.7410917282104
744.2168979644775
740.7420520782471
728.1126956939697
726.8653936386108
726.0032095909119
723.4292287826538
718.8771162033081
731.04358959198
736.1635880470276
701.933132648468
730.8626751899719
729.9700298309326
718.1142134666443
724.0434513092041
698.80899477005
707.0064721107483
713.1814956665039
701.279100894928
684.8302345275879
707.6476101875305
693.2553658485413
677.4480404853821
702.9751834869385
686.7430114746094
690.6190118789673
692.7820067405701
693.3336143493652
665.2199594974518
680.8129677772522
704.5684390068054
684.0183358192444
689.2363262176514
674.244163274765
673.1212046146393
683.09974193573
694.0413966178894
698.3569102287292
673.3769426345825
665.1305499076843
680.1074419021606
664.8964893817902
669.2853357791901
669.2863833904266
642.6795561313629
689.5827631950378
657.0784890651703
646.0351758003235
656.6880121231079
664.942987203598
649.2145953178406
640.9672758579254
645.8859314918518
656.6364777088165
643.4216275215149
666.711677312851
637.7246370315552
628.4135892391205
654.0043947696686
649.9429268836975
629.3060331344604
645.6634752750397
637.0355505943298
638.4982576370239
628.3651170730591
636.8399696350098
632.1262428760529
623.3501214981079
606.327526807785
613.0573813915253
634.301043510437
619.0055165290833
616.269921541214
591.5264320373535
602.5116834640503
596.3885569572449
594.8112976551056
593.7722284793854
597.9112598896027
606.9807124137878
599.2315320968628
601.2141363620758
601.1140089035034
606.654260635376
594.7845432758331
607.5099575519562
591.154046535492
599.9887938499451
584.6773109436035
592.076709985733
598.0866944789886
583.0233342647552
586.6058423519135
600.1637046337128
570.7184553146362
561.729386806488
567.2078294754028
576.1995975971222
574.1749277114868
567.9230256080627
550.4744157791138
566.4957761764526
584.1815087795258
570.4345123767853
561.3353238105774
575.4372589588165
552.4323205947876
567.7954185009003
576.7408499717712
561.5143041610718
553.9615106582642
554.9662101268768
572.3306887149811
560.5391795635223
563.7292363643646
566.6561412811279
537.8262829780579
543.8014142513275
546.8439996242523
533.6841087341309
552.4278481006622
526.3216178417206
544.6588840484619
548.058664560318
528.658637046814
541.6904373168945
529.9857187271118
524.0247302055359
528.511004447937
506.705379486084
540.1173281669617
505.67420768737793
535.5484538078308
508.63475704193115
531.3989865779877
525.6924467086792
516.8288094997406
514.284322977066
522.6190373897552
519.0338699817657
533.133306980133
524.1445205211639
495.8533761501312
513.8576228618622
517.6100051403046
507.3302392959595
507.43000411987305
505.56090450286865
497.99481439590454
500.3955364227295
494.019371509552
512.9926989078522
510.688316822052
499.97137475013733
508.8715171813965
503.35286235809326
500.78565073013306
497.1553957462311
487.64369010925293
509.4646666049957
483.30025362968445
504.9627184867859
493.44648933410645
482.6195077896118
490.9003105163574
501.1840250492096
494.5321772098541
491.70076608657837
463.9946722984314
491.59471559524536
480.59733605384827
474.8977265357971
482.1908736228943
475.95907759666443
