4.47385211661458
-8.486132010817528
-22.37186387181282
-33.42928463220596
-43.40106284618378
-51.32112467288971
-60.172769755125046
-67.41089206933975
-75.66653198003769
-80.02323484420776
-87.16703689098358
-90.70602881908417
-95.10760772228241
-97.92019206285477
-103.99437296390533
-105.94838953018188
-107.76197582483292
-112.82010477781296
-117.70830917358398
-121.48401087522507
-121.94286459684372
-124.55309879779816
-128.34188556671143
-128.7010349035263
-131.659912109375
-134.40803813934326
-135.13299518823624
-137.90375566482544
-137.23162239789963
-141.08543157577515
-141.11926740407944
-141.1414384841919
-143.17344164848328
-144.450439453125
-146.54598426818848
-147.0904197692871
-145.5914694070816
-146.23018991947174
-147.37901651859283
-148.21707528829575
-146.77361810207367
-147.40475350618362
-149.7667139172554
-148.97668409347534
-151.68246245384216
-150.83035159111023
-151.56740653514862
-152.5537325143814
-152.64207434654236
-153.1233912706375
-152.7337201833725
-152.81833493709564
-151.91926288604736
-152.02883899211884
-153.27821612358093
-153.73835921287537
-154.10780334472656
-153.3147817850113
-153.31917369365692
-153.87104320526123
-154.45097661018372
-153.5277087688446
-155.57423746585846
-155.97859525680542
-156.68574291467667
-154.08977234363556
-153.96229618787766
-156.41270923614502
-156.0032040476799
-156.00357675552368
-155.9930603504181
-154.63107508420944
-156.40509390830994
-156.81316870450974
-156.00807946920395
-155.3536246418953
-156.04262042045593
-152.96470838785172
-155.03886783123016
-156.8956680893898
-156.7626315355301
-157.26139521598816
-156.6715497970581
-157.68043971061707
-158.28172826766968
-157.71748888492584
-157.39935755729675
-157.9951058626175
-155.77545940876007
-157.37294566631317
-157.48749792575836
-157.3398653268814
-158.95814263820648
-158.5786656141281
-159.0526089668274
-158.4120752811432
-157.89612674713135
-157.91381525993347
-158.6283667087555
-158.64708268642426
-157.29409277439117
-156.58320796489716
-157.37025612592697
-157.51259022951126
-158.87612676620483
-158.18675827980042
-159.29889833927155
-155.36197531223297
-157.2492771744728
-157.6634966135025
-158.69950354099274
-155.5450957417488
-158.87387037277222
-158.74937587976456
-156.8743633031845
-159.9477323293686
-159.68306946754456
-157.4957377910614
-158.67605316638947
-157.05223560333252
-159.53237462043762
-158.45249897241592
-158.2320876121521
-159.70506930351257
-157.9294589161873
-158.55487275123596
-157.34920316934586
-155.39995121955872
-157.0865045785904
-158.48837965726852
-158.27769899368286
-159.19919395446777
-159.20207488536835
-159.02077770233154
-157.47123980522156
-157.69230592250824
-158.90374743938446
-157.71956396102905
-159.05005037784576
-157.51203620433807
-158.0098932981491
-156.2719465494156
-156.66395461559296
-156.48014920949936
-158.45151180028915
-158.87215793132782
-159.11444824934006
-158.57852458953857
-159.03703582286835
-157.67103135585785
-158.50142443180084
-158.73983657360077
-159.2044723033905
-159.19453006982803
-158.9543752670288
-158.06513464450836
-159.44896864891052
-156.74919390678406
-158.76884734630585
-158.20866745710373
-159.07646226882935
-159.10589611530304
-158.54391312599182
-159.46377623081207
-159.7359335422516
-158.89002776145935
-160.1657059788704
-158.79192501306534
-160.08110129833221
-160.48672831058502
-159.24707180261612
-159.47838234901428
-159.70700335502625
-159.24772655963898
-159.46258759498596
-158.89846909046173
-157.61855006217957
-159.74886751174927
-160.06321132183075
-160.1925711631775
-160.00184547901154
-159.179873585701
-160.56046402454376
-158.89987933635712
-159.69715178012848
-159.03791218996048
-159.44177639484406
-160.372740149498
-158.6552318930626
-160.52621519565582
-158.4028079509735
-159.71066999435425
-159.64908254146576
-158.63057273626328
-159.52888929843903
-159.06863540410995
-159.49762213230133
-158.48096579313278
-160.03867304325104
-160.2068146467209
