-7.386516546209653
-38.753047943115234
-45.539256970087685
-47.30782041947047
-48.7870497306188
-50.913073102633156
-51.33567204078039
-50.971646666526794
-51.83750398953756
-52.10877557595571
-52.126679380734764
-52.02359255154928
-52.38135063648224
-51.162354250748955
-51.5891549984614
-51.768403232097626
-51.826268235842385
-51.82628643512726
-50.93452036380768
-48.59799683094025
-49.948943734169006
-51.50200947125753
-51.33788216114044
-52.42949251333872
-52.48930195967356
-52.31203639507294
-52.7714646657308
-52.824278155962624
-51.898356556892395
-50.932062447071075
-51.889330089092255
-52.803874135017395
-52.4532039364179
-52.640816966692604
-51.3603587547938
-49.41882026195526
-50.42855374018351
-51.35335010290146
-51.03902421394984
-51.420558174451195
-52.04218649864197
-51.966399351755776
-52.22354908784231
-50.9524271885554
-50.88174835840861
-51.24275459845861
-50.967956165472664
-51.837234099706016
-52.08873031536738
-52.66744218269984
-52.647362192471824
-52.30805710951487
-52.454581677913666
-52.002642353375755
-52.77686186631521
-52.42080760002136
-51.11819817622503
-51.287800212701164
-52.64534584681193
-53.03447139263153
-53.14145680268606
-53.69097197055817
-53.0029722849528
-53.35462931791941
-53.57031257947286
-53.728545824686684
-54.04134142398834
-54.21635087331136
-54.15528015295664
-54.30744663874308
-54.18520738681158
-54.24326837062836
-54.49756419658661
-53.72692885001501
-54.27591081460317
-53.781084875265755
-54.007694800694786
-54.50828222433726
-54.44647091627121
-53.772079149881996
-54.556918938954674
-54.317211508750916
-54.57102507352829
-54.60607647895813
-54.21011712153753
-54.13169423739115
-53.760550340016685
-54.14568956693014
-53.7389946381251
-53.58723282814026
-53.555076797803245
-53.03986326853434
-54.10999665657679
-54.0913401444753
-53.814103186130524
-52.71373017628988
-53.34389066696167
-54.22120120127996
-54.11944329738617
-54.012327333291374
-54.004213412602745
-54.18644698460897
-54.515353083610535
-54.73094650109609
-54.49132625261942
-54.12213786443075
-53.858401934305824
-54.20437375704447
-53.226468880971275
-53.539605836073555
-53.486006716887154
-53.87780690193176
-53.9335209329923
-54.29684519767761
-54.2715947230657
-54.23268006245295
-54.66010562578837
-55.0423703789711
-54.96810038884481
-54.76516226927439
-54.69751648108164
-54.95724447568258
-54.58131150404612
-54.99913517634074
-54.562235017617546
-55.03074715534846
-55.02612864971161
-54.885542809963226
-54.129107892513275
-54.70352860291799
-54.66973419984182
-54.665996630986534
-54.23765508333842
-54.083753069241844
-54.72097021341324
-54.05498671531677
-54.25375620524088
-54.746652007102966
-54.66494429111481
-54.10019260644913
-54.26592147350311
-54.15212206045786
-53.65297404925028
-54.13141016165415
-53.01137810945511
-53.847887774308525
-53.66055053472519
-53.7236514488856
-53.43995233376821
-54.24806751807531
-54.1020716826121
-53.26073956489563
-53.56641274690628
-53.729181587696075
-53.74314777056376
-53.63770935932795
-53.7828338543574
-53.72779756784439
-53.68587511777878
-53.26427443822225
-54.138977686564125
-53.744508822758995
-54.031086007754006
-54.35616008440653
-54.46263241767883
-54.33105870087942
-53.97859952847163
-53.8828933040301
-53.97018794218699
-53.88922576109568
-54.03393314282099
-54.287236392498016
-53.66975551843643
-53.54484820365906
-53.41220919291178
-53.701129953066506
-53.908485412597656
-54.26567645867666
-54.296568512916565
-54.44427943229675
-53.90251652399699
-54.82060452302297
-54.83953756093979
-54.29917367299398
-53.67690944671631
-52.57041507959366
-53.88464423020681
-53.8963750799497
-54.304079413414
-54.26802666982015
-54.38302461306254
-53.92997467517853
-54.64008371035258
-54.62027963002523
-54.814668436845146
-54.80060323079427
-54.90518013636271
-54.34590552250544
-53.94556641578674
-54.39545828104019
