141.20841419696808
114.16418067614238
108.13270715872447
103.7817047437032
97.12931529680888
92.97636421521504
85.30209732055664
84.74858856201172
79.88782755533855
84.36697284380595
82.5359335343043
74.01546974976857
73.3207301100095
70.95693439245224
65.7776158452034
63.86604696512222
65.93966515858968
58.4996666709582
63.87156101067861
61.847431222597756
59.25070756673813
59.10935378074646
57.272563775380455
51.729841470718384
53.15417675177256
53.92031784852346
50.651780684789024
48.20432712634405
45.66769893964132
45.34829237063726
46.01707043250402
42.726707051197685
45.46929375330607
46.9003604054451
40.465186417102814
40.73269868890444
42.09637456138929
42.17362570762634
38.71591405570507
39.38215000927448
45.07936001817385
38.62974166870117
36.253592063983284
34.70304901401202
34.656808053453766
36.472182638943195
35.86546135942141
31.067111094792683
32.405865182479225
34.065109531084694
34.37141594290733
33.93217180172602
29.441090891758602
29.41438379387061
30.291375622153282
38.9053553044796
31.680066565672558
33.73380554715792
31.249077677726746
29.52577593922615
33.59220835318168
27.707407544056576
27.591911278665066
27.890341887871426
26.81799304112792
26.863086098184187
28.89598249892394
28.173721740643185
24.938851824651163
26.48480362693469
25.44672019282977
24.406308978796005
24.212435237752896
23.123923460700706
26.383909707268078
24.227477074057486
24.463199615400907
27.583970241248608
27.56500228246053
25.643431435028713
26.088696074672043
25.30029155003528
24.46640145406127
25.674931404801708
26.928472116589546
24.769705414772034
21.806770878533523
25.644362439711887
22.929385694364708
22.019820143779118
27.80371407667796
21.950079166640837
27.2187037418286
22.694547119239967
24.28499851624171
22.521812120452523
27.248977303504944
20.933036069075268
20.760120150943596
20.978690134361386
19.39023423443238
24.382058126231033
21.710057523101568
17.228530397017796
19.3169125020504
17.222581612567108
17.84787850578626
20.017792464233935
23.577102728188038
17.937053630749386
18.32934515674909
23.689361815651257
16.297232910990715
17.373296231031418
18.723567654689152
15.967621232072512
19.25246203194062
21.124861262738705
18.283130144079525
18.73807180052002
16.596574070552986
22.399324680368107
14.314600765705109
15.483156313498815
20.253024701029062
18.126024059951305
17.724285058677197
17.518500501910847
17.906430654227734
17.42297848314047
18.558962985873222
17.958104501167934
15.559149987995625
14.035123576720556
17.395162969827652
19.28224467734496
15.530345983803272
17.470352686941624
13.21796134362618
15.15045169989268
13.411648228764534
13.32457905014356
13.638024106621742
11.757575243711472
11.429764419794083
17.294672595337033
14.615218430757523
10.796036233504614
14.003974457581839
17.060286422570545
10.474988321463266
13.881455808877945
14.420062094926834
11.227243093152842
11.27126440902551
11.324794312318167
13.001147165894508
11.883285522460938
12.322692920764288
14.923934499422709
11.284633974234263
8.927477563420931
13.80932779610157
12.243009602030119
19.183333076536655
9.713338946302732
13.073983321587244
11.13392698764801
12.060936748981476
11.552447438240051
15.60902251303196
11.185313547650972
11.473634903629621
13.261488765478134
9.174222300450007
12.953706840674082
9.92069279650847
16.296825220187504
10.598531867067019
10.527069250742594
11.267617290218672
9.191599662105242
14.543826450904211
12.506607925519347
14.037757391730944
13.84827353556951
13.98120042681694
10.140573143959045
12.142271041870117
11.912357692917189
11.579688437283039
14.76487922668457
12.711370592315992
8.50770495335261
10.02379615108172
7.815668135881424
8.475678890943527
10.335415616631508
9.525122970342636
11.886433879534403
