0.7482687598094344
-10.291027665138245
-18.21874637156725
-23.339342921972275
-29.2984981238842
-29.90082673728466
-33.16414329409599
-34.70605579018593
-42.28298968076706
-45.66963475942612
-51.99494016170502
-50.81884545087814
-49.26311254501343
-53.88177865743637
-52.774010360240936
-54.86244350671768
-56.150154143571854
-54.52030274271965
-53.60164338350296
-52.94402053952217
-63.567886382341385
-60.195943117141724
-71.51096040010452
-61.00805336236954
-62.281152844429016
-66.60746490955353
-63.37156504392624
-66.41070035099983
-58.63744008541107
-56.87594223022461
-59.22719484567642
-64.6037774682045
-68.9936916232109
-65.72707861661911
-64.65629401803017
-55.558440148830414
-65.18188259005547
-70.06521156430244
-63.70095819234848
-56.546085715293884
-73.0064355134964
-57.367961913347244
-67.3080347776413
-68.90771698951721
-53.34504410624504
-74.50727963447571
-63.24796202778816
-58.17316699028015
-68.73128515481949
-69.55167555809021
-56.583814829587936
-65.73684960603714
-62.68093740940094
-60.77706515789032
-62.486721366643906
-64.31482815742493
-66.03229108452797
-69.64139741659164
-68.08758848905563
-65.29579520225525
-76.6211576461792
-59.767651438713074
-63.482561469078064
-73.51475864648819
-74.579625248909
-65.85033410787582
-73.5015829205513
-67.0502972304821
-73.5503623187542
-71.97490108013153
-75.39344793558121
-67.1286615729332
-75.82014805078506
-77.04003089666367
-53.28706285357475
-69.20848214626312
-78.69486379623413
-72.14389890432358
-74.97624683380127
-66.71286064386368
-78.8977780342102
-73.6298548579216
-67.95431017875671
-78.97347801923752
-76.93737506866455
-61.55930337309837
-73.17010965943336
-65.9877222776413
-77.50317579507828
-79.07065403461456
-78.25884598493576
-68.71463418006897
-75.50972270965576
-73.47420400381088
-81.55886670947075
-74.34431564807892
-87.0884257555008
-68.01872819662094
-71.94825750589371
-78.63097462058067
-76.28619402647018
-79.14744192361832
-68.33382245898247
-74.93694126605988
-78.97551280260086
-69.2033851146698
-60.80902233719826
-75.0583584010601
-75.31389999389648
-66.96019259095192
-70.75310432910919
-72.63452345132828
-74.75555846095085
-82.58560127019882
-70.28556752204895
-70.33287119865417
-72.99962604045868
-84.1168361902237
-78.61552739143372
-64.91115063428879
-66.51707822084427
-62.70054990053177
-65.60239273309708
-66.31103122234344
-77.16316550970078
-75.15505090355873
-66.63475316762924
-66.16533267498016
-66.47012710571289
-73.80208617448807
-71.37889087200165
-73.00837963819504
-71.93969529867172
-69.76029625535011
-74.76348605751991
-74.29473543167114
-71.06749850511551
-66.0120490193367
-63.748861223459244
-70.51557359099388
-73.3436051607132
-66.14260253310204
-68.04326143860817
-72.56652945280075
-71.29559570550919
-67.61463230848312
-69.16337442398071
-66.65055295825005
-65.76909387111664
-76.48832255601883
-61.11018034815788
-67.1393895149231
-75.69421309232712
-68.29657685756683
-64.53239887952805
-56.26341199874878
-63.681521981954575
-70.46850663423538
-63.16091459989548
-64.49739959836006
-71.34465211629868
-72.65003615617752
-64.4548756480217
-61.328058302402496
-73.32292491197586
-70.86646795272827
-71.33031293749809
-66.58730846643448
-60.39775937795639
-65.01145941019058
-65.79080158472061
-69.15575909614563
-66.03376680612564
-61.548489809036255
-79.04420185089111
-53.38631898164749
-70.95233178138733
-65.7195035815239
-65.37197870016098
-67.90434718132019
-66.73318329453468
-71.627869784832
-70.14020138978958
-60.110180020332336
-67.16356012225151
-65.3449876010418
-69.88421154022217
-78.17253893613815
-74.4764153957367
-74.68139463663101
-70.84587836265564
-62.13415989279747
-68.77443867921829
-67.26271551847458
-73.0587606728077
-77.08830663561821
-69.41463994979858
-63.62384796142578
-70.73947530984879
-71.46942865848541
