157.20028599103293
123.80104303359985
112.11438918113708
105.51326946417491
100.36503736178081
98.39650336901347
93.28470420837402
90.17326935132344
84.94783520698547
86.65579748153687
75.50085928042729
76.07959592342377
74.98711440960567
73.84658471743266
66.92547965049744
64.34574856360753
68.18355480829875
67.75860565900803
62.15960975488027
64.14126529296239
62.997302889823914
62.5711555480957
56.153184274832405
56.26919800043106
55.09258816639582
51.973467061916985
50.00967757900556
50.044167617956795
49.093953708807625
47.526969303687416
43.82055643200874
45.82199723521868
43.286674131949745
40.83088761071364
42.15408627192179
45.49032721916834
42.467122654120125
39.58942033847173
40.43719764550527
41.879753996928535
40.140604635079704
40.09502458572388
42.70951128999392
40.066556652386986
36.38540059824785
37.48824191093445
38.11271075407664
38.86339827378591
36.3439581990242
37.06840114792188
36.12927666306496
33.731043726205826
37.34001672267914
32.994520485401154
33.04422458012899
34.093968192736305
31.51179177686572
32.08997840682665
31.72552257279555
27.575661311546963
31.86384252210458
28.931999750435352
34.69631244738897
29.45962680876255
28.980995471278828
31.023287093887728
30.111178224285442
28.868217416107655
25.974820900397997
29.043280859788258
27.66736721402655
24.320800128082436
27.96774856497844
28.574672972162563
25.28170890857776
27.53110179801782
29.878554394158225
24.997896363958716
26.322591831286747
24.084172062575817
28.446546882390976
24.4594107416148
25.2888370975852
23.561931617558002
21.878436408626538
23.58309126086533
24.532539628446102
24.479217048734426
24.994408458471298
20.96522372464339
20.011891663074493
24.080382297436397
20.735967231293518
21.93142368023594
19.29602399468422
20.10669171065092
17.491200869282086
23.22427307566007
25.64027072985967
23.177834592293948
19.73413923258583
17.781254947185516
21.938874897857506
20.546373908718426
21.20576968540748
18.453647340337437
21.071009811013937
23.483549512922764
20.107517174134653
21.07290117566784
18.662308762470882
15.951885918776194
16.598493605852127
16.29567165176074
22.490653226772945
15.210464507341385
18.210296114285786
18.64254895846049
17.411193147301674
17.5596149067084
20.149186850215
16.184475102694705
18.91687648991744
21.294857919216156
15.623307262857756
18.544389591862757
18.83862463446955
20.23121883083756
19.053392683466274
20.431589603424072
19.17519300431013
16.990383317073185
16.263211253409583
12.449972495436668
12.876692826549212
16.47960523267587
16.650637313723564
19.65075670182705
17.91234941780567
18.368462617198627
17.798275614778202
14.59442396958669
17.673851480086643
13.80004251996676
13.984865754842758
14.837369044621786
16.58780365685622
15.549544814042747
14.068261896570524
15.490054498116175
18.85666075348854
14.71218583981196
16.18043280641238
16.543550714850426
14.708831238249937
14.330034896731377
13.726680000623068
15.953819086154303
14.001460711161295
16.592048820108175
16.63385768979788
18.54337779432535
17.714663167794544
12.972853486736616
13.638041853904724
19.947065604229767
13.426668579379717
14.176880637804667
14.95911592245102
11.95641240477562
13.767000357309977
12.485223978757858
15.578794233500957
13.95555192232132
9.224402775367102
12.466400608420372
12.444498086969057
12.441082805395126
14.267518694202105
16.425064464410145
13.35830188790957
10.304756760597229
9.79044422507286
10.893610119819641
11.945048362016678
13.072152592241764
13.646220530072847
12.668584515651068
14.147483203560114
8.73816129565239
11.103460773825645
14.35647851228714
11.930631160736084
13.506024246414503
9.794041484594345
14.626402075091997
12.093917662898699
10.712576031684875
12.310681809981665
10.547186394532522
