-1.7958397036418319
-6.746555924415588
-13.738339759409428
-20.696456491947174
-25.833780825138092
-33.37531250715256
-41.30933324992657
-43.360901057720184
-53.29843547940254
-54.1247438788414
-59.9427385032177
-70.96802580356598
-74.98571562767029
-78.09680873155594
-73.6564430296421
-81.61954253911972
-90.18432849645615
-96.36131632328033
-101.37730914354324
-97.27192217111588
-105.54737603664398
-101.88633739948273
-104.90617752075195
-92.7061402797699
-91.923091173172
-102.1647400856018
-104.2321303486824
-106.3515989780426
-104.12365221977234
-103.94360411167145
-107.26588153839111
-109.71163070201874
-114.90977692604065
-108.76388502120972
-111.98730421066284
-111.1134352684021
-116.38263773918152
-113.61057782173157
-112.67564523220062
-113.38855475187302
-110.5709136724472
-110.18317663669586
-114.96041482686996
-110.45539438724518
-112.87337177991867
-114.9468663930893
-117.88593971729279
-118.30125713348389
-119.9554352760315
-120.26842927932739
-124.83098775148392
-115.51663595438004
-124.13302683830261
-123.04500198364258
-126.04181480407715
-119.60369980335236
-114.47824168205261
-125.16556859016418
-125.0008317232132
-122.62073957920074
-120.07280802726746
-124.7059895992279
-128.51603078842163
-125.47251868247986
-128.3722159266472
-124.65326654911041
-121.55745446681976
-128.02109491825104
-128.78265792131424
-129.06896805763245
-124.32844662666321
-128.27302527427673
-130.79289293289185
-123.74228799343109
-130.38835382461548
-131.02270257472992
-130.07386898994446
-130.2130098938942
-129.95955848693848
-131.76314210891724
-126.61554312705994
-130.25458192825317
-134.86358785629272
-136.3076595067978
-134.63109874725342
-134.75098979473114
-136.7359914779663
-135.86626261472702
-134.37275177240372
-132.21250689029694
-135.44350111484528
-136.72112345695496
-137.42685079574585
-136.71123158931732
-136.40323388576508
-138.9401856660843
-131.4379998445511
-138.63143247365952
-140.4667063355446
-136.05018889904022
-134.613198697567
-137.17544424533844
-139.19557112455368
-134.93756532669067
-135.2064790725708
-138.69896310567856
-141.001119017601
-138.8125483393669
-138.5685959458351
-140.32194459438324
-142.2828008532524
-142.30597925186157
-140.84131801128387
-141.31515055894852
-143.05568611621857
-138.62437117099762
-143.62401521205902
-141.74574899673462
-141.17690616846085
-141.55966705083847
-140.49841672182083
-140.90828454494476
-142.9209270477295
-140.54316180944443
-144.29348915815353
-142.80919528007507
-144.09102821350098
-145.5436419248581
-143.2883162498474
-143.3780481815338
-147.03985238075256
-144.19506406784058
-147.2204343676567
-143.15893626213074
-142.81845253705978
-147.07986307144165
-146.57775509357452
-144.54647719860077
-145.03222632408142
-142.1861687898636
-145.37892520427704
-144.87723022699356
-146.23887300491333
-145.25901401042938
-144.17844331264496
-144.78197818994522
-147.09930431842804
-148.98768401145935
-145.16620975732803
-144.75493168830872
-145.84758013486862
-145.84769093990326
-146.50748455524445
-149.31898099184036
-148.75509417057037
-147.10330337285995
-146.42536795139313
-148.10166680812836
-147.68160492181778
-148.81289410591125
-147.9737776517868
-150.0291908979416
-144.56267488002777
-147.81681728363037
-146.84936845302582
-147.00990480184555
-145.20675432682037
-150.56742131710052
-146.05086708068848
-148.23703026771545
-145.67743396759033
-148.2942258119583
-148.49821788072586
-150.12736415863037
-150.48171865940094
-147.59187299013138
-149.64796113967896
-153.31625247001648
-149.67278146743774
-150.7370839715004
-149.03868454694748
-150.83351457118988
-151.43246614933014
-152.10414612293243
-149.88079273700714
-150.26744186878204
-149.34756869077682
-150.37165904045105
-150.21874809265137
-151.20766288042068
-150.5515056848526
-152.3839590549469
-151.10268014669418
-151.0482748746872
-149.64667177200317
-151.01695734262466
-150.8225347995758
-149.53940242528915
-150.8518477678299
-153.21824038028717
