-2.9740249862273536
-18.204286873340607
-31.482035716374714
-30.757424195607502
-32.74329539140066
-37.718764225641884
-36.100100795427956
-36.31279124816259
-40.54868630568186
-36.52498267094294
-37.75768526395162
-36.70144404967626
-39.86163908243179
-40.14738790194193
-39.95723291238149
-42.98214968045553
-42.72877617677053
-42.50956364472707
-42.35966442028681
-44.75029607613882
-46.8203759988149
-45.72348384062449
-45.123215635617576
-44.13023511568705
-46.009138305981956
-47.41319227218628
-49.01416585842768
-46.32054670651754
-46.21420959631602
-47.42923174301783
-46.654009540875755
-49.61123255888621
-47.86639976501465
-48.18803083896637
-48.533991038799286
-49.580603202184044
-51.34881889820099
-49.10640734434128
-49.099136650562286
-49.593140522638954
-49.8518785238266
-51.94655327002207
-51.55224144458771
-51.61879082520803
-52.20736006895701
-51.04213194052378
-52.460559725761414
-51.743746757507324
-51.55792369445165
-52.11612266302109
-51.44312183062235
-51.70559859275818
-52.634942849477135
-51.984032233556114
-52.57415213187536
-53.3526664574941
-52.907850086688995
-53.8572789033254
-53.102179646492004
-54.01217269897461
-53.84241300821304
-54.02528464794159
-53.97826806704203
-54.23250265916189
-53.58907528718313
-53.59399120012919
-54.52638498942057
-54.74279020229975
-53.946559389432274
-54.64513556162516
-54.41311506430308
-53.84728010495504
-53.92343266805013
-53.78636348247528
-53.463746984799705
-53.93883462746938
-54.48885711034139
-54.05699098110199
-54.86293284098307
-55.218578934669495
-54.15731404225031
-54.79447881380717
-53.849618236223854
-54.40888047218323
-54.66348763306936
-54.96460771560669
-55.1651411652565
-53.89377595980962
-54.111750622590385
-54.30761414766312
-54.38426132996877
-53.94507213433584
-54.824360410372414
-54.56609404087067
-54.97367628415426
-54.193185011545815
-54.9413615266482
-54.943903625011444
-53.28955864906311
-55.08388723929723
-53.980523904164635
-54.03071500857671
-54.629090984662376
-54.761343598365784
-54.76922877629598
-54.749739607175194
-54.07416319847107
-55.062536199887596
-54.82689654827118
-53.842024167378746
-54.8480659921964
-54.664483865102135
-54.0254273613294
-54.47157243887583
-53.99709556500117
-55.119191308816276
-54.847254971663155
-54.87778381506602
-54.97177896896998
-53.826047698656716
-53.77515033880869
-54.839301228523254
-54.792617440223694
-54.54588852326075
-54.41793145736059
-54.8042568564415
-53.77056483427683
-54.44769408305486
-53.738259851932526
-53.730974992116295
-53.595635771751404
-53.52583769957224
-52.1256076892217
-54.058038075764976
-54.51125534375509
-54.22796732187271
-53.732821504275
-53.167803486188255
-53.91662418842316
-54.67511169115702
-54.837738712628685
-54.72433094183604
-55.04347940286001
-55.25263967116674
-55.0757759809494
-54.93024881680807
-55.30902876456579
-54.80302341779073
-54.51150131225586
-55.30625808238983
-54.962973952293396
-54.866400599479675
-55.41427226861318
-55.11951677004496
-54.331832687060036
-54.257165352503456
-54.387239714463554
-54.39706647396088
-54.460413694381714
-54.174502869447075
-54.38525744279226
-53.913683692614235
-53.89377466837565
-54.52578854560852
-54.59469225009283
-54.816878815492
-54.952735900878906
-54.898852149645485
-54.73132427533468
-54.74622702598572
-55.0649619102478
-55.086173593997955
-55.09930610656738
-54.91064472993215
-55.00510652860006
-55.10971474647522
-55.00367279847463
-54.9676361878713
-55.08803935845693
-54.93241649866104
-54.768519719441734
-55.15718746185303
-55.2628972530365
-54.78460335731506
-54.65202168623606
-54.96727097034454
-55.19574232896169
-55.09439158439636
-54.963694175084434
-55.19211749235789
-54.99603497982025
-54.38890788952509
-54.952727953592934
-54.66316348314285
-54.4640341202418
-54.90281039476395
-54.5869756937027
-54.20638167858124
-54.05518005291621
-54.043006559213005
