650.8761067390442
605.7790620326996
548.3436551094055
544.677499294281
534.5955708026886
511.74974846839905
510.3062207698822
497.81269121170044
475.9234185218811
472.0420591831207
476.75715589523315
464.75447249412537
474.91070079803467
454.4659631252289
456.81555366516113
450.52887892723083
450.07397389411926
453.67054414749146
426.3297040462494
422.1802771091461
427.443838596344
418.8526608943939
434.2019786834717
424.047080039978
415.88356947898865
420.0160734653473
406.69843649864197
410.1991503238678
405.4942879676819
415.5410408973694
396.7300932407379
394.7463607788086
390.728449344635
384.34059953689575
381.87464356422424
384.80255579948425
390.475088596344
382.8292188644409
376.75009202957153
373.9310507774353
365.58497381210327
378.4099917411804
383.05356884002686
364.97711753845215
363.6122815608978
369.406619310379
364.9176857471466
368.0681347846985
367.57164764404297
363.35581827163696
367.1535701751709
360.4457154273987
344.27140378952026
360.3065040111542
358.9408621788025
358.63250184059143
368.6305408477783
351.07547760009766
352.1122500896454
340.5601201057434
353.1362497806549
347.18275570869446
350.935097694397
342.07516741752625
351.82536578178406
352.69081354141235
344.0900864601135
340.99290442466736
348.90692234039307
342.10981917381287
333.816565990448
346.4893579483032
340.69421434402466
327.41010093688965
332.48364186286926
331.3992635011673
325.62128460407257
326.987309217453
340.92674374580383
326.7205309867859
334.15649569034576
330.2461054325104
320.5923275947571
330.2696968317032
332.49538719654083
328.75678503513336
327.1146342754364
336.1456878185272
334.91430139541626
313.06927013397217
319.2058141231537
316.68024504184723
322.4509309530258
316.652503490448
313.07380306720734
318.8386263847351
313.48529267311096
326.00372314453125
322.458203792572
319.6218366622925
322.4510518312454
316.0153946876526
318.34838461875916
313.1442347764969
313.99930715560913
324.434703707695
321.7469764947891
308.90592205524445
317.3081670999527
304.5558171272278
307.58081471920013
302.6031906604767
308.4234970808029
310.6237224340439
318.4611237049103
307.285005569458
299.68827283382416
308.7949961423874
306.09457671642303
305.73377537727356
308.4451342821121
296.9879742860794
304.9936581850052
300.86127507686615
292.9238269329071
306.9607900381088
300.48580718040466
304.7466435432434
296.5604078769684
295.9915751218796
314.3369401693344
301.14169239997864
292.75790143013
304.03980815410614
297.0154539346695
293.19110882282257
301.92834770679474
300.6603754758835
290.9023200273514
288.29147136211395
286.1850072145462
290.6752301454544
300.6380935907364
298.6234163045883
288.8881866931915
291.02277517318726
292.1815137863159
294.21236860752106
282.640394449234
306.799679517746
286.4010568857193
280.2554873228073
297.08381056785583
290.10690104961395
290.82574367523193
287.7006186246872
298.52862763404846
293.24115240573883
285.67016673088074
284.2192050218582
288.04929184913635
286.79939091205597
295.8906821012497
297.06632351875305
283.4165937900543
290.1257379055023
282.58579778671265
293.8142763376236
288.710475564003
289.9050545692444
287.2717628479004
285.7261937856674
276.47717666625977
276.88219928741455
275.04992723464966
286.46570658683777
279.5762927532196
283.87857019901276
283.5929551124573
286.5159717798233
284.5240195989609
285.88966143131256
287.674388051033
280.9559967517853
284.1914030313492
279.8313055038452
279.4310978651047
279.2519563436508
281.4648537635803
280.78308045864105
278.8632321357727
273.1507692337036
271.99875950813293
273.2856491804123
265.31598699092865
280.87037467956543
269.08190762996674
270.99127984046936
279.2884212732315
273.7163987159729
