163.3269648551941
147.9668313662211
137.47339161237082
137.91241884231567
145.129026333491
137.37686824798584
133.76442952950796
119.97618293762207
126.48973353703816
118.78483462333679
118.61299574375153
114.02440782388051
114.11541962623596
107.37965087095897
110.82754961649577
108.62687373161316
107.97489142417908
98.56663250923157
110.48678016662598
97.04048093159993
93.76808317502339
94.75169010957082
92.99044191837311
94.06584294637044
92.8258266846339
92.65782650311787
91.04133605957031
84.24487646420796
87.28064946333568
81.60000971953075
88.78750117619832
86.85079256693523
82.88656103610992
85.54898925622304
84.48984555403392
76.70530581474304
78.55477162202199
79.42602296670277
77.83268344402313
83.03147037823994
85.17456537485123
71.86944140990575
78.65394588311513
74.6383132537206
79.36726740996043
73.62145413955052
76.96659473578136
78.00781806310017
75.45850582917531
80.38550915320714
70.34277389446895
76.20478908220927
83.02259755134583
70.54905656973521
76.5391789873441
74.80385808149974
75.11000547806422
68.68093055486679
73.54749476909637
74.4740393559138
69.10060530900955
76.37837694088618
67.40188680092494
78.46032766501109
71.21168647209804
74.41799523433049
71.77128678560257
69.92882519960403
73.75394934415817
62.64860761165619
69.16147186358769
62.87051008145014
67.81573522090912
69.559488316377
72.027707695961
66.53441665569942
69.62767201662064
65.98452333609264
62.18845409154892
65.69505135218303
61.388313591480255
64.52623097101848
68.1893761952718
63.75999859968821
65.13322812318802
63.277970572312675
63.377934078375496
70.42545173565547
67.2370456258456
62.166332960128784
66.37724266449611
60.30899530649185
68.48098957538605
63.542051096757255
70.20351113875707
68.91307143370311
61.097205897172294
64.25942720969518
64.14129745960236
58.321489761273064
61.13938591877619
57.57998822132746
58.24494111537933
58.955096979935966
61.362859984238945
61.13082001606623
63.72921339670817
61.23496814568838
62.35142252842585
57.54180145263672
57.24634234110514
59.258278588453926
56.37021323045095
63.06360846757889
61.863753616809845
60.0190052986145
63.223211189111076
61.624006708463035
58.71609912316004
62.481053709983826
65.96423991521199
63.51561979452769
62.20481459299723
58.89430143435796
69.70069305102031
63.38079504172007
64.07383768757184
53.477278312047325
61.12315046787262
56.41433735688528
58.98021020491918
52.77650717894236
55.4991657435894
66.44234263896942
56.011976420879364
61.104982713858284
59.48784031470617
56.5100807150205
55.47836483518282
55.65911155939102
52.35498287280401
58.587231417497
64.36878303686778
60.4683932463328
59.76911598443985
59.96121060848236
56.79459563891093
60.991414189338684
56.317829966545105
57.74934037526449
61.944779773553215
58.29124895731608
59.17766765753428
53.788007378578186
56.422378261884056
53.842361191908516
54.16352836290995
54.841730415821075
57.885319332281746
56.072033862272896
56.2094939549764
57.145593325297035
54.63469245036443
57.31154747804006
57.24827015399933
54.64362834890684
60.259612719217934
56.79147004087766
57.5096940000852
52.767188827196755
56.58829360206922
49.36577490965525
53.71727273861567
59.74016682306925
57.32607458035151
57.32554471492767
56.71848483880361
52.46266076962153
56.48627217610677
48.93040622274081
57.05954269568125
56.174986918767296
53.76333315173785
64.16434804598491
50.970555226008095
57.40838495890299
62.430781622727714
52.788857777913414
49.423567324876785
48.58918363849322
52.150482416152954
55.50486600399017
56.382443726062775
57.64580696821213
56.30527847011884
50.234383742014565
59.39030555884043
50.479384273290634
56.823619405428566
51.66267064213753
