1060.3144092559814
862.511869430542
744.3545379638672
716.484372138977
658.3616516590118
655.122880935669
646.1180982589722
613.6420693397522
614.6803729534149
600.2776122093201
647.2560458183289
607.9359726905823
572.8826992511749
563.2344818115234
558.5744652748108
557.8342070579529
535.2607636451721
509.08809065818787
523.695538520813
546.283890247345
524.5353198051453
491.5866973400116
513.3041214942932
507.58202862739563
515.3299195766449
469.06233048439026
492.8707060813904
484.9731276035309
467.3426766395569
472.15427446365356
472.33933901786804
455.8867254257202
463.47453331947327
443.5888977050781
442.9948618412018
468.0081515312195
428.70028710365295
439.9024746417999
436.1412682533264
439.9017493724823
451.2866644859314
430.26739263534546
446.999436378479
408.5866348743439
408.2368133068085
407.718003988266
403.71342945098877
396.4172604084015
415.28590726852417
387.7596399784088
407.2591905593872
414.3859689235687
402.0965623855591
400.2192430496216
387.2630319595337
393.7843313217163
388.7638156414032
383.02560567855835
373.26714730262756
375.84527826309204
361.51004815101624
360.2782588005066
380.9820384979248
364.35709285736084
349.66946244239807
344.0635738372803
351.41341280937195
397.10203552246094
361.21301007270813
397.6632328033447
380.765585899353
340.6363136768341
342.4930031299591
376.70166015625
381.7866039276123
337.4441012144089
337.1626765727997
345.1830270290375
333.77764320373535
326.40161395072937
335.39245533943176
331.11969232559204
358.97511100769043
338.36875915527344
347.06820344924927
331.5548942089081
332.8970252275467
319.4478123188019
324.54887318611145
353.71823811531067
333.51235580444336
323.5808804035187
359.67044281959534
315.1106413602829
325.82383620738983
324.98943400382996
322.86562383174896
298.12968921661377
341.53979778289795
317.61344504356384
295.9412897825241
299.9785215854645
309.0851240158081
289.7491216659546
327.6462768316269
312.6927344799042
290.8749008178711
306.1536660194397
303.50864911079407
312.91319620609283
301.56871485710144
296.86036717891693
316.2540485858917
311.7720856666565
301.37011194229126
307.70743465423584
299.9537012577057
336.19009041786194
301.16103291511536
307.8900212049484
286.7284152507782
300.4136630296707
306.52131712436676
310.31673204898834
283.68516504764557
317.60051107406616
295.2707984447479
308.8380287885666
298.6995897293091
280.5158590078354
298.7402249574661
265.27418327331543
277.6019082069397
286.1390734910965
296.7272198200226
316.11622726917267
294.4000118970871
288.91534399986267
294.10182547569275
295.5977337360382
311.4515770673752
295.8530285358429
278.9744199514389
277.89235842227936
271.6907013654709
281.18272399902344
249.12837874889374
287.39564287662506
278.2332148551941
265.85248482227325
287.55085051059723
297.12525165081024
249.4375650882721
271.6154546737671
244.6112402677536
266.7839320898056
279.1835997104645
255.041277885437
265.71385765075684
284.1320115327835
275.7363543510437
255.46269965171814
264.7124218940735
267.94301319122314
272.12118899822235
257.28836369514465
257.56058144569397
273.08132469654083
274.35648918151855
265.3843637704849
259.1037127971649
243.14762663841248
256.19522166252136
245.7214059829712
256.38189792633057
250.00625681877136
257.7157084941864
237.15940022468567
247.41156554222107
265.40104496479034
238.9039146900177
257.272367477417
273.52347707748413
278.1672959327698
245.69098496437073
256.23829460144043
258.2651604413986
259.18873047828674
233.12170505523682
247.03839433193207
236.87678694725037
250.10247588157654
286.8911576271057
245.12797451019287
268.65506649017334
260.4313988685608
238.32557284832
240.3414387702942
233.04883563518524
239.32956719398499
