217.7240264415741
210.1813146273295
188.95164442062378
188.242067972819
190.37562354405722
185.92871491114298
168.00804003079733
165.1302614212036
175.4175542195638
173.5255331993103
171.26957599322
168.7603341738383
168.05418705940247
165.05159068107605
163.70353070894876
158.85738476117453
167.95533728599548
150.33936301867166
151.94591895739237
151.0608905951182
149.86413399378458
146.06390817960104
147.45000187555948
144.267059246699
148.9553279876709
142.31483070055643
144.34391029675803
138.47908147176108
134.90713620185852
135.8675686120987
131.45288197199503
131.60590505599976
130.16987069447836
124.97216784954071
125.10305257638295
126.74378577868144
120.4897878964742
124.89813629786174
122.08491484324138
123.23559284210205
116.92059230804443
113.74973936875661
114.9532790184021
109.43920811017354
106.29559695720673
107.50987688700359
114.37067166964214
107.1000835498174
110.93451289335887
104.39681867758433
105.15411015351613
102.5856016476949
107.76594718297322
106.3639034430186
101.79404902458191
100.387486577034
99.9882474342982
95.43660100301106
100.00934966405232
97.42848082383473
94.30725979804993
90.46927110354106
95.41997027397156
99.17145224412282
89.2152990102768
89.38389305273692
93.88199774424235
96.38805139064789
94.58051379521687
86.81200345357259
90.8918438355128
86.95374608039856
89.63923414548238
95.07199986775716
86.44623724619548
93.96366099516551
85.36456251144409
86.09648891290028
82.33458183209102
87.46176302433014
86.07131425539653
88.11389609177907
79.99442152182262
80.08400670687358
78.7276048262914
87.59058713912964
82.80450689792633
78.48079578081767
81.84979625542958
86.72125945488612
77.14326705535252
74.08382127682368
79.99332112073898
81.30625796318054
81.15984018643697
77.46237272024155
72.72584784030914
79.12371410926183
74.16660290956497
73.71767512957256
82.10942816734314
80.45650676886241
74.71983140707016
70.16331732273102
68.70898759365082
73.6926925778389
80.91802144050598
75.59406769275665
82.01537291208903
71.90565862258275
72.43935376405716
71.34761863946915
76.08737325668335
75.34058117866516
71.29658182462056
66.74085575342178
73.66433970133464
66.52540568510692
69.18188397089641
71.40829700231552
63.69691584507624
71.87191756566365
71.23435896635056
65.94565794865291
68.39679664373398
70.2928626537323
64.72851939996083
63.68331124385198
63.39995398124059
61.01099361975988
64.93058896064758
65.9880560239156
62.581413904825844
67.0374316573143
62.558999141057335
65.8703430891037
65.64495464166005
61.4095064997673
58.223444283008575
63.811413526535034
65.85742421944936
57.75851287444433
64.5174579222997
63.65249764919281
62.8447802066803
62.90242977937063
56.94372155268987
56.98512230316798
59.29636492331823
62.03825994332632
59.48373395204544
61.86684217055639
64.4752183953921
59.142374177773796
60.489376266797386
58.07022031148275
60.510714987913765
61.84523065884908
50.41491321722666
59.6016130844752
59.882514337698616
54.950299163659416
58.423316399256386
52.29189853866895
54.76184048255285
59.22136276960373
49.00245334704717
53.45978935559591
51.11409993966421
53.62939443190893
55.51891968647639
56.530683755874634
54.89551558097204
57.06641008456548
50.46777480840683
51.43863147497177
48.17334141333898
55.634104291598
49.274251540501915
53.32874269286791
54.4718422293663
46.77971597512563
50.11935178438822
47.00857412815094
50.26876127719879
50.18144977092743
50.33834137519201
49.60534652074178
49.402069787184395
50.49246455232302
50.02301277716955
50.53959518671036
51.80410168568293
51.77933998902639
44.8912545243899
50.801668932040535
48.709884325663246
45.6473362048467
48.40487145384153
48.09276883800825
