27.11046568552653
22.131403187910717
15.499192933241526
12.163890471061071
9.752908249696096
9.934589996933937
9.82418173054854
9.631180673837662
8.646816859642664
9.148945073286692
9.154249409834543
8.555193975567818
8.123160471518835
8.483597119649252
7.861454238494237
7.69230501850446
8.598585138718287
8.498527829845747
7.512890229622523
6.980500881870587
7.129116574923198
7.565355012814204
6.735624233881633
7.0492470016082125
9.744255264600119
7.285435189803441
7.886947125196457
8.391803562641144
6.773963039120038
6.783348247408867
7.59937143822511
6.305176116526127
7.3009619663159055
6.872837424278259
7.234702800710996
6.6104773581027985
6.487292269865672
6.250153084595998
6.248327046632767
5.9597181131442385
6.29482830564181
5.538500100374222
6.6947014927864075
5.733432451883952
5.730623960494995
6.301692637304465
6.883498668670654
7.144435067971547
5.228320422271888
6.015675857663155
6.2988151460886
5.720145595570405
5.559211807946364
6.1510569130380945
5.411843140920003
5.338668497900168
5.102558044095834
5.515846995015939
5.604499568541844
5.251509636640549
6.442472832898299
4.723684673508008
5.206203411022822
5.657110959291458
4.858722373843193
5.369112009803454
5.160974778234959
5.0484354595343275
4.606991405288379
4.8343551605939865
5.0083787987629576
4.855566680431366
4.742746228973071
4.8239486912886305
4.771789401769638
4.374289964636167
5.23943558583657
4.558486168583234
4.907162241637707
4.638207823038101
4.8750631014506025
4.6695608223478
4.946582441528638
5.097197314103444
4.581433179477851
4.98633495469888
4.737357658644517
4.5190108716487885
4.7937441766262054
4.449335704247157
4.442803859710693
5.01040976246198
4.7707927251855535
4.949647714694341
5.149780511856079
4.967469130953153
4.527088403701782
4.719502444068591
5.218253870805104
4.420214923719565
4.610701158642769
4.2950252170364065
4.895564506451289
4.636240974068642
4.671089100341002
4.278867520391941
5.220943197607994
4.364596123496692
4.593526060382525
3.9420963500936828
4.781830022732417
4.24528668820858
4.421453600128491
4.224505707621574
4.368648901581764
4.106342231233914
4.210349467893441
3.9630758886535964
4.216562410195668
4.277877618869145
4.197174489498138
4.518935576081276
4.012219334642093
3.979787088930607
4.033759435017903
4.169941857457161
3.9342824816703796
4.0259863038857775
4.0383412266771
3.992077849805355
4.176705519358317
4.03072847922643
4.095274115602176
4.337520529826482
3.867079257965088
3.908504324654738
3.7937577354411283
3.7555362582206726
3.7827383826176324
4.587666814525922
4.026392005383968
3.8935681904355683
3.751252589126428
3.880014126499494
3.6080707237124443
3.6525833010673523
3.587765405575434
3.470888522764047
3.4303329922258854
4.0524260352055235
3.541617857913176
3.827290892601013
3.4369376401106515
3.580214428404967
3.7125375494360924
4.2710630757113295
3.933956891298294
3.923640971382459
3.4146048575639725
3.485153624167045
3.469709881891807
3.917079190413157
3.7341742565234504
3.5364959028859935
3.5908280039827027
3.8107735266288123
3.5264404068390527
3.685161091387272
3.5808744380871453
3.4213846176862717
3.4982416530450187
3.4330785013735294
3.8178241762022176
3.583894987901052
3.3469516138235726
3.5008367151021957
3.352296588321527
3.690680901209513
3.1741532534360886
3.5242229998111725
3.4820588380098343
3.4826890602707863
3.168628883858522
3.298826893170675
3.522409095118443
3.231939345598221
4.0300638029972715
3.392402653892835
3.451571114361286
3.4088556990027428
3.179227819045385
3.799583022793134
3.1326761841773987
3.4594444955388703
3.459407371779283
3.273478259642919
3.0366867929697037
3.284704890102148
3.270870824654897
3.025811062504848
