714.5215516090393
660.1564917564392
616.0613663196564
577.5719683170319
558.41273021698
547.4743795394897
565.7583787441254
536.4742600917816
527.0119533538818
504.8489317893982
512.2319316864014
495.60706663131714
494.72211718559265
480.6919434070587
480.5691714286804
478.30693554878235
486.3727765083313
462.4532332420349
445.2375557422638
439.5559570789337
460.6612136363983
443.01033425331116
448.2080976963043
443.4512174129486
449.6119773387909
427.1688406467438
431.46876096725464
424.6613025665283
415.98772621154785
428.78812527656555
406.657781124115
420.6467354297638
407.0666718482971
410.8804199695587
397.3501179218292
404.8341317176819
405.00630259513855
399.6915693283081
386.57152795791626
398.0722846984863
393.3986089229584
398.68823981285095
383.4653203487396
382.4908404350281
393.45574402809143
377.78231143951416
382.34518218040466
380.2153482437134
369.16296911239624
371.00612020492554
356.7831859588623
361.8389174938202
374.59479308128357
358.65502548217773
355.4678294658661
356.7341899871826
360.9096460342407
367.2403607368469
354.5267119407654
360.8913128376007
347.7414548397064
352.35469150543213
347.6739242076874
350.4585554599762
352.3286221027374
353.56057262420654
343.36296367645264
360.09037375450134
345.1692066192627
341.89191603660583
333.65686571598053
347.6877043247223
338.39559412002563
335.26736652851105
341.5574460029602
327.3763154745102
330.58573293685913
335.96221482753754
334.5412712097168
329.5707185268402
335.7794872522354
323.7672746181488
321.77518141269684
319.5081909894943
319.452365398407
326.99697947502136
320.7083706855774
327.692694067955
333.76541435718536
327.14150953292847
319.843567609787
313.79514384269714
328.1591228246689
307.26157534122467
319.09857499599457
318.3605731725693
319.46511805057526
312.5275946855545
312.0669882297516
312.6549197435379
313.78055787086487
322.2163667678833
315.6216540336609
308.3396680355072
310.6377846002579
323.1707204580307
314.7693215608597
314.33081567287445
314.649108171463
313.8117444515228
313.71044850349426
313.6596997976303
315.0358580350876
312.4732800722122
309.95935559272766
307.1333638429642
300.8883719444275
304.0435755252838
307.14410185813904
297.17515420913696
306.2624161243439
298.8449054956436
309.6930810213089
296.2690107822418
299.67856228351593
303.8167676925659
296.1244202852249
302.6158425807953
293.8566038608551
302.26581954956055
305.29261016845703
294.5174652338028
291.5129363536835
302.4200803041458
286.20956563949585
303.6319650411606
293.4796451330185
293.1781949996948
293.82831835746765
295.52746319770813
298.0416294336319
296.43908643722534
290.40968084335327
285.72385680675507
283.9322199821472
279.83190989494324
297.81975746154785
291.2745645046234
288.6198168992996
299.6263428926468
290.46228301525116
294.81831097602844
284.37409031391144
280.1492555141449
285.63080072402954
296.2454798221588
285.75488221645355
284.00027441978455
291.5080004930496
273.36933720111847
288.1162180900574
286.2918837070465
274.8499745130539
276.8981753587723
277.101190328598
286.09223318099976
283.17104983329773
270.6037039756775
280.9011583328247
280.23517978191376
280.78154933452606
274.2323271036148
292.1770009994507
282.49902737140656
283.36205756664276
280.65972423553467
273.31109404563904
280.6635117530823
273.1446648836136
279.60338962078094
281.6637588739395
270.857830286026
277.1564316749573
271.8775589466095
281.3446000814438
266.4442844390869
275.4578912258148
277.29644894599915
266.50927662849426
281.8449754714966
275.6900579929352
275.00494039058685
276.81269431114197
270.26030910015106
278.35459673404694
273.924812912941
269.52005088329315
275.5534656047821
272.6757581233978
269.6443741321564
