810.6662340164185
593.9769155979156
572.1874077320099
520.5013718605042
624.2017891407013
544.4120104312897
322.10785841941833
493.0597999095917
337.9214291572571
287.9854681491852
356.4338479042053
308.50273275375366
441.2078788280487
266.3806622028351
324.99995040893555
294.46824765205383
383.40568709373474
460.42018246650696
250.15928864479065
295.8417868614197
531.4805390834808
331.90032386779785
408.0161702632904
264.82151448726654
359.6988089084625
340.9181613922119
273.42135512828827
342.4517433643341
281.37810349464417
445.9312355518341
288.32682824134827
321.6677408218384
364.12472462654114
363.1416220664978
352.5945944786072
450.8564991950989
254.1187756061554
272.8758317232132
280.91991460323334
290.8331172466278
298.59345865249634
314.79408144950867
351.83523750305176
312.4918751716614
309.56507098674774
278.1318584680557
392.0738642215729
368.33600091934204
318.14083671569824
255.7254889011383
337.87092220783234
370.19434237480164
293.82181107997894
440.03330516815186
315.4482340812683
305.7350244522095
306.1739332675934
287.92071771621704
371.60817432403564
392.2141635417938
368.73707485198975
310.89726984500885
290.5104932785034
366.2861077785492
296.91883194446564
364.9788501262665
319.1560928821564
344.7341659069061
307.4486948251724
229.3119660615921
393.75451469421387
292.5565183162689
283.55375027656555
361.7814197540283
365.6347756385803
347.2019753456116
388.94662380218506
250.88066971302032
246.38343584537506
251.9921852350235
312.7998124361038
288.3428244590759
324.57625210285187
357.22801780700684
313.2982134819031
385.0056312084198
264.91646432876587
349.066481590271
262.08749091625214
265.6448966264725
372.1498296260834
273.43712973594666
267.6319532394409
334.23718190193176
306.1227614879608
325.540155172348
253.56881999969482
321.43152463436127
342.10389614105225
291.8352984189987
482.4976222515106
307.8793234825134
281.798397064209
303.15060782432556
411.91050386428833
262.89235854148865
335.1551311016083
281.2990289926529
314.0772131681442
279.1334755420685
438.8654201030731
256.2290474176407
249.24093651771545
429.819176197052
309.38917303085327
405.1783928871155
378.72306632995605
274.60167050361633
321.95748591423035
345.4353804588318
271.8863024711609
320.8283221721649
280.26809895038605
325.12070775032043
301.2969604730606
241.63741445541382
262.20111644268036
291.6513217687607
334.3383368253708
365.41425347328186
363.8360674381256
358.9713234901428
539.6771702766418
356.8752951622009
237.6641070842743
340.73321771621704
312.26740431785583
256.6105592250824
334.62642991542816
352.9486870765686
284.7747814655304
273.63988280296326
419.10420846939087
283.1209659576416
419.8850817680359
258.18656945228577
294.4199769496918
247.19998836517334
253.44369089603424
467.81047534942627
375.7236747741699
382.2031099796295
385.4098882675171
256.35204100608826
317.7836617231369
561.2412402629852
232.48491859436035
437.62255024909973
321.81491005420685
368.580819606781
248.55446910858154
270.40304613113403
400.0432040691376
433.59045577049255
355.75527787208557
444.2947459220886
322.6897863149643
252.6218398809433
229.38842153549194
453.22861337661743
353.0134778022766
350.93485593795776
364.8848068714142
523.5758287906647
285.3251802921295
328.2693033218384
352.8584716320038
271.0618727207184
290.7706232070923
267.25384616851807
304.571954369545
338.0632998943329
372.31579542160034
268.0828894376755
321.2617914676666
297.0713198184967
290.8712341785431
312.1387495994568
287.6376209259033
245.10029339790344
257.93332958221436
278.07039189338684
258.06994211673737
333.6765285730362
263.4284735918045
282.597301363945
382.5743672847748
325.33695888519287
320.00167632102966
272.165611743927
