-0.6321033348795027
-19.702044263482094
-41.73190587759018
-61.792200446128845
-78.90593731403351
-89.98668253421783
-105.7622572183609
-106.7265430688858
-111.27494871616364
-118.83120739459991
-116.8137599825859
-127.38759231567383
-120.35570335388184
-130.27509093284607
-126.00990295410156
-131.02626848220825
-131.0877149105072
-130.50172752141953
-133.37646341323853
-130.44317209720612
-134.7578798532486
-135.2086145877838
-137.00816893577576
-132.6237748861313
-131.19076359272003
-134.8189132809639
-132.11712390184402
-135.7133013010025
-133.9622997045517
-137.98605358600616
-137.12153255939484
-135.6753455400467
-138.85686028003693
-138.17935800552368
-137.03528594970703
-136.13533753156662
-136.65047013759613
-140.80011868476868
-142.16096568107605
-141.4599928855896
-138.88916498422623
-140.93524038791656
-139.73098105192184
-138.83909118175507
-139.80710411071777
-138.06726360321045
-140.0096355676651
-141.34118974208832
-142.67622923851013
-138.1765375137329
-136.77357453107834
-135.21618962287903
-132.25592231750488
-141.20892882347107
-142.12548792362213
-142.9581776857376
-145.83397126197815
-143.5819395184517
-143.47644305229187
-142.2949088215828
-142.51771759986877
-146.15965747833252
-143.28696644306183
-145.0040818452835
-147.64309513568878
-144.03367149829865
-145.45136147737503
-146.0793137550354
-144.67875826358795
-147.66125708818436
-147.83573472499847
-147.57676321268082
-147.75282233953476
-147.74954855442047
-150.2719143629074
-148.1172399520874
-150.29672461748123
-148.97182881832123
-144.00685667991638
-147.53647047281265
-146.87993049621582
-149.28552794456482
-149.62776440382004
-149.01752078533173
-148.26467108726501
-148.6618970632553
-147.8605147600174
-150.81536269187927
-151.66497540473938
-145.50049847364426
-146.91354471445084
-150.17712569236755
-148.52645301818848
-148.14250349998474
-148.6411160826683
-152.7247349023819
-148.953868329525
-143.1623409986496
-146.69674962759018
-151.82717382907867
-149.87593746185303
-148.3258354663849
-146.6963164806366
-147.17183125019073
-147.01751005649567
-150.4439240694046
-149.67916786670685
-152.40120434761047
-149.94256150722504
-149.48298251628876
-149.37525987625122
-146.55604737997055
-148.1654401421547
-149.67052507400513
-146.62090861797333
-152.17546427249908
-148.4659937620163
-149.54939502477646
-149.13966822624207
-146.55427449941635
-148.41286778450012
-149.1478476524353
-152.22032016515732
-149.33631694316864
-149.24847877025604
-150.20704305171967
-152.07763350009918
-150.6763527393341
-149.80414587259293
-149.91183829307556
-150.86564803123474
-152.78927379846573
-150.6381250023842
-151.70907580852509
-152.71506464481354
-149.14551067352295
-151.76571732759476
-151.9044553041458
-153.58506548404694
-150.44417589902878
-149.59316301345825
-152.71047127246857
-152.16742587089539
-152.02135461568832
-150.57631593942642
-150.41648471355438
-151.2302771806717
-150.3549576997757
-151.41038572788239
-153.47686940431595
-153.5347096323967
-153.71134293079376
-150.85955375432968
-148.9332686662674
-153.12151765823364
-148.68284928798676
-149.08763015270233
-152.25407540798187
-149.83326745033264
-150.41673654317856
-151.98872756958008
-152.57765632867813
-148.66941165924072
-152.09655094146729
-149.87275433540344
-148.5836888551712
-151.11171579360962
-148.54375874996185
-152.85860753059387
-149.2494961619377
-148.19216430187225
-142.98463994264603
-146.129558801651
-144.86363142728806
-146.9396846294403
-141.62351089715958
-147.92528533935547
-146.71725863218307
-144.83338165283203
-149.90792989730835
-148.26031947135925
-149.54233372211456
-149.65565705299377
-148.83942687511444
-148.14824521541595
-146.69710218906403
-147.7501529455185
-149.9634734392166
-151.20720958709717
-150.28748750686646
-149.91982632875443
-149.81245625019073
-151.01932454109192
-153.61413669586182
-151.48530000448227
-149.38507115840912
-147.60554230213165
-150.45682781934738
-151.10812973976135
-148.92811119556427
