925.7480206489563
911.1633381843567
895.5557036399841
837.954653263092
875.3946671485901
872.5537872314453
842.4435868263245
852.7358031272888
830.010778427124
851.3743114471436
849.0605411529541
848.1561303138733
849.1491851806641
846.958468914032
830.6621508598328
845.9874138832092
858.8624753952026
840.5567584037781
850.7326898574829
824.2033052444458
827.5202841758728
835.0150561332703
853.1187453269958
859.3253583908081
858.5869536399841
834.7479152679443
832.227201461792
830.3683362007141
844.0131502151489
832.049026966095
829.5941514968872
819.1400389671326
846.1875076293945
823.8614616394043
818.2618184089661
831.7284579277039
836.5040340423584
821.0212264060974
821.6405258178711
822.7017560005188
843.6275486946106
809.5730113983154
821.136866569519
830.2327108383179
849.3247003555298
824.7346858978271
834.6769194602966
828.3504757881165
828.4948043823242
847.8863301277161
815.6675300598145
843.9787402153015
819.958062171936
841.1555891036987
822.9873509407043
829.3844680786133
829.8801493644714
834.1048431396484
838.9101552963257
836.6470732688904
828.3434648513794
827.5558223724365
830.0729904174805
799.4556655883789
828.1025948524475
841.2058744430542
813.6827096939087
826.020830154419
804.848123550415
813.0701794624329
835.0071587562561
835.1255388259888
827.9837312698364
816.762444972992
819.6534490585327
838.1114726066589
826.8740692138672
813.2494015693665
834.1647987365723
827.4070615768433
830.5022692680359
826.6991181373596
820.9720692634583
814.6477208137512
817.6264824867249
831.3273034095764
852.953061580658
831.1153635978699
824.2500448226929
829.5581297874451
819.4851059913635
816.8387594223022
828.7264876365662
838.2331566810608
823.8714542388916
814.1705741882324
816.1970572471619
839.3021230697632
815.4437441825867
844.0908346176147
819.5346660614014
823.942530632019
826.2435684204102
806.8414859771729
820.1789469718933
821.72336769104
836.1884613037109
821.9178204536438
818.0022525787354
809.4531002044678
816.6293177604675
824.2358617782593
807.4632835388184
818.3597297668457
824.8171248435974
832.5119905471802
822.6189141273499
841.6279006004333
820.1346249580383
833.7725892066956
816.8148255348206
819.7723126411438
827.980507850647
816.2357382774353
824.0941119194031
819.555860042572
813.3618988990784
830.7591757774353
819.7699756622314
824.9675779342651
820.4113554954529
834.6242971420288
807.6312236785889
820.0326037406921
834.7966694831848
807.3183908462524
815.2410717010498
811.8710675239563
816.3160820007324
832.8971891403198
816.2129325866699
808.7774715423584
835.9230933189392
819.2082948684692
818.8264808654785
823.9091682434082
824.8967432975769
829.2480368614197
798.2846779823303
843.0654649734497
837.6457691192627
833.8140907287598
810.3409910202026
832.8992037773132
814.2385077476501
807.5062355995178
813.138918876648
825.3941168785095
813.6894788742065
824.6653823852539
815.9365243911743
794.3753957748413
836.9856934547424
821.2484774589539
819.5453033447266
837.4383420944214
833.7019157409668
819.731616973877
820.9853658676147
797.6166243553162
816.8439974784851
816.0072784423828
825.8732781410217
835.6909265518188
831.5834846496582
827.356695652008
804.5333566665649
814.7726283073425
811.0637621879578
819.9141430854797
829.4801230430603
827.4687900543213
822.5229368209839
814.4548797607422
832.7416591644287
813.4907550811768
820.5808267593384
834.6185755729675
833.8314166069031
797.7463669776917
823.4802117347717
812.2474822998047
827.0408005714417
836.3302917480469
831.0244631767273
822.3744177818298
816.7887964248657
809.8935804367065
807.5949602127075
823.2303967475891
