-1.5701592514912288
-6.714402467012405
-9.087409128745398
-12.842672804991404
-14.176087518533071
-18.852105637391407
-16.930653125047684
-16.72726672887802
-17.775011519591015
-21.536147216955822
-20.90356382727623
-17.435405711332958
-22.593191742897034
-20.116848240296047
-20.75330913066864
-18.30505895614624
-19.697374244530995
-19.764385680357616
-22.29198921720187
-23.418524314959843
-24.056503017743427
-25.735995997985203
-20.666263441244762
-24.25419784585635
-26.979210913181305
-22.822400728861492
-22.76879870891571
-20.91427304347356
-24.762887835502625
-22.76041567325592
-27.10198650757472
-20.9307545820872
-22.91884669661522
-18.841055790583294
-23.499464134375255
-24.012068768342335
-20.576794902483623
-22.291149844725926
-20.438944160938263
-20.756639579931896
-22.33697748184204
-24.691811482111614
-25.464118371407192
-23.036702652772266
-24.03827021519343
-24.36803909142812
-21.74963283042113
-26.88353047768275
-25.110850890477497
-16.95832426349322
-19.969461003939312
-23.029090642929077
-18.412939975659054
-22.3100938697656
-23.31593159834544
-23.207685093084972
-20.11911545197169
-19.175633192062378
-24.842155079046886
-22.112526575724285
-21.325433333714802
-22.42221736907959
-21.43246187766393
-19.516167481740315
-21.91064312060674
-22.285292545954388
-20.532194942235947
-21.51553573211034
-25.76636082927386
-19.82319876551628
-22.295169870058697
-22.813148697217304
-21.61688170830409
-23.040267288684845
-22.6547838250796
-20.688417971134186
-23.615561763445537
-24.129470417896908
-23.100769539674122
-22.292628794908524
-23.00185199578603
-25.701927562554676
-21.864190568526585
-24.592856844266255
-23.10420153538386
-22.47113772233327
-23.853761712710064
-18.380353381236393
-21.846458444992702
-25.886915524800617
-23.615998307863872
-24.332271893819172
-17.281268288691837
-23.42126452922821
-19.826482037703197
-16.248174011707306
-21.046270271142323
-20.490584522485733
-20.87520279486974
-17.380414724349976
-20.17231559753418
-23.524513920148213
-20.896766513586044
-19.798990925153095
-22.224926273028057
-22.446425090233486
-22.668870846430462
-23.725747227668762
-20.8711643020312
-20.536258041858673
-22.597324868043263
-24.569834391276043
-19.96062030394872
-21.565780142943066
-22.062400102615356
-21.514948308467865
-21.878862758477528
-21.196439683437347
-23.15671827395757
-24.05833552281062
-24.23602972428004
-22.30470319588979
-24.189424445231754
-22.879954397678375
-22.86406946182251
-22.5635047852993
-20.47485836346944
-20.99612881739934
-22.843585292498272
-22.83793379863103
-21.86475698153178
-19.27996015548706
-21.35770418246587
-20.321100393931072
-22.425239086151123
-20.06095693508784
-21.264559388160706
-23.234717567761738
-20.779559175173443
-19.849797864754994
-16.487061738967896
-21.284656405448914
-20.5136021176974
-20.647680054108303
-22.269043922424316
-23.156428734461468
-21.949150164922077
-20.63181447982788
-19.920807659626007
-23.4429234067599
-20.216278811295826
-27.354467531045277
-22.61368398865064
-23.08034638563792
-24.513339827458065
-22.83573019504547
-23.921554764111836
-26.4888822833697
-24.389227370421093
-27.142228841781616
-27.75353330373764
-26.06421935558319
-26.456048647562664
-23.342770904302597
-23.729360858599346
-26.928252299626667
-24.614316662152607
-25.746565500895183
-26.56270068883896
-24.02700333793958
-22.0842049519221
-22.961691240469616
-25.11028563976288
-28.2946453889211
-27.898666481177013
-24.60922200481097
-22.42154887318611
-27.92961722612381
-27.547660291194916
-25.90728050470352
-25.878878116607666
-21.659634093443554
-24.959867378075916
-25.307966649532318
-23.273552735646565
-25.179757754007976
-18.705233454704285
-23.201215595006943
-23.6213534673055
-20.573260724544525
-25.32640641927719
-23.747643679380417
-27.101537764072418
-26.80333799123764
-20.7271550099055
-23.204541583855946
-25.95861703157425
-26.872317135334015
-25.010501464207966
-26.353076825539272
