4311.487560272217
3259.3258228302
3692.325788497925
3601.782522201538
3456.1097621917725
3649.974573135376
3371.430862426758
3262.6017837524414
3100.5321350097656
3156.767906188965
3080.620107650757
3062.454206466675
3407.9293155670166
3560.0063648223877
3255.7281646728516
3233.1416664123535
3020.054639816284
3425.4076614379883
3051.5529251098633
3402.1703548431396
3154.650119781494
3281.9397201538086
2892.3788738250732
3055.0761222839355
3327.8727989196777
3067.734811782837
3027.4514198303223
2877.0692443847656
3160.9886512756348
3335.717311859131
2954.1676292419434
3244.8014183044434
2911.7052059173584
2904.410285949707
2879.1870307922363
2938.1417560577393
2854.8250732421875
2938.5707931518555
2970.5948181152344
2878.9613914489746
2871.53914642334
3050.275161743164
2803.559169769287
3358.8598499298096
2921.0602130889893
2787.8250160217285
2757.0690841674805
2863.90447807312
2865.65576171875
2837.975294113159
2893.93546295166
2952.052421569824
3031.201868057251
3301.240264892578
2769.213960647583
3448.2004585266113
3035.98832321167
3214.2865982055664
3296.8464221954346
2871.2574195861816
3366.7581939697266
2897.4979858398438
3185.4189453125
2937.1731185913086
2933.6241340637207
2758.1779403686523
2824.388904571533
2785.5731353759766
2927.774272918701
2951.846122741699
3130.902545928955
3048.0970973968506
3141.28936958313
2779.1208171844482
2862.465866088867
2642.5306854248047
3056.1849784851074
3045.099317550659
2978.395170211792
3239.6304092407227
2608.349225997925
2685.9079151153564
2857.20814704895
2567.913688659668
2581.641263961792
2878.487871170044
2916.135150909424
2711.062189102173
2672.5431356430054
2550.767999649048
2899.6673469543457
2454.592936515808
2954.9086933135986
3471.049343109131
3002.114377975464
2794.6689796447754
2698.047634124756
2692.415514945984
2651.2896823883057
3010.7041454315186
3186.0172119140625
2585.113531112671
2761.723056793213
2662.0530014038086
2796.357406616211
3040.892110824585
2794.548746109009
2931.973098754883
2919.6145095825195
2752.233310699463
2787.0691242218018
2818.8717002868652
2954.0135498046875
2812.3342838287354
3094.0304985046387
2897.2810497283936
3036.9811363220215
3206.70285987854
2993.161008834839
2575.370746612549
2871.0827102661133
2532.4829931259155
3082.423610687256
2628.465295791626
2571.46750831604
2613.8399982452393
2541.431688308716
2606.650806427002
2510.9942302703857
3293.1797828674316
3070.7848110198975
2717.203125
2611.1574687957764
2827.8540802001953
2866.310760498047
3361.237766265869
2500.269914627075
3175.633934020996
2875.7901916503906
2844.46049118042
2570.0993280410767
3146.6508827209473
2791.753396987915
2798.795923233032
2708.1159839630127
2931.5553436279297
3371.2487392425537
2715.405101776123
2961.2514152526855
2729.2845001220703
2570.160411834717
2850.3641834259033
2973.396936416626
2700.432641983032
3248.5502548217773
2510.4949226379395
2744.470027923584
3109.612829208374
2624.0695190429688
2862.690216064453
2838.188039779663
3105.7315101623535
2562.8935356140137
2840.0724506378174
3146.828493118286
2726.4846382141113
2984.2395515441895
2832.199571609497
2629.2160301208496
2763.7602577209473
2643.117025375366
2729.0704650878906
2674.252676010132
2832.760124206543
3197.52481842041
3050.045331954956
3098.6357975006104
2811.0471725463867
2609.268545150757
2740.9361934661865
2817.5513877868652
2872.127098083496
2493.5610122680664
2951.2252922058105
2531.181215286255
2847.081775665283
3029.621103286743
2913.2314949035645
2743.8192195892334
2719.3879585266113
2809.018997192383
2582.911774635315
2726.7966651916504
2659.2054328918457
2624.638452529907
2752.776134490967
2739.6977558135986
3044.4008026123047
2859.2866077423096
2488.2510738372803
