168.22184646129608
90.66122329235077
70.15388077497482
72.75177532434464
56.608045876026154
55.13586500287056
55.77222838997841
53.95980554819107
47.32587790489197
45.42332020401955
48.62132474780083
64.75420033931732
43.47801694273949
42.55951875448227
41.87695470452309
41.7456683665514
56.49892809987068
40.997449815273285
42.75457590818405
51.268774330616
40.006772220134735
39.492712408304214
40.830708384513855
38.810387596488
38.17967526614666
37.50476935505867
37.45506826043129
40.06414404511452
38.19058704376221
36.55533641576767
35.76651285588741
38.665416836738586
41.5535651743412
35.407998129725456
35.475108206272125
51.54280525445938
34.932851031422615
34.66088007390499
34.25309991836548
34.95442779362202
34.18218973278999
33.20454180240631
33.54920841753483
49.74990928173065
43.72892487049103
32.7352698892355
31.586118429899216
31.417561307549477
30.766616985201836
31.525440081954002
32.24451690912247
30.63587459921837
30.663510382175446
32.00073827803135
30.055739730596542
29.370654866099358
29.43265028297901
30.45133636891842
27.92985700070858
29.024275809526443
27.614548683166504
29.47750113904476
27.797931015491486
28.56539186835289
28.802824392914772
38.36534924805164
27.810479685664177
34.068722859025
27.623931854963303
26.189109906554222
27.49009196460247
26.327303931117058
26.027996867895126
26.941156268119812
26.658381819725037
26.24749156832695
26.758725851774216
26.704761281609535
28.001593187451363
29.492039263248444
26.184292405843735
25.847329258918762
24.786441564559937
25.90722945332527
32.310707807540894
29.680830895900726
24.592774510383606
25.202489286661148
28.211238831281662
25.84450624883175
28.982560232281685
24.356460109353065
25.905421316623688
24.984923601150513
23.67905604839325
23.696774780750275
24.588339790701866
23.64500868320465
23.521997466683388
24.697898268699646
23.271172642707825
24.25737774372101
23.448576539754868
22.951852679252625
26.80032055079937
24.08571556210518
21.833074390888214
23.096760481595993
26.96160987019539
22.212637037038803
21.805002942681313
23.615882068872452
21.613889440894127
23.017116844654083
22.231798753142357
25.13683730363846
25.925449326634407
24.152425229549408
21.971487507224083
21.371767848730087
21.649525851011276
21.25109864771366
22.441167384386063
21.904118046164513
22.609414756298065
21.490379601716995
20.07466522604227
21.03601474314928
20.25197594612837
20.38358084857464
21.076004028320312
19.902336955070496
21.02092133462429
20.387592494487762
20.262346290051937
20.958227090537548
20.87979979068041
20.43280976265669
19.674380779266357
19.968041822314262
20.87811379134655
19.161610335111618
20.175773561000824
19.6766145080328
20.661977238953114
19.819131188094616
30.60723401606083
19.290209650993347
19.573515459895134
23.717016845941544
23.01316563785076
19.939864605665207
19.574905559420586
19.99860890209675
19.68964920938015
21.053363285958767
20.20299256592989
20.050266712903976
25.00932841002941
21.456176102161407
20.922704003751278
19.932662278413773
20.245379269123077
20.207188047468662
19.01980759203434
19.690686747431755
19.72774977236986
19.287029042840004
18.709178268909454
18.379855632781982
18.57331996411085
19.199675641953945
19.403570756316185
18.649194970726967
19.608726277947426
18.730556085705757
17.950838685035706
19.132338918745518
19.05872030556202
23.28919357061386
17.779672607779503
18.284235924482346
18.133892379701138
17.973961681127548
18.18953539431095
17.854212917387486
17.804115191102028
18.05073068290949
19.92541839927435
18.474739998579025
17.08959773927927
19.946156568825245
18.55752143263817
17.49023726582527
17.685911402106285
16.900472432374954
17.943301424384117
16.535860911011696
16.840960055589676
17.254742570221424
