177.49833615620932
167.77447406450906
159.32730078697205
151.16257198651633
152.51426808039346
143.1936502456665
146.40898187955221
131.27341063817343
124.70514293511708
137.17063919703165
125.01562591393788
129.9242753982544
126.92441089948018
126.70963664849599
124.7095452149709
130.2881225744883
122.12137194474538
118.23524709542592
116.47450176874797
120.49874341487885
115.96720258394878
117.00881918271382
119.9639345407486
112.91437447071075
112.91026763121288
107.38729548454285
108.98201207319896
109.84163916110992
100.1699237426122
114.40960808595021
103.44809865951538
101.66994086901347
98.56572178999583
97.74066372712453
96.01952346165974
103.05555121103923
98.61816275119781
95.8424737850825
96.16048904259999
95.67713363965352
94.26295924186707
91.65296804904938
92.58271066347758
93.3362625837326
94.00181543827057
83.56325892607371
89.08088906606038
89.84499212106068
85.61317487557729
82.35365521907806
88.70958356062572
87.48189425468445
82.91251693169276
76.10859870910645
80.84178125858307
78.58426141738892
83.60131581624348
85.8554124434789
81.438216984272
84.22367771466573
81.86963705221812
77.5747865041097
77.12614564100902
78.9008705218633
82.50750788052876
77.50176219145457
72.75345591704051
79.37154980500539
80.65477462609608
78.90902958313625
74.07139388720195
74.49920225143433
74.84818096955617
79.31911997000377
67.52449283997218
75.86810000737508
74.47249865531921
73.03188786904018
76.94393201669057
75.20014101266861
72.94044923782349
77.95178643862407
73.00839728116989
74.74735087156296
66.00838536024094
76.47508156299591
73.74613269170125
81.04396516084671
69.51402737696965
74.4007082382838
67.23719916741054
75.79705349604289
72.56347676118214
68.4309316277504
75.3307385245959
74.07553305228551
74.28411777814229
74.18399780988693
70.15873903036118
71.3113293449084
67.82259428501129
68.74307382106781
62.12524163722992
72.05616732438405
67.75453120470047
65.83520474036534
70.31775856018066
63.12799181540807
70.37803689638774
63.96303880214691
67.63688880205154
66.14660745859146
65.55073098341624
61.2701589067777
60.16624689102173
64.24174312750499
64.52932733297348
61.71570295095444
64.14458817243576
66.8021690050761
69.98406924804051
57.98051857948303
64.9165962934494
64.914708117644
67.17406362295151
60.34667932987213
69.53048066298167
61.926293194293976
64.87476142247517
69.23215472698212
70.46234593788783
67.84247136116028
61.63926617304484
63.03874784708023
61.58916083971659
62.434118370215096
66.30947583913803
60.57389771938324
68.5216479698817
62.29070095221201
63.5628369251887
51.60437329610189
65.08574622869492
64.3629523118337
68.12447480360667
57.100607415040336
64.63868405421574
63.064797043800354
61.51292896270752
63.661773920059204
62.13105837504069
61.61900436878204
62.36893769105276
65.85659599304199
63.27413445711136
66.52664182583491
60.38091335693995
64.02426203091939
61.8335879445076
60.3066663146019
66.0802025993665
66.71625381708145
61.37356768051783
61.30052109559377
65.95353760321935
63.91201492150625
57.32570127646128
58.83164449532827
66.4092285434405
59.79938197135925
59.54133039712906
54.18087321519852
60.49609504143397
52.043193797270455
61.23438556989034
60.362343430519104
60.530682941277824
55.41707715392113
62.153880993525185
60.28975091377894
61.4404354095459
60.85975603262583
64.60023234287898
63.191534638404846
58.86409978071848
59.14050483703613
58.149405201276146
56.9458517630895
57.131874442100525
61.28354460000992
62.247393210728966
65.46624171733856
57.164733131726585
59.330938975016274
58.26033149162928
60.185135980447136
55.423642456531525
57.09237923224767
61.34327673912048
59.29013651609421
