124.48401776949565
99.92445874214172
89.74793930848439
77.1743576725324
68.19673631588618
63.49455316861471
62.35125412543615
57.32931184768677
63.16742674509684
56.075984835624695
50.57113123933474
48.54489481449127
48.552552511294685
50.04259532690048
45.84071007370949
46.557502249876656
44.61848749717077
44.259333699941635
42.71607694029808
39.266207883755364
38.94661388794581
38.59277559320132
37.10247220595678
41.26318897803625
38.254086116949715
39.093655586242676
35.13390855987867
34.60423238078753
33.60777370631695
31.83265947798888
32.480969816446304
31.29632427295049
30.108355209231377
31.628735254208248
29.75351044535637
30.943875193595886
29.1281845420599
29.810997595389683
25.688664893930156
28.63249850521485
27.302536601821583
30.96122548232476
29.47152517984311
26.025020852684975
23.798976937541738
24.102447479963303
26.345383192102116
24.935015872120857
24.804129131759208
23.144391005237896
26.793364316225052
23.46816958983739
23.432355323651183
26.403619812180597
24.958365033070248
24.487073936810095
21.75216726710399
21.74972938497861
18.864077761769295
23.941074271996815
21.47036172946294
18.602841988826793
20.184468552470207
20.568174632887047
20.269804565856855
18.98262000270188
23.61812193877995
17.721894356111687
19.597399959961574
16.89700324088335
18.290216245998938
19.896855006615322
24.097369064887364
19.98437372967601
23.001804505785305
22.639832598467667
20.10331828147173
16.58838224907716
20.405921665330727
20.310331121087074
16.076310547689598
19.163681497176487
20.8790089674294
16.822579114387434
21.099312093108892
18.48032098511855
17.348127096891403
15.258199118077755
13.779499073823294
14.812650506695112
12.39757214486599
17.36910706758499
18.50400271018346
18.24491290251414
13.753145962953568
10.956255386273066
16.293638209501903
13.395672336220741
16.41125265757243
15.507301228741804
18.05206075310707
16.193330317735672
12.468830501039823
16.725422898928326
13.144441405932108
14.831265752514204
12.948371931910515
17.688378855586052
15.265426985919476
11.736954167485237
16.790225466092426
13.535006572802862
15.284709679583708
17.614951501290005
15.533792411287626
13.88156637797753
16.30574718862772
15.498449971278509
12.017834362884363
14.953285391132036
14.285285919904709
16.414026394486427
12.046973725159964
12.692026068766912
10.336963191628456
13.69666705528895
10.117779140671095
11.470196654399237
12.623421067992846
9.912392874558767
11.621111005544662
8.588042120138804
11.696072230736414
10.681791963676611
11.095940127968788
9.006892055273056
13.95601919790109
12.086577167113623
10.890192295114199
11.37430048485597
14.407987768451372
9.166343693931898
13.476597915093103
11.611776197950045
11.831594516833624
10.400532354911169
8.154331634442011
13.845943033695221
11.376531764864922
10.615984032551447
12.89642702539762
8.03163774808248
12.02130845313271
15.064503024021784
14.009883974989256
8.55260423819224
11.937990491588911
11.53650675714016
8.479881584644318
9.094794149200121
9.420103371143341
10.722665796677271
8.556436777114868
9.624527136484781
9.309213936328888
9.37538350125154
12.585381671786308
7.262567152579625
9.987563878297806
8.467687139908472
5.236068467299144
9.31619668006897
8.598415404558182
9.780069231987
10.277384613951048
9.078212877114614
12.582881341377893
8.894827341039976
8.68667322397232
13.725952909638485
9.018106748660406
9.422813365856806
8.832401995857557
11.281789814432463
8.298223028580347
11.294229899843534
8.339376126726469
8.100971202055613
6.211254755655925
13.045212109883627
7.526911636193593
8.319682757059732
4.499638895193736
5.692700237035751
7.497176518042882
2.9340382119019828
4.4982174436251325
7.9643643498420715
8.868159453074137
7.095746169487636
