790.4010004997253
752.2186331748962
772.8562521934509
738.8604617118835
727.6133074760437
724.718918800354
739.5395555496216
723.5900774002075
718.0373349189758
694.8951191902161
685.9799475669861
694.2987060546875
715.5763349533081
683.9519333839417
661.3815925121307
676.8411512374878
630.6565651893616
678.2740416526794
655.1096246242523
673.3835506439209
660.8780541419983
661.161150932312
641.8149545192719
619.9715752601624
627.6098699569702
623.8771908283234
608.7932813167572
632.4877896308899
614.1158716678619
600.4833872318268
625.7661144733429
601.4930024147034
591.1554164886475
601.8028535842896
591.290638923645
561.2476871013641
567.9985342025757
571.6860451698303
576.9482367038727
582.9249796867371
566.575434923172
557.7179625034332
563.0871715545654
557.1815452575684
550.2003445625305
545.892970085144
561.1565046310425
545.0917892456055
538.1537017822266
527.7835190296173
529.5841209888458
539.1640825271606
506.4542751312256
510.40042519569397
509.30909633636475
515.59730219841
517.2875020503998
527.9936456680298
505.93341088294983
491.3549737930298
516.8442416191101
495.74398136138916
499.1770839691162
500.8258225917816
485.96493339538574
497.5843119621277
499.6060001850128
493.9972105026245
490.5638258457184
475.50630807876587
484.6572325229645
499.95070457458496
472.89783668518066
474.68518233299255
478.64817476272583
477.95800042152405
473.66118264198303
467.78279423713684
457.83387207984924
466.6956558227539
471.4450013637543
479.162189245224
454.46181297302246
476.60682368278503
455.6336064338684
479.64646768569946
476.83979630470276
466.21605134010315
447.09895944595337
484.47148299217224
465.9674451351166
464.35633993148804
480.3476822376251
462.68326449394226
461.78022360801697
447.3557047843933
446.3486683368683
475.7739727497101
464.44957733154297
454.2806568145752
448.16349363327026
462.5495328903198
434.5428955554962
459.1938729286194
443.6040880680084
459.0000648498535
432.7839159965515
452.5464572906494
431.33140301704407
442.21056365966797
451.523344039917
451.915150642395
427.1104967594147
455.1325259208679
452.0844204425812
434.3013405799866
438.0488474369049
435.06049609184265
434.1406934261322
434.8279666900635
425.4269049167633
442.1616885662079
442.3289840221405
439.58186531066895
437.5689609050751
424.73882579803467
424.31675934791565
424.7169065475464
442.52637815475464
443.73975372314453
433.5595109462738
428.8479197025299
445.61425256729126
445.5090482234955
442.2786180973053
423.7913420200348
444.35180044174194
426.735089302063
415.98800826072693
416.51995301246643
438.19704413414
427.5191054344177
428.8455021381378
426.89597821235657
408.35426664352417
423.59979033470154
413.2750174999237
414.99620246887207
431.7379970550537
413.5168948173523
410.61360144615173
413.69365906715393
412.50240421295166
412.2140693664551
416.3934338092804
409.3384974002838
415.3194308280945
417.55418705940247
419.4569311141968
398.3885021209717
402.932475566864
419.88274478912354
411.4398846626282
384.9825031757355
417.703471660614
395.81081438064575
412.7359812259674
409.0253825187683
397.2084083557129
398.481014251709
400.61515951156616
411.6838572025299
405.0423243045807
407.46935749053955
384.2339446544647
399.37293434143066
402.3035864830017
392.5116448402405
410.5399866104126
405.96297311782837
408.3679258823395
405.5403425693512
414.68502163887024
398.941278219223
403.0973937511444
397.4683771133423
389.75791811943054
391.432000875473
399.48925948143005
394.30672669410706
395.46187925338745
398.8262424468994
404.7535865306854
403.5815110206604
391.66904306411743
393.35170817375183
401.1338882446289
402.5127058029175
396.5596549510956
400.54936146736145
