268.27093903223675
169.71726671854654
199.05086135864258
141.6870797475179
180.48359632492065
180.39634323120117
173.0348827044169
122.30996902783711
162.73263788223267
112.43111443519592
144.1606616973877
135.50104673703513
161.41058357556662
124.56667311986287
117.33024549484253
141.8379589319229
132.6357697645823
130.01414465904236
130.68173758188883
134.01668592294058
130.02320639292398
123.99468890825908
106.21554283301036
107.65013575553894
109.09503142038982
157.46066625912985
116.04093027114868
123.6572192509969
122.29815975824992
134.58590745925903
123.53174829483032
126.60898753007253
114.74373825391133
140.41360823313394
126.09699201583862
165.57592821121216
139.42166368166605
138.73673383394876
121.89622457822163
108.47745815912883
151.2964162826538
136.32936811447144
114.56563647588094
117.34620706240337
126.31853310267131
126.0516710281372
159.0263547897339
127.59638424714406
161.8288678328196
125.64176654815674
122.40195592244466
108.1507420539856
150.40500132242838
102.98438429832458
129.50089128812155
116.82044370969136
129.73661382993063
135.19126892089844
124.91244530677795
108.23906858762105
186.98509995142618
124.77237073580424
132.65479159355164
120.04100879033406
99.69517302513123
123.21195570627849
140.19473115603128
119.62371214230855
111.49417845408122
110.57018502553304
127.28923590977986
111.17591857910156
124.11077094078064
143.63743623097739
112.66330742835999
131.66141573588052
152.98776499430338
106.9626925388972
134.6369973818461
121.54037984212239
129.67097798983255
145.5013632774353
141.41386485099792
126.19107095400493
120.95789114634196
138.42654625574747
126.24949590365092
103.69072262446086
115.90125703811646
141.09990239143372
146.78844873110452
123.80499390761058
107.23780234654744
143.84230343500772
124.96391765276591
128.34786756833395
139.03366057078043
109.4812046289444
106.7778195142746
104.81349563598633
141.4244901339213
118.72718532880147
129.75521739323935
124.20143294334412
98.72091388702393
131.76754562060037
134.07103498776755
153.8059815565745
133.16236917177835
108.74216810862224
150.28149565060934
151.16795682907104
113.80799595514934
118.83107709884644
99.66042602062225
115.82212400436401
137.99332785606384
122.03654114405315
138.68360153834024
111.20452769597371
114.86943312486012
92.63059552510579
127.30891291300456
116.45006648699443
119.54069995880127
132.3889945348104
122.89992388089497
131.89510548114777
115.00139506657918
125.40916323661804
148.63868912061056
117.53805200258891
134.89800834655762
123.98902781804402
121.97701088587444
107.09108185768127
148.1981270313263
150.13733609517416
101.85444966952006
142.1181449095408
123.9442134698232
126.07508532206218
130.20441317558289
127.10134331385295
125.46132047971089
107.58863282203674
108.96278373400371
110.4485817750295
140.78146902720133
114.75547917683919
106.41657733917236
152.0657639503479
106.86278065045674
104.27580066521962
130.46818749109903
109.60414107640584
102.3186121781667
143.94974414507547
117.55779345830281
100.68781232833862
96.16461765766144
152.95232121149698
105.87006775538127
139.93432609240213
183.16621255874634
147.4008154074351
152.86752247810364
155.29256256421408
110.13521758715312
128.51296818256378
95.94402980804443
142.18392403920492
132.70893359184265
112.99289313952129
152.37683963775635
138.86012307802835
107.79771622021993
120.43006706237793
107.34646797180176
123.40750535329182
112.11594132582347
116.23269486427307
130.62932801246643
118.51039544741313
114.23131450017293
102.56535299619038
111.73265759150188
101.99440666039784
121.46291200319926
112.78185796737671
158.859156926473
113.53736750284831
117.03709105650584
113.35134824117024
114.3137362798055
127.3376784324646
133.1507053375244
126.30214738845825
94.33672285079956
116.78733952840169
