-0.914924199382464
-3.915207619468371
-6.8701709906260175
-8.847911169131597
-12.720983346303305
-15.030066589514414
-17.836684465408325
-20.710477491219837
-24.579980313777924
-26.26266684134801
-26.394888043403625
-28.86857706308365
-28.570192217826843
-31.1795871257782
-32.27483332157135
-34.151415963967644
-36.343952318032585
-35.43667870759964
-37.596162835756935
-35.64687510331472
-37.576212565104164
-36.42346088091532
-38.39599992831548
-38.128026147683464
-37.21499693393707
-38.278858025868736
-38.0732404589653
-35.47182077169418
-39.5148037870725
-38.364004830519356
-38.77486479282379
-39.81608120600382
-37.96778871615728
-38.13332744439443
-39.99781926472982
-42.10165071487427
-41.64162953694662
-42.100520173708595
-41.156846125920616
-39.729728837807976
-41.40678616364797
-40.99129887421926
-43.138470689455666
-42.30201029777527
-44.713763773441315
-44.730066458384194
-45.67404170831045
-44.488677978515625
-44.55068759123484
-45.037150939305626
-45.16818722089132
-43.59721036752065
-45.772657910982765
-47.04812558492025
-46.48473004500071
-45.842239459355675
-45.66872123877207
-47.28618097305298
-47.289886236190796
-46.16768276691437
-47.826297442118324
-46.22287448247274
-45.80125113328298
-46.505708952744804
-46.501164535681404
-48.12487665812174
-47.71560001373291
-48.18799795707067
-47.79142288366953
-48.85664747158686
-48.30687344074249
-48.311545292536415
-48.69187033176422
-47.64325016736984
-48.03328013420105
-48.925270120302834
-49.40006826321284
-48.42815909783045
-48.99012722571691
-49.406800270080566
-49.48819702863693
-50.258777817090355
-49.148721973101296
-50.29398284355799
-50.014544328053795
-48.732811530431114
-50.25728038946787
-49.5512041648229
-50.678593118985496
-49.413090904553734
-49.73586070537567
-48.90076565742493
-49.57866915067037
-50.44532628854116
-50.3769149184227
-50.66769484678904
-50.88986380894979
-50.746837973594666
-50.33578014373779
-51.30834851662318
-50.25300933917364
-51.29435716072718
-49.55714191993078
-49.81625588734945
-50.75690690676371
-50.72584899266561
-50.150045891602836
-49.545267124970756
-50.63922133048376
-51.126407504081726
-50.77760819594065
-50.14250113566717
-50.55845377842585
-51.45148986577988
-51.277372459570564
-50.810891369978584
-51.73805059989294
-51.55478719870249
-51.2208837668101
-51.79243326187134
-51.35251569747925
-49.83832915623983
-50.995620568593345
-51.011767188707985
-51.423771818478905
-50.84163784980774
-51.7097088098526
-51.62986973921458
-50.66949168841044
-50.22908318042755
-51.30611832936605
-50.82929507891337
-50.879895647366844
-51.40667641162872
-50.74203360080719
-50.75813921292623
-51.22310916582743
-51.04966928561529
-50.571563283602394
-51.45500349998474
-51.56271559000015
-51.472996393839516
-50.591814835866295
-51.27165345350901
-51.51867119471232
-50.95162300268809
-50.87885546684265
-51.29574900865555
-50.896534860134125
-51.37354330221812
-51.36091162761053
-51.09685504436493
-51.55066442489624
-52.27137243747711
-50.976797223091125
-51.53977302710215
-51.24962474902471
-51.936415473620094
-52.54444229602814
-51.07268488407135
-50.64112347364426
-50.68517186244329
-51.75653098026911
-51.26177970568339
-50.40789473056793
-50.88705829779307
-51.5796244541804
-52.580771227677666
-52.608742475509644
-52.40949936707815
-51.23969725767771
-52.04872417449951
-52.060735166072845
-52.041393876075745
-52.1359378695488
-52.263543248176575
-52.057769656181335
-52.255608220895134
-51.55022780100504
-51.351322968800865
-52.28278676668803
-50.351168155670166
-51.45039588212967
-52.32537325223287
-52.21481098731359
-52.15331300099691
-51.95648423830668
-51.8572723865509
-52.645365715026855
-52.27878282467524
-51.38161824146906
-51.763016978899635
-52.45046933492025
-51.1043661236763
-52.435754696528114
-52.02935632069906
-52.07671848932902
-52.28520711263021
-52.55214766661326
-52.33810786406199
