-7.866999390224616
-36.66388670603434
-46.979181706905365
-48.909337639808655
-49.90245387951533
-51.351922969023384
-51.50746456782023
-51.77472138404846
-52.191296676794686
-51.57685820261637
-51.4306910832723
-51.54357667764028
-51.33601007858912
-51.970953027407326
-51.784554402033486
-51.31995338201523
-51.30483776330948
-51.56196355819702
-51.179501831531525
-51.16499535242716
-51.699057380358376
-52.41566904385885
-52.619536995887756
-52.44248108069102
-52.441525638103485
-52.085998157660164
-52.493735591570534
-52.57775320609411
-52.217004934946694
-52.56199753284454
-52.37776561578115
-52.88504435618719
-52.88785139719645
-52.491420209407806
-52.56212514638901
-52.82322100798289
-53.26860908667246
-53.323631167411804
-52.54158866405487
-52.45755869150162
-52.34591615200043
-52.4259392619133
-53.22823349634806
-52.060890237490334
-52.60795764128367
-50.360027273495994
-50.258293310801186
-50.29146424929301
-50.21022609869639
-51.30536309878031
-51.61700336138407
-51.85863322019577
-52.515007734298706
-52.65022474527359
-52.23564724127451
-53.01233410835266
-53.51650091012319
-53.8436353802681
-54.24940001964569
-53.85935175418854
-53.910564045111336
-53.88665509223938
-53.083657224973045
-53.382418155670166
-54.56374257802963
-54.34068612257639
-53.9227549235026
-53.605326433976494
-52.89565793673197
-53.910911997159324
-53.758437951405845
-54.24496694405874
-53.49032930533091
-54.19965773820877
-53.95482508341471
-53.70940820376078
-53.192593355973564
-52.9462396701177
-53.230621457099915
-53.170462469259895
-53.55406936009725
-52.430760403474174
-53.26924286286036
-52.70896255970001
-53.56521189212799
-53.86681083838145
-54.10200399160385
-54.13972461223602
-54.03309551874796
-54.005436380704246
-53.84918667872747
-53.852278073628746
-54.03442213932673
-54.15541412432989
-54.47287086645762
-54.402084628740944
-54.74103236198425
-54.653306007385254
-54.142240365346275
-54.7312376499176
-54.630475759506226
-54.73745131492615
-54.512789607048035
-54.50192924340566
-54.645575086275734
-54.7335680325826
-54.683784902095795
-54.919448832670845
-54.58798044919968
-54.65265532334646
-54.53406002124151
-54.6202976902326
-54.57633709907532
-54.73417063554128
-54.73769177993139
-54.77915592988332
-54.795377473036446
-54.768004616101585
-54.41570019721985
-54.60990603764852
-54.2395907441775
-54.090176582336426
-53.96800251801809
-54.17121555407842
-54.311007936795555
-54.34435407320658
-54.081169148286186
-53.834374368190765
-53.47596148649851
-52.24016362428665
-52.253324588139854
-52.087167143821716
-52.120870073636375
-52.818934082984924
-53.544400572776794
-53.3589703241984
-53.825144131978355
-54.54958520332972
-54.41861083110174
-54.25065573056539
-54.365731040636696
-54.09504691759745
-54.30339773495992
-54.19980331261953
-54.155567606290184
-54.731523195902504
-54.71500666936239
-54.43414427836736
-54.770873149236046
-54.52348109086355
-54.81921525796255
-54.70845172802607
-54.90041148662567
-54.54126111666361
-54.75538835922877
-54.59523683786392
-53.91736698150635
-53.776872873306274
-53.4781684478124
-54.347944597403206
-53.98533813158671
-53.807844161987305
-53.94420385360718
-54.559621691703796
-54.64746115605036
-54.79358591636022
-54.64148863156637
-54.931370655695595
-54.84692074855169
-54.59020698070526
-54.5421977241834
-54.65382401148478
-54.63771992921829
-54.26341833670934
-54.7386541167895
-55.222662806510925
-54.986591815948486
-54.56207231680552
-54.3166131178538
-53.95662844181061
-53.97471535205841
-54.35561499993006
-53.786132315794625
-54.00940100351969
-54.370725552241005
-54.226877649625145
-54.87740727265676
-54.72089479366938
-54.12947265307108
-54.7595564921697
-54.30260785420736
-54.40385329723358
-54.578480084737144
-54.65043085813522
-54.609675804773964
-54.43183038632075
-54.12115726868311
-54.22474163770676
-54.56449500719706
-54.634862999121346
