478.222683429718
430.9015197753906
372.62133526802063
348.8971312046051
290.09495425224304
223.76661729812622
224.21428978443146
213.52881634235382
177.45361828804016
184.76610589027405
158.27066791057587
176.18772113323212
153.22873663902283
161.1341117620468
149.25444209575653
155.2506263256073
155.41792178153992
141.78779447078705
153.6232831478119
146.5460648536682
152.42594408988953
124.54649078845978
135.08162194490433
146.33312779664993
131.55375081300735
115.45636808872223
125.86730694770813
131.21129274368286
108.20176100730896
119.60263204574585
104.28230488300323
112.2025077342987
108.148876786232
103.78309798240662
111.8561714887619
106.50217294692993
121.33040487766266
115.27962398529053
98.9668664932251
103.39765763282776
97.02636814117432
101.13008296489716
104.72147560119629
94.11131936311722
109.68082690238953
99.66597574949265
91.27270591259003
107.95947068929672
91.63967204093933
91.3598792552948
102.07329571247101
96.30379843711853
99.4871062040329
105.55458843708038
95.0436127781868
89.9051803946495
87.83779013156891
86.4042147397995
90.20853435993195
88.13764870166779
91.41511052846909
87.17181158065796
88.84913790225983
95.67746794223785
93.66955983638763
84.32974302768707
93.14057660102844
90.86796534061432
93.04889047145844
91.88672697544098
95.4875380396843
100.09149730205536
93.10442394018173
96.67103654146194
83.33982092142105
91.3985401391983
79.4035325050354
89.20488250255585
93.24747323989868
79.89113509654999
80.69413414597511
90.1999922990799
93.96887445449829
86.29808366298676
85.87164545059204
89.63921809196472
87.01829624176025
86.26566815376282
81.5889250934124
85.55692893266678
93.5180087685585
80.5465821325779
96.14670711755753
81.33041191101074
85.404964864254
78.79546469449997
90.57639700174332
82.4146693944931
84.22161746025085
76.56102073192596
78.05580079555511
77.04218655824661
95.33446592092514
84.72368514537811
79.7222128212452
78.294837474823
80.84621405601501
82.54820457100868
81.23099461197853
79.85472556948662
83.85574427247047
77.4709264934063
80.4924840927124
79.00331982970238
78.93168437480927
86.90549671649933
80.3816035091877
83.2874504327774
79.99733164906502
82.78896880149841
79.42032450437546
78.93478691577911
77.87048441171646
78.34735402464867
80.24104228615761
74.06355583667755
76.9377880692482
75.74732899665833
76.61769247055054
80.3852701485157
80.17032852768898
86.9001881480217
74.7585099041462
75.2579635977745
73.94261717796326
76.93154269456863
72.97076132893562
76.17146044969559
82.97897928953171
76.75865158438683
76.37360912561417
76.12155789136887
77.70954513549805
72.80644249916077
72.93334448337555
79.26666814088821
78.04610535502434
82.61914497613907
79.08934986591339
72.70477384328842
76.12750107049942
77.50362405180931
71.89245709776878
75.75512564182281
73.0172238945961
75.08339530229568
73.56331139802933
74.39250576496124
71.99705201387405
76.67038026452065
74.59189942479134
75.33117046952248
72.62006843090057
73.67824140191078
74.96844011545181
73.0079011619091
74.1269262433052
71.89328813552856
78.64431655406952
73.29376807808876
79.34320420026779
75.00947827100754
71.84576788544655
70.44196379184723
73.87278985977173
70.33780705928802
69.58978241682053
72.24882119894028
74.30389195680618
74.24896287918091
78.77456787228584
68.64658477902412
77.95594027638435
71.94071772694588
67.64917325973511
67.20346504449844
72.79368984699249
67.45644301176071
72.3862244784832
72.50035870075226
67.87325125932693
70.80797296762466
66.49715346097946
69.01911634206772
64.97855031490326
68.40759342908859
68.15810078382492
66.00268599390984
70.21075397729874
63.564093828201294
