572.1549914677938
381.3806292215983
347.41789563496906
339.9568274815877
330.84791978200275
324.25886217753094
324.86261653900146
318.713825861613
331.74267228444415
336.16340096791583
328.1074339548747
322.3148094813029
317.70631408691406
322.1019690831502
305.86487833658856
293.18929799397785
302.1161561012268
296.1791197458903
295.4120713869731
279.7522800763448
277.78122488657635
299.7859646479289
273.8488362630208
270.4373369216919
264.6257999738057
265.4133246739705
279.6268442471822
262.6992696126302
252.95834620793661
251.7455676396688
251.72789891560873
238.38853152592978
239.5796308517456
237.73149490356445
228.6452419757843
232.26349925994873
223.7450885772705
220.7116375764211
220.95879546801248
219.96213404337564
212.36260883013406
215.78844610850015
213.92502808570862
219.13283824920654
209.95076036453247
213.01581271489462
210.43311627705893
204.97589778900146
203.51257467269897
203.98915346463522
197.55183243751526
189.64525723457336
201.30321598052979
188.6534125804901
186.40094542503357
178.6894314289093
181.25628638267517
184.46593443552652
187.12918376922607
183.91401878992716
175.50411717096964
174.71294037501016
181.89726519584656
166.85725673039755
170.36070458094278
163.41266441345215
161.02727953592935
162.94122624397278
166.1590568224589
155.50278202692667
157.5124030907949
160.90334828694662
154.3730099995931
159.0545125802358
155.95414280891418
149.4264099597931
153.68336232503256
154.81527860959372
156.575701713562
157.7069602807363
150.49783444404602
152.4160795211792
150.52644085884094
155.61939684549967
147.14362462361655
154.24749930699667
146.31344016393027
144.64087041219076
147.8416464328766
149.66444714864096
142.44945708910623
140.44255590438843
138.03991572062174
146.27308948834738
140.82326221466064
137.4857473373413
137.99542983373007
143.6734094619751
138.18119247754416
137.07656915982565
136.81618738174438
132.30376958847046
133.24093310038248
136.17470614115396
137.2965520222982
133.95683987935385
133.60562348365784
134.77588081359863
127.0208215713501
137.15767534573874
127.19310172398885
132.00852886835733
129.6951444943746
129.02328006426492
135.80736875534058
129.49781362215677
122.4906329313914
124.52030348777771
143.0577895641327
127.05409097671509
133.8958125114441
129.09603865941367
130.1228863398234
130.78375339508057
135.5130796432495
131.13690447807312
127.2628448009491
132.49288670221964
129.0494922796885
127.45342588424683
124.34140253067017
121.06969912846883
126.30258854230244
128.64636421203613
125.36925276120503
122.5254578590393
118.35759727160136
117.8580412864685
121.87320923805237
128.2893946170807
119.3800338904063
122.25406114260356
122.32085299491882
120.39453307787578
124.98306012153625
126.2975042661031
127.32374747594197
117.99573071797688
121.02673244476318
128.06323591868082
120.22828857103984
125.13662648200989
123.18753822644551
123.2485515276591
123.56795517603557
122.41515970230103
118.46835096677144
116.73013043403625
116.98714065551758
118.24025734265645
116.74336179097493
115.98857347170512
111.84391625722249
118.38047154744466
117.20109804471333
113.31930081049602
115.30664777755737
112.12582250436147
120.3955005009969
115.73240105311076
115.63218188285828
110.1922349135081
116.6618127822876
118.07645463943481
113.11743195851643
119.8932859102885
120.51376390457153
125.73739552497864
119.83204698562622
117.7084235350291
116.84265804290771
119.55738258361816
117.5475750764211
123.1796527703603
112.3253625233968
117.87966752052307
109.62022701899211
109.83527334531148
113.15177710851033
113.88204105695088
116.85096915562947
116.56929167111714
115.74872144063313
114.82753324508667
114.1951683362325
113.92843214670818
110.67626635233562
117.6810172398885
114.19634071985881
108.46217648188274
