133.2487762371699
106.99964316685994
98.11145401000977
91.60853592554729
86.97198394934337
72.95947434504826
68.23506261905034
59.543433586756386
67.06519623597462
58.30923696358999
60.745512306690216
58.50991835196813
56.439967572689056
50.92176604270935
51.1220716436704
48.624725272258125
45.31356132030487
46.702317198117576
49.32341516017914
44.13159969449043
43.97572867075602
42.478389114141464
40.2178703447183
42.099528362353645
41.696961760520935
40.682008435328804
40.19710003336271
34.06230829656124
35.486360977093376
42.485393752654396
37.82455587387085
37.36096881826719
37.847897400458656
35.80245588223139
30.991730858882267
32.950362568100296
30.589506780107815
31.71677332619826
34.1836801469326
32.8495514417688
33.35984507203102
30.159957073628902
31.810627703865368
30.414052439232666
34.84514674047629
30.597934084633987
32.22088208794594
31.12718416750431
29.532968930900097
29.225818594296772
29.298855125904083
25.295907092591126
26.242545291626204
25.917591872314613
26.12616380552451
25.849059308568638
24.286548271775246
25.905266260107357
25.90400624166553
28.714662844936054
27.185666620731354
24.282851322243612
26.778667215568323
26.727564938987296
27.78877668082714
25.271315013368923
21.312483390773803
27.694220632314682
21.238408879687388
21.49878720814983
19.764706778029602
25.491248711943626
24.037178978323936
20.707833362122376
21.712823671599228
22.824423543487985
21.099099777638912
23.750244287153084
23.91177611084034
21.599940831462543
18.308041815335553
23.35208493222793
17.85739006350438
19.673837099069107
18.587246615439653
19.981069198499124
18.716477406521637
15.650909240047136
13.958104029297829
14.205992554624876
15.355331098039946
19.55531731744607
17.503721351424854
19.854700714349747
15.206939270099005
15.486614247163137
14.554548278450966
15.357011824846268
18.07321893144399
18.834432567159336
16.808509208261967
18.26985429227352
17.557016767561436
15.320249766111374
16.6191944082578
14.652922476331392
21.484015113363665
16.679008694986504
16.828077396339115
17.222583170669775
21.15856842448314
20.663465342173975
17.11414761344592
21.426288380598027
14.359847396612167
17.720620304346085
17.876891029377777
16.757417137424152
15.815814822912216
12.416715701421102
12.513177951176962
14.242821236451467
11.558994164069494
12.06862723827362
12.958018648127714
13.230662738283476
11.348937799533209
13.229114587108294
15.404192527135214
11.788126081228256
12.480285182595253
17.439376364151638
12.362656941016516
13.169746786355972
14.19939283033212
13.014236641426882
13.797868311405182
11.089477022488913
14.887646416823069
11.580064023534456
11.985697858035564
16.01411838705341
11.043071284890175
11.976597264409065
11.616518646478653
11.680076345801353
7.742090076208115
10.030119836330414
13.057133654753367
8.901851842800776
10.372874423861504
14.036069398125013
9.934694702426592
9.859585215648016
14.290333166718483
12.585070058703423
9.58666467666626
14.477678989370665
16.06571260591348
15.326794604460398
14.994592870275179
9.352719207604727
11.656565308570862
11.651626467704773
13.044590696692467
8.966199899713198
15.716116110483805
11.512939845522245
10.249984155098597
11.825961649417877
9.88950988650322
10.390814314285914
8.822394405802092
11.036259775360426
7.328955590724945
8.74294693271319
9.591783394416174
7.264977624018987
6.491756459077199
12.869776755571365
13.288476893057426
8.783078541358313
13.22761506649355
10.01788521806399
11.77179736395677
11.670995662609736
10.36589848001798
11.118973503510157
14.983259533842405
13.67509856323401
11.770344123244286
11.67544754842917
10.432349942624569
13.852987048060944
9.683737968405088
9.836587324738503
13.122504090269407
11.993978137771288
11.475244541962942
15.645157565673193
