-0.12622186716180295
-11.270589500665665
-31.263418912887573
-48.32235765457153
-70.42362052202225
-76.93812048435211
-94.46942108869553
-93.63414251804352
-103.82245391607285
-98.76712530851364
-94.0185654759407
-107.57787829637527
-96.15466493368149
-108.65702867507935
-111.59946644306183
-112.28311336040497
-112.20041251182556
-114.19537657499313
-117.54287725687027
-112.61335265636444
-119.91627073287964
-121.90467715263367
-124.82164990901947
-120.01281213760376
-119.26762813329697
-118.09485757350922
-123.76017796993256
-124.68207585811615
-123.28834998607635
-125.71022570133209
-119.88894218206406
-129.87697851657867
-133.0993299484253
-126.87829208374023
-126.45004069805145
-129.15301871299744
-130.28762197494507
-139.2375863790512
-137.82188081741333
-135.81475841999054
-136.05970805883408
-134.15822315216064
-137.32724714279175
-137.2084037065506
-139.37189215421677
-139.34401965141296
-141.99949252605438
-143.31448638439178
-141.22428035736084
-135.57585269212723
-136.159059882164
-132.40869224071503
-139.4580682516098
-141.96417593955994
-138.935693025589
-140.6876415014267
-140.3290764093399
-143.62621116638184
-138.34266448020935
-140.58493530750275
-145.74965870380402
-144.35047316551208
-146.87521624565125
-144.61084485054016
-141.6515949368477
-142.18852591514587
-142.97032594680786
-146.04403746128082
-146.14972531795502
-141.38188540935516
-144.5498920083046
-143.072367310524
-143.38600599765778
-140.73778581619263
-146.15341210365295
-144.43287181854248
-145.3755406141281
-141.87761706113815
-149.87430560588837
-148.90052074193954
-149.70851105451584
-149.78090703487396
-153.43404829502106
-149.71172440052032
-151.55312275886536
-146.5126319527626
-151.10320395231247
-154.3965814113617
-148.5977510213852
-154.63073259592056
-153.0548734664917
-153.04623067378998
-151.12928342819214
-151.8992978334427
-152.78883057832718
-154.75793677568436
-151.84109497070312
-154.59699749946594
-156.38424241542816
-149.5758774280548
-156.15737414360046
-152.79186260700226
-155.6922549009323
-157.71198892593384
-155.2010864019394
-156.30863308906555
-157.79415589571
-155.75956392288208
-156.15751516819
-156.71130865812302
-155.51861333847046
-156.787411570549
-153.12903225421906
-154.6870517730713
-155.7019150853157
-154.653215944767
-153.02218598127365
-153.6829365491867
-153.2057294845581
-153.9006080031395
-150.9508671760559
-150.33632230758667
-151.31213188171387
-149.35548621416092
-152.25561660528183
-150.3082584142685
-148.21378135681152
-148.3146441578865
-146.71757090091705
-145.95170664787292
-147.38675272464752
-147.57212954759598
-146.05689084529877
-149.80643248558044
-149.8833110332489
-146.00414764881134
-145.51193153858185
-149.2076017856598
-147.19387137889862
-149.40963965654373
-149.86052548885345
-152.57863342761993
-150.84608590602875
-152.83438152074814
-149.86376905441284
-151.09765362739563
-153.08078169822693
-153.87446808815002
-150.7453339099884
-150.88480722904205
-149.0198174715042
-153.71959286928177
-154.05029553174973
-156.25823694467545
-153.5543019771576
-154.18607199192047
-155.67160487174988
-154.72883534431458
-154.16644942760468
-155.5431113243103
-156.82557886838913
-156.48427921533585
-156.3380467891693
-155.13550996780396
-156.3639348745346
-155.25437355041504
-155.48023450374603
-155.1405969262123
-155.32420086860657
-152.18745136260986
-154.85992777347565
-153.2298446893692
-153.06559133529663
-153.84422838687897
-154.6209112405777
-154.36761093139648
-155.2738550901413
-149.36855113506317
-152.5245504975319
-155.37964367866516
-155.07732725143433
-150.30124747753143
-154.71594166755676
-152.2449289560318
-151.68258333206177
-153.34645187854767
-151.64608818292618
-153.73527681827545
-152.08111882209778
-152.05811166763306
-152.6573452949524
-155.70045447349548
-153.97850394248962
-153.77466297149658
-154.35013395547867
-154.3365250825882
-155.24321246147156
-151.57834601402283
-152.50914859771729
-154.36686551570892
