957.6697020530701
865.0796451568604
847.7714152336121
890.2476186752319
847.593240737915
837.5321435928345
821.5493030548096
852.7593340873718
837.9892244338989
862.8284091949463
847.4243335723877
865.5746011734009
852.9973030090332
837.1346960067749
857.6688432693481
852.8365349769592
826.8897833824158
821.3509821891785
829.4607019424438
823.3775458335876
821.3429236412048
863.6133117675781
829.2822051048279
833.9643020629883
847.6764855384827
813.1989550590515
825.973123550415
834.0763158798218
820.2642869949341
830.2707471847534
841.3264303207397
816.8884000778198
840.6906108856201
840.977011680603
818.3999419212341
845.3219389915466
839.5149493217468
815.4884691238403
825.347216129303
825.0529179573059
821.6713094711304
806.1548976898193
812.0011324882507
836.3065190315247
838.6006264686584
814.0895051956177
820.3768649101257
867.7413835525513
816.1828742027283
826.3515529632568
834.2544097900391
828.5873165130615
839.5276012420654
819.5801968574524
835.0430192947388
840.8631443977356
833.0188732147217
836.1920070648193
834.627923488617
829.6935133934021
831.085063457489
808.4561772346497
828.2655386924744
848.540684223175
834.1361103057861
821.3753995895386
819.1965293884277
824.1540675163269
822.1435403823853
814.8596606254578
831.4095811843872
830.2394800186157
803.9934339523315
831.5570526123047
834.3752074241638
834.3457937240601
819.9397692680359
823.8924870491028
821.8670516014099
827.9914674758911
812.7646799087524
828.1370048522949
828.983555316925
812.8503422737122
819.4510989189148
817.6128635406494
820.4769520759583
831.6343340873718
816.8105545043945
836.5575428009033
820.7005767822266
818.1303834915161
814.9718356132507
820.6070976257324
812.7612147331238
814.8308110237122
814.4797806739807
838.5251178741455
846.8504843711853
817.4672455787659
834.8789472579956
793.4753365516663
810.8627820014954
821.0598268508911
812.9366493225098
841.6933360099792
828.2553043365479
818.8658065795898
814.3991146087646
822.5334935188293
827.3296995162964
797.4331312179565
811.9846124649048
822.3695020675659
834.0825209617615
821.9699592590332
820.5459332466125
832.3063364028931
804.7355456352234
807.1304655075073
813.1987133026123
819.9081797599792
799.1172065734863
799.1533088684082
829.3627099990845
830.975950717926
824.222484588623
818.2140312194824
807.177930355072
829.2524690628052
821.7578582763672
831.6350593566895
827.662034034729
821.2886090278625
818.9468755722046
808.0555868148804
820.925087928772
822.9095859527588
806.4495987892151
813.8387231826782
816.9739818572998
811.3254232406616
827.150396823883
801.2105755805969
813.3771295547485
819.4312748908997
827.6160197257996
830.3726072311401
815.6497206687927
845.6989178657532
812.6143879890442
816.1408891677856
798.7735095024109
822.500292301178
835.4671406745911
815.6294937133789
826.9402298927307
814.2158632278442
817.9518866539001
809.8548994064331
816.5630764961243
808.100634098053
785.4950370788574
803.5257964134216
807.2991309165955
813.5745639801025
807.8936905860901
822.0046110153198
810.0140557289124
812.084780216217
816.2995619773865
819.8950443267822
810.8102402687073
824.8500037193298
807.5749750137329
820.799455165863
817.2016358375549
808.1263408660889
837.2592811584473
838.1252527236938
829.633638381958
813.3264412879944
800.7659854888916
825.0575919151306
825.6604518890381
825.1640453338623
814.1641273498535
826.1804699897766
824.9887719154358
814.5834941864014
812.1349849700928
801.1918797492981
820.896641254425
821.8438429832458
805.9424743652344
803.8569221496582
820.4191722869873
806.3245301246643
835.1766300201416
813.2515773773193
