862.5463600158691
850.4881935119629
837.891393661499
810.3316431045532
797.8495969772339
791.5156588554382
772.7418208122253
769.3880949020386
791.6918992996216
787.4307808876038
793.4395565986633
771.1962718963623
782.9611072540283
786.9793410301208
773.0107345581055
753.2610869407654
762.9759888648987
792.179844379425
772.3274502754211
737.9669299125671
753.4258842468262
742.7303376197815
767.6241593360901
762.8617992401123
755.9931764602661
745.8560872077942
745.7410917282104
744.2168979644775
740.7420520782471
728.1126956939697
726.8654742240906
726.0030484199524
723.4293093681335
718.8768744468689
731.0434284210205
736.16286277771
701.933132648468
730.8606605529785
729.9710774421692
718.1101841926575
724.0424036979675
698.8098006248474
707.0201716423035
713.179319858551
701.2715258598328
684.83571434021
707.6478519439697
693.2666478157043
677.4115352630615
702.7080426216125
686.7799196243286
690.4743609428406
692.8969216346741
693.2386040687561
665.2241902351379
680.472574710846
704.06276512146
683.5992913246155
689.1142392158508
674.7682106494904
673.2348301410675
683.3155498504639
694.1516375541687
698.3811664581299
674.2208337783813
665.0977919101715
680.526969909668
664.4174892902374
669.3988807201385
669.0920917987823
643.0736594200134
689.4872694015503
657.1330454349518
646.6602773666382
655.2679347991943
665.0406165122986
649.0051939487457
640.2835886478424
646.5068426132202
656.2125174999237
644.1933543682098
667.1700475215912
636.3978776931763
627.7794218063354
651.2232286930084
651.7046060562134
629.7395024299622
644.2396910190582
631.179041147232
637.6524727344513
626.881618976593
636.8133764266968
629.1485691070557
624.6229288578033
606.2155129909515
614.7895662784576
636.0283126831055
618.6613762378693
617.119574546814
589.3029980659485
600.7118470668793
595.5879402160645
594.3076384067535
597.3590075969696
599.9934275150299
604.7878606319427
597.9810872077942
602.8952703475952
601.6595726013184
606.2916259765625
591.3618361949921
605.4179182052612
589.7840530872345
602.3768236637115
587.2040283679962
590.6961598396301
598.5543723106384
583.4196133613586
583.4286389350891
600.6875102519989
567.1305077075958
564.1402626037598
567.4395933151245
577.2712635993958
570.0087792873383
566.3541874885559
552.2628090381622
567.28511095047
579.7748529911041
568.6229507923126
559.8071410655975
575.6869530677795
549.696524143219
563.315309047699
573.6404445171356
563.6642441749573
548.6165981292725
551.2735819816589
570.0411343574524
559.205530166626
561.4737696647644
561.1932516098022
537.322865486145
538.4305531978607
550.2258901596069
529.9696016311646
546.940057516098
523.3907642364502
542.7112941741943
548.4615516662598
529.6300547122955
542.8363225460052
529.6579775810242
522.143260717392
528.6312379837036
508.1025302410126
538.7172763347626
505.33788418769836
532.8053240776062
513.1485512256622
530.0913259983063
525.0648066997528
516.578994512558
513.6876277923584
518.8952226638794
517.361076593399
530.2486691474915
522.2628092765808
501.49645495414734
513.6644997596741
514.317645072937
503.8094596862793
506.6981267929077
507.331609249115
498.85127687454224
499.4681990146637
500.2439148426056
511.54393315315247
512.0317573547363
501.28181552886963
506.8772683143616
502.4490559101105
500.0013122558594
497.72191166877747
485.6707561016083
512.5238122940063
486.60736083984375
503.2653868198395
494.28155636787415
482.1272110939026
490.39475750923157
499.20476508140564
494.08722448349
490.584415435791
461.8438458442688
491.74952030181885
480.2481994628906
474.41103053092957
481.40407729148865
476.6666986942291
