2.445294768549502
-2.010167174972594
-4.893184956163168
-11.896870888769627
-14.464715868234634
-19.868458315730095
-23.750293612480164
-26.686662286520004
-30.03250089287758
-36.66448441147804
-40.3488726913929
-43.51215496659279
-51.45343595743179
-51.06839853525162
-56.43510943651199
-59.720226883888245
-63.64855748414993
-70.28231891989708
-72.76931273937225
-71.57523739337921
-74.8467107117176
-75.17418491840363
-82.22669368982315
-80.10771864652634
-88.65246903896332
-84.71453869342804
-87.50888049602509
-85.55704981088638
-91.43112689256668
-96.06240463256836
-98.32566797733307
-95.50715053081512
-99.8216769695282
-99.18261396884918
-89.05747151374817
-101.5034556388855
-96.126389503479
-97.12871170043945
-99.19277781248093
-95.73823946714401
-99.89156472682953
-94.92010545730591
-92.99618756771088
-108.36641728878021
-94.868732213974
-102.9377965927124
-102.91589748859406
-101.25840526819229
-106.42565703392029
-107.8971277475357
-101.76421010494232
-106.47154039144516
-111.60212576389313
-109.647978246212
-111.55410689115524
-104.93951976299286
-100.84911161661148
-112.48489940166473
-113.83625745773315
-111.69802248477936
-109.2296690940857
-107.76213699579239
-110.33702439069748
-108.48332667350769
-113.49318492412567
-114.38118654489517
-103.38600295782089
-103.77294421195984
-112.07933282852173
-109.17215120792389
-112.55222856998444
-108.25559210777283
-116.38642525672913
-110.05091571807861
-114.98933494091034
-110.8229044675827
-111.2616319656372
-121.20525562763214
-106.65465074777603
-124.93106484413147
-107.56991040706635
-119.21263861656189
-119.4487641453743
-123.958700299263
-118.15897339582443
-113.96551656723022
-114.57756328582764
-119.74013102054596
-119.02311164140701
-120.67028892040253
-119.05728995800018
-117.39350199699402
-118.47574484348297
-120.37586987018585
-110.88778585195541
-121.60458689928055
-118.40893948078156
-120.45337295532227
-124.21200060844421
-123.76719897985458
-120.7504311800003
-121.92228507995605
-120.08265960216522
-121.77766436338425
-124.627720952034
-125.12654507160187
-121.91251409053802
-117.93154102563858
-123.98931270837784
-127.3555998802185
-128.12240093946457
-123.31472158432007
-131.1890310049057
-127.2004023194313
-124.40399551391602
-128.66366338729858
-128.00288259983063
-127.01908499002457
-124.88601756095886
-131.29973530769348
-131.49791514873505
-130.2084265947342
-132.76042771339417
-132.53094041347504
-128.5908846259117
-131.02135276794434
-134.55151051282883
-136.0570991039276
-135.58903849124908
-128.76677250862122
-136.801487326622
-132.96374487876892
-133.9453666806221
-133.06877797842026
-135.4568480849266
-134.93158185482025
-136.25336503982544
-140.01661628484726
-134.62656581401825
-137.2032966017723
-139.64093685150146
-137.8381490111351
-137.2866723537445
-139.11364591121674
-134.7026787996292
-140.29745668172836
-133.96846449375153
-138.99754238128662
-141.14517563581467
-140.32157188653946
-140.73529773950577
-142.78001326322556
-142.69061374664307
-144.56356132030487
-143.11841183900833
-142.27765345573425
-143.65475857257843
-144.07861804962158
-141.6043718457222
-139.42138171195984
-143.50040715932846
-142.27041083574295
-146.241109251976
-142.81886553764343
-145.1296944618225
-147.3527456521988
-146.75800466537476
-145.1444617509842
-144.91498452425003
-145.30248987674713
-146.60118532180786
-148.34614300727844
-145.63931703567505
-148.1080733537674
-146.47258096933365
-147.82296192646027
-147.0231510400772
-150.57419049739838
-147.76238179206848
-142.08209264278412
-148.13228929042816
-147.75555217266083
-146.6012356877327
-147.19635945558548
-144.12304079532623
-146.14798265695572
-149.3738294839859
-147.78365635871887
-141.69497007131577
-147.32028985023499
-148.17624866962433
-149.47323167324066
-148.0594198703766
-147.74721157550812
-151.58775436878204
-150.25696575641632
-149.0351287126541
-147.68530178070068
-149.54896187782288
-148.13067758083344
