1862.715796470642
1745.7403316497803
1297.943260192871
1428.123622894287
1343.8110647201538
1291.3226795196533
1327.109965801239
1384.1213722229004
1222.701967716217
1237.6519441604614
1248.0946135520935
1151.3998546600342
1151.3084707260132
1277.9873943328857
1366.2665309906006
1236.1806950569153
1176.2947239875793
1139.116693496704
1191.4100618362427
1185.2654995918274
1316.8719835281372
1125.4629344940186
1069.509696006775
1305.5452914237976
1092.3311009407043
1325.5694937705994
1329.6057786941528
1142.9748039245605
1125.9487843513489
1347.7895698547363
1041.956069946289
1295.2533974647522
1175.137435913086
1218.756905555725
1294.355191707611
1296.599416732788
1105.158375263214
1128.5216369628906
1117.3811779022217
1217.941219329834
1175.2115745544434
1011.2670240402222
1522.0684022903442
1087.5577812194824
1327.4815454483032
1674.2102422714233
1204.723750114441
1109.3026447296143
1062.86687374115
1156.0365014076233
1128.0545635223389
1049.8461136817932
1305.6339354515076
1062.5305905342102
1252.2401723861694
1050.2033491134644
1074.9835453033447
1111.5532360076904
1135.1702613830566
1372.7103071212769
1070.8346824645996
1097.4818024635315
1019.9146518707275
1186.8681836128235
1299.0638012886047
1136.8873767852783
1201.2206993103027
1271.831630706787
1286.5437994003296
1057.1793117523193
1118.6342821121216
1078.564522266388
1219.6819462776184
1158.3049020767212
1235.8722138404846
1141.9201817512512
983.1396293640137
1310.778431892395
1156.4811720848083
1106.4286441802979
1237.5198645591736
1066.8154010772705
1220.750267982483
1032.7659406661987
1304.0804085731506
1148.8003282546997
1164.5711483955383
1338.2082786560059
1075.1602692604065
1333.2804765701294
1119.2981452941895
1118.6591024398804
1119.898507118225
1041.6435594558716
1083.7427034378052
1075.714536190033
1006.4689645767212
1324.5172085762024
1162.249400138855
1315.087498664856
1369.7513694763184
1025.8953838348389
1051.1510343551636
1119.26437997818
1199.8922476768494
1180.8363604545593
1044.5974202156067
1056.3342924118042
1151.3966312408447
1210.80908203125
1118.9545288085938
1336.2775311470032
1205.4215397834778
989.2296352386475
1063.7728157043457
969.6658983230591
1110.9899435043335
1220.033540725708
1098.2916059494019
970.5802211761475
1128.469256401062
1022.2343854904175
1013.5201134681702
1122.7172260284424
926.8484153747559
1024.8194065093994
1437.6510829925537
1136.38871383667
1146.3850202560425
1065.00931930542
1172.894742012024
991.743579864502
992.5721597671509
1105.7070817947388
1145.5670776367188
1089.8784012794495
984.437216758728
1219.7653522491455
1115.7781715393066
964.774037361145
1238.5040550231934
967.9916543960571
1159.3057737350464
1175.5710663795471
1062.0163745880127
1308.6846599578857
1053.1800961494446
1158.1903901100159
1033.8947820663452
1018.6922507286072
1301.6283535957336
1102.180338859558
1030.5769972801208
1169.3915300369263
1011.0749082565308
1227.4820566177368
1209.7724304199219
1083.522705078125
1258.353789806366
1171.0014667510986
1116.798867225647
969.9802622795105
1127.818609237671
1154.2854595184326
1012.8113641738892
1132.2164006233215
1032.410397529602
1076.0575079917908
1137.8687467575073
1018.7601842880249
1089.4525876045227
1178.8048810958862
1363.7848205566406
1297.4599084854126
1150.8460712432861
919.9098443984985
1390.0358629226685
1231.6700839996338
1161.3598976135254
1324.3402428627014
1125.058475971222
1043.0833802223206
1008.7490501403809
1094.9742240905762
1248.7497735023499
1033.0026202201843
1039.2467861175537
1082.6014518737793
1269.1948738098145
1164.73264169693
1160.9049925804138
1431.6863069534302
1157.0580835342407
1121.6902446746826
1140.9455003738403
1222.2079787254333
997.8403549194336
1224.8414316177368
1038.5208721160889
1270.6939249038696
