2022.276174545288
1386.8158283233643
1239.5233001708984
1014.3533673286438
1018.7291588783264
998.8351020812988
1002.6015062332153
914.4258413314819
935.3775825500488
942.9597897529602
925.2052774429321
913.1770887374878
892.0367774963379
901.3408546447754
883.8176226615906
914.8452081680298
898.1975374221802
901.7534523010254
861.8480062484741
868.1706624031067
836.3966941833496
849.0300798416138
845.5516881942749
785.7769250869751
823.4930248260498
873.6347608566284
790.428318977356
812.5869083404541
752.8355956077576
737.3332862854004
783.8164415359497
790.5790138244629
705.2547855377197
753.6877064704895
880.1528367996216
754.5962271690369
693.187593460083
743.2015209197998
738.402494430542
706.6785697937012
694.9873895645142
683.5324053764343
708.4993987083435
670.9831509590149
673.1902260780334
662.5822758674622
667.2884275913239
663.086015701294
682.0213470458984
651.2842721939087
638.5840408802032
649.6135740280151
640.462488412857
630.8057289123535
615.4417042732239
624.4864573478699
644.837272644043
644.2485957145691
597.203920841217
624.6747856140137
616.0301797389984
602.9034900665283
619.3737921714783
576.0325036048889
578.8525924682617
559.9504220485687
556.262951374054
575.4655847549438
537.7342946529388
545.6987993717194
534.0608861446381
558.556978225708
559.2948591709137
549.6545794010162
536.0785450935364
527.4997372627258
517.7990989685059
501.7948226928711
492.5041227340698
534.7484414577484
484.7755722999573
489.43848991394043
517.0088777542114
492.8809404373169
490.17048811912537
510.7461771965027
485.5614821910858
498.0861177444458
481.39106273651123
495.43759536743164
477.62324833869934
461.9692368507385
488.21786165237427
468.3274312019348
444.5861430168152
508.1237645149231
453.7523787021637
463.8813691139221
465.93468713760376
456.29106307029724
459.9050397872925
442.86125111579895
469.0745391845703
427.93661880493164
476.13749384880066
470.75196623802185
427.07749700546265
432.4156403541565
433.3938271999359
467.73835134506226
420.78792119026184
426.35343647003174
427.32860136032104
414.7035160064697
425.36344385147095
431.05789589881897
437.13097882270813
418.0721502304077
411.63530445098877
406.9206509590149
417.4148950576782
423.94872546195984
385.6359305381775
392.5629777908325
394.84338569641113
392.900550365448
411.99213695526123
376.47062158584595
404.93756318092346
424.34004855155945
386.97248101234436
406.24067068099976
415.95670080184937
378.6733047962189
397.54029965400696
443.27779746055603
415.79141998291016
373.63836431503296
396.9625823497772
388.82614850997925
382.34796237945557
407.5542542934418
386.2335524559021
376.82108783721924
380.2927505970001
375.9450833797455
374.21978855133057
403.6763198375702
379.16249895095825
391.68306493759155
380.88706851005554
361.6468017101288
378.8922152519226
365.94962310791016
367.41974401474
372.6853201389313
383.3939619064331
365.2015480995178
347.72622418403625
369.5687975883484
368.3017520904541
363.6966142654419
365.74928760528564
371.8632273674011
367.5359079837799
344.10700941085815
368.7037124633789
358.22735834121704
352.36315298080444
350.15257239341736
345.0665407180786
360.38132762908936
335.93793845176697
340.6392550468445
347.02255177497864
361.67835092544556
348.1564700603485
344.077112197876
360.52295660972595
347.39260029792786
364.5852303504944
364.1475706100464
344.1222400665283
354.9038519859314
361.8268699645996
331.30673122406006
348.79543232917786
347.3761205673218
343.9797246456146
372.4728968143463
333.34203839302063
361.1739664077759
358.07078075408936
348.1898727416992
339.8913815021515
349.4911267757416
340.0809588432312
336.3706623315811
336.02376198768616
331.0300006866455
