739.763744354248
653.438241481781
600.3996186256409
588.2975733280182
647.46351313591
589.0858201980591
630.6485872268677
607.7041685581207
590.9233303070068
567.8793482780457
579.3475887775421
586.942770242691
588.8383824825287
534.1790647506714
532.3287415504456
534.7230973243713
550.6816010475159
520.7128281593323
521.7848165035248
551.4863276481628
524.08460521698
553.9400749206543
524.733761548996
539.003838300705
520.8081204891205
506.95664501190186
525.5926415920258
506.8507556915283
481.0729515552521
545.6651146411896
488.8781387805939
506.01387548446655
502.47629380226135
484.7885465621948
485.6618514060974
492.209139585495
492.82545733451843
498.80062890052795
497.31007957458496
498.6366777420044
475.8407781124115
471.8058228492737
490.90014934539795
465.4425919055939
464.11345529556274
473.34984064102173
479.19478607177734
464.0122802257538
459.21518778800964
464.7726445198059
454.12746381759644
451.1179184913635
460.77544355392456
454.49827790260315
460.28145456314087
459.65993905067444
450.36194610595703
459.5552988052368
465.08821725845337
441.09832286834717
451.1469695568085
446.5302677154541
452.9673955440521
455.2921254634857
430.6628658771515
452.31759452819824
446.9380302429199
441.57196402549744
450.2918367385864
439.4898769855499
436.32814598083496
431.29167437553406
435.636803150177
464.2160003185272
444.2370467185974
425.88600039482117
452.3551070690155
428.0218379497528
429.14314460754395
438.34205770492554
426.3546049594879
447.1587538719177
432.5053722858429
436.62864923477173
430.0321636199951
418.7413320541382
434.92454838752747
441.8806064128876
427.78217673301697
419.3983051776886
434.4015486240387
453.81648445129395
457.25305223464966
450.461590051651
430.69594621658325
432.3784098625183
434.08380007743835
432.5235846042633
435.2377438545227
429.7391951084137
421.94444370269775
400.497545003891
427.9634940624237
443.64973974227905
436.26561164855957
418.57899260520935
433.240070104599
410.06014037132263
419.7935366630554
428.6385586261749
441.2449481487274
406.6205506324768
413.9016098976135
417.6606001853943
417.1051244735718
414.97343707084656
405.34613156318665
415.32531356811523
419.56519770622253
440.94496870040894
406.0587086677551
410.8231236934662
441.953818321228
410.4211633205414
422.7821297645569
397.01935482025146
423.193478345871
410.7650215625763
396.51666259765625
412.07957220077515
425.87641072273254
416.2482590675354
410.39283752441406
404.6516056060791
408.16267466545105
405.6970007419586
408.20433735847473
404.25069284439087
389.47365283966064
405.46418929100037
397.70545959472656
398.40727853775024
411.50334572792053
400.4113185405731
384.2640030384064
397.8813374042511
384.72837686538696
408.60347723960876
409.1536343097687
403.3345568180084
401.5084092617035
399.28674817085266
393.3879716396332
407.4615406990051
401.7615282535553
404.0248520374298
395.0794608592987
407.7238464355469
404.7783262729645
407.26595973968506
399.6342730522156
401.28619480133057
387.79944920539856
391.84113335609436
385.6041798591614
385.1524176597595
393.3783013820648
399.3458979129791
390.7934012413025
380.04523229599
387.99261260032654
391.97744369506836
390.0288465023041
389.33697986602783
401.956303358078
390.5961682796478
387.32536482810974
394.06879806518555
388.6028461456299
387.72986364364624
384.00987672805786
383.29415678977966
386.10022377967834
387.78288888931274
386.7843542098999
390.9845097064972
384.95369386672974
399.74822092056274
377.4822916984558
395.22548174858093
381.2831058502197
383.7040548324585
395.72515201568604
394.3174042701721
387.51264548301697
393.90009236335754
372.4319996833801
387.49773716926575
378.92332124710083
386.30902075767517
