1850.8407796223958
1844.4211324055989
1473.0622990926106
1446.69300587972
1370.6674944559734
1277.9037952423096
1234.5336894989014
1199.9060325622559
1164.8578192392986
1144.782974243164
1148.2519543965657
1100.7745997111003
1075.71164894104
1034.00421778361
1014.1092688242594
994.5430405934652
989.357203801473
1015.7384440104166
974.9163983662924
992.0749053955078
1005.1907647450765
990.4027525583903
994.7047487894694
971.8528747558594
964.8606611887614
941.4270159403483
949.9109306335449
989.5453523000082
960.2488276163737
944.3107948303223
929.3165378570557
916.9662342071533
920.577719370524
889.8471692403158
883.1712964375814
891.1618245442709
907.9465535481771
854.621701558431
898.0735562642416
868.406576792399
851.2437076568604
869.6347745259603
833.8290405273438
848.7538935343424
838.5828755696615
860.3484573364258
836.2845627466837
835.0317700703939
847.322837193807
819.0229212443033
813.2107181549072
821.4023113250732
826.8256886800131
797.2157335281372
822.1837638219198
788.045786857605
844.8430058161417
806.7374248504639
829.2526079813639
815.2750822703043
794.8275241851807
793.4423141479492
789.8760039011637
809.9682401021322
786.4263327916464
814.3241682052612
799.7343355814616
784.7626419067383
777.5078560511271
772.3471565246582
778.9333670934042
756.749709447225
767.1913407643636
768.2346382141113
763.8133023579916
757.5810499191284
757.6120239893595
759.6817900339762
772.4415219624838
735.2114334106445
738.301150004069
741.6553020477295
760.3128957748413
737.4647881189982
723.8673884073893
738.794911702474
733.4142713546753
735.9714361826578
737.7979536056519
710.8100646336874
713.3895428975424
726.9464753468832
705.4829893112183
713.0870173772176
714.7293637593588
697.7503617604574
692.1841456095377
690.6625293095907
696.4860534667969
693.6785456339518
681.9491399129232
681.1828867594401
658.2023213704427
661.2025772730509
681.5263754526774
677.8430544535319
669.3324537277222
686.8376801808676
670.5897099177042
669.4232848485311
658.1320648193359
664.0158386230469
675.8237288792928
654.4560721715292
637.5865335464478
657.9776773452759
643.5707912445068
640.5341037114462
657.2511927286783
647.9503180185953
652.8643697102865
632.7308241526285
623.6722803115845
637.7211875915527
642.0808327992758
618.2575950622559
636.4174505869547
625.4526182810465
659.6586952209473
644.0859781901041
636.7595815658569
603.0655288696289
608.2305644353231
625.4867947896322
602.2287340164185
609.5843016306559
624.9931151072184
613.2675275802612
613.4256242116293
607.3305746714274
624.4241870244344
613.4315058390299
598.0813471476237
604.1057046254476
616.7356669108073
598.7370904286703
600.4273338317871
587.3935372034708
591.789992014567
604.7227764129639
598.5843213399252
608.2369070053101
607.1916224161783
603.8216794331869
590.6012916564941
597.639217376709
583.768902460734
602.4224332173666
588.1244955062866
621.5838994979858
579.2208401362101
575.326327641805
593.3362973531088
579.1651748021444
603.0470730463663
571.6399946212769
569.5582183202108
597.1250581741333
584.6570870081583
590.0783853530884
590.4673210779825
592.6916004816691
585.4589296976725
596.1442721684774
578.5499664942423
571.0244153340658
589.0996475219727
569.8251196543375
571.7738672892252
578.5388781229655
580.9931503931681
587.6314500172933
569.0149059295654
554.3352820078532
565.7738615671793
563.3678490320841
561.5833183924357
572.1471583048502
583.1705570220947
563.1259524027506
568.0499455134074
550.0190798441569
569.7284733454386
548.7985916137695
549.4682470957438
560.6085275014242
560.4778353373209
556.5385252634684
559.1395943959554
561.3726488749186
