1804.889425913493
1726.1614265441895
1738.1566314697266
1522.0837389628093
1492.7775408426921
1543.8537661234539
1502.7966181437175
1436.9648094177246
1467.9581260681152
1420.0208136240642
1336.3674812316895
1341.187484741211
1433.8519999186199
1366.8373858133953
1273.481783548991
1308.5817794799805
1270.091250737508
1296.18594678243
1280.019437154134
1221.8613917032878
1253.5992024739583
1243.1635627746582
1207.9060974121094
1318.7886441548665
1228.348107655843
1224.0722643534343
1257.9775352478027
1217.6641998291016
1250.281125386556
1215.129393895467
1200.9077021280925
1225.652779897054
1228.152733484904
1183.4079729715984
1202.1666049957275
1189.3597596486409
1210.325766881307
1221.4194615681965
1160.6815586090088
1200.2224032084148
1170.8619550069172
1172.0721480051677
1170.5280838012695
1143.9819641113281
1140.0868237813313
1133.903954188029
1152.8061790466309
1093.1110877990723
1122.5657838185627
1091.047695795695
1084.2989807128906
1130.585032780965
1121.022071838379
1089.9489638010662
1144.8041521708171
1153.295461654663
1107.1267019907634
1104.0686899820964
1131.4456176757812
1118.0780817667644
1089.4639174143474
1121.1164817810059
1127.1009419759114
1077.736536661784
1079.8671474456787
1105.4376207987468
1067.9664777119954
1097.7057813008626
1043.9160486857097
1059.9386291503906
1051.287669499715
1043.2780367533367
1033.504208246867
1109.2498308817546
1045.24747021993
1023.8434575398763
1003.3275082906088
1052.0089092254639
1066.65469233195
1007.048573811849
1000.7911930084229
1022.7401142120361
1084.2123705546062
1041.2582893371582
995.6933135986328
1011.77410252889
981.5881703694662
994.4781926472982
973.0712560017904
999.3391596476237
968.0570545196533
999.3017800649008
981.6297257741293
992.9547386169434
957.8243929545084
985.2916946411133
993.3337065378824
961.7250963846842
983.8110357920328
976.3460597991943
967.2569999694824
959.0652815500895
998.4947128295898
966.3592046101888
948.2231241861979
943.0073738098145
940.5137208302816
957.2345708211263
934.7315731048584
953.8577480316162
951.2135136922201
951.4284903208414
943.3729928334554
957.1585725148519
943.2796827952067
943.8117300669352
920.3482087453207
915.6132532755533
945.3238410949707
928.0725479125977
914.1760794321696
893.0516293843588
918.0468921661377
930.2420794169108
891.7420438130697
908.3032156626383
900.1805852254232
923.5381050109863
888.6775856018066
924.3405367533366
918.1533241271973
904.0205141703287
933.1304327646891
900.2679150899252
888.0473473866781
897.8088906606039
935.2621275583903
894.2511940002441
905.1603864034017
894.7807070414225
951.5251013437907
879.5766458511353
871.447893778483
899.5966129302979
933.2454573313395
902.1774520874023
867.8867537180582
850.7757002512614
900.1912422180176
861.2991511027018
879.8280639648438
919.02490234375
890.4042015075684
864.4391543070475
878.9464066823324
861.6809984842936
869.150831858317
864.2669588724772
879.8507785797119
847.4900455474854
856.9938952128092
857.9918559392294
851.6637287139893
853.6839761734009
867.8182175954183
826.0908002853394
827.633871714274
843.297721862793
846.1435267130533
839.2733713785807
852.9434862136841
854.5961227416992
852.8560889561971
866.7275250752767
824.4795220692953
842.6106910705566
843.0988864898682
838.3058344523112
869.7472120920817
839.6608937581381
850.8225059509277
841.9764178593954
838.8367824554443
842.5884097417196
865.8289661407471
835.5039790471395
837.7526741027832
837.7238693237305
843.3222567240397
825.2785231272379
818.5133508046468
813.5247497558594
834.5453144709269
811.9960378011068
825.1117607752482
807.7529474894205
808.2479031880697
786.1189905802408
793.4222494761149
788.4533398946127
