499.5629675388336
265.81211149692535
247.11501097679138
177.639790892601
184.89649319648743
194.83344841003418
184.0264117717743
159.68454015254974
173.77166771888733
160.6806270480156
197.04628539085388
147.3675330877304
133.48412561416626
154.573748588562
133.25381231307983
155.58295077085495
131.94721949100494
132.30066740512848
129.6356451511383
123.74716341495514
121.81642597913742
127.80280900001526
136.18819153308868
136.73179095983505
122.44182974100113
121.08366221189499
123.49282556772232
116.11229360103607
132.34975403547287
115.27392256259918
135.17284470796585
130.1886529326439
133.3869193792343
104.79406297206879
131.1180049777031
124.89381420612335
106.65606099367142
114.80926668643951
117.47088420391083
101.3707817196846
123.6923451423645
115.86788791418076
101.14120376110077
125.84269815683365
99.60766208171844
121.54053151607513
99.56279611587524
116.79694783687592
110.486319065094
119.42691540718079
113.25945681333542
124.10214245319366
101.52855801582336
102.04179686307907
96.30115926265717
108.64073026180267
102.47594106197357
112.66213709115982
104.5710426568985
97.873664021492
109.06871974468231
110.16020977497101
96.44083404541016
96.97792619466782
107.22475272417068
100.43770259618759
102.01587855815887
90.53733319044113
103.78496152162552
112.70574390888214
91.46273654699326
102.32083415985107
109.6201057434082
101.90285742282867
102.33773696422577
91.2431008219719
102.8723007440567
95.76253598928452
116.15037024021149
98.20170736312866
90.06170761585236
98.76212900876999
89.76761090755463
90.80688154697418
104.49318701028824
107.1963261961937
103.21401339769363
99.08820807933807
95.72563791275024
103.19170129299164
94.81527382135391
86.48904103040695
86.59034705162048
93.09012001752853
100.75763702392578
91.30393278598785
85.1726268529892
79.01718053221703
97.09864324331284
90.523009121418
87.35669481754303
94.81235259771347
95.99821829795837
79.76757740974426
89.40888464450836
87.99337047338486
84.06147396564484
86.25314718484879
86.03602975606918
91.01740103960037
78.94910594820976
86.51199781894684
87.44936811923981
113.29434025287628
89.17235618829727
86.4600201845169
86.03454899787903
83.7464149594307
100.15362870693207
92.33890217542648
81.28115403652191
85.16493093967438
89.6501978635788
83.45627197623253
88.91806870698929
89.20051074028015
82.13760644197464
82.97557455301285
88.55081045627594
79.62221631407738
88.50938951969147
80.33287447690964
77.80407693982124
76.13009995222092
80.51795414090157
92.21525382995605
83.66726994514465
90.42090731859207
89.12947463989258
76.82087868452072
72.20401567220688
88.58647960424423
84.50146061182022
76.74173367023468
84.92132103443146
72.27795284986496
97.13753581047058
85.32726031541824
83.04391607642174
86.2958373427391
83.8756639957428
75.37877130508423
76.29573333263397
82.4217911362648
81.80315655469894
79.70176929235458
73.64627414941788
78.17077109217644
71.95987692475319
73.9938896894455
69.59271371364594
76.42066097259521
71.38936194777489
70.60180509090424
69.52542987465858
73.83348932862282
72.9983971118927
76.11960369348526
76.63680130243301
74.96702986955643
73.74325373768806
69.63547438383102
66.78767418861389
72.16732913255692
79.25132668018341
75.79427507519722
76.20928022265434
75.6067476272583
75.65853387117386
64.84166580438614
65.36602041125298
69.67780190706253
66.89085382223129
62.48007810115814
87.60639899969101
72.2243030667305
75.78390473127365
77.53740447759628
78.22510585188866
68.00588488578796
76.23653322458267
71.17226466536522
82.0674769282341
71.18264508247375
73.1779516339302
66.95620864629745
68.31106209754944
70.21081945300102
62.596292436122894
71.85135346651077
