-0.6321033348795027
-19.702084556221962
-41.731941133737564
-61.80017840862274
-78.90906000137329
-90.1551867723465
-105.89824521541595
-106.79898941516876
-111.45562136173248
-118.73978316783905
-117.02575016021729
-127.31079435348511
-121.31720900535583
-129.7235437631607
-125.98627126216888
-132.0365686416626
-131.95779633522034
-131.60599035024643
-133.57220554351807
-132.22953057289124
-133.4358851313591
-135.45086461305618
-138.18627828359604
-133.15523612499237
-131.90947526693344
-133.40140461921692
-132.1845840215683
-135.9321916103363
-134.98992574214935
-139.41636526584625
-137.4002777338028
-135.86655473709106
-138.90966391563416
-139.13113296031952
-138.14837288856506
-137.11168098449707
-136.548126578331
-141.37767481803894
-142.63181656599045
-141.82971906661987
-139.63295888900757
-139.47599852085114
-138.83695566654205
-137.70755016803741
-138.17415016889572
-138.3465930223465
-139.15896517038345
-140.85904681682587
-142.65644550323486
-138.4782294034958
-137.44802463054657
-136.6441844701767
-134.81782537698746
-143.08117127418518
-142.81040406227112
-144.0156807899475
-147.21837943792343
-144.97094106674194
-146.01780688762665
-143.635025203228
-145.9969755411148
-148.79418820142746
-144.16704046726227
-145.86058461666107
-148.84202575683594
-144.56555581092834
-146.5173663496971
-147.22527956962585
-144.72068285942078
-148.5778564810753
-148.72056329250336
-146.17621779441833
-148.19040149450302
-147.09434831142426
-149.07518976926804
-146.12419986724854
-148.6987246274948
-146.87072360515594
-141.47774183750153
-145.91307598352432
-145.36121654510498
-146.87557888031006
-148.22733986377716
-147.9245399236679
-147.7636610865593
-147.21746277809143
-147.157084107399
-150.0885421037674
-149.98059785366058
-145.8344749212265
-146.7395304441452
-150.4941691160202
-151.0442657470703
-151.12738966941833
-151.49203896522522
-154.59527498483658
-150.93881964683533
-147.67634671926498
-149.63275063037872
-153.18566370010376
-151.30776011943817
-151.5032604932785
-151.48526978492737
-150.29302775859833
-149.84251463413239
-152.98723202943802
-151.59043383598328
-152.64084541797638
-150.0179089307785
-149.67451405525208
-149.92874109745026
-148.0484703183174
-149.20788383483887
-149.26864528656006
-144.6418501138687
-151.38975584506989
-147.59179240465164
-148.84782791137695
-148.66200786828995
-146.51213836669922
-144.69082593917847
-146.39968132972717
-151.35384494066238
-146.8976593017578
-146.72740232944489
-147.79499876499176
-150.34752368927002
-148.66442543268204
-145.93450164794922
-144.12078440189362
-145.82247775793076
-149.63684034347534
-147.07537043094635
-147.40096598863602
-148.65485590696335
-143.86089622974396
-148.20157265663147
-149.2492241859436
-152.17528295516968
-147.03926813602448
-145.6804055571556
-150.23252820968628
-150.09382045269012
-149.30648016929626
-146.6087200641632
-147.5062005519867
-148.37560707330704
-147.13319051265717
-150.40254342556
-150.34460246562958
-151.43997067213058
-151.2490737438202
-149.1241958141327
-148.5421268939972
-152.90321159362793
-151.00570559501648
-149.55710101127625
-151.45437532663345
-149.82937920093536
-152.53713190555573
-152.76255971193314
-152.8403851389885
-151.5173528790474
-152.63554692268372
-151.03280246257782
-150.87219560146332
-153.07486873865128
-150.26987957954407
-153.31250524520874
-150.8898639678955
-147.77922415733337
-144.03880882263184
-147.8061699271202
-147.067533493042
-148.9235178232193
-144.53398644924164
-149.17693901062012
-149.23989641666412
-146.47625768184662
-150.3834446668625
-147.9628381729126
-148.51561427116394
-148.29164707660675
-147.53368020057678
-147.79769837856293
-145.88800382614136
-144.35827988386154
-148.37134611606598
-148.38830935955048
-146.38115674257278
-148.45317059755325
-147.16345036029816
-146.376815199852
-150.56074279546738
-150.45824813842773
-148.31148117780685
-142.7626974582672
-148.18672478199005
-146.40965378284454
-144.8956742286682
