119.33878393967946
54.81811555226644
49.37117985884348
45.24137775103251
41.885130186875664
40.275359094142914
38.500801265239716
38.02858312924703
37.34964466094971
33.899118304252625
34.98919276396433
31.597655057907104
30.652649839719135
30.299882491429646
30.151152054468792
30.180840869744618
31.26950140794118
27.92837385336558
28.523707926273346
28.03844188650449
27.388811588287354
28.788177460432053
27.57109276453654
27.766560812791187
26.636439581712086
24.8148456911246
25.639760553836823
26.1215936144193
25.875921100378036
25.68667217095693
23.40617562333743
23.79863499601682
23.06845075885455
22.57683390378952
22.628590365250904
22.497562785943348
22.165881236394245
23.932067612806957
21.3748196264108
21.6739697655042
23.080099840958912
21.43171860774358
20.649542808532715
21.542903155088425
20.910727858543396
19.95796039700508
20.141056090593338
19.828272809584934
20.42129099369049
19.057788521051407
19.749187171459198
19.282997399568558
20.369507888952892
19.361905713876087
19.813214083512623
18.457375367482502
18.42024290561676
18.50947759548823
17.91849868496259
18.40834786494573
17.77855145931244
18.082985907793045
17.436020106077194
17.801147987445194
17.313120385011036
16.84025439620018
16.99490660429001
18.410706023375194
17.783146758874256
17.2674676378568
16.747439801692963
16.021973957618076
17.736934940020245
15.933988948663076
16.47035254041354
16.375095675388973
15.858612686395645
15.72777142127355
16.032522598902386
16.24338585138321
15.962521513303122
15.26915263136228
15.558217217524847
15.522862553596497
15.802158494790396
14.968085239330927
14.602347483237585
14.886960883935293
14.820616086324057
15.60100781917572
14.562635461489359
15.356646319230398
14.654365668694178
14.060282518466314
14.975225110848745
15.361011356115341
14.631133198738098
14.210048019886017
14.289595713218054
14.339473644892374
13.584141691525778
14.292822549740473
13.707886517047882
14.006581316391626
14.090652177731195
13.744282692670822
13.818307638168335
13.202303970853487
13.773427029450735
13.47181349992752
13.578318705161413
13.119882047176361
14.048102428515753
13.535424083471298
13.469765424728394
13.296390076478323
13.56468316912651
13.601289903124174
13.12226285537084
12.841904123624166
12.471907928586006
13.444074908892313
12.406160985430082
13.011639714241028
12.628007397055626
13.87270220120748
12.49739721417427
12.658863375584284
13.416889682412148
12.815248012542725
12.110557352503141
12.28526808321476
13.203742265701294
12.896818468968073
12.800870815912882
12.560788522164026
12.007484664519628
12.347079575061798
12.3908754636844
11.808851117889086
11.995751937230429
12.090738942225775
11.547493060429892
12.827408502499262
11.71662208934625
11.78731139500936
11.703030745188395
11.417627647519112
12.217579871416092
11.785503019889196
11.54364949464798
12.396975884834925
11.63334079583486
12.176828732093176
11.882606993118921
11.66293998559316
11.675318747758865
11.968671560287476
11.363562906781832
11.501713653405508
11.659758095939955
11.614107737938562
11.675348902742067
11.084514732162157
11.417363628745079
12.785359571377436
11.096334253748259
11.24255158007145
11.010495007038116
11.079765851298967
11.756746346751848
11.592495322227478
11.190990567207336
11.270022342602411
11.62499214708805
11.218727509180704
11.00225530564785
11.220507855216661
11.16421670715014
10.89098790784677
11.05208078523477
10.776963089903196
10.821457450588545
11.176440139611563
10.78353451192379
11.557384053866068
11.484088400999704
10.80660750468572
11.010142197211584
10.991401195526123
10.780439525842667
11.074700673421225
11.068978369235992
10.739560653765997
10.60029929379622
10.60567315419515
10.78307198981444
10.598738993207613
11.239127149184545
10.31957412759463
