-3.911408059298992
-11.294902255137762
-16.710083961486816
-20.718188484509785
-23.08005663752556
-25.520910759766895
-23.317824105421703
-23.497289141019184
-20.537492255369823
-21.005997021993
-21.527338683605194
-20.23193070292473
-19.2897966504097
-19.55168616771698
-17.585429747899372
-21.338402370611828
-17.86757238705953
-23.03699767589569
-23.917992800474167
-22.578977515300114
-24.49826596180598
-24.693881541490555
-23.818086832761765
-22.039228856563568
-19.385727783044178
-24.095140645901363
-24.94001034895579
-25.16868410507838
-28.92841140429179
-26.955688734849293
-25.139450122912724
-28.99678937594096
-27.967493613560993
-25.442552387714386
-23.5546033680439
-25.827029526233673
-25.837450345357258
-24.48997308810552
-26.266356110572815
-27.595844566822052
-28.524046222368877
-29.394479393959045
-31.30586475133896
-31.522666652997334
-28.77523257335027
-31.130651275316875
-30.193606704473495
-29.521786471207935
-30.539727091789246
-31.12419666846593
-30.3404660820961
-28.75719718138377
-21.45485010743141
-18.29758384823799
-19.107127130031586
-15.971901535987854
-20.893149932225544
-14.022565136353174
-17.719245980183285
-17.787858963012695
-20.16022464632988
-22.556868026653927
-19.63768817981084
-18.014242966969807
-18.191175023714703
-23.032662848631542
-23.718722979227703
-20.48896457751592
-19.60714574654897
-22.11350543300311
-21.598292340834934
-22.155039588610332
-17.008273263772328
-19.66710029045741
-22.861171146233875
-16.618538349866867
-18.218262871106464
-19.048036962747574
-18.84740972518921
-24.006095955769222
-18.060725669066112
-19.276794056097668
-21.00329902768135
-20.282041092713673
-18.764764964580536
-21.00421745578448
-18.12516846259435
-19.3597105940183
-18.225293219089508
-14.555428942044577
-21.17668005824089
-22.511885682741802
-24.227405687173206
-25.49128266175588
-19.79727242390315
-19.200300365686417
-22.17544425527255
-19.001634458700817
-23.840888261795044
-18.721076955397923
-19.913248032331467
-23.66116714477539
-23.90048909187317
-20.598183025916416
-20.802602469921112
-23.385005394617718
-28.843701203664143
-23.08732231458028
-26.8805068731308
-23.911456048488617
-24.235427131255467
-22.82522400220235
-20.298379758993786
-25.104855318864185
-24.491400917371113
-24.59544638792674
-24.373035192489624
-21.879348526398342
-23.73679080605507
-25.954135249058407
-18.963238735993702
-26.2275497118632
-27.960260689258575
-25.113458613554638
-27.829005638758343
-21.47606752316157
-24.030089139938354
-27.684300978978474
-22.736979087193806
-23.356477598349255
-22.958575308322906
-20.684632897377014
-25.524072746435802
-22.183308978875477
-22.931813885768253
-26.10678692658742
-20.53280254205068
-24.180825630823772
-23.437799215316772
-24.96332718928655
-22.938196410735447
-22.497874557971954
-22.977844655513763
-29.991503357887268
-23.72414082288742
-26.164439012606937
-28.372652252515156
-27.997713963190716
-24.86332207918167
-29.27523418267568
-25.17253703872363
-21.856977810462315
-22.10034703214963
-22.59462125102679
-21.79684587319692
-21.881498833497364
-19.461445967356365
-19.317692637443542
-17.16194057961305
-18.639345784982044
-19.424629976352055
-18.563474307457607
-23.75143587589264
-21.114322165648144
-19.79651216665904
-23.215639849503834
-24.466982424259186
-22.69529851277669
-26.37006179491679
-27.62547990679741
-18.636024018128712
-27.448746542135876
-23.096237659454346
-21.943553686141968
-23.176490545272827
-24.266297062238056
-24.600716412067413
-24.19812907775243
-23.308113197485607
-22.1964489420255
-21.602154205242794
-23.12552598118782
-22.593868295351665
-21.716014325618744
-27.265121420224506
-25.6298529903094
-17.61079015334447
-22.55102475484212
-20.544301976760227
-23.66366398334503
-25.148630380630493
-23.860384305318195
-22.56894498070081
-20.997054268916447
-25.21504145860672
-25.512856592734654
-21.63506570458412
-25.660848597685497
-25.333576401074726
-22.623944620291393
