4552.001049041748
3864.843505859375
3069.720115661621
2773.327365875244
2857.4495811462402
2665.3629693984985
2763.484655380249
2553.754175186157
2680.853916168213
2498.421606063843
2595.1783351898193
2375.846417427063
2408.3616914749146
2207.363292694092
2462.1827993392944
2168.7209434509277
2202.9633255004883
2254.389916419983
2143.7549171447754
2110.04891204834
2056.2242584228516
2033.9865341186523
2136.2374200820923
1997.432315826416
1953.33207321167
2026.272569656372
2031.2672576904297
2002.581566810608
1956.8912115097046
1930.4224271774292
1935.9568767547607
1902.2560291290283
1909.2974271774292
1832.2952613830566
1976.466875076294
1815.774432182312
1878.981653213501
1860.2168407440186
1774.1244716644287
1812.5985584259033
1802.710397720337
1789.273736000061
1716.3733711242676
1732.3776473999023
1740.26051902771
1690.7110862731934
1751.819055557251
1679.7577466964722
1680.568920135498
1595.9477195739746
1688.293038368225
1705.3051166534424
1616.2971649169922
1639.1268701553345
1644.6468143463135
1634.8779201507568
1601.2363834381104
1708.0559825897217
1624.3389511108398
1720.930480003357
1589.2634763717651
1622.3014278411865
1582.1153831481934
1595.5161037445068
1558.4490394592285
1557.838846206665
1611.3293924331665
1636.1521377563477
1552.0002670288086
1582.0199699401855
1563.6134405136108
1516.2791414260864
1552.7922611236572
1546.7891263961792
1510.0581035614014
1620.8476657867432
1505.6180047988892
1580.3618431091309
1490.149621963501
1495.07661819458
1543.2101640701294
1487.720453262329
1478.7511281967163
1481.6438245773315
1464.4146490097046
1473.751443862915
1513.658179283142
1458.889708518982
1411.2767448425293
1398.7463474273682
1464.109230041504
1381.8565979003906
1422.9416542053223
1375.182186126709
1365.4376287460327
1358.4776220321655
1378.4605646133423
1345.8476209640503
1418.8743438720703
1440.0562372207642
1327.7579536437988
1334.7696962356567
1277.501705646515
1301.5147280693054
1332.7025175094604
1265.2308740615845
1314.8596029281616
1246.0450830459595
1312.9280495643616
1238.6734457015991
1299.9817504882812
1263.0565166473389
1246.8535165786743
1249.765311717987
1225.871314048767
1226.237494468689
1303.2273306846619
1181.0347619056702
1200.86088514328
1214.8685755729675
1273.530936717987
1222.2651138305664
1168.6008253097534
1264.9829931259155
1225.3423509597778
1162.7802166938782
1234.0542860031128
1142.613136291504
1211.023922920227
1192.3268022537231
1195.541437625885
1179.0991792678833
1147.9082469940186
1167.2780952453613
1092.4676933288574
1098.3580083847046
1160.5856323242188
1158.2094888687134
1098.565435409546
1120.7804346084595
1143.5891876220703
1089.721420764923
1132.9312744140625
1128.4616813659668
1046.2520818710327
1127.2720785140991
1064.6563549041748
1077.3263263702393
1055.793080329895
1151.3103241920471
1157.3075761795044
1133.6430053710938
1022.5210280418396
1095.4090633392334
1075.1078081130981
1104.3822565078735
1069.5916514396667
1058.2318387031555
1026.1162686347961
1144.7596111297607
1132.5908813476562
1114.8201713562012
1003.4428186416626
1009.2790608406067
1035.3300094604492
1011.0787763595581
1048.8642601966858
1008.9785575866699
1029.5691146850586
988.8806195259094
1012.2999687194824
1026.587613105774
1006.2931270599365
1038.484447479248
1009.7925515174866
1030.0984001159668
987.5202560424805
977.7632884979248
959.9430990219116
1052.5113172531128
1071.139859676361
1002.3565263748169
982.7758665084839
987.5099411010742
1003.7593584060669
955.7266249656677
942.1174297332764
957.3990154266357
982.4726233482361
935.0086622238159
1035.1791534423828
948.5037484169006
982.6625633239746
937.5532293319702
942.8386697769165
945.6329712867737
900.32781457901
946.8073434829712
908.5846028327942
1030.994107723236
