-6.090539922316869
-14.67463677128156
-20.738409241040547
-25.773491938908894
-29.210246940453846
-33.38906685511271
-36.47152445713679
-39.37166726589203
-41.04204833507538
-43.560753544171654
-44.75955347220103
-45.756995677948
-47.172732849915825
-48.010131577650704
-48.75482416152954
-48.742311835289
-49.61611545085907
-48.89742616812388
-49.89680047829946
-50.45435927311579
-50.946496427059174
-50.79539148012797
-50.49558369318644
-50.73174534241358
-51.04745892683665
-50.816002209981285
-51.0418496131897
-51.30513870716095
-51.33291200796763
-50.722951193650566
-51.23833159605662
-51.47522379954656
-51.44087964296341
-51.44629045327505
-51.19652263323466
-51.39827676614126
-51.33409333229065
-50.92441666126251
-50.66987113157908
-50.90474840005239
-50.275929152965546
-50.89192509651184
-51.177085399627686
-50.85332012176514
-51.200127025445305
-51.73379190762838
-51.76000273227692
-52.0328052242597
-51.607370138168335
-51.753605564435325
-52.04048756758372
-52.018288334210716
-52.40673156579336
-52.694410721460976
-52.557017187277474
-52.203356782595314
-52.00092728932699
-52.72351853052775
-52.284695287545524
-52.05139849583308
-52.40761641661326
-52.40730903546015
-52.55570101737976
-52.77708160877228
-53.02127468585968
-52.7840861082077
-52.55520164966583
-52.84528432289759
-52.37673439582189
-52.59637282292048
-52.779621263345085
-52.89689972003301
-53.010557651519775
-52.949769258499146
-52.68720757961273
-52.69669361909231
-53.11399765809377
-53.03731898466746
-53.017540176709495
-52.91916879018148
-53.22305701176325
-52.976835389932
-53.3257307211558
-53.18297549088796
-53.404080311457314
-53.44456589221954
-53.35155256589254
-53.24579858779907
-53.46753724416097
-52.89637668927511
-53.2955451409022
-53.38058706124624
-53.417150457700096
-53.53316183884939
-53.487666169802345
-53.66326745351156
-53.808109958966575
-53.65168333053589
-53.627447287241615
-52.839936216672264
-53.17086158196131
-52.81116044521332
-52.777794440587364
-53.02043620745341
-53.24124300479889
-53.01036842664083
-53.26857175429662
-53.594194293022156
-53.8524606625239
-53.46058088541031
-53.48171170552572
-53.66425188382467
-53.72955238819122
-53.49668916066488
-53.83102957407633
-53.921776592731476
-53.8613862991333
-53.62935519218445
-52.77583154042562
-53.52782899141312
-53.137859304745994
-53.50565532843272
-53.67414367198944
-53.441829760869346
-52.96792411804199
-53.638140161832176
-53.15125596523285
-53.36617398262024
-52.71926359335581
-53.16445642709732
-53.2516473531723
-53.397528886795044
-53.175200164318085
-53.1785004734993
-52.983039140701294
-53.27441418170929
-53.17359868685404
-53.79013590017954
-53.951645851135254
-53.433834632237755
-53.56377931435903
-53.68036953608195
-53.901003996531166
-53.18067310253779
-53.61552006006241
-53.76449799537659
-53.17024823029836
-53.76591296990713
-53.945262253284454
-54.00298504034678
-53.89414894580841
-54.20008663336436
-53.93201001485189
-53.913099547227226
-53.9094383319219
-54.10408705472946
-54.25375167528788
-53.93483700354894
-54.241419891516365
-53.966960310935974
-54.288774609565735
-53.56533670425415
-54.187498112519584
-53.91161706050237
-54.08033855756124
-53.78909965356191
-53.78295958042145
-54.04058746496836
-53.759955962498985
-53.82769227027893
-53.78213274478912
-53.90030483404795
-53.97674330075582
-53.87200856208801
-53.83377502361933
-53.97756073872248
-54.276644607385
-53.868531465530396
-53.84289530913035
-53.90253210067749
-54.169232189655304
-53.80369430780411
-53.88379899660746
-54.149776677290596
-54.00031143426895
-54.13368411858877
-53.98093914985657
-53.69531192382177
-52.96595452229182
-53.87867999076843
-53.961061239242554
-53.80305486917496
-53.87258851528168
-54.05413701136907
-53.89764185746511
-53.61140743891398
-54.30306977033615
-53.69695403178533
-53.86463932196299
-53.921382347742714
