931.265305519104
874.3637371063232
862.8036694526672
879.4208788871765
860.9098300933838
860.2267069816589
885.0636353492737
872.8914403915405
835.99924659729
858.063148021698
849.0261311531067
848.5812993049622
850.0654420852661
847.1617860794067
837.3402695655823
867.143358707428
847.8921322822571
827.0057458877563
817.5936036109924
840.4802021980286
867.1852631568909
838.4567008018494
828.7964358329773
841.0941023826599
826.2630701065063
842.3060274124146
850.4040622711182
836.5305466651917
843.34654712677
844.4057626724243
824.1451225280762
829.4668264389038
840.2494053840637
831.7860765457153
862.4140386581421
819.1576066017151
841.4130597114563
831.5761513710022
854.9027466773987
825.2482571601868
838.0284695625305
824.0887126922607
834.0568947792053
833.3093032836914
855.3840837478638
821.991717338562
851.1146650314331
845.5705451965332
817.769763469696
834.6027002334595
867.9219756126404
852.1484155654907
842.3306059837341
837.4909644126892
815.5750179290771
854.7243304252625
823.9697685241699
830.9837675094604
829.3956694602966
812.188090801239
840.4934988021851
828.4138159751892
827.3347764015198
815.5881533622742
828.8682374954224
830.2731647491455
860.8883137702942
819.6971263885498
831.1932897567749
825.2097373008728
833.092125415802
829.5048627853394
828.2073559761047
815.1006917953491
828.6141514778137
815.2452621459961
848.1375956535339
836.1243958473206
815.8142762184143
833.5774917602539
806.7091646194458
852.7869749069214
830.2918605804443
837.1566958427429
821.4632377624512
849.8717951774597
816.4179420471191
845.3429718017578
846.3631839752197
849.0856032371521
837.4144082069397
838.9069318771362
838.0329823493958
852.8457217216492
817.3538618087769
826.035496711731
814.6553764343262
827.9795408248901
848.8936486244202
837.8325662612915
829.0154671669006
826.7025027275085
815.0092272758484
833.8705005645752
817.880729675293
826.8022675514221
823.5779619216919
814.5809154510498
849.5787863731384
819.0135197639465
828.8667063713074
826.4938669204712
820.7684297561646
825.4253034591675
821.391758441925
835.2313475608826
837.8249912261963
826.1871585845947
816.4209237098694
814.7399911880493
828.2252459526062
806.4491958618164
831.6959013938904
817.6633100509644
824.2653560638428
821.0699806213379
817.6889362335205
818.0485892295837
802.8452520370483
823.8444581031799
829.544107913971
831.1438102722168
827.0702142715454
832.1367039680481
823.106939792633
822.7936234474182
845.6479878425598
828.0218482017517
816.3320379257202
813.6959257125854
823.8982892036438
818.1494822502136
816.1470942497253
841.2183651924133
813.4294295310974
815.0248608589172
837.3484086990356
833.36168384552
825.582525730133
822.3905348777771
810.9052505493164
832.7031393051147
820.3160228729248
812.1716513633728
825.2375392913818
824.0052261352539
830.3726072311401
815.6725263595581
849.70667552948
824.808985710144
808.9907007217407
837.4510746002197
828.5537123680115
829.6163930892944
809.3147349357605
822.5036768913269
831.5237708091736
827.3694281578064
824.906171798706
823.0518999099731
835.6689267158508
801.3757758140564
821.5733981132507
811.2927055358887
831.2023959159851
818.4373335838318
810.2454972267151
825.1559867858887
836.4777631759644
835.5104150772095
815.0397691726685
839.8370494842529
820.309253692627
827.1337962150574
814.2151379585266
825.5311121940613
823.8683919906616
826.963357925415
829.8937683105469
827.1047854423523
831.5718803405762
818.8757991790771
815.9462752342224
829.6029353141785
834.1390919685364
820.9414467811584
818.9147219657898
843.5684795379639
811.4973120689392
821.3986887931824
