-3.288573404153188
-13.24197385708491
-18.311126122872036
-27.599920133749645
-32.05804091691971
-33.13083279132843
-38.03203749656677
-37.59581196308136
-39.8603789806366
-38.620705564816795
-42.53478046258291
-42.168810407320656
-43.92995937665304
-43.2800848086675
-44.04105548063914
-44.958121260007225
-44.329059422016144
-45.42523302634557
-44.774789333343506
-45.34841001033783
-45.620197892189026
-45.88282561302185
-46.768311421076454
-46.519335826238
-46.31660854816437
-45.66622030735016
-46.5998660326004
-47.29313973585764
-44.59625279903412
-44.86158907413483
-44.870018084843956
-47.068157037099205
-48.82171758015951
-48.10025695959727
-47.486736714839935
-47.31432304779688
-47.445409854253136
-47.550753355026245
-48.67835362752279
-48.36522082487742
-48.0857705672582
-47.30339548985163
-47.377488811810814
-48.18119478225708
-48.4564760128657
-47.27590608596802
-48.437177777290344
-48.23771266142527
-49.21020722389221
-48.48447863260905
-48.37806530793508
-49.25900616248449
-48.26045270760854
-48.863254626592
-48.46695053577423
-49.37859469652176
-49.17454640070597
-47.3415340979894
-49.48447835445404
-49.30671981970469
-48.462145249048866
-49.316855112711586
-49.46554605166117
-49.12164302666982
-49.03217023611069
-49.37850868701935
-48.96121140321096
-49.827890157699585
-49.156577348709106
-50.10789831479391
-50.107053558031716
-49.662097891171776
-49.137215415636696
-49.58836712439855
-50.41417157649994
-49.15920237700144
-49.171188036600746
-49.480835477511086
-50.15833886464437
-50.964787006378174
-50.900341272354126
-49.88377392292023
-49.322819789250694
-49.317200581232704
-49.4468187491099
-50.56698020299276
-49.41595002015432
-49.82226353883743
-50.90165903170904
-48.82236933708191
-50.41530563433965
-49.83939345677694
-49.31553343931834
-49.68870663642883
-50.09064785639445
-49.64945242802302
-49.35976481437683
-50.30855013926824
-50.26170519987742
-50.393418510754906
-50.33561718463898
-48.932874282201134
-50.01456642150879
-50.111505250136055
-49.588672041893005
-48.5840468009313
-50.41753923892975
-49.77486012379328
-48.62699534495672
-50.40862834453583
-49.77275343736013
-49.819650848706566
-49.515294551849365
-49.04482340812683
-49.129326025644936
-49.00216317176819
-49.67452736695608
-50.43528481324514
-49.02329512437185
-50.78069154421488
-50.71541235844294
-50.97996469338735
-51.04728841781616
-50.39948991934458
-50.9150855143865
-50.256211837132774
-50.91348842779795
-50.72979579369227
-50.36403834819794
-50.15446515878042
-50.14113607009252
-50.451285084088646
-51.53835419813792
-50.75865348180135
-49.01284547646841
-50.5848331451416
-51.14565006891886
-50.63536183039347
-50.29491559664408
-50.22203528881073
-50.31149582068125
-49.98779686292013
-49.86205643415451
-49.71467876434326
-49.24770418802897
-49.70315404733022
-49.19045470158259
-50.40816322962443
-51.477267821629844
-50.81948230663935
-49.28844137986501
-50.44242294629415
-50.29684680700302
-49.963223457336426
-50.190356055895485
-50.485384821891785
-50.710651795069374
-49.96420669555664
-50.68709109226862
-50.91919410228729
-49.74507224559784
-50.69714585940043
-50.52494728565216
-51.12743357817332
-50.51785292228063
-50.79143337408701
-51.12055683135986
-51.41125965118408
-50.79026651382446
-50.124444365501404
-50.02395955721537
-50.80253525575002
-50.93008863925934
-50.941226283709206
-50.64404936631521
-49.27462842067083
-49.50582134723663
-50.434696753819786
-49.338489611943565
-49.869722088178
-49.574095805486046
-50.34248757362366
-49.46068604787191
-50.601734141508736
-50.14129841327667
-50.448944211006165
-50.75937612851461
-49.757504324118294
-50.474620958169304
-51.35233807563782
-50.88433394829432
-50.23865763346354
-50.242888490358986
-49.66259729862213
-50.27005589008331
-50.677054365475975
-50.698696533838906
-51.03790239493052
-51.959365685780845
-51.75165388981501
