-1.5703435639540355
-6.7379803856213885
-9.03372004131476
-12.980579803387323
-13.982316851615906
-18.819957951704662
-16.740971287091572
-16.354078829288483
-16.705532888571422
-20.8936743636926
-20.569000621636707
-16.391712566216786
-21.088037212689716
-19.95701201756795
-19.76012392838796
-17.18368434906006
-17.914078841606777
-18.141249120235443
-20.432109807928402
-22.357727607091267
-22.631357272466023
-24.778852423032124
-19.639060725768406
-22.18594415982564
-24.857864956061047
-21.275745153427124
-21.488768021265667
-19.68785846233368
-23.619614094495773
-22.13825599352519
-26.278037945429485
-19.080882251262665
-22.147200445334118
-18.10544393459956
-21.275265634059906
-23.45893923441569
-19.420869549115498
-19.91377478837967
-18.222986837228138
-19.251844267050426
-20.554998735586803
-22.30521035194397
-25.072649945815403
-21.884163568417232
-21.58208739757538
-22.567516605059307
-20.346577157576878
-27.226303319136303
-24.406818707784016
-16.972687741120655
-19.024355123440426
-23.020618895689648
-19.905191401640575
-22.189099848270416
-23.513059556484222
-23.217629472414654
-21.148957004149754
-21.39546336730321
-25.419614642858505
-22.937791248162586
-21.642983317375183
-22.651306579510372
-21.223061362902325
-19.639803767204285
-21.78933177391688
-22.151283860206604
-19.480317930380505
-21.00226418177287
-25.14194631576538
-19.57030502955119
-22.07373356819153
-22.102046261231106
-21.102788011233013
-22.566609183947246
-22.130438148975372
-19.840206662813824
-22.893939346075058
-23.65510845184326
-22.94287832578023
-22.008837441603344
-22.94759053985278
-25.428773482640583
-21.88022541999817
-24.166070501009624
-23.223955502112705
-23.221585591634113
-25.053990016380947
-17.829397479693096
-22.261788884798687
-26.052487413088482
-23.53513675928116
-24.355677545070648
-18.050215482711792
-24.43629588683446
-21.59307485818863
-18.45682594180107
-23.243717352549236
-21.92865193883578
-23.50753269592921
-19.67037406563759
-21.40402376651764
-23.524228751659393
-21.84170166651408
-20.892321507136028
-21.649154782295227
-21.032818138599396
-20.858469982941944
-22.247732480367024
-20.083170185486477
-18.98275629679362
-22.95158278942108
-24.867711385091145
-19.601761360963184
-21.043800850709278
-21.209812661012013
-21.10942341883977
-21.56730709473292
-19.94707355896632
-21.67322505513827
-23.230122049649555
-23.351676026980083
-20.369727730751038
-22.854638477166493
-21.114226182301838
-22.200337568918865
-21.42891573905945
-18.2435781955719
-19.76549968123436
-20.928331673145294
-21.412096599737804
-20.513970772425335
-18.794366935888927
-20.246248761812847
-19.97950639327367
-21.710464308659237
-20.324228237072628
-21.05912748972575
-25.450343052546184
-21.977615644534428
-20.338295469681423
-17.452719410260517
-23.279914995034535
-22.31590410073598
-21.07267928123474
-23.97404424349467
-24.52222051223119
-25.03137920300166
-23.178429007530212
-23.30125896135966
-26.042078057924908
-21.946934779485066
-27.324284454186756
-23.630145529905956
-23.778875668843586
-24.95285048087438
-23.81341940164566
-23.846669574578602
-28.243016441663105
-25.477168291807175
-27.481385459502537
-28.798069993654888
-25.412599901358288
-28.372280488411587
-26.33862269918124
-25.794129490852356
-28.599968870480854
-28.05561176935832
-27.252894540627796
-28.240141252676647
-26.586380004882812
-23.36265789469083
-23.881824642419815
-25.039512515068054
-28.289782603581745
-27.344813744227093
-25.026661952336628
-23.55177362759908
-26.770544906457264
-26.514337718486786
-25.755959302186966
-26.176759779453278
-20.943655341863632
-25.522273421287537
-25.117567161719005
-24.29226901133855
-25.240346332391102
-18.854836165905
-24.156549394130707
-23.149527947107952
-19.605211933453877
-22.874319116274517
-22.22959820429484
-26.83362179994583
-25.97516965866089
-20.02354097366333
-21.597353478272755
-26.164617856343586
-24.866549889246624
-22.30424420038859
-23.821851809819538
