-1.0944292754866183
-15.114141657948494
-44.4366769194603
-76.91843748092651
-97.42540729045868
-109.56174170970917
-115.47820675373077
-119.10679966211319
-118.80231750011444
-115.56993317604065
-122.44516396522522
-133.45463132858276
-132.5086988210678
-132.9604811668396
-132.383025765419
-135.93158721923828
-138.44672048091888
-140.1947504878044
-137.84904819726944
-140.1938338279724
-132.89069414138794
-137.0006039738655
-138.3434703350067
-137.15292060375214
-138.8178065419197
-140.3462814092636
-137.204918384552
-134.17248678207397
-142.54956901073456
-141.4333090186119
-140.6546921133995
-140.60911095142365
-136.0434700846672
-136.5332988500595
-144.7225363254547
-140.14012360572815
-140.46524572372437
-141.98817026615143
-142.67356991767883
-137.09858584403992
-137.68709152936935
-138.8963270187378
-144.9099177122116
-139.9466781616211
-145.75264036655426
-140.3032789826393
-137.81230121850967
-141.14639449119568
-140.415232360363
-142.11294680833817
-139.50676202774048
-141.9282751083374
-139.8342009782791
-139.76989376544952
-143.04887664318085
-150.04567062854767
-145.1222403049469
-142.41426599025726
-142.60443764925003
-146.12883353233337
-142.3207666873932
-147.53787064552307
-144.3750718832016
-144.90735912322998
-142.6221160888672
-145.41748535633087
-140.62649726867676
-149.08434629440308
-146.99273002147675
-149.79628878831863
-149.9157970547676
-148.25474900007248
-149.71907782554626
-148.02978456020355
-148.8415523171425
-150.84424251317978
-152.73967343568802
-148.5789846777916
-149.46834617853165
-147.93265891075134
-148.95253866910934
-150.33257508277893
-153.26080965995789
-150.68443143367767
-149.17240607738495
-152.4182481765747
-151.26032549142838
-150.73996490240097
-154.79449236392975
-152.626904129982
-151.6457456946373
-152.8767191171646
-150.45838916301727
-150.0005226135254
-151.218874335289
-147.99019694328308
-152.38498651981354
-150.298326253891
-154.04371774196625
-150.80198550224304
-153.32876336574554
-153.24953776597977
-153.46152794361115
-150.6894075870514
-148.86767208576202
-152.07895308732986
-152.14760184288025
-148.60619235038757
-151.88188129663467
-149.86147236824036
-148.30274772644043
-147.6392673254013
-149.4656062722206
-146.51905864477158
-149.74661791324615
-147.9686403274536
-149.1905781030655
-148.9020015001297
-149.10427105426788
-152.90859067440033
-149.6838317513466
-152.1711529493332
-148.47865575551987
-151.85672855377197
-149.9775960445404
-150.17950296401978
-148.0451159477234
-150.95853286981583
-144.1428245306015
-148.09733533859253
-147.491131067276
-145.88088208436966
-142.7463184595108
-141.91908836364746
-144.07226186990738
-142.3893147110939
-143.94311356544495
-140.9911264181137
-137.36909115314484
-136.76052975654602
-138.81512707471848
-141.54737776517868
-139.97220361232758
-138.9635353088379
-143.01998674869537
-142.08502393960953
-148.10368144512177
-146.7499259710312
-144.01639598608017
-150.14105361700058
-148.68113684654236
-149.88100427389145
-149.27160680294037
-148.97904121875763
-149.31452864408493
-152.78084254264832
-151.1203384399414
-155.7095001935959
-152.19472420215607
-155.20175123214722
-152.78172898292542
-152.03006792068481
-148.46601390838623
-155.39582121372223
-155.6203122138977
-153.91792380809784
-151.4311364889145
-156.94986182451248
-156.5727721452713
-159.8364840745926
-157.9774374961853
-156.59411722421646
-157.92721259593964
-159.40135270357132
-158.26144087314606
-155.11839562654495
-153.5828493833542
-159.74987483024597
-154.28984594345093
-154.21640235185623
-154.0175375342369
-157.34898155927658
-156.38992369174957
-157.66440320014954
-155.99717020988464
-156.45340490341187
-155.85290205478668
-153.52976369857788
-155.59990394115448
-156.6930963397026
-155.13151091337204
-156.2393900156021
-157.70156317949295
-155.19951498508453
-155.81418073177338
-153.96505624055862
-154.54538249969482
-152.21474969387054
-157.2955836057663
-157.58019137382507
