1428.9699179331462
1003.5712674458822
1007.2594509124756
926.1797688802084
869.7196159362793
817.0098419189453
880.8164017995199
804.0542570749918
755.6124486923218
749.6418434778849
758.1416454315186
749.1175657908121
750.9328263600668
752.2144511540731
743.2893571853638
684.736806233724
676.7227506637573
686.3678690592448
672.7845748265585
723.2117156982422
695.8206685384115
668.4821046193441
657.1458568572998
655.2275060017904
615.8080956141154
666.4157705307007
676.4470882415771
647.6051228841146
651.889726638794
624.9263547261556
635.728448232015
620.7775580088297
611.0005512237549
619.2319873174032
632.4596589406332
625.1780338287354
597.8284174601237
597.3793490727743
607.7101357777914
599.2172209421793
579.0315227508545
601.315928777059
588.6987314224243
597.8084262212118
579.9292380015055
603.4278119405111
578.5728460947672
580.2936166127523
578.4261671702067
578.6869354248047
586.2670745849609
550.9295879999796
538.4727433522543
559.2818711598715
571.3398904800415
557.3656600316366
538.884111404419
528.6412445704142
541.8164987564087
535.4150581359863
530.3096440633138
536.8798859914144
525.0548849105835
537.3236961364746
528.7914689381918
521.7829036712646
550.0712839762369
509.7917416890462
535.4766677220663
524.9003429412842
516.1943079630533
496.62978490193683
518.1744111378988
496.129989306132
498.3593915303548
482.8816795349121
482.15252049763996
534.5572255452474
512.1359043121338
498.9614677429199
486.4395383199056
502.3610413869222
486.1193555196126
498.3883221944173
487.99328486124676
494.8605836232503
471.6616916656494
469.9827896753947
469.10398387908936
473.54569212595624
462.7151600519816
456.3808765411377
473.56325085957843
477.8276507059733
454.61491680145264
443.2580108642578
458.3464415868123
443.7502250671387
464.0086307525635
453.6193281809489
461.7593243916829
456.42640050252277
436.9547373453776
438.5467589696248
437.92166964213055
435.0891914367676
454.45118459065753
438.38274669647217
430.49647839864093
430.0813633600871
423.400319258372
429.1059781710307
426.4243869781494
454.47618357340497
422.94312413533527
442.339807510376
446.9211959838867
424.25128904978436
432.6664746602376
440.86083984375
436.17566776275635
439.43777402242023
418.92155933380127
430.8910411198934
436.37041060129803
433.9413312276204
436.5824661254883
404.6413215001424
415.8143622080485
425.66638628641766
399.819210211436
401.19871679941815
418.42149019241333
417.6450761159261
410.7979265848796
404.0275837580363
412.2465359369914
392.37055015563965
399.94019985198975
422.5761721928914
389.6906541188558
415.67989285786945
396.704252243042
400.52675612767536
401.880273660024
386.2977900505066
387.43214495976764
383.3263716697693
381.68790912628174
391.8315251668294
382.35423040390015
394.69131422042847
382.0365072886149
364.36146370569867
380.2743253707886
382.2371853192647
380.95634206136066
371.1637125015259
379.91742181777954
358.4043656984965
385.7173275947571
384.38901964823407
369.768009185791
385.7661657333374
367.9390317598979
374.5857615470886
376.25174379348755
390.1992203394572
374.1044282913208
369.0836098988851
370.0443498293559
369.07069937388104
366.253129641215
371.1260209083557
360.43120940526325
365.5308252970378
349.66786003112793
370.56845903396606
362.51513655980426
356.46587737401325
365.5633118947347
365.8020803133647
353.28993193308514
361.0181058247884
363.10964759190875
351.79345385233563
349.7678259213765
353.410161336263
348.5925359725952
351.2189114888509
349.4173502922058
371.9008928934733
354.73892243703204
364.3267792065938
350.8634514808655
345.4198913574219
358.730415503184
349.6404134432475
346.2975017229716
347.61500851313275
