707.1287202835083
661.0208113193512
634.8806142807007
596.062427520752
613.6783328056335
578.0906567573547
565.6129219532013
576.111034154892
601.7025649547577
587.6224281787872
587.2456910610199
568.6415660381317
555.6629521846771
551.4658992290497
540.4641680717468
552.1403996944427
564.00878739357
552.6058614253998
543.4509479999542
532.7938406467438
534.4967730045319
563.2863385677338
522.7435419559479
540.3404693603516
522.0714590549469
524.6278722286224
521.1372315883636
499.3061819076538
502.549747467041
496.5628910064697
516.6444702148438
504.08099246025085
493.8689184188843
479.6360721588135
498.6357510089874
488.93777203559875
481.1797676086426
473.85378193855286
501.70613837242126
479.1008234024048
472.53258299827576
480.58508706092834
489.04889941215515
478.868173122406
466.81544613838196
475.2582256793976
466.8337390422821
457.4858636856079
466.36932492256165
446.46487259864807
452.9582087993622
467.61848044395447
441.120080947876
459.17062401771545
446.6622667312622
433.9316143989563
428.00471353530884
438.436665058136
456.68806743621826
452.8397078514099
451.93940687179565
443.9493968486786
442.1471428871155
426.56404662132263
447.79787731170654
435.60537481307983
454.21626901626587
434.7874321937561
445.35682225227356
427.318528175354
452.7116575241089
431.9841856956482
429.0372552871704
428.9071500301361
436.24131512641907
436.8685522079468
416.2544641494751
428.61498737335205
419.3207013607025
441.6954209804535
417.758793592453
432.4510979652405
415.2900574207306
452.1237461566925
442.21008014678955
424.2660710811615
440.67263007164
418.4994547367096
407.02472710609436
435.7716226577759
406.25142884254456
409.0458915233612
440.0029647350311
408.8347978591919
402.69233083724976
433.049364566803
417.5365791320801
436.5886788368225
425.5815484523773
404.17784357070923
406.2443776130676
416.85164284706116
402.7383451461792
412.8014569282532
431.61897230148315
415.6239230632782
424.910795211792
419.869770526886
409.4937856197357
418.8813896179199
413.03374457359314
408.0622651576996
420.9021511077881
405.4514970779419
423.4878168106079
412.4920086860657
411.5076973438263
395.55314230918884
417.75685954093933
419.53542137145996
403.35768485069275
410.8863832950592
420.59326696395874
426.1512475013733
416.6947832107544
418.7261416912079
400.1729063987732
404.0800530910492
424.6847126483917
418.2931156158447
398.9592890739441
399.1489872932434
391.11114978790283
421.05127453804016
397.58498430252075
403.5734121799469
405.04808616638184
416.40044474601746
398.68864274024963
388.80588126182556
398.96944284439087
394.2551519870758
407.0369358062744
403.5310242176056
394.9574544429779
411.53130888938904
384.27705788612366
399.7263822555542
394.1455557346344
390.15568804740906
398.55245327949524
391.4792642593384
397.09200263023376
398.7714443206787
392.0361502170563
390.1934826374054
396.3496894836426
387.2756838798523
389.6643180847168
387.8496136665344
401.82079887390137
385.5693266391754
387.24622988700867
403.1897044181824
399.60026597976685
394.4132606983185
390.20911622047424
398.1211597919464
389.13978719711304
390.746782541275
384.3521635532379
381.0631880760193
374.60152196884155
395.01700711250305
388.60542488098145
380.6643705368042
380.7205789089203
398.726437330246
369.4726994037628
371.6183683872223
382.01764249801636
367.10187458992004
395.94116139411926
397.43360447883606
388.7940351963043
383.23480558395386
372.4012966156006
399.32232666015625
387.42291355133057
393.74540853500366
373.4323878288269
381.8965628147125
383.03866052627563
401.13876366615295
366.80076694488525
374.9680247306824
379.3664608001709
392.3986237049103
372.2281587123871
372.51552653312683
