426.6578481197357
444.1176996231079
473.6874132156372
249.10285329818726
237.09851789474487
267.248064160347
224.48884451389313
249.4648835659027
301.19230008125305
217.18485867977142
185.4653662443161
226.78782737255096
271.4912724494934
344.6112730503082
303.6259614229202
288.8125773668289
235.4930738210678
154.26067399978638
211.47694885730743
269.2906038761139
247.65821754932404
219.67229068279266
190.09459912776947
191.39444291591644
160.01975560188293
201.5994657278061
168.74899637699127
221.35280013084412
150.38987135887146
183.06283104419708
225.75242483615875
297.941663146019
163.9196697473526
228.03335654735565
244.21899044513702
211.13647520542145
169.68209564685822
152.25548565387726
190.95418429374695
155.5504446029663
351.17536330223083
265.6414113044739
161.66803085803986
196.14398992061615
157.60957485437393
197.84774827957153
201.59205186367035
180.439350605011
172.12728071212769
236.55202746391296
183.23383343219757
210.2137110233307
234.56954407691956
270.6997014284134
240.60618221759796
229.07204294204712
184.26685869693756
264.80763363838196
230.7348437309265
178.43617689609528
326.3714346885681
252.2233648300171
185.4991114139557
228.23161697387695
212.30524671077728
160.1013081073761
156.55862939357758
171.89559745788574
232.27035975456238
228.47017014026642
159.1590220928192
307.9499365091324
192.604554772377
203.4014174938202
198.15494012832642
166.4973977804184
224.75316488742828
246.42038428783417
201.35353899002075
188.79767656326294
225.1140468120575
245.16562807559967
170.1049075126648
194.67654848098755
171.73343932628632
204.0020009279251
209.4863464832306
160.8980164527893
148.73116028308868
188.0365265607834
216.5913667678833
201.95392096042633
153.2304893732071
218.9604992866516
265.18102645874023
223.62029421329498
204.63411343097687
146.8399600982666
185.34031772613525
253.79740071296692
172.94135522842407
177.55960834026337
156.32537472248077
186.27633821964264
214.17227125167847
223.81680190563202
141.21422731876373
252.86565124988556
223.54105854034424
229.93142664432526
231.54490911960602
197.88270223140717
178.38029086589813
190.72282338142395
248.57975280284882
212.84333610534668
185.171692609787
151.27725851535797
157.1751989722252
202.85520911216736
147.40994119644165
203.95070827007294
156.0785716176033
169.75125813484192
272.7168970108032
138.8644453883171
233.16671204566956
168.9956886768341
162.29309213161469
192.596919298172
332.20503771305084
152.52159905433655
246.28441643714905
270.5053493976593
202.0267903804779
171.78050124645233
232.6320676803589
186.2520215511322
306.04338479042053
221.57082414627075
122.47969484329224
141.4517429471016
205.27363979816437
166.04955404996872
204.98842763900757
217.81735396385193
228.15292525291443
223.45102441310883
200.6149126291275
204.43206548690796
206.00577902793884
194.16571712493896
188.86180245876312
183.1371510028839
246.59920346736908
196.92353355884552
175.5278469324112
271.0673323869705
166.48352700471878
160.97147011756897
166.90685260295868
211.1627460718155
192.8625693321228
212.08651757240295
237.5313425064087
141.78342270851135
239.60305416584015
243.876079082489
147.46091151237488
148.84085726737976
193.23906469345093
224.2396742105484
195.91387808322906
136.62760400772095
163.46957969665527
269.68178594112396
159.44705474376678
232.45878875255585
177.82956969738007
167.59003615379333
212.9894778728485
183.2218463420868
290.3963439464569
169.9894688129425
241.1262003183365
166.8218852877617
166.30828380584717
177.86941921710968
187.521665930748
174.69386780261993
205.6201170682907
141.70100390911102
167.42133045196533
152.8846668601036
241.5820119380951
199.44378399848938
244.28762912750244
254.3213473558426
146.7450304031372
174.2739771604538
