23.197567135095596
9.053171008825302
7.070895865559578
6.2853880152106285
5.9502721801400185
6.2735628460844355
5.691792346537113
5.623463019728661
5.586231966813405
5.362146173914273
5.103159969051679
5.032928884029388
5.139653230706851
4.764022310574849
4.7295040016373
4.597967917720477
4.647197236617406
4.585162450869878
4.5601561814546585
3.980599323908488
4.469501969714959
3.937825098633766
4.0194863975048065
3.9139141937096915
4.075135864317417
3.7749313662449517
3.8585745046536126
3.8012296681602797
4.113514070709546
3.460041138033072
3.484697960317135
3.802101214726766
3.5856119891007743
3.615536498526732
3.6661747644344964
3.4862434193491936
3.7213145742813745
3.2548815396924815
3.5171438505252204
3.3334517404437065
4.252227480212848
3.328463889658451
3.3067770724495253
3.2370656728744507
3.6353297233581543
3.285339403897524
3.1293979783852897
3.1314028427004814
3.201197423040867
3.048458807170391
3.3697697011133037
3.121271858612696
2.9088151740531125
2.932609169433514
2.8535848185420036
2.9213082318504653
2.8037982620298862
2.9312219905356565
2.694010268896818
2.7237348407506943
2.92771173765262
2.703005462884903
2.873556802670161
2.788032819827398
2.645977628727754
2.779163494706154
2.754951771348715
3.058333657681942
2.680515038470427
2.722130353252093
2.555852467815081
2.6238678445418677
3.144875335196654
2.822578034053246
2.563375663012266
2.9516864605247974
2.7813363609214625
2.5296977013349533
2.644051739325126
2.669847814987103
2.5759916504224143
2.671848842253288
2.545107789337635
2.548931021243334
2.5886472115914025
2.409518964588642
2.375386548539003
2.388770687083403
2.3180173176030316
2.3838850259780884
2.461300993959109
2.28942863146464
2.322903403391441
2.3151682478686175
2.2430763579905033
2.275294461597999
2.24440016100804
2.3418357695142427
2.7619335825244584
2.2497140392661095
2.2197508737444878
2.1734109458824
2.3036285589138665
2.232503056526184
2.224788375198841
2.2934796238938966
2.1787093902627626
2.449248716235161
2.14692963908116
2.189266987144947
2.3541739992797375
2.3797281806667647
2.1385395415127277
2.094063217441241
2.1365900014837584
2.1547370019058385
2.129554856568575
2.200209063788255
2.216466087847948
2.2980118046204248
2.019292460133632
2.0459749586880207
1.9240209770699341
2.293802318473657
2.122397596637408
1.929408532877763
2.0236334800720215
2.2642424578468003
2.0385053207476935
2.1392365967233977
2.0261346523960433
2.0429688977698484
1.8894589617848396
1.8951450151701767
2.0466332820554576
1.9371892201403778
2.1468126525481543
1.842772215604782
1.9927667702237766
1.9183526784181595
1.8708347007632256
1.8905855963627498
1.8279135177532833
1.9236778964598973
1.8749677663048108
1.7358109938601654
1.8954286860922973
1.8214830371240776
1.7846706335743268
1.8023535311222076
1.8629985476533573
2.1065941428144774
1.8486789179344971
1.8006900176405907
1.8131906564037006
1.7952220340569813
1.976514822492997
2.00207636381189
1.7768996643523376
1.7765241141120593
1.8675607405602932
1.782133089999358
1.6790916162232559
1.814899309227864
1.7737757054467995
1.7029819240172703
1.723123117039601
1.615003788843751
1.6610280002156894
1.7178381371001403
1.984852883964777
1.784091758231322
1.746822918454806
1.7109457316497962
1.7832375417153041
1.646832913160324
1.707141648977995
1.721220010270675
1.7141555075844128
1.8303597743312519
1.764538222302993
1.7722259735067685
1.7956109878917534
1.7179273578027885
1.6695657869180043
1.682847946882248
1.6689213663339615
1.979221402357022
1.5892250556498766
1.7491644844412804
1.5648437136163313
1.6232769998411338
1.6244405880570412
1.6264165739218395
1.5512603123982747
1.577708400785923
1.5823542010039091
1.7114305657645066
1.6733777771393459
1.7027268211046855
