262.3010009129842
207.91351397832236
133.53337303797403
118.5651028951009
103.49617528915405
99.43349091211955
92.65002520879109
95.86208256085713
83.26281547546387
75.69704500834148
75.75188740094502
77.58677570025127
81.19368028640747
72.40492391586304
76.70520691076915
72.26631824175517
73.08097394307454
70.91125365098317
71.6947591304779
74.02593970298767
65.02295629183452
71.59079845746358
73.64445316791534
67.21041981379192
69.11186722914378
63.478314916292824
71.8633695046107
69.11409441630046
63.504286209742226
62.92628232638041
63.8473166624705
66.03952678044637
59.50761946042379
58.38451091448466
58.615343729654946
61.17258413632711
65.30751385291417
60.97785512606303
62.565835316975914
59.80319619178772
57.7674994468689
61.35130536556244
54.49817212422689
55.47350716590881
61.44911801815033
56.87589931488037
54.187782883644104
58.10444188117981
59.8553663889567
53.64392817020416
54.21522549788157
55.52375340461731
52.54103396336237
60.62278366088867
50.87457529703776
56.227046489715576
50.03776967525482
50.60290171702703
54.2589223186175
51.17923907438914
49.539920687675476
48.67673031489054
47.92648454507192
53.339252948760986
53.612759133179985
48.472093065579735
50.00955863793691
48.78749966621399
46.90949720144272
49.120397766431175
46.5888245900472
48.457671562830605
44.69387940565745
47.233124017715454
49.8845140337944
44.16653267542521
44.58395004272461
44.477769335110985
47.002273758252464
47.13955012957255
42.053220530351005
45.782693326473236
43.15483069419861
42.20296969016393
41.25652994712194
44.292485197385155
38.89854554335276
43.8995236158371
41.30240054925283
42.27157481511434
38.194549918174744
40.71750660737356
41.89960777759552
37.28595185279846
38.19279762109121
43.58756184577942
39.125895977020264
38.40910770495733
37.610821882883705
39.33379455407461
38.74989142020544
40.270487904548645
36.8489598830541
35.4222784837087
37.27177039782206
35.83801853656769
42.09275960922241
36.96341566244761
35.20471201340357
35.327685952186584
37.134817679723106
36.35276460647583
37.54175555706024
33.80124855041504
37.02145401636759
35.61685848236084
37.70660392443339
36.49340204397837
32.93559195597967
35.26002315680186
32.50816343228022
38.03795168797175
33.87811706463496
33.64502350489298
33.44527624050776
32.815052429835
35.7933364311854
33.56393049160639
32.20578900973002
32.14527610937754
35.31110314528147
33.193415800730385
35.49336407581965
33.07829614480337
30.766083161036175
32.15303901831309
32.81918064753214
32.27128680547079
32.97261589765549
31.86980738242467
31.80869084596634
32.07180086771647
32.85770583152771
29.348253846168518
30.041733026504517
28.766689360141754
33.89267293612162
29.73315139611562
30.80087936917941
32.197232921918236
33.195817013581596
33.53811550140381
30.567007104555767
32.294790506362915
30.815067728360493
31.492443124453228
31.205354690551758
30.442227482795715
30.31679058074951
29.82954816023509
33.021125515302025
30.427639087041218
32.435267885526024
30.858044922351837
29.343998899062473
30.244398415088654
31.813163081804912
29.675482233365376
30.536783695220947
30.77413026491801
30.651868502298992
30.469723105430603
27.757741550604504
30.37630256017049
28.649278461933136
29.71458746989568
28.908769726753235
30.05802967151006
27.657066762447357
28.999684621890385
28.27794114748637
31.236330072085064
27.886485020319622
31.576768179734547
30.20032391945521
26.343683550755184
30.469106177488964
29.13168065746625
28.458291331926983
27.834079047044117
28.721424877643585
30.046083966890972
29.208152135213215
27.068404535452526
25.710337559382122
26.206088950236637
31.07267204920451
28.62779165307681
28.722419023513794
27.47509338458379
