573.7001583576202
497.565575838089
473.0458722114563
467.80922627449036
446.49400424957275
435.04365372657776
433.31469225883484
432.81941390037537
415.258749961853
416.05723118782043
399.9127764701843
413.15168142318726
401.44236946105957
396.87329363822937
396.3306713104248
378.68829369544983
380.2844099998474
382.6759855747223
360.95557975769043
369.76083278656006
374.5934634208679
382.53894996643066
379.1164040565491
378.8374171257019
374.72667121887207
370.5824017524719
362.8516755104065
361.9103162288666
360.0684142112732
357.06463074684143
361.6133587360382
346.24897146224976
361.7828299999237
353.0712978839874
352.26769948005676
345.07512307167053
354.1303119659424
347.03774213790894
355.95085883140564
341.9605345726013
346.7545244693756
333.78259921073914
331.43635296821594
340.4778423309326
323.40756118297577
339.5853581428528
331.732786655426
332.29458832740784
322.906863451004
339.94904041290283
320.847239613533
323.82328152656555
328.7759442329407
325.5266772508621
319.1359666585922
312.5252174139023
309.36066591739655
327.2585196495056
330.6140788793564
311.2357288599014
317.02599704265594
316.2407318353653
325.19762659072876
307.22928071022034
309.72906243801117
304.6940413713455
315.8458226919174
311.458044052124
315.88136088848114
321.5260111093521
317.0503942966461
304.3164782524109
308.5632323026657
299.18120884895325
305.16647374629974
310.51098334789276
307.4921303987503
293.9600353240967
297.6119476556778
304.61988258361816
297.9047348499298
295.96844708919525
298.84887433052063
290.6106005907059
297.2458881139755
309.4043231010437
298.617090344429
306.07293951511383
306.1084575653076
290.15833473205566
290.2184112071991
292.5605274438858
281.4671907424927
301.27576649188995
292.87591886520386
286.41284251213074
285.9487305879593
294.974002122879
284.25250697135925
293.8330326080322
287.2391458749771
284.33698070049286
276.6077251434326
290.76232290267944
298.6978772878647
287.35992336273193
286.0153546333313
291.6862757205963
292.5241833925247
282.2546116113663
288.5722714662552
287.73859453201294
279.19965636730194
283.67416512966156
307.4745829105377
284.2995285987854
272.22427797317505
285.7708179950714
275.62182223796844
277.18042600154877
279.77564108371735
284.60144209861755
278.34704184532166
289.30682826042175
270.85708487033844
277.1077378988266
295.89094400405884
279.67698431015015
283.27703988552094
275.2215541601181
277.8203754425049
276.57256972789764
271.4546866416931
277.5998532772064
268.3551071882248
270.339182138443
276.56122732162476
280.76263189315796
271.2075309753418
271.43713915348053
262.9731454849243
267.65189814567566
271.3732953071594
265.35092079639435
266.30295765399933
268.82419526576996
283.9776097536087
269.4256248474121
267.6772825717926
269.3020873069763
276.11818850040436
264.77630603313446
265.3510819673538
266.16842019557953
276.2382608652115
276.89581823349
277.1175491809845
268.4106104373932
271.69364273548126
272.2577008008957
266.8117139339447
271.85511589050293
269.3447976112366
287.62049651145935
269.2618751525879
267.19709384441376
265.1652317047119
260.4614975452423
273.4856824874878
285.553035736084
287.63048911094666
268.22474002838135
263.6334226131439
278.5381100177765
264.6847810745239
272.581271648407
263.8409503698349
273.103284239769
276.9925208091736
265.183846950531
270.7263550758362
276.990868806839
263.04119992256165
263.3409980535507
262.8456391096115
261.2205321788788
271.4668550491333
271.91440665721893
271.730389714241
259.9942024946213
272.30502462387085
267.5914388895035
264.4963923692703
264.00743997097015
272.87857162952423
270.0965996980667
262.2713063955307
265.64997351169586
264.9428359270096
267.70852959156036
