1.9776238622143865
-18.66909958422184
-31.900714069604874
-43.56217336654663
-54.37178874015808
-63.18405270576477
-71.02374562621117
-82.04033976793289
-89.4359815120697
-95.89944064617157
-100.66935563087463
-107.83877378702164
-112.42598134279251
-116.35444289445877
-122.08534979820251
-122.83900535106659
-126.76017391681671
-127.1319449543953
-131.99525851011276
-133.0743887424469
-135.76985216140747
-136.50058114528656
-137.6970136165619
-140.0663274526596
-141.45890498161316
-142.02171397209167
-142.450408577919
-142.66625678539276
-146.45393550395966
-145.20572686195374
-147.81266713142395
-146.7870557308197
-148.2847872376442
-149.78765606880188
-149.0282588005066
-147.8128988146782
-150.22728008031845
-148.35353672504425
-152.2259510755539
-152.024819791317
-151.7959268093109
-151.01654434204102
-152.4258030653
-153.57066082954407
-154.0005742907524
-152.8877291083336
-153.54432952404022
-153.33668088912964
-153.4426507949829
-154.4146728515625
-152.84936034679413
-156.27539157867432
-155.68991792201996
-154.66245305538177
-154.52193212509155
-154.79598319530487
-154.756516456604
-155.19010663032532
-154.78153824806213
-155.73784613609314
-153.7493792772293
-156.376959502697
-155.3976343870163
-155.72722899913788
-155.6569886803627
-153.17169219255447
-156.02379363775253
-156.3883220553398
-155.13363635540009
-155.5692109465599
-156.74613165855408
-155.313069999218
-156.05623936653137
-155.51256942749023
-156.1418715119362
-155.0413055419922
-154.9881191253662
-156.2901286482811
-155.11167681217194
-155.54744279384613
-155.5839480161667
-154.59155797958374
-155.77782660722733
-157.11454832553864
-155.5971741080284
-156.18222469091415
-153.58158016204834
-156.9003118276596
-155.83312839269638
-156.24493026733398
-155.24550914764404
-155.18325686454773
-155.9832188487053
-153.5470291376114
-154.3818141222
-153.25653862953186
-153.36474478244781
-154.78306937217712
-156.05154526233673
-155.13716197013855
-154.2056844830513
-153.36055433750153
-155.07863676548004
-155.6549438238144
-154.00695061683655
-155.31291890144348
-155.62341475486755
-155.30978614091873
-157.237602353096
-156.71808791160583
-155.5925605893135
-158.2891824245453
-158.2857575416565
-158.070130944252
-157.6304565668106
-157.06915855407715
-157.46871143579483
-156.70656418800354
-156.93762290477753
-155.55320465564728
-156.48892295360565
-156.45418053865433
-156.17889046669006
-152.5837506055832
-154.6450868844986
-154.6776031255722
-154.259868144989
-155.32502686977386
-155.84585082530975
-156.4101506471634
-156.64815986156464
-155.84123730659485
-156.80766874551773
-156.2710298895836
-157.2050256729126
-155.96881419420242
-155.5325344800949
-157.424036860466
-156.87454462051392
-156.75659769773483
-157.11127454042435
-156.83064568042755
-154.52113634347916
-157.36365818977356
-157.1157168149948
-157.45431685447693
-155.94300669431686
-156.8166036605835
-156.63231474161148
-157.62723314762115
-157.845196723938
-158.4254927635193
-156.59249544143677
-158.55249547958374
-157.2896202802658
-158.65401303768158
-158.4087108373642
-157.99538791179657
-158.58662343025208
-157.94963550567627
-157.61090451478958
-155.18230998516083
-153.7575385570526
-156.66811484098434
-156.69769978523254
-157.53444904088974
-157.24602353572845
-158.70363354682922
-155.44098937511444
-156.07626485824585
-157.00873959064484
-156.87764716148376
-154.47192883491516
-155.35895335674286
-155.35083436965942
-156.6073433160782
-155.24596244096756
-155.8112998008728
-155.95200204849243
-155.2110790014267
-155.6429265141487
-156.73202919960022
-155.2991287112236
-156.74928456544876
-155.04126524925232
-155.357079744339
-156.8893119096756
-156.67116701602936
-156.95311546325684
-155.29415255784988
-155.92507642507553
-155.85108888149261
-155.96844148635864
-156.46016401052475
-157.28422105312347
-154.61714386940002
-156.65469735860825
-156.91115057468414
-157.0211598277092
-157.32380867004395
