0.47039971640333533
-5.673995926976204
-10.34525665640831
-16.65778800100088
-21.881831124424934
-28.747404247522354
-32.43544405698776
-39.58013758063316
-43.96037644147873
-43.66044735908508
-54.419908344745636
-53.26836198568344
-62.16882675886154
-62.58535295724869
-62.96179795265198
-70.39483135938644
-73.12550055980682
-77.90764942765236
-81.92378798127174
-85.73265564441681
-83.63628482818604
-88.48063057661057
-88.400730073452
-98.42349874973297
-88.72533845901489
-91.33401131629944
-96.94193470478058
-96.7111781835556
-92.2253874540329
-94.7690681219101
-98.46866691112518
-101.92380964756012
-93.42957627773285
-104.4965917468071
-105.51782131195068
-104.98865675926208
-105.5426617860794
-107.58716577291489
-103.74582719802856
-100.71540015935898
-107.708467066288
-106.713034927845
-102.03932893276215
-106.74772697687149
-112.11107343435287
-112.65205383300781
-111.66510331630707
-118.34126782417297
-113.05149590969086
-110.7474160194397
-116.29629039764404
-112.8041689991951
-112.9197587966919
-112.25010353326797
-111.59279799461365
-114.85242021083832
-115.75417172908783
-117.0853431224823
-114.12033134698868
-115.45415198802948
-113.73135530948639
-114.72933596372604
-120.7125660777092
-118.1822726726532
-121.94918048381805
-117.75147277116776
-122.45202380418777
-120.0435152053833
-118.13070803880692
-123.8096171617508
-118.83713042736053
-117.1527327299118
-122.19910627603531
-129.30320990085602
-126.403724193573
-127.47450375556946
-130.56412082910538
-130.848164498806
-128.53478705883026
-131.90231323242188
-128.22036266326904
-131.39249926805496
-124.92425537109375
-129.97695487737656
-127.33730697631836
-125.99445068836212
-128.49132126569748
-128.00881570577621
-129.36181569099426
-130.78942775726318
-131.28847348690033
-132.30306482315063
-132.82739424705505
-132.39377385377884
-133.59242242574692
-139.2329426407814
-135.5689525604248
-136.9071449637413
-136.4544459581375
-134.7842816710472
-136.59676998853683
-136.65954607725143
-139.70353162288666
-137.70994758605957
-138.9627697467804
-137.4652497768402
-133.3425469994545
-131.87092518806458
-137.97316998243332
-136.3199387192726
-139.6810281276703
-138.99284827709198
-137.00148034095764
-138.26415407657623
-141.92252331972122
-142.84499537944794
-139.09102153778076
-140.27838814258575
-142.01479369401932
-144.01930713653564
-137.56483328342438
-142.74881660938263
-140.98363196849823
-143.5196167230606
-141.11528849601746
-140.63211810588837
-141.22037196159363
-141.18100595474243
-144.00522482395172
-142.76241540908813
-145.34166449308395
-145.89959806203842
-142.63367003202438
-144.63411390781403
-144.4530383348465
-143.30822086334229
-145.00003242492676
-144.19816660881042
-144.75547564029694
-144.09064543247223
-145.0678350329399
-142.50323235988617
-140.83821547031403
-143.12585592269897
-147.0847687125206
-144.68655490875244
-144.13009202480316
-143.56948906183243
-143.6227661371231
-146.56462973356247
-145.7293108701706
-144.7033469080925
-148.2913247346878
-145.3267662525177
-142.34073173999786
-143.8739611506462
-145.10676789283752
-149.38722681999207
-141.92853701114655
-147.79044568538666
-147.46847647428513
-147.3576613664627
-146.55231022834778
-148.61427104473114
-150.23040276765823
-148.73466575145721
-150.32921063899994
-144.97823405265808
-147.24437832832336
-146.79996955394745
-146.8944560289383
-146.95251786708832
-145.3689124584198
-150.27620553970337
-149.25643658638
-152.0455101132393
-148.7619036436081
-146.20039343833923
-149.744522690773
-145.1938203573227
-150.68652665615082
-149.74407947063446
-150.41535651683807
-149.11470687389374
-149.5790907740593
-148.92649948596954
-147.95943343639374
-149.75872588157654
-145.8449308872223
-150.21905028820038
-147.69074130058289
-147.56615614891052
-148.7935938835144
-150.6920064687729
-150.86543649435043
-150.89963495731354
-148.30487316846848
-151.07627832889557
-147.54087245464325
-151.9742624759674
