2378.0145848592124
2226.484499613444
2084.820154825846
2138.0823961893716
2313.2959518432617
2322.245969136556
2266.6916427612305
2167.030776977539
2082.575035095215
2150.428437550863
2193.5494397481284
2143.322125752767
2201.3367182413735
2000.682394663493
2253.3330446879067
2106.0574010213218
2078.6660359700522
2117.4364115397134
2377.5216267903647
2229.318765004476
1971.163730621338
2208.49409866333
2153.6539866129556
1983.9799741109211
2021.2622769673665
2090.377988179525
1947.0369186401367
1975.6630694071453
2020.556002298991
2223.2495155334473
1905.6644147237141
1970.9452807108562
1992.5738779703777
1984.3598810831706
2026.594273885091
2110.682777404785
1968.1645228068035
2008.979975382487
2142.120287577311
2397.937956492106
2001.3340886433919
2419.300938924154
1995.4116694132488
2104.6491775512695
2039.1619784037273
2309.2298024495444
2044.4526290893555
1846.6944255828857
2051.07857131958
2118.8262049357095
1970.9665705362956
1841.2595443725586
2000.5371284484863
1998.3360811869304
2231.9487393697104
1963.6959838867188
2002.5240020751953
2013.86701075236
2135.6300570170083
2028.9845860799153
1990.2362162272136
2019.2179845174153
2337.5397466023765
2216.245034535726
1972.7146123250325
2040.5474192301433
1974.4674441019695
2130.0899759928384
1947.795799255371
2216.2358792622886
1993.3527603149414
2074.3025245666504
2028.3070551554363
1961.9562670389812
2037.060915629069
2014.5414861043294
1979.5051447550456
2040.8769569396973
1833.5189832051594
2122.887766520182
1936.2936452229817
1890.3281580607097
1808.14417775472
1969.5309168497722
2101.9996503194175
2081.128117879232
2110.023536682129
2090.283648173014
1926.8529383341472
2106.0952682495117
1908.872366587321
1959.897164662679
1883.1469497680664
2069.118175506592
1878.2213045756023
1989.7096214294434
2071.2239685058594
2068.965975443522
2092.886948903402
2109.9062945048013
1942.472152709961
1999.1324780782063
2095.1874910990396
2233.73819732666
1925.3155695597331
1897.0114275614421
1979.9423662821453
1902.3778139750164
1832.715560913086
1823.0470148722331
1948.4941279093425
1820.9962209065754
1975.963944753011
2168.024602254232
1999.0153427124023
1996.2036997477214
1939.0224507649739
1966.526870727539
2271.3360875447593
2133.779551188151
2193.8975270589194
2105.893784840902
1931.340483347575
1975.9441019694011
2118.6605326334634
2042.8023147583008
1999.3181406656902
1881.1352577209473
2015.5996500651042
2195.383275349935
1896.5124905904133
2065.6594416300454
2122.2678426106772
1972.7437896728516
2063.8024940490723
2029.722511291504
2073.5511932373047
1961.648826599121
1922.1826286315918
1946.9182987213135
1944.2354253133137
2221.652028401693
1926.7101147969563
2069.376958211263
2074.5032221476235
1942.1718775431316
2046.0735473632812
1991.9800338745117
1881.1023788452148
2164.9373575846353
1989.1899655659993
2006.406883239746
2189.5690727233887
1892.6840235392253
1900.813705444336
1973.8349698384602
2063.888916015625
2033.76718266805
1838.1200777689617
2036.414660135905
1986.8269157409668
1822.3373947143555
1976.018726348877
2053.261417388916
1900.5457356770833
1895.187520345052
2014.9988301595051
1877.2892468770344
1927.7921110788982
2127.676071166992
1924.8958880106609
1856.5060170491536
2105.429400126139
1838.1005681355794
1909.9835510253906
1890.3126602172852
2159.393844604492
2213.4486948649087
1980.3126627604167
1973.3511034647624
1948.909568786621
2028.0927963256836
1929.9053777058919
1941.9506085713704
1905.728199005127
2106.5798149108887
1809.4391810099285
1846.5575574239094
2102.1235135396323
1874.0719477335613
1959.387954711914
2105.5647303263345
1911.4208017985027
2304.755423227946
2110.9381217956543
2190.7115631103516
2033.4417139689128
2082.125689188639
1958.4522705078125
2044.5439682006836
