5707.685150146484
4690.21159362793
4023.045051574707
3850.490909576416
3881.3029289245605
4193.61808013916
3863.4980506896973
3898.2851905822754
3534.9968223571777
3618.4182662963867
3957.7231063842773
3460.851089477539
3382.8901176452637
3441.7632904052734
3416.4297943115234
3402.2080688476562
3193.8385162353516
3061.1180992126465
3059.281394958496
3305.9954528808594
3218.851926803589
3439.014036178589
3195.769989013672
3370.181465148926
3307.618766784668
3095.925224304199
3013.406337738037
3192.7786560058594
3023.998815536499
2908.7048473358154
2981.7752475738525
2803.4257202148438
2842.303056716919
2914.683967590332
2786.0376300811768
2871.814748764038
2732.7419395446777
2677.97572517395
3075.5590171813965
2754.6099376678467
2697.653087615967
2748.013210296631
2821.442699432373
2637.501829147339
2767.96488571167
2720.138370513916
2605.673143386841
2582.9586753845215
2638.5487957000732
2738.1195697784424
2811.2898960113525
2595.8127040863037
2604.215835571289
2588.052483558655
2594.751715660095
2578.742120742798
2682.4090547561646
2764.2292652130127
2670.2636947631836
2481.555709838867
2670.6927318573
2611.4221115112305
2419.5566263198853
2420.2543354034424
2545.6237449645996
2565.1889324188232
2431.515672683716
2507.3411293029785
2391.218903541565
2490.168685913086
2457.543170928955
2595.468120574951
2516.0769176483154
2399.75661277771
2285.3605279922485
2513.536702156067
2474.0414361953735
2408.627140045166
2413.7509260177612
2368.663188934326
2418.0833625793457
2341.4867029190063
2282.17852973938
2397.1134090423584
2368.889150619507
2421.2598810195923
2506.7212657928467
2305.4026203155518
2196.5691900253296
2367.1718740463257
2399.244411468506
2343.0992183685303
2420.1054134368896
2283.3302574157715
2166.5941314697266
2368.6154823303223
2254.443425178528
2216.7697134017944
2305.712390899658
2296.840090751648
2303.0050411224365
2207.983962059021
2271.517231941223
2181.0732469558716
2241.2917137145996
2219.3752031326294
2207.5629835128784
2159.6102714538574
2123.779871940613
2206.1438732147217
2308.176050186157
2389.7756175994873
2113.6765480041504
2243.5490741729736
2273.0565757751465
2202.575548171997
2230.1448078155518
2200.9928493499756
2199.00190448761
2171.870385169983
2268.3547353744507
2226.6922035217285
2204.031244277954
2133.9597520828247
2081.1441898345947
2125.47700214386
2075.914836883545
2064.6818656921387
2074.5800189971924
2143.6140537261963
2151.9249954223633
2090.2880630493164
2183.2466373443604
2054.6591272354126
2112.4564838409424
2099.972664833069
2260.5930643081665
2171.624599456787
2129.069664001465
2076.910228729248
2059.0333070755005
2196.7733936309814
2104.062539100647
2079.549403190613
2130.867687225342
2124.7839670181274
2069.8017835617065
2029.7881917953491
1986.625319480896
2068.5193462371826
2040.4517459869385
2245.178512573242
2000.2695693969727
1916.657943725586
1997.542073249817
2038.232099533081
2130.3021383285522
1964.0628356933594
1959.4117641448975
1985.0318222045898
1944.322777748108
2030.7534446716309
1986.3063621520996
2033.381175994873
1967.9386749267578
1969.4082317352295
1950.9839735031128
1857.8166828155518
1879.7422189712524
1857.0711059570312
1948.0140762329102
2003.1330938339233
2181.7367877960205
1873.4040098190308
2006.904333114624
1844.7544212341309
1944.6302919387817
1983.0378150939941
1920.0816984176636
1924.3827066421509
1915.6485300064087
1920.5898704528809
1880.2126770019531
1805.7668437957764
1969.8092250823975
1830.5850763320923
1849.4208040237427
1907.2001094818115
1819.997917175293
1892.1000022888184
1977.622148513794
1805.4701280593872
1789.9872398376465
1989.0577116012573
1894.0308303833008
1839.022053718567
1904.508876800537
1897.232491493225
1805.621145248413
1794.955334663391
