760.2756500244141
666.9824042320251
556.1527104377747
407.2332420349121
378.82863330841064
333.8026649951935
351.9606285095215
342.691082239151
295.3415927886963
302.2547390460968
285.27838027477264
258.8336708545685
250.4946048259735
242.821053981781
217.90916097164154
235.25546753406525
217.8085902929306
215.3246637582779
220.17306900024414
204.31433010101318
218.58370172977448
226.65548586845398
204.82213950157166
198.27767181396484
195.63890027999878
201.32724797725677
197.44113409519196
195.71154808998108
182.49139940738678
197.80507826805115
193.98093461990356
189.61978948116302
177.50454831123352
173.12760841846466
176.71672451496124
174.18877816200256
180.88865494728088
168.61648362874985
175.19388055801392
166.1061955690384
164.93966031074524
171.47417569160461
174.65321242809296
169.14344215393066
171.64763593673706
188.32768189907074
173.51242423057556
170.26509130001068
174.64795422554016
164.82792854309082
168.1900252699852
160.7415395975113
163.40659207105637
170.37982487678528
161.8762133717537
171.33498442173004
159.26667422056198
159.6923770904541
166.69455015659332
162.12396335601807
170.56291508674622
157.1439015865326
164.2536864876747
157.86455738544464
168.03995496034622
155.12911349534988
163.73053562641144
157.51318454742432
159.74939131736755
159.33105194568634
157.72048062086105
162.23485904932022
156.23284244537354
159.55473709106445
152.70462882518768
152.82202172279358
151.93177378177643
176.53365445137024
152.80747604370117
150.00039166212082
167.23953968286514
152.33748137950897
153.59894633293152
159.27559906244278
151.45410335063934
151.083480656147
153.57758110761642
156.64299231767654
150.8241263628006
154.0702605843544
141.54021573066711
146.31402903795242
141.77528357505798
149.3450403213501
142.81729412078857
142.16193270683289
140.24491494894028
141.58822453022003
153.2619076371193
137.32660245895386
139.03117674589157
132.39431780576706
141.77950423955917
131.07375347614288
146.37423646450043
139.97509461641312
141.30780720710754
130.23034584522247
128.05809372663498
142.9328134059906
137.66401386260986
137.19001007080078
137.39781987667084
139.88918042182922
120.42249864339828
133.47214859724045
158.1300966143608
138.9093717932701
120.16467547416687
127.1840233206749
132.2883478999138
124.1901216506958
135.98443114757538
117.70062333345413
115.22364729642868
119.9718747138977
123.09812796115875
127.18392258882523
116.92140203714371
121.72191935777664
124.29556775093079
115.99698585271835
114.8194808959961
118.4792200922966
119.28263717889786
127.92954981327057
139.80341732501984
116.36214888095856
125.00939393043518
130.45973241329193
113.58956515789032
113.27328729629517
121.68252313137054
121.15172672271729
113.37549990415573
110.9142581820488
113.08037573099136
113.5102287530899
118.61119896173477
118.3471908569336
114.31569069623947
115.82017123699188
120.22153860330582
115.31506145000458
107.52210307121277
117.1294133067131
110.65806686878204
107.66367161273956
117.26067698001862
113.96714842319489
108.08522433042526
107.7102399468422
105.41620302200317
109.66275560855865
111.97872185707092
107.25997865200043
112.26575726270676
105.8260708451271
106.79294550418854
103.78434705734253
101.79813659191132
105.43149411678314
109.57324528694153
105.36916124820709
104.56786960363388
99.30030906200409
101.1034192442894
101.93284529447556
98.8334270119667
106.67645919322968
106.42497205734253
101.36899876594543
108.13749408721924
100.47961711883545
99.1202005147934
103.76637649536133
97.7364672422409
97.5845736861229
97.40283328294754
101.5268657207489
100.93997174501419
96.72090888023376
94.89475125074387
107.81844609975815
93.82351839542389
99.19241517782211
97.33053803443909
96.16255223751068
92.67796558141708
93.23403561115265
