-0.20463342766743153
-9.039045356214046
-22.737210735678673
-29.44787086546421
-40.61433385312557
-44.47669768333435
-51.89022436738014
-53.54002067446709
-57.158343970775604
-62.191763401031494
-50.2691265642643
-53.30895692110062
-58.667861104011536
-62.86074376106262
-58.482061207294464
-66.05534356832504
-64.69424977898598
-57.86637303233147
-68.31802770495415
-59.2669939994812
-54.29484471678734
-63.56414419412613
-65.00777766108513
-60.517997950315475
-65.248345464468
-64.0538923740387
-71.01286154985428
-70.21087989211082
-65.527997225523
-60.84085863828659
-55.912311136722565
-61.0365806221962
-64.49728375673294
-67.85878616571426
-63.84192234277725
-72.37850338220596
-72.35793393850327
-64.02118474245071
-66.49672031402588
-63.30719739198685
-70.79753714799881
-60.664880096912384
-59.86784437298775
-59.48806011676788
-61.67237991094589
-69.58287221193314
-76.19802343845367
-59.64109194278717
-61.20315080881119
-65.4848084449768
-60.99779886007309
-56.79552799463272
-62.48189127445221
-62.26161590218544
-59.04017609357834
-62.80314528942108
-59.845638036727905
-61.588248670101166
-59.802000999450684
-50.56728780269623
-66.23642921447754
-69.1396923661232
-57.665508687496185
-56.76695540547371
-59.21071511507034
-61.79573109745979
-59.06816443800926
-69.45863962173462
-63.49992763996124
-59.31795424222946
-62.88491940498352
-53.33059412240982
-76.00401389598846
-68.87242558598518
-62.78707352280617
-64.00476545095444
-61.26978996396065
-74.9065857231617
-64.42686212062836
-66.24381285905838
-74.74115380644798
-66.34417200088501
-74.41542226076126
-75.3223312497139
-77.47572132945061
-72.09497344493866
-76.11469805240631
-64.72180497646332
-72.11546230316162
-80.00690621137619
-70.97573179006577
-73.7301636338234
-68.73581808805466
-77.14166933298111
-77.19715243577957
-65.30833631753922
-68.15891671180725
-65.14545291662216
-59.85387286543846
-63.31040570139885
-76.68451797962189
-74.05707877874374
-67.58255425095558
-66.61562418937683
-64.08154830336571
-71.68560928106308
-69.214022397995
-71.11376464366913
-70.11978304386139
-68.39962553977966
-65.33177661895752
-62.05549335479736
-70.51513540744781
-71.45141780376434
-61.210227221250534
-63.742671251297
-55.52250909805298
-63.67275831103325
-65.31612288951874
-63.14717981219292
-58.873429626226425
-64.78003805875778
-64.10195657610893
-68.17527556419373
-69.47911840677261
-62.478708148002625
-68.52050375938416
-58.506539046764374
-60.98806816339493
-67.63576585054398
-80.38537088036537
-77.34659317135811
-71.76802304387093
-73.17696446180344
-73.27805894613266
-70.96531611680984
-76.91473054885864
-79.10727509856224
-72.50876477360725
-71.72506594657898
-74.43884745240211
-72.8722052872181
-75.94855093955994
-79.59401643276215
-66.24763059616089
-62.994968950748444
-72.08623999357224
-73.11858028173447
-72.36233088374138
-78.47910624742508
-72.18702220916748
-66.38234433531761
-72.12220630049706
-74.87171739339828
-75.9977987408638
-77.72653859853745
-76.67918926477432
-83.12108674645424
-68.53242033720016
-68.54424121975899
-80.84910506010056
-66.76486849784851
-69.3323621749878
-73.04806798696518
-69.66000762581825
-69.87561911344528
-80.2564190030098
-66.09472972154617
-65.46818768978119
-69.29943796992302
-42.94218394160271
-56.758609771728516
-61.54054206609726
-67.49500316381454
-63.222371101379395
-65.6628368794918
-75.08813977241516
-72.18953043222427
-68.95157563686371
-67.06787997484207
-65.09921699762344
-79.98358678817749
-68.51022407412529
-74.93693622946739
-63.32700127363205
-62.51450824737549
-65.80696904659271
-59.69182050228119
-60.98687952756882
-61.92134875059128
-58.99701753258705
-58.83240154385567
-59.48476618528366
-71.3406732082367
-60.647070705890656
-73.45432457327843
-65.53510385751724
-65.92345032095909
-61.692299634218216
-63.55613601207733
