0.7482700976543128
-10.291316010057926
-18.220029443502426
-23.344540685415268
-29.335889786481857
-30.089953303337097
-33.245877116918564
-34.539797872304916
-42.31904664635658
-45.245160818099976
-51.9073840379715
-51.31032118201256
-50.243857979774475
-53.991470605134964
-52.31657192111015
-54.801631689071655
-55.35704192519188
-54.414942264556885
-53.00991427898407
-52.50475412607193
-63.52942192554474
-59.90999561548233
-71.12404936552048
-60.2046916782856
-61.585901618003845
-65.61203780770302
-62.56071898341179
-66.16734227538109
-57.26284822821617
-56.71297824382782
-58.927008897066116
-63.748775601387024
-67.47611594200134
-65.11654287576675
-65.57753211259842
-56.48601931333542
-65.7904389500618
-70.15183591842651
-62.392270147800446
-55.04546320438385
-73.2530472278595
-56.69689640402794
-66.6138311624527
-69.8089547753334
-53.29155549407005
-73.87983101606369
-63.69030076265335
-57.96503484249115
-68.28617125749588
-67.12570005655289
-57.44183361530304
-65.35508093237877
-60.683621257543564
-61.837867230176926
-63.6754025220871
-61.31431847810745
-67.08053693175316
-71.71563744544983
-67.45833677053452
-65.130680590868
-75.30100631713867
-59.78731933236122
-62.438551396131516
-70.88823610544205
-70.6241272687912
-63.624069571495056
-68.783695936203
-61.30481946468353
-70.01995778083801
-68.34232422709465
-72.3429802954197
-61.19768610596657
-72.7784692645073
-72.67110925912857
-47.343526124954224
-64.1058498620987
-74.83749878406525
-70.19411307573318
-70.73628714680672
-64.47201013565063
-74.08005571365356
-68.6409991979599
-63.857505559921265
-75.52001750469208
-73.4217831492424
-56.32104068994522
-70.11047038435936
-63.839968144893646
-75.20543697476387
-77.38574260473251
-75.6433334350586
-67.29266813397408
-73.65660923719406
-71.02733671665192
-77.91055554151535
-73.10519301891327
-86.12259870767593
-63.87655395269394
-70.68297481536865
-77.69170552492142
-76.01455044746399
-79.31745713949203
-68.50570121407509
-74.95169848203659
-79.85816556215286
-69.47161892056465
-62.07406830787659
-76.36772638559341
-78.72463005781174
-68.99446222186089
-72.97375306487083
-74.73363417387009
-74.79344874620438
-81.96737968921661
-70.88660424947739
-70.31254351139069
-72.91565597057343
-83.05119395256042
-78.3908349275589
-67.81673565506935
-68.33134949207306
-64.529356777668
-67.43482595682144
-66.93738186359406
-77.75676319003105
-76.21778702735901
-69.14199912548065
-69.27540838718414
-70.14952915906906
-77.2875794172287
-75.73433458805084
-77.17394381761551
-76.29553186893463
-74.82441371679306
-79.31730604171753
-78.81623560190201
-76.13980042934418
-72.17278879880905
-67.96664983034134
-74.00613364577293
-77.57984280586243
-70.81376504898071
-71.89108210802078
-74.84961178898811
-72.88466078042984
-70.76400855183601
-70.53171586990356
-69.21419364213943
-68.49889174103737
-77.35916954278946
-64.349036693573
-67.57644486427307
-76.58247661590576
-70.23415398597717
-66.62060537934303
-58.48135104775429
-67.71739390492439
-72.83405309915543
-65.34852328896523
-67.34723457694054
-75.2074465751648
-77.25562727451324
-67.86682960391045
-63.26634055376053
-74.48554170131683
-70.55201333761215
-70.77198147773743
-69.24404048919678
-60.704467713832855
-65.44598639011383
-65.27899312973022
-68.41810983419418
-67.9977155327797
-60.7424436211586
-77.45701542496681
-54.59830445051193
-69.12901982665062
-61.451706647872925
-63.189965665340424
-63.30565619468689
-64.3610187470913
-68.1505559682846
-66.92329955101013
-56.03548604249954
-62.939062774181366
-66.417524933815
-68.85868072509766
-77.85875922441483
-74.53100702166557
-74.56792524456978
-73.47494941949844
-63.34481066465378
-70.32276779413223
-71.5122497677803
-75.69273233413696
-82.40940615534782
-73.9150670170784
-66.44878202676773
-79.07419979572296
-75.38536924123764
