269.57807477315265
205.32692193984985
175.03120501836142
155.47477666536966
146.33600425720215
136.14528020222983
135.8254459698995
133.71160340309143
128.91833202044168
125.47170901298523
126.25152309735616
120.67272186279297
122.4482307434082
112.95492792129517
113.87376228968303
110.04086287816365
108.9594539006551
105.90012534459431
106.49140771230061
104.94720959663391
102.4156014919281
100.39920234680176
100.70118987560272
98.89168206850688
97.75049761931102
96.3958113193512
98.08343346913655
92.68716915448506
92.67643586794536
90.87341491381328
88.78525722026825
92.37618005275726
96.48359314600627
90.29526321093242
88.97535427411397
88.42632695039113
86.73923850059509
83.69158426920573
83.91311613718669
83.56480995814006
83.92195912202199
81.64342029889424
79.5292319059372
84.73856910069783
78.45265611012776
81.2815823952357
79.193172732989
78.47846933205922
78.7585099140803
82.10505485534668
76.97544419765472
78.27104830741882
80.65268301963806
77.36670060952504
79.13687566916148
80.72575012842815
76.79319445292155
73.83109605312347
74.75841204325359
75.6755397717158
73.14336721102397
71.60420966148376
73.35943893591563
76.13377579053243
73.99088227748871
75.56769355138142
74.06174496809642
75.34803378582001
73.52343567212422
72.17783010005951
76.79265546798706
71.87046166261037
76.01624166965485
71.70854655901591
72.09724219640096
70.61322283744812
69.48393495877583
70.20933381716411
70.6795957883199
70.57589379946391
72.20896236101787
70.2733668088913
68.87450110912323
67.9493715763092
67.65329988797505
71.02300004164378
67.94127412637074
70.94023438294728
68.18048572540283
68.51705797513326
74.78676958878835
69.99584746360779
67.40058334668477
69.62597791353862
71.8299065430959
68.54232319196065
68.21925004323323
68.69663087526958
69.08929133415222
66.92507839202881
67.10008283456166
67.67434732119243
67.1037443081538
68.72307701905568
66.35784010092418
72.44472591082256
67.39562813440959
67.82750141620636
66.69252963860829
69.61090056101482
66.70544596513112
66.8029917081197
66.82513006528218
68.95326439539592
66.93358361721039
66.10381293296814
66.83797530333202
67.63305838902791
64.7538765668869
64.23128159840901
64.0467867453893
67.29304480552673
65.46582293510437
66.64821322758992
65.56629395484924
66.9719169139862
63.457215984662376
65.76591642697652
65.09325436751048
64.67973053455353
68.30053706963857
65.44187136491139
66.49542204538982
63.32443022727966
69.11035219828288
62.96368598937988
62.76197477181753
63.79500846068064
62.81702287991842
63.31364087263743
65.51899445056915
70.32967257499695
62.80834352970123
66.26213049888611
63.21562957763672
65.07313132286072
65.67160562674205
62.82525912920634
64.43394386768341
70.73588001728058
64.00258914629619
64.72254006067912
63.721412698427834
61.58073623975118
64.07063166300456
62.849997758865356
63.78824019432068
63.3279173374176
61.208760380744934
66.17676969369252
64.4609363079071
62.07637210687002
62.46892770131429
61.72219439347585
61.536303321520485
60.88433162371317
62.969545682271324
62.39653710524241
62.18108427524567
62.817117849985756
64.36483446756999
63.647290309270225
62.46805306275686
61.295613606770836
61.7552125453949
59.53758843739828
61.73020386695862
62.99062728881836
64.58701340357463
60.58423010508219
62.316388845443726
62.57086328665415
59.25988725821177
61.989554127057396
61.436784068743385
59.94311034679413
63.82314419746399
62.41636308034261
62.170386711756386
62.509544253349304
62.97107684612274
64.16952276229858
62.28446888923645
66.96011463801067
63.13012150923411
63.867846409479775
63.75235788027445
61.764848470687866
61.087599794069924
60.93254939715067
