0.9478256367146969
-16.448005110025406
-45.1372971534729
-73.93166762590408
-87.61356103420258
-107.4412859082222
-114.88036322593689
-118.94015896320343
-124.31336706876755
-124.4161639213562
-121.21202480792999
-129.10039639472961
-127.74166476726532
-132.72035658359528
-131.41487181186676
-129.73206567764282
-133.66389167308807
-133.92112052440643
-138.76338112354279
-133.71356254816055
-136.05318063497543
-142.99504554271698
-140.1106192469597
-135.74645215272903
-136.74038338661194
-136.61964619159698
-139.59210205078125
-138.12533551454544
-138.24792617559433
-137.89626121520996
-140.2831426858902
-141.98901641368866
-138.36706173419952
-141.25875079631805
-143.42097002267838
-141.67298030853271
-136.73087430000305
-140.8843405842781
-143.7847530245781
-138.94028639793396
-140.22945261001587
-143.31877756118774
-139.00770622491837
-140.2065864801407
-140.30228173732758
-138.29951095581055
-143.78458178043365
-143.0042725801468
-139.1930931210518
-144.21435421705246
-146.3967097401619
-138.07667195796967
-144.67934250831604
-143.40391612052917
-144.29119247198105
-142.99965906143188
-143.10693848133087
-142.21108984947205
-144.49092358350754
-146.5862568616867
-144.47364807128906
-141.81896090507507
-145.1303995847702
-145.87302500009537
-146.6799677014351
-145.45673048496246
-146.56465995311737
-144.41756057739258
-147.00520062446594
-149.1952218413353
-144.93114191293716
-144.01209473609924
-149.43790501356125
-149.35960614681244
-143.32106417417526
-144.48843550682068
-147.10321271419525
-148.14516282081604
-144.0471292734146
-148.4692977666855
-147.7563882470131
-147.6797313094139
-147.94021379947662
-142.94006609916687
-144.1698105931282
-147.98006331920624
-145.65316766500473
-151.0370835661888
-148.90727984905243
-148.62236988544464
-142.602614402771
-150.39206731319427
-145.97307187318802
-148.4507429599762
-147.84498190879822
-147.69658374786377
-145.5556189417839
-146.6877844929695
-148.44792246818542
-144.8647797703743
-147.9671797156334
-144.62734472751617
-148.1155577301979
-143.02317994832993
-148.08176219463348
-150.4327428340912
-147.15043580532074
-147.5083965063095
-146.8312165737152
-148.31367713212967
-147.97446262836456
-148.0178176164627
-149.40596294403076
-153.4911531805992
-148.7844272851944
-150.28586572408676
-151.58970856666565
-152.86249577999115
-151.26589596271515
-152.83298134803772
-153.34683465957642
-152.25638216733932
-148.56628239154816
-154.87229764461517
-152.36949396133423
-149.52535033226013
-154.5793492794037
-153.1358014345169
-153.2353446483612
-151.3476398587227
-151.7614261507988
-152.304461479187
-151.86113053560257
-150.3480474948883
-151.92966848611832
-152.4833209514618
-151.04293608665466
-151.34746861457825
-152.77040672302246
-148.83526664972305
-147.56597483158112
-147.86148178577423
-150.1885688304901
-146.6603149175644
-149.3936938047409
-148.8611043691635
-147.6423900127411
-148.9774597287178
-144.07353109121323
-150.87900507450104
-149.9491090774536
-153.17742383480072
-150.69232881069183
-149.63597404956818
-151.0619945526123
-149.69856882095337
-153.00015592575073
-147.796761572361
-150.77321648597717
-151.22056663036346
-151.26682269573212
-149.93452310562134
-149.1657577753067
-151.60655093193054
-148.81130254268646
-150.50567269325256
-151.6639580130577
-151.08028745651245
-149.77958744764328
-154.7187420129776
-152.38427132368088
-150.71614181995392
-154.25189018249512
-150.04623472690582
-151.61726880073547
-154.78586971759796
-153.62100660800934
-153.64150553941727
-151.7282652258873
-154.94315242767334
-155.92525774240494
-155.71933162212372
-154.56915521621704
-154.75913548469543
-156.0204392671585
-153.65229392051697
-152.36668354272842
-154.87975180149078
-154.69218909740448
-151.87189877033234
-155.74215745925903
-155.68246376514435
-153.59866428375244
-154.6595116853714
-152.96992629766464
-156.91767799854279
-155.81436204910278
-152.81085056066513
-154.88071882724762
-158.2524455189705
