701.5870180130005
686.6821694374084
651.1880128383636
636.8856213092804
593.1420500278473
615.6515488624573
554.6429011821747
603.6489863395691
581.7544755935669
586.2498962879181
586.3052988052368
550.712424993515
572.9793615341187
577.9277532100677
548.813549041748
569.9596221446991
561.2229070663452
546.3508970737457
555.7805263996124
532.2949359416962
535.6638925075531
540.8808755874634
518.0771591663361
512.3471286296844
514.7709383964539
518.8563804626465
511.1858112812042
507.9438977241516
517.0768918991089
497.1931903362274
499.9787483215332
505.48116517066956
480.2738256454468
487.5031087398529
492.72105884552
488.2515060901642
484.6904740333557
487.10566115379333
487.03591442108154
475.5467619895935
488.9930536746979
474.36433124542236
471.70053791999817
471.6493661403656
478.99872159957886
477.66894030570984
485.93237686157227
449.9040997028351
464.1082978248596
466.2456262111664
460.4414167404175
459.59514832496643
450.5290400981903
465.2862157821655
439.3647680282593
426.31608510017395
438.4622106552124
464.99054765701294
447.32717752456665
438.7728273868561
428.5404055118561
443.2067210674286
435.8469297885895
451.9332823753357
465.2269854545593
443.2102265357971
450.36118054389954
437.5108184814453
431.3058171272278
440.0936233997345
430.48561811447144
443.2848083972931
445.77083015441895
453.32366394996643
424.5424792766571
435.84874296188354
425.35320949554443
422.8596932888031
416.1987795829773
431.7689015865326
419.8528072834015
415.38704204559326
425.8586416244507
430.2940261363983
418.37736773490906
413.142293214798
401.1161997318268
423.4504654407501
416.36740469932556
429.76381397247314
418.31245613098145
402.27965259552
407.4926869869232
411.4364194869995
426.04016041755676
403.0595588684082
425.0052011013031
417.8711700439453
412.31484150886536
406.30638813972473
418.13629627227783
406.3698089122772
411.1243522167206
431.55365777015686
401.2318801879883
421.8899276256561
395.25054383277893
411.94580030441284
412.9029140472412
401.28228640556335
424.534863948822
401.9295892715454
389.4693818092346
398.40119433403015
403.3885087966919
411.6491651535034
402.48353385925293
403.30425667762756
409.5773527622223
406.8936951160431
409.99530935287476
404.18956875801086
386.6432087421417
399.8605570793152
398.65104961395264
399.6165039539337
397.9699008464813
407.3984019756317
394.7654595375061
389.5636668205261
413.7516806125641
402.2484257221222
400.4614427089691
407.2819962501526
395.7459833621979
390.0633773803711
387.44104528427124
396.24351811408997
392.7968771457672
388.42418813705444
404.42777943611145
402.60767579078674
397.6717748641968
394.0213735103607
392.19538712501526
399.07654094696045
398.2990119457245
397.5432813167572
388.83626198768616
395.39684677124023
388.0666706562042
380.9930384159088
403.3868567943573
392.5749044418335
385.68130016326904
393.4407551288605
378.7140407562256
379.98781514167786
394.7272217273712
388.2069296836853
389.28089237213135
399.80362343788147
413.5336968898773
403.48295497894287
392.4480628967285
403.70803022384644
388.6779115200043
383.2577724456787
372.59055161476135
387.561842918396
376.97851157188416
368.7462213039398
376.7972345352173
389.4771583080292
392.6818816661835
383.4866352081299
389.667622089386
382.46199083328247
379.8901455402374
374.90504717826843
383.08850264549255
385.24513125419617
377.6105434894562
384.645534992218
365.14622616767883
398.3154513835907
393.12768054008484
370.22963881492615
394.12230682373047
396.81575560569763
389.0322458744049
388.87236428260803
390.19823718070984
392.27984070777893
379.7444067001343
381.534854888916
394.59127402305603
384.93483686447144
371.41742849349976
389.2244825363159
