193.85098616282144
185.33066534996033
193.76278400421143
185.66628591219583
190.41893601417542
170.38775642712912
167.643443663915
161.0950187842051
171.7935844262441
165.59124732017517
156.9719749291738
146.64710402488708
155.78088688850403
151.61965338389078
151.62146520614624
144.36364046732584
135.2360591093699
140.65981443723044
130.91230154037476
120.94887693723042
128.81884598731995
119.89009960492452
113.42488547166188
115.9739019870758
114.60176082452138
105.38864374160767
112.0959054629008
107.17700910568237
98.17985900243123
102.5825164715449
104.22245653470357
101.92332915465038
104.0900441010793
108.13633263111115
97.93419885635376
103.88047516345978
97.857150832812
104.86271317799886
93.47063398361206
92.84336185455322
98.06525266170502
96.86538763840993
94.68495070934296
87.07382714748383
95.17691429456075
95.85092318058014
89.35730894406636
94.11863462130229
95.05558824539185
87.59460067749023
88.90320444107056
86.7952092885971
80.9485154946645
81.65897878011067
82.8479814529419
87.58999105294545
89.84471539656322
76.3166840672493
78.71903137365977
84.84403379758199
78.22521056731541
75.41912531852722
84.48187796274821
81.84548519055049
79.10838035742442
76.44291130701701
78.6282141606013
80.41926197210948
80.60494426886241
73.41786154111226
74.94634175300598
73.4940908352534
72.6907852490743
73.74505082766215
71.98756037155788
66.88451188802719
72.70769693454106
71.68187767267227
76.17418013016383
74.6915564139684
69.35740127166112
71.73547577857971
73.60275187095006
65.97353867689769
70.29502681891124
69.3999155163765
67.03704504172008
63.046687285105385
70.371635278066
71.88224359353383
75.00101443131764
70.8770521680514
68.51778491338094
70.47736843427022
64.54607246319453
69.63087286551793
70.86589260896046
66.06042824188869
72.82588040828705
66.12403003374736
67.993395169576
63.08724013964335
63.35980931917826
64.15191477537155
69.39902663230896
73.41475886106491
68.67291752497356
67.491268436114
63.41339751084646
68.95802513758342
60.466426491737366
63.00191128253937
71.36599469184875
67.49380850791931
63.47359410921732
68.21512045462926
67.89334088563919
69.69330088297527
66.46632113059361
64.25992035865784
67.12133512894313
60.910674691200256
68.04925646384557
68.60877472162247
64.16817533969879
57.470829447110496
59.723930299282074
58.51227802038193
67.58762091398239
69.53048813343048
62.450962801774345
58.576641937096916
62.349423269430794
63.16637327273687
64.13165648778279
67.93559501568477
62.53902663787206
62.72197959820429
64.02304806311925
61.98923816283544
59.57937548557917
61.35893948872884
65.81760881344478
63.165482680002846
59.00432298580805
58.19602437814077
57.838100949923195
54.59581005573273
55.22744596004486
60.55812897284826
62.967779656251274
61.375620901584625
56.45369611183802
59.4638999303182
58.274907092253365
59.00256943702698
61.8861990571022
62.85727787017822
55.14797433217367
61.34230766693751
64.83531804879506
61.773859004179634
63.788605193297066
62.02530548969904
56.38307931025823
59.493737618128456
55.33230443795522
55.542560617129006
62.37045764923096
58.451177974541984
58.877744575341545
56.47382664680481
55.56848247845968
48.910044034322105
55.91120710968971
49.934998482465744
55.81235067049662
52.68244618177414
52.48379902044932
58.2527560989062
54.7684166431427
58.008008658885956
59.16277434428533
52.506895591815315
55.508684277534485
57.83428919315338
50.97782496611277
50.16553149620692
55.33450741569201
55.138932218154274
54.28320370117823
58.43551844358444
52.449120243390404
57.6813693245252
51.718393901983895
51.90130400657654
60.91327714920044
53.88707325855891
52.01697383324305
56.050500214099884
