255.30170742670694
250.0333752632141
219.90666484832764
219.98412561416626
225.49756773312888
218.6181926727295
224.4082056681315
226.06202149391174
212.19880390167236
225.9704331556956
214.2852917512258
218.4778033097585
222.79554001490274
216.03258085250854
220.906374057134
226.73139309883118
208.35400732358298
215.4512726465861
223.7839990456899
219.1825451850891
214.93118707338968
216.72497765223184
215.7627353668213
218.87372159957886
224.38790567715964
226.15403580665588
215.72527519861856
227.90547506014505
223.1384760538737
213.75285816192627
215.10532999038696
220.1386693318685
215.73510003089905
216.297820409139
212.40516368548074
215.64014426867166
217.00480969746908
213.71853597958884
211.507865746816
214.60245521863303
217.46314827601114
220.07265535990396
220.61317841211954
220.92570360501608
222.3691402276357
213.5160764058431
218.25222627321878
224.9758176803589
215.00528184572855
210.62514034907022
209.43671600023904
214.14570053418478
218.3077917098999
213.89235401153564
216.50387493769327
220.4336036046346
215.2312297821045
218.79377937316895
220.07773772875467
211.94389208157858
217.2533140182495
219.38709704081217
218.52580165863037
214.67850104967752
212.11370285352072
215.58593082427979
211.49038426081339
209.99488639831543
219.3739644686381
214.3599372704824
211.89567987124124
209.6976555188497
217.9248283704122
213.75059294700623
207.8651065826416
218.19896817207336
215.86800893147787
220.5158920288086
213.11119484901428
217.52746971448263
214.46910317738852
213.63611841201782
207.02974168459573
212.68231415748596
210.41197141011557
219.5343510309855
216.36667815844217
212.00795229276022
212.8279972076416
211.90187040964761
213.46826601028442
206.3039024670919
212.24763441085815
216.3773341178894
218.2466721534729
211.49086300532022
213.1078588962555
210.8744229475657
211.88781587282816
210.70284819602966
210.86119929949442
217.89678406715393
209.13854853312174
213.82583856582642
212.7829966545105
208.93011752764383
206.94625767072043
218.30314540863037
208.05817572275797
213.7241185506185
211.7015349070231
213.60838794708252
221.03791658083597
206.9024129708608
208.87120374043783
212.3442579905192
217.3784199555715
214.14100821812949
210.54483842849731
214.39390349388123
220.28314558664957
219.63899421691895
210.78588239351907
219.96346839269003
205.35534493128458
209.63926966985068
213.4842470486959
205.43497451146445
224.49927512804666
210.76979533831278
212.78187489509583
214.11826499303183
210.9807527065277
205.70369736353555
215.9836364587148
209.0042150815328
212.6928504308065
221.13196460405985
213.3923331896464
215.90707143147787
213.66953460375467
212.48632216453552
215.20145376523337
211.83025948206583
207.76157069206238
222.68420632680258
209.10383502642313
212.21456654866537
208.12234830856323
214.14793356259665
218.68257896105447
211.52056694030762
213.9359943072001
213.1169457435608
220.77163561185202
212.2699931462606
215.00415500005087
213.1529111067454
209.14993596076965
211.1569295724233
218.4276820818583
214.84257372220358
214.25110594431558
212.80022621154785
206.35489153862
206.2603898048401
216.86170291900635
208.30724008878073
212.99942922592163
214.9624707698822
216.00382177035013
204.53701496124268
208.69307327270508
207.93087482452393
211.87478478749594
215.40975181261697
218.16225107510886
209.19817988077799
214.46335196495056
218.9141571521759
221.13237277666727
212.23965446154276
210.5713083744049
211.83830722173056
212.68345363934836
207.14789732297263
212.98647872606912
208.84764432907104
215.2879467010498
206.44481364885965
207.07766421635947
214.67850963274637
214.67908549308777
211.00895404815674
207.64505982398987
213.30189188321432
213.436141093572
215.13130497932434
211.90072949727377
214.7829922835032
