87.89186298847198
42.70126861333847
30.887089759111404
25.63682235777378
22.42243881523609
22.19185857474804
21.153887376189232
21.382254034280777
20.32991847395897
19.11021190881729
18.452819488942623
18.96251257508993
17.80225668847561
18.01602730154991
17.53312385082245
17.435780368745327
16.51449316740036
17.338751673698425
16.48052764683962
16.837854996323586
16.296587511897087
15.919652707874775
15.98064710199833
15.504240855574608
15.743988953530788
14.733788266777992
14.920937970280647
14.652998805046082
15.029610008001328
15.083127580583096
14.103818833827972
13.673055447638035
13.174649365246296
13.558412529528141
13.350092768669128
13.272663973271847
12.842769399285316
12.60850740969181
12.856125183403492
12.212593466043472
13.046721175312996
12.265958681702614
12.609640643000603
12.166521236300468
12.355462707579136
12.313670322299004
12.216713398694992
12.391606554389
11.535932302474976
13.362476490437984
11.55598297715187
10.803130760788918
11.60592582821846
10.88252004981041
12.187931790947914
11.496660731732845
11.525380641222
9.977961260825396
10.250323183834553
10.25495433062315
10.158802632242441
9.688173986971378
9.928314939141273
9.59953247755766
9.65152396261692
10.107954453676939
9.618812553584576
9.479524958878756
9.21071257442236
9.065581902861595
9.163400083780289
9.152178555727005
8.786185748875141
9.01202529668808
9.140151172876358
9.281007666140795
8.730854373425245
8.589568510651588
8.69160483777523
8.745278544723988
8.637831658124924
8.596721101552248
8.242359675467014
8.043490450829268
8.103021085262299
8.070355005562305
7.920511342585087
8.734692886471748
8.404214352369308
8.046389639377594
7.572635158896446
7.25277690961957
7.7517149820923805
7.63855093345046
7.8620547614991665
7.324827253818512
7.554295666515827
7.2135783694684505
8.129248511046171
7.783844035118818
7.366364032030106
7.29688423871994
7.25967263430357
7.197521083056927
7.715386040508747
7.308210276067257
7.197959266602993
7.983723726123571
7.405115574598312
7.35795795917511
7.057266462594271
7.43329530954361
11.107119336724281
6.816596668213606
6.803289990872145
7.1044473722577095
7.409778829663992
7.200694136321545
7.090674810111523
6.7115182392299175
6.778722122311592
6.610025234520435
6.929593250155449
6.525971431285143
6.740874018520117
6.569481924176216
7.261835850775242
6.737033616751432
6.570396065711975
6.287674501538277
6.500653110444546
6.498737316578627
6.7028785943984985
6.531451873481274
7.00107005238533
9.38659793883562
6.317710850387812
6.4829142317175865
6.22806454077363
6.62586909532547
6.369333405047655
6.263432122766972
6.7572272047400475
6.199912507086992
6.304426837712526
6.353048212826252
6.513118676841259
6.1900200098752975
6.416042134165764
6.232223507016897
6.430604811757803
6.1482723243534565
6.040022101253271
6.008019592612982
6.185910779982805
6.114999335259199
6.12409982830286
6.1795061230659485
5.812538105994463
6.12760466709733
5.910343065857887
6.009246002882719
6.229339428246021
6.103480018675327
5.86888750270009
5.78100211173296
5.662212189286947
5.865648973733187
6.144554689526558
5.9758326187729836
5.998459510505199
6.0133269019424915
5.904316782951355
5.587395496666431
5.996796175837517
5.678888976573944
5.814140371978283
5.939368948340416
5.876191820949316
5.626483231782913
5.46444408968091
5.621513374149799
6.012675292789936
5.3706602193415165
5.808088276535273
6.060944106429815
5.381961703300476
5.681449454277754
5.859098885208368
5.438984744250774
5.568397469818592
5.512233167886734
5.421099804341793
5.534095127135515
5.663201250135899
5.106906462460756
5.44906422495842
5.399281915277243
5.555165711790323
5.687806263566017
