233.82267785072327
224.12177765369415
184.01930010318756
170.86760878562927
161.03324896097183
144.6548143029213
139.25212198495865
116.13413226604462
97.41029751300812
103.61623567342758
90.3739562034607
92.01720494031906
99.09558165073395
74.49890378117561
70.29526799917221
68.48595777153969
81.55874079465866
63.70317932963371
65.88940799236298
59.44022759795189
61.593783885240555
52.53206253051758
56.79136273264885
60.11643546819687
58.283861219882965
57.27792274951935
52.495204746723175
54.85667157173157
59.261962443590164
57.835226744413376
47.7850438952446
54.267027616500854
45.643807113170624
46.41624915599823
47.66634148359299
52.57883736491203
48.10857445001602
51.05980610847473
50.05346471071243
42.77368474006653
45.21395409107208
43.996579468250275
43.30283921957016
42.13161489367485
41.065864369273186
41.3925906419754
43.56150349974632
43.386910021305084
38.53512018918991
43.81050759553909
39.99092710018158
40.536425322294235
38.40705978870392
40.62718975543976
35.46132808923721
42.08652228116989
37.27380633354187
35.042167752981186
39.99331444501877
40.849577978253365
40.20722356438637
34.17641024291515
35.856287598609924
32.6860321611166
39.206296503543854
35.45304289460182
34.268547147512436
33.82700923085213
35.70937019586563
35.04960176348686
35.29382109642029
35.439786583185196
36.039324924349785
35.80048215389252
39.923278108239174
38.43749591708183
34.930317625403404
34.48167559504509
32.30931770801544
32.272510290145874
39.91347438097
33.24093118309975
31.95335653424263
35.9823509901762
33.93551002442837
32.265572383999825
32.25833731889725
34.58383783698082
31.39354431629181
31.382020592689514
32.73208424448967
33.148638144135475
30.74311876296997
32.02176605165005
38.11205145716667
32.588657200336456
34.03050771355629
30.503774851560593
31.617045626044273
29.70063477754593
32.85005131363869
27.683897525072098
35.317435160279274
34.327830359339714
32.90769511461258
28.68257574737072
33.928068459033966
36.39155650138855
31.431160107254982
28.72945635020733
31.262421667575836
27.895414263010025
28.91250878572464
26.856209099292755
30.241353273391724
27.226864531636238
27.768829584121704
35.00619389116764
29.759144872426987
28.00323259830475
28.978639245033264
26.07365609705448
27.097562611103058
28.742727771401405
30.592675745487213
30.53095482289791
31.866150453686714
28.983386233448982
28.033739238977432
27.390594080090523
25.227863639593124
26.331965297460556
25.628426358103752
26.11183850467205
26.505287036299706
27.624052733182907
25.73105700314045
24.317771524190903
28.163363501429558
26.225524470210075
25.068420231342316
26.66674256324768
25.634225994348526
24.394468754529953
27.161638140678406
26.997802823781967
25.596809148788452
29.288606256246567
24.67543002963066
23.691292449831963
25.635437294840813
25.133742317557335
25.24053066968918
27.411065310239792
24.787937432527542
26.741316869854927
24.998386412858963
25.428969740867615
27.093210995197296
24.126328125596046
24.317363560199738
24.774419218301773
24.99117401242256
24.000498935580254
24.079545736312866
24.356361895799637
25.48849219083786
23.5552918612957
23.37751777470112
23.670594573020935
25.169162154197693
23.543420612812042
25.983241707086563
23.48876854777336
26.03977745771408
23.11804512143135
24.15460103750229
23.695246174931526
23.97348517179489
23.77273666858673
26.08258345723152
23.78456762433052
24.363065600395203
24.55463743209839
23.655746698379517
24.84245854616165
23.28056588768959
23.619662031531334
22.810606479644775
27.569445997476578
25.077717781066895
23.362392887473106
21.49266117811203
22.964887380599976
22.75446106493473
23.800422817468643
21.904976785182953
23.30593268573284
21.856283009052277
23.52197228372097
