650.8761067390442
605.7747910022736
548.3646879196167
544.6449024677277
534.5755050182343
512.0439660549164
510.2376022338867
498.1347510814667
476.03829312324524
472.1203076839447
476.7472438812256
465.0527596473694
474.51329350471497
454.8354072570801
456.65377831459045
449.784631729126
448.47080636024475
452.7149212360382
425.0478711128235
420.84598302841187
428.0534677505493
419.1770577430725
432.7421324253082
424.2674813270569
415.1026961803436
417.8255183696747
407.4253578186035
408.40769481658936
404.1743381023407
412.6989119052887
393.28510427474976
394.578138589859
389.12838435173035
384.74473571777344
381.12765645980835
385.3550498485565
392.9264988899231
383.07875180244446
372.5227792263031
374.6713492870331
366.02001452445984
380.3299810886383
384.5095067024231
366.90859031677246
364.9329969882965
367.91441798210144
366.1724419593811
367.60396242141724
370.26960921287537
368.0952115058899
366.85786175727844
362.0235388278961
346.1803529262543
363.7076141834259
357.7605266571045
359.83632802963257
367.892539024353
353.3290505409241
352.1693046092987
341.6676869392395
354.8605372905731
349.1572208404541
352.49213004112244
343.1471154689789
353.00417017936707
350.51963925361633
347.7520115375519
342.33586144447327
352.21809911727905
344.9660506248474
333.8006100654602
345.97651195526123
341.86862683296204
328.15406608581543
333.4636821746826
332.0227735042572
326.3086384534836
328.4526352882385
340.64235758781433
328.13738489151
333.71752643585205
327.1390516757965
320.96795666217804
331.0546396970749
328.4028334617615
323.7128391265869
324.3932021856308
334.5737270116806
333.33051466941833
312.2786862850189
316.5564053058624
316.33570182323456
321.71820747852325
316.27014553546906
313.05005049705505
316.78873324394226
312.3983758687973
324.09425020217896
320.76941418647766
315.67417562007904
321.36230170726776
313.36127161979675
317.5786119699478
311.4487968683243
314.57885777950287
322.2437255382538
321.1096863746643
305.7568026781082
316.09021830558777
298.9639302492142
303.8560732603073
300.08844017982483
307.3970596790314
309.77640640735626
318.02551889419556
307.2031911611557
297.4652216434479
307.0792305469513
302.92285311222076
303.06424033641815
306.4170798063278
295.74004769325256
302.4567869901657
298.4316430091858
291.01336681842804
302.6170916557312
295.9247496128082
299.4793952703476
296.9093631505966
293.9216967821121
311.57078313827515
297.653146982193
293.1437648534775
301.98786008358
294.6127978563309
293.7503720521927
298.3236383199692
296.3576145172119
287.1106926202774
286.9487359523773
283.43027317523956
290.0172698497772
296.23858976364136
297.74072325229645
285.90638291835785
288.4648711681366
288.8664689064026
293.4566379785538
280.66260516643524
308.3352761268616
285.67945420742035
276.4293290376663
293.5374450683594
286.0981159210205
290.17080533504486
289.0070301294327
296.5309135913849
290.9036899805069
282.3634020090103
282.76566457748413
288.5446105003357
284.65930247306824
295.26850175857544
297.6328797340393
283.1889599561691
288.56213784217834
282.4240425825119
292.62674856185913
288.27509236335754
290.8589448928833
290.0540772676468
283.8279826641083
277.25738513469696
276.35138273239136
274.5375043153763
288.4163587093353
280.3819057941437
285.87511575222015
283.4522125720978
285.0675485134125
284.3113343715668
285.889218211174
288.07830262184143
277.60140454769135
282.2182071208954
279.64648270606995
283.3468873500824
277.34486067295074
282.40168011188507
278.8297085762024
278.69970405101776
273.0998593568802
270.92630779743195
275.88340270519257
265.25097465515137
278.5644816160202
269.54209101200104
268.129487991333
279.8494976758957
276.16748666763306
