-6.549389039476712
-22.183400710423786
-33.27524844805399
-39.20590329170227
-41.024836937586464
-42.32494260867437
-43.0234361688296
-44.31441332896551
-42.955818931261696
-44.174716552098594
-45.04741823673248
-45.93851671616236
-46.487053076426186
-45.60305913289388
-44.7011484503746
-46.19834170738856
-47.165538807710014
-47.9980663061142
-47.388641019662224
-48.229510843753815
-48.00088302294413
-47.320193926493324
-47.42996104558309
-49.12776527802149
-48.62505054473877
-49.452198465665184
-49.27260581652323
-49.73765514294306
-49.942741791407265
-50.081586480140686
-49.36205404996872
-49.32881955305735
-49.07460741202036
-50.493169367313385
-50.05799470345179
-50.90257614850998
-50.538918217023216
-50.51133690277735
-50.33351663748423
-50.924518962701164
-50.01493366559347
-49.176795760790505
-50.716723004976906
-49.87595645586649
-50.070447524388634
-50.627002795537315
-48.80299127101898
-50.0643755197525
-49.022321462631226
-48.52609050273895
-49.51732458670934
-50.77522865931193
-50.60143677393595
-50.027638932069145
-51.634739001592
-50.96377845605215
-50.70552307367325
-50.80932013193766
-50.72601040204366
-50.94586789608002
-50.750418762365975
-50.88208166758219
-51.74502420425415
-51.77996095021566
-51.340605775515236
-51.24352612098058
-51.91283345222473
-51.61067712306976
-50.9448234240214
-51.290859719117485
-51.614992101987205
-51.46712716420492
-52.99211792151133
-52.27433760960897
-51.69581456979116
-51.41061055660248
-52.2801123658816
-51.74209451675415
-51.981532414754234
-52.16234846909841
-51.5884602467219
-52.62326204776764
-52.05880002180735
-51.08711522817612
-51.46043892701467
-52.07619587580363
-52.104117592175804
-51.631267269452415
-52.08286281426748
-52.5372044245402
-51.80638229846954
-52.37161340316137
-51.34691474835078
-51.41097865502039
-51.65855942169825
-51.90254966417948
-51.498897314071655
-51.07677630583445
-50.92038802305857
-51.68283863862356
-51.84698744614919
-49.590884466965996
-51.35909843444824
-51.271734833717346
-51.14458513259888
-51.92420494556427
-50.96703743934631
-50.667533119519554
-51.33570271730423
-50.125065783659615
-49.99715407689413
-50.74055880308151
-50.3509935537974
-50.86862268050512
-51.18510037660599
-52.003592451413475
-50.51408759752909
-51.33088125785192
-50.77083373069763
-51.85998249053955
-51.33299227555593
-51.929937998453774
-51.71486359834671
-50.96051478385925
-52.002809166908264
-51.83844214677811
-52.441096822420754
-51.744145592053734
-52.23230129480362
-50.93491439024607
-51.46608908971151
-51.84000426530838
-51.59537671009699
-51.941685239473976
-50.85162897904714
-50.58360634247462
-50.1614457766215
-50.962843676408134
-51.04800875981649
-51.451430559158325
-51.612457633018494
-50.84429852167765
-51.89541892210642
-51.490344842274986
-51.35790308316549
-50.15644335746765
-50.80686378479004
-51.0105269352595
-51.317819913228355
-51.169287959734596
-51.511863907178245
-51.92378489176432
-51.40837176640829
-51.9647448460261
-51.50159994761149
-52.12822447220484
-51.48197718461355
-52.04025427500407
-51.692506551742554
-52.343848625818886
-52.125375827153526
-51.788390040397644
-52.185968001683555
-51.90787516037623
-52.08362181981405
-52.371560057004295
-52.919684727986656
-52.19470421473185
-52.4161616563797
-52.399954875310264
-51.593232572078705
-52.071728587150574
-52.401834547519684
-52.19641411304474
-52.08079791069031
-52.152547001838684
-52.492281238238014
-52.49179498354594
-51.53371922175089
-52.426730493704476
-52.10413388411204
-52.863661885261536
-52.67404921849569
-52.51640146970749
-52.08220066626867
-53.319258411725365
-52.608322401841484
-53.18714326620102
-53.58327293395996
-52.25995713472366
-52.347909132639565
-52.26828324794769
-52.056915958722435
-51.207695166269936
-52.74148323138555
-52.49832288424174
-51.78015345335007
-51.87364510695139
-51.09501572450002
-50.99309285481771
