-0.634456958156079
-11.78179356455803
-16.73709922283888
-23.024931117892265
-29.108210623264313
-35.28969360888004
-38.253776133060455
-42.01492711901665
-46.9527268409729
-55.11701303720474
-57.9780091047287
-58.73654007911682
-64.66974171996117
-70.15422829985619
-68.07569709420204
-69.56095296144485
-75.48967707157135
-77.43377155065536
-82.18157589435577
-83.08904898166656
-91.76304841041565
-89.20676618814468
-97.6250981092453
-96.99119257926941
-102.55081504583359
-104.12866866588593
-103.83946752548218
-106.44465506076813
-107.77179718017578
-107.16829252243042
-113.86168217658997
-113.64382940530777
-112.52114272117615
-118.59812396764755
-118.71677601337433
-114.44600749015808
-118.10402417182922
-121.95764195919037
-122.57278114557266
-118.94367450475693
-127.20814859867096
-124.51036834716797
-122.76815056800842
-124.2841044664383
-126.11192417144775
-129.356396317482
-127.0323715209961
-128.3527444601059
-126.07646656036377
-131.94336146116257
-127.79527425765991
-133.1102089881897
-131.01621544361115
-133.4592045545578
-132.63143050670624
-132.9844754934311
-133.21391242742538
-133.58082818984985
-138.30448710918427
-133.2326384782791
-134.9372530579567
-135.4915401339531
-133.1621966958046
-137.1998414993286
-133.70442616939545
-133.76222610473633
-138.00321829319
-136.2588448524475
-135.1119523048401
-140.4174686074257
-135.6067270040512
-139.98419070243835
-140.97476756572723
-136.660593688488
-136.91831612586975
-138.9591031074524
-134.86088824272156
-132.5506637096405
-140.4081710577011
-137.56230491399765
-137.437195956707
-138.32263898849487
-139.1607884168625
-137.04361647367477
-137.90329229831696
-139.62105238437653
-140.55709302425385
-142.78481817245483
-137.3069396018982
-142.48095047473907
-143.68763744831085
-136.72142565250397
-139.95344734191895
-143.45034343004227
-145.1078759431839
-144.02710378170013
-146.4435903429985
-141.79778707027435
-145.12707543373108
-141.7400375008583
-144.14904975891113
-144.41985726356506
-140.91112518310547
-143.49436324834824
-144.06627839803696
-145.51370441913605
-147.49800097942352
-144.80358517169952
-144.69345504045486
-143.82281959056854
-144.86478984355927
-143.1948270201683
-142.512449324131
-142.78358924388885
-143.95179665088654
-143.3590703010559
-145.8051619529724
-147.74759435653687
-143.90481531620026
-144.1314216852188
-145.60061585903168
-145.6005755662918
-143.9793770313263
-145.73112404346466
-145.54958510398865
-140.88565009832382
-143.0734955072403
-144.118225812912
-143.3755802512169
-143.42464673519135
-145.95811319351196
-144.97444653511047
-145.45691180229187
-146.8559764623642
-144.9895361661911
-146.8680441379547
-147.08794176578522
-141.8481731414795
-143.98063617944717
-146.74090039730072
-146.59007459878922
-146.3810257911682
-145.53074824810028
-148.10396349430084
-148.44613951444626
-149.5479142665863
-147.28615182638168
-146.22511303424835
-147.26879572868347
-147.01445788145065
-150.0440992116928
-147.59113764762878
-148.34060275554657
-146.69645750522614
-145.1049446463585
-147.91485959291458
-145.68427366018295
-150.0112203359604
-149.02338337898254
-148.97946429252625
-146.33568638563156
-144.52951395511627
-148.4533418416977
-147.8917214870453
-146.9056372642517
-148.0425775051117
-147.84478044509888
-148.75938534736633
-151.02705067396164
-150.28072839975357
-149.92819714546204
-148.7608056664467
-147.82831078767776
-147.762220621109
-150.3180696964264
-149.09881138801575
-148.7574714422226
-147.07399040460587
-148.7460685968399
-152.0066880583763
-148.41071212291718
-150.19733250141144
-148.48897069692612
-149.71282237768173
-150.66133362054825
-148.5402935743332
-149.1255053281784
-149.7323341369629
-152.7282806634903
-149.18145179748535
-150.3199936747551
-150.4818496108055
-150.19741308689117
-150.99429267644882
-151.1685084104538
-149.92009830474854
-151.67944049835205
-149.65239334106445
-148.68221467733383
-150.34130853414536
