2377.251019795736
2232.541004180908
2080.2043329874673
2143.6423517862954
2292.0698521931968
2493.6855697631836
2347.3683535257974
2131.2177505493164
2143.2358067830405
2211.116854349772
2203.2061805725098
2064.0690307617188
2141.795987447103
2030.244307200114
2302.4993222554526
2143.7381846110025
2073.9060541788735
1988.9495544433594
2234.301445007324
2268.3623975118003
1923.6974334716797
2180.8619181315103
2075.5732816060386
1855.7275110880535
2050.509999593099
2040.1797625223796
1959.0678736368816
1963.4818420410156
1945.7866223653157
2184.6465174357095
1885.8401107788086
1963.004503885905
1947.04496383667
1935.6169764200847
1990.2560564676921
2052.176783243815
2084.4824498494468
2096.9009539286294
2072.7507527669272
2178.0091412862143
2083.4089965820312
2280.8387718200684
2003.9501419067383
1977.5762837727864
1865.1585489908855
2204.216782887777
2052.530160268148
1965.4264500935872
2031.7289530436199
1998.0295906066895
2113.147706349691
1805.8494148254395
2029.999693552653
1983.7185071309407
2210.1579717000327
1980.286568959554
2043.5789756774902
1938.2262153625488
2028.5018132527669
2087.6481488545737
1934.6523526509602
2018.1861381530762
2232.103229522705
2005.2510070800781
2101.8490002950034
2004.8519172668457
1998.362642923991
2237.6574910481772
2031.244176228841
2198.6705729166665
2035.4920349121094
2055.165929158529
1939.4508870442708
1856.8062235514324
1976.1735763549805
2050.0100377400718
1943.4169603983562
2141.749974568685
1750.1086908976238
2086.320313771566
1943.4043426513672
2058.9367548624673
1835.8444061279297
1895.7146339416504
2093.0019404093423
1891.3557090759277
2101.859817504883
2191.1535059611
1983.1691869099934
2004.416238149007
1865.022984822591
1904.379618326823
1916.9227129618328
2055.7047119140625
1889.5414975484211
1907.1242396036785
2096.479103088379
1925.1864484151204
2281.7705726623535
2128.7492396036782
1918.8907178243
1870.3132247924805
2103.7826817830405
2064.8560333251953
2043.7751032511394
2018.1011632283528
2060.432172139486
1966.2841974894206
1864.8365948994954
1844.5161577860515
2010.706699371338
1950.231164296468
2117.7879803975425
2123.1818466186523
1895.3618647257488
2021.610122680664
1897.849126180013
1875.8420384724934
2226.496685028076
2084.99698638916
2114.1730829874673
2299.9756711324058
1872.112065633138
2064.14168548584
2082.147618611654
1979.8661244710286
2067.490936279297
1913.9270044962566
1949.1654968261719
2174.451550801595
2084.1061210632324
1990.882583618164
1930.172191619873
1804.192143758138
2012.2568117777507
1948.8235448201497
1914.1352640787761
1988.2883466084797
1978.2181905110676
1851.3916079203289
1905.4825642903645
2054.445098876953
1977.002966562907
1970.9965108235676
2103.8536338806152
1839.0630149841309
2051.597600301107
1901.7815945943196
1863.2657508850098
2072.160690307617
1975.5609741210938
1943.86669921875
2116.6197827657065
1828.7873961130779
1893.020004272461
2194.3080876668296
1992.9330596923828
2055.624354044596
1868.137025197347
1901.6397883097331
1977.0408426920574
1946.832374572754
1949.0740356445312
2001.0943222045898
1869.0831909179688
1874.8483543395996
2030.410950978597
1854.639856974284
2022.2630132039387
2065.6440073649087
1846.8666241963704
1955.2868881225586
2094.499585469564
1795.5065841674805
1956.1881052652996
1907.742343902588
1995.6544799804688
2477.345901489258
1901.2440516153972
1918.0584246317546
1989.6752955118816
2044.9955876668294
1975.8018951416016
1898.857945760091
1901.5921516418457
1835.4657872517903
1918.0473887125652
1834.0324274698894
1920.1569341023762
1966.2104835510254
1923.9689903259277
1915.9291928609211
2074.6694463094077
2161.0802307128906
2059.457467397054
2043.539368947347
2142.7963790893555
2077.324389139811
1907.4604784647624
1915.513771057129
