-0.6344565253239125
-11.781458631157875
-16.736891463398933
-23.024727135896683
-29.107928574085236
-35.28897841274738
-38.25249683856964
-42.00541551411152
-46.93917840719223
-55.11439400911331
-57.953652143478394
-58.74460366368294
-64.60810893774033
-70.11347219347954
-68.01894980669022
-69.07177895307541
-74.99490237236023
-77.33395636081696
-82.101735830307
-83.07264983654022
-91.82294356822968
-89.12975668907166
-97.63366031646729
-96.91731584072113
-102.68830394744873
-104.18868470191956
-103.80656850337982
-106.8026459813118
-107.65341711044312
-107.01392096281052
-113.93974936008453
-113.24728840589523
-112.21773838996887
-118.80628633499146
-118.75001752376556
-114.75060045719147
-118.39464563131332
-121.98026633262634
-122.3191282749176
-118.81502985954285
-126.88042759895325
-124.56767469644547
-122.1658244729042
-124.40666490793228
-125.85825115442276
-129.41981709003448
-126.69193816184998
-128.46981501579285
-126.7725236415863
-131.76520711183548
-127.53725969791412
-132.93510681390762
-130.95732760429382
-133.78974604606628
-133.05686140060425
-132.62339210510254
-132.32466173171997
-132.73264586925507
-137.78608071804047
-133.14928287267685
-135.82166862487793
-135.75016915798187
-133.0315071940422
-136.6127359867096
-133.82905161380768
-132.70679807662964
-136.57130497694016
-136.08245331048965
-134.5501707792282
-139.9160556793213
-135.84113001823425
-140.13659799098969
-140.58813858032227
-136.55222636461258
-137.06484067440033
-138.92537808418274
-134.50339090824127
-132.82197487354279
-141.0274402499199
-137.02866786718369
-137.5319141149521
-139.05153465270996
-139.68407022953033
-137.0547070503235
-137.7858591079712
-139.03347343206406
-140.31756275892258
-143.0342503786087
-136.8058590888977
-141.67749309539795
-142.98213171958923
-136.51042264699936
-139.66377276182175
-142.20427030324936
-144.16089582443237
-143.80035638809204
-146.0600941181183
-141.71536827087402
-144.29629957675934
-142.3731170296669
-143.474267244339
-143.81786358356476
-141.08992421627045
-144.02354794740677
-143.64175409078598
-144.01876318454742
-147.458433508873
-144.73639702796936
-144.90963566303253
-143.9389734864235
-144.80861169099808
-142.70350742340088
-142.61344307661057
-142.2251318693161
-144.46704006195068
-142.87191092967987
-145.6684889793396
-147.93433105945587
-144.45503282546997
-144.60959577560425
-145.26981246471405
-145.54552561044693
-143.44216400384903
-146.25283443927765
-145.7923287153244
-140.86772990226746
-143.60870397090912
-144.32294315099716
-143.5368217229843
-142.67166608572006
-146.25692415237427
-144.4048381447792
-144.755455493927
-146.59846556186676
-145.12394267320633
-146.33156645298004
-146.50581240653992
-141.684201836586
-143.66516417264938
-146.2617391347885
-145.93818843364716
-145.47540616989136
-145.20703637599945
-147.79493832588196
-147.77455019950867
-149.4319013953209
-146.86914211511612
-146.26619148254395
-146.31275981664658
-146.944670855999
-149.84968674182892
-147.44582188129425
-147.86013197898865
-146.86250388622284
-144.6449123620987
-148.50155210494995
-145.65346986055374
-149.13144850730896
-148.4976235628128
-148.01513814926147
-145.98058646917343
-144.50794726610184
-148.08730244636536
-148.23037189245224
-146.7434086203575
-149.0478813648224
-149.39147770404816
-148.47481787204742
-151.54349279403687
-150.2528760433197
-149.97390925884247
-149.28347301483154
-147.98697352409363
-147.92260587215424
-151.33493757247925
-149.0365993976593
-150.06527304649353
-147.96501398086548
-149.414444565773
-152.7104309797287
-149.4677518606186
-151.27731895446777
-149.0905715227127
-151.2744380235672
-151.8871596455574
-149.81820803880692
-150.5143759250641
-150.90660560131073
-153.2919156551361
-150.64017993211746
-151.50722932815552
-150.54177498817444
-150.39631819725037
-151.78690123558044
-151.2308513522148
-150.63116443157196
-152.4061200618744
-150.13400238752365
-149.51216453313828
-151.56962263584137
