2920.6350440979004
2259.0807971954346
2145.3224658966064
2163.101234436035
2065.145715713501
2175.956552505493
1881.033359527588
1833.902135848999
1867.8083152770996
1788.763952255249
1724.3655166625977
1673.702070236206
1694.7163457870483
1682.7313508987427
1654.233585357666
1604.52507686615
1589.5840454101562
1539.4614887237549
1581.5101861953735
1788.5196170806885
1537.4233207702637
1515.9148950576782
1707.146978378296
1578.5850944519043
1478.1038656234741
1597.3176727294922
1467.8791799545288
1582.2008037567139
1500.7198581695557
1451.9282512664795
1456.018286705017
1552.814663887024
1437.6515665054321
1393.1288948059082
1443.740927696228
1380.0377836227417
1457.6538496017456
1416.330099105835
1384.1332988739014
1333.9584422111511
1472.6039066314697
1328.5832295417786
1345.946741104126
1295.4971685409546
1303.6280822753906
1341.5560412406921
1345.7904052734375
1320.9354257583618
1303.6279211044312
1362.3881130218506
1324.9991903305054
1351.1828632354736
1278.092477798462
1260.9343786239624
1328.7236094474792
1260.4743161201477
1207.6693105697632
1232.2009811401367
1329.6712141036987
1191.0869946479797
1203.8950896263123
1176.9388437271118
1193.216546535492
1182.790638923645
1158.6353025436401
1178.1795377731323
1203.7346439361572
1162.073320865631
1128.3055067062378
1174.7167797088623
1245.6175770759583
1113.2987174987793
1122.6476001739502
1170.6328687667847
1184.3782534599304
1191.9083218574524
1130.0682334899902
1148.7526216506958
1163.4962186813354
1203.9054045677185
1201.9219541549683
1124.0112676620483
1081.7988204956055
1164.2801542282104
1039.500066280365
1101.779990196228
1087.303614616394
1115.728853225708
1050.7210302352905
1079.8431720733643
1082.6215176582336
1208.4941835403442
1032.438199520111
1207.3057894706726
1013.4023780822754
1117.1123447418213
1041.3619132041931
1024.0793900489807
1090.5239715576172
1050.6876678466797
1014.8880519866943
1077.8672161102295
1175.39595413208
1052.8613805770874
1079.9748487472534
1038.7511854171753
1026.9756321907043
1093.3842725753784
1123.523886680603
1028.1554036140442
1050.7594695091248
1073.9829959869385
1077.7314295768738
1038.2728300094604
1022.4611530303955
993.149151802063
1081.580756187439
1103.7279024124146
1060.8711743354797
1070.8973779678345
1002.1489381790161
994.8304872512817
1074.8528356552124
1046.7204446792603
1022.3241577148438
1001.0832757949829
1024.97509765625
945.8611087799072
979.5821027755737
1032.262764930725
1071.9402346611023
993.9005308151245
1020.0405263900757
968.8537578582764
990.8579454421997
1093.076355457306
1037.1764645576477
948.7531604766846
980.3538699150085
978.5017738342285
985.6181163787842
936.8733296394348
924.7047610282898
960.5054244995117
1021.0002994537354
946.0300159454346
960.9865198135376
932.9169855117798
943.9134383201599
965.0678520202637
993.3390917778015
941.5335879325867
905.0078163146973
967.9649000167847
939.7624802589417
1017.9336996078491
917.0371332168579
944.1217517852783
912.0917634963989
906.6818990707397
878.4857649803162
936.8230443000793
909.7327041625977
922.2235341072083
993.5693244934082
928.200478553772
935.8523921966553
952.083758354187
882.5921592712402
917.243109703064
889.4064674377441
886.1214809417725
902.0879626274109
882.3597507476807
954.3659391403198
923.1622743606567
961.3792128562927
906.3569784164429
847.5854239463806
870.7538299560547
834.2494940757751
867.0931539535522
863.5628652572632
909.0262112617493
871.6298747062683
865.2807059288025
908.7228875160217
840.5740842819214
942.4131784439087
829.3330545425415
901.3614845275879
869.3472909927368
835.5186347961426
841.8354082107544
845.3269352912903
911.136342048645
835.6746482849121
926.2891521453857
870.16233253479
891.5052356719971
