-2.9591555098692575
-14.769161641597748
-25.9296781818072
-34.53768279155096
-40.64258964856466
-44.205529610315956
-46.34149440129598
-46.928459425767265
-48.04483868678411
-48.38036406040192
-49.19426544507345
-49.02205862601598
-49.5539524157842
-49.70607248942057
-49.80786021550497
-49.48694634437561
-49.421351393063865
-49.8624712228775
-50.19634582599004
-50.16649647553762
-50.453125397364296
-50.42179218928019
-50.860985577106476
-50.74491709470749
-50.465661446253456
-49.82940495014191
-50.08217855294546
-50.82793901364008
-50.53598813215891
-50.76387127240499
-50.84521238009135
-50.86898539463679
-51.13148844242096
-51.71290143330892
-50.7057696779569
-50.94477425018946
-50.69426063696543
-50.21739763021469
-50.246373971303306
-50.3725159962972
-50.24966164429983
-51.32862134774526
-51.17282569408417
-51.99169659614563
-52.25398826599121
-51.836423416932426
-52.39475671450297
-52.61546301841736
-51.633540868759155
-52.11323082447052
-52.66188085079193
-51.9061830441157
-52.39724850654602
-52.7965057293574
-51.89704283078512
-52.55022249619166
-52.605167388916016
-51.70679386456808
-52.42045843601227
-52.897779981295265
-52.90347476800283
-52.56584564844767
-51.85740544398626
-52.264831364154816
-52.96402134497961
-51.79506230354309
-52.763771176338196
-51.70980981985728
-52.193238258361816
-52.7438727815946
-51.75117870171865
-52.696402192115784
-51.88947641849518
-51.30776365598043
-51.851387202739716
-51.39851246277491
-51.7943008740743
-51.430153369903564
-50.34152146180471
-50.93740896383921
-50.53991727034251
-49.45593615372976
-50.5186896721522
-50.7504723072052
-51.36625178654989
-52.11097580194473
-51.56867365042368
-52.230326890945435
-52.775665601094566
-52.92295746008555
-51.99250555038452
-52.570611119270325
-52.932592153549194
-52.4473245938619
-52.937888403733574
-53.15999883413315
-52.94656467437744
-51.82570177316666
-52.31596072514852
-52.28579064210256
-52.987371484438576
-52.79823221762975
-52.109817584355675
-51.18276723225912
-51.70429382721583
-51.958573718865715
-51.00802365938822
-52.25235923131307
-52.61177911361059
-53.1185656785965
-52.004363318284355
-52.58541750907898
-52.748242020606995
-53.07739325364431
-51.8670427997907
-53.395326832930245
-53.701307932535805
-53.39450232187907
-53.23460954427719
-53.54735267162323
-53.0401562054952
-53.235758900642395
-52.318949818611145
-53.21143368879954
-53.76036286354065
-53.468281388282776
-53.12687095006307
-53.27890121936798
-53.296440958976746
-53.61908368269602
-53.18045377731323
-52.80307390292486
-52.54321136077245
-52.99510242541631
-52.51955030361811
-53.01265060901642
-53.406633734703064
-53.11764140923818
-53.62923045953115
-53.14073630174001
-53.47633516788483
-53.528489192326866
-53.62042168776194
-53.73137547572454
-53.83597864707311
-53.581987380981445
-53.619215528170265
-52.79885365565618
-52.23878788948059
-52.673717101415
-53.709876934687294
-53.34774398803711
-53.339977979660034
-53.42741044362386
-53.373444298903145
-53.609633227189384
-53.12805438041687
-53.13460204998652
-52.55554187297821
-52.56197452545166
-52.61991826693217
-52.8046994805336
-53.55927093823751
-53.66377508640289
-53.90858004490534
-52.777280489603676
-53.75669733683268
-53.457897782325745
-53.30055367946625
-53.818315267562866
-54.25375141700109
-53.87201454242071
-53.70073656241099
-53.362582981586456
-53.21528832117716
-53.36167025566101
-52.794789016246796
-53.24904431899389
-52.99237849315008
-52.55112246672312
-53.149286349614464
-53.54843193292618
-53.38455128669739
-53.888147950172424
-53.15337610244751
-53.8126834432284
-53.84444880485535
-53.7282410065333
-54.326338728268944
-54.046557207902275
-53.52078115940094
-54.35431468486786
-54.1792289018631
-54.25601782401403
-53.977677166461945
-53.69965183734894
-53.3341779311498
-54.00672189394633
-54.1781724691391
-54.10959788163503
