23.197175443172455
9.052967458963394
7.07027914126714
6.285426586866379
5.95010560254256
6.273882381618023
5.692361516257127
5.6240576803684235
5.587662652134895
5.362724835673968
5.104183532297611
5.033655573924382
5.140296456714471
4.7649037937323255
4.730450337131818
4.596745036542416
4.646612234413624
4.584775971869628
4.55612380305926
3.978877139588197
4.463479146361351
3.9353462606668472
4.018194278081258
3.9171184996763864
4.0732065786918
3.7746834258238473
3.8570688317219415
3.8017813290158906
4.114114239811897
3.4630647947390876
3.489712603390217
3.806045060356458
3.592145944635073
3.625916913151741
3.6727299292882285
3.48824280500412
3.731495593984922
3.2513945400714874
3.5205573042233786
3.3296863387028375
4.1037236253420515
3.327089972794056
3.3113180957734585
3.245441926022371
3.635886532564958
3.2919269825021424
3.1360158125559487
3.1345017602046332
3.194060561557611
3.0561076030135155
3.3656285032629967
3.1246676010390124
2.906000136087338
2.9294517785310745
2.8653695061802864
2.930612171689669
2.8082108721137047
2.9319840942819915
2.6948782863716283
2.7275870703160763
2.939150399218003
2.718890859435002
2.8701678241292634
2.7937588865558305
2.6419389260311923
2.7679806451002755
2.7732823193073273
3.059130072593689
2.6757057160139084
2.711893623073896
2.55805861701568
2.6240065656602383
3.1505935676395893
2.838626902550459
2.5717281761268773
2.9086513221263885
2.782207647959391
2.5186033559342227
2.6454381495714188
2.6570416316390038
2.5813123447199664
2.649383960912625
2.558603803316752
2.5373909113307795
2.5848784322539964
2.4027003521720567
2.3772920072078705
2.3891898120443025
2.3062574403981366
2.373770703872045
2.451248172670603
2.2942050533990064
2.315488029271364
2.3047317378222942
2.24544462437431
2.2859470595916114
2.2497735023498535
2.3468150595823922
2.760355155915022
2.258975097288688
2.2284369419018426
2.192526231209437
2.3016482864816985
2.2323709229628244
2.2200179994106293
2.3111542239785194
2.197573366264502
2.4329831215242543
2.1512330373128257
2.20406852910916
2.3708427834014096
2.3726175700624785
2.1433753011127314
2.114762702335914
2.154778942465782
2.160086914896965
2.1362897331515946
2.1963179806868234
2.2302021818856397
2.340515578786532
2.0358170022567115
2.064757122347752
1.9417651904126008
2.311612669378519
2.1248361418644586
1.9325715911885102
2.024085473269224
2.2626236552993455
2.0338158619900546
2.154153447598219
2.007847440739473
2.0341551825404167
1.8863806501030922
1.8932394285996754
2.0263883409400782
1.933067161589861
2.1651618679364524
1.8440697950621445
1.9990444121261437
1.9260873310267925
1.8669461061557133
1.896199529369672
1.8155359563728173
1.941489754865567
1.8883645956714947
1.7481607372562091
1.8973092213273048
1.8205882534384727
1.7946476452052593
1.8040726048250992
1.8868313680092494
2.084758191059033
1.8423145587245624
1.8119272341330845
1.8403139412403107
1.7951572810610135
2.0199262214203677
2.01758761331439
1.7897879481315613
1.813399036725362
1.874616959442695
1.8025672907630603
1.6974693313241005
1.8284857732554276
1.7843181515733402
1.719730120152235
1.726055484265089
1.6244257328410943
1.6722195893526077
1.7331851869821548
2.024905695269505
1.7758872682849567
1.7707860817511876
1.720426555722952
1.7759662009775639
1.6634907647967339
1.7076279868682225
1.7301928475499153
1.7286989192167919
1.8413660811881225
1.7630213064452012
1.7709930563966434
1.800918643673261
1.7272319446007411
1.6767598763108253
1.6785411350429058
1.6848093544443448
1.9680389265219371
1.5976275602976482
1.7453830341498058
1.5718546472489834
1.6402609298626583
1.6259602333108585
1.652667187154293
1.5642861525217693
1.5860846160600583
1.5831153026471536
1.7571837877233822
1.691792478164037
1.7257226531704266
