-1.0131682492792606
-5.495719224214554
-10.24588335553805
-14.946668644746145
-19.287963489691418
-23.40050560235977
-26.3075154821078
-27.342713912328083
-29.052187581857044
-30.630145867665608
-33.59918520847956
-34.298733631769814
-34.42826612790426
-34.3955512046814
-34.249728520711265
-35.14706269900004
-33.88990626732508
-37.81400577227274
-35.546054442723594
-37.65336594978968
-38.77214229106903
-38.1167360941569
-40.277267376581825
-38.10610534747442
-40.386829257011414
-38.32406816879908
-40.40406290690104
-40.16641753911972
-42.56875862677892
-41.59427007039388
-42.25871076186498
-41.9772615035375
-41.73574777444204
-43.07115445534388
-41.63681483268738
-45.008989453315735
-43.32488709688187
-44.44493182500204
-44.053451339403786
-43.53793394565582
-44.83974268039068
-44.20058719317118
-44.861473759015404
-46.02730764945348
-44.039139767487846
-45.15144900480906
-46.510789374510445
-45.276971658070885
-46.08279319604238
-44.7557772397995
-46.168046752611794
-46.027744928995766
-47.57883218924204
-46.889346877733864
-46.839363058408104
-47.65120720863342
-46.81871426105499
-46.88196758429209
-48.589471916357674
-48.45685440301895
-48.36161174376806
-48.03403643767039
-48.608690440654755
-48.449081341425575
-48.65722759564718
-48.9271266857783
-48.62662295500437
-49.50329407056173
-50.141704400380455
-50.40290284156799
-48.739360769589744
-49.72737197081248
-49.659040788809456
-49.84686710437139
-50.23965781927109
-50.009974201520286
-49.990050276120506
-48.971887151400246
-49.72964859008789
-49.09000643094381
-50.058398842811584
-50.10528423388799
-51.11130774021149
-50.484377006689705
-51.72962741057078
-50.78036673863729
-51.54189866781235
-50.849125464757286
-49.712152441342674
-51.37510279814402
-50.84996807575226
-51.32342863082886
-51.49723756313324
-50.84185381730398
-50.3335197965304
-50.96836459636688
-50.52288597822189
-51.241849879423775
-51.897348046302795
-51.57396229108175
-51.663876255353294
-51.917474806308746
-50.94365255037943
-51.59975632031759
-51.342076460520424
-51.5930828054746
-50.85066429773966
-51.305726170539856
-51.850564082463585
-51.94277425607046
-51.68760575850805
-51.27100666364034
-51.99578915039698
-52.3598196109136
-51.12177616357803
-50.505859633286796
-51.63836753368378
-52.14252442121506
-51.511954287687935
-51.329634626706444
-51.82268967231115
-51.23641014099121
-51.98320500055949
-52.1709329088529
-52.00647373994192
-51.98994421958923
-52.06252155701319
-51.07514899969101
-52.11509509881338
-50.80172038078308
-51.93515227238337
-52.150933265686035
-52.02721885840098
-51.74530677000681
-51.063629825909935
-52.242483814557396
-51.709357698758446
-51.3167697985967
-52.677215258280434
-51.976265708605446
-52.10210462411245
-51.6438082853953
-51.80037905772527
-52.096559365590416
-52.45301993687948
-52.2191068927447
-52.604013204574585
-52.1179860830307
-51.47622688611349
-52.13842932383219
-52.519702116648354
-52.89537761608759
-52.39085729916891
-52.50716829299927
-51.386439164479576
-51.51827176411947
-52.231333096822105
-52.597486078739166
-52.299035588900246
-52.2894157965978
-52.494231681029
-52.81568125883738
-52.64348920186361
-52.774612744649254
-52.471980611483254
-52.86291249593099
-53.09505544106165
-51.96666683753332
-52.965906381607056
-52.50589462121328
-52.13727488120397
-52.1929771900177
-52.55697031815847
-53.09306399027506
-53.14350199699402
-52.47880778710047
-52.393123944600426
-53.18662224213282
-52.955173710982
-53.028632481892906
-52.59993835290273
-52.8034802476565
-52.5607484181722
-52.38249635696411
-52.26062671343485
-52.31664454936981
-52.83780972162882
-52.87639240423838
-52.84835394223531
-52.525310238202415
-52.42665992180506
-52.387663086255394
-53.02737555901209
-52.514252066612244
-52.5792049964269
-52.258950193723045
-52.41715133190155
-52.37324567635854
-52.603068351745605
-52.91477644443512
