2.1674660965800285
-15.154003769159317
-30.01294380426407
-42.52604556083679
-54.83039063215256
-67.89366960525513
-79.18797641992569
-87.52697193622589
-98.56134021282196
-106.7643175125122
-113.12106132507324
-118.80270028114319
-124.3866091966629
-129.43381881713867
-131.73823112249374
-133.81780993938446
-138.01969802379608
-139.78730022907257
-142.6025539636612
-142.6477523446083
-144.68562817573547
-142.19332075119019
-144.96197593212128
-145.862438082695
-148.66582560539246
-147.54777258634567
-149.14730370044708
-150.33065110445023
-149.4898121356964
-150.08196431398392
-148.24524998664856
-151.37741619348526
-152.08853268623352
-152.40746986865997
-152.47875779867172
-152.93709778785706
-153.54383593797684
-152.88082897663116
-151.6251158118248
-150.6298347711563
-152.95167368650436
-153.55593383312225
-153.1917982697487
-151.0527372956276
-152.2287312746048
-151.4959876537323
-150.21359062194824
-150.17581617832184
-148.12217581272125
-150.5961298942566
-147.7944044470787
-148.721892952919
-150.5517776608467
-150.00659674406052
-147.69891065359116
-151.97625696659088
-151.6617922782898
-149.74075531959534
-151.00101149082184
-150.8036173582077
-152.33724969625473
-153.13642597198486
-152.0484414100647
-153.658398270607
-154.9472018480301
-154.37935626506805
-153.96641612052917
-154.68560123443604
-155.29400146007538
-154.44626235961914
-155.02029287815094
-154.2080113887787
-155.66290163993835
-155.8659770488739
-155.83728861808777
-154.97637379169464
-156.96661353111267
-157.938716173172
-156.65732645988464
-156.0275912284851
-155.6140466928482
-156.06288766860962
-153.87840670347214
-156.32532435655594
-154.3100225329399
-155.368079662323
-154.0257270336151
-153.15201926231384
-154.83071553707123
-155.64493107795715
-155.81988215446472
-154.93102431297302
-155.243998169899
-156.29745185375214
-155.90995657444
-155.49015659093857
-153.7640256881714
-153.39899361133575
-153.01481240987778
-153.4960185289383
-153.4998060464859
-151.5528608560562
-154.3681548833847
-153.16525542736053
-153.047137260437
-151.74805903434753
-150.80238842964172
-151.165697991848
-152.86023938655853
-149.4644478559494
-151.18826192617416
-152.20598602294922
-153.01673638820648
-151.1043220758438
-150.0481687784195
-148.84641766548157
-150.44607973098755
-150.1040346622467
-149.91679430007935
-145.75938940048218
-147.68804168701172
-148.36448627710342
-145.25806713104248
-145.9080393910408
-148.72636544704437
-148.32811200618744
-146.980118393898
-150.80653858184814
-149.07650935649872
-151.31412637233734
-150.30461192131042
-153.21253895759583
-150.7883665561676
-149.81132805347443
-151.54597079753876
-152.0871325135231
-152.9273066520691
-152.92540282011032
-155.14386063814163
-153.72417616844177
-154.2319352030754
-153.98582714796066
-155.64192926883698
-154.62410444021225
-153.86177587509155
-156.54060846567154
-155.13889455795288
-155.5601350069046
-156.05360019207
-157.04112488031387
-155.62186348438263
-155.94257354736328
-157.23655474185944
-156.57373917102814
-157.1390664577484
-156.07312202453613
-156.92160654067993
-157.29355889558792
-157.82237088680267
-156.98168301582336
-157.6900898218155
-156.228420317173
-156.72550177574158
-154.20851504802704
-156.16890794038773
-156.54805254936218
-156.8101870417595
-155.12006777524948
-157.55641865730286
-157.84370589256287
-156.38164353370667
-157.2174056172371
-157.03601777553558
-156.44867050647736
-155.9824230670929
-156.03002893924713
-156.81740951538086
-157.44420337677002
-154.95983362197876
-156.199077129364
-155.26460790634155
-156.1676890850067
-155.01007866859436
-155.81595361232758
-155.7169241309166
-155.89514899253845
-156.02553629875183
-153.26925098896027
-155.83049929141998
-154.63682687282562
-156.0267652273178
-156.56868243217468
-156.12413263320923
-157.44339752197266
-156.3904676437378
-157.4207328557968
-157.69141948223114
-156.89943546056747
-156.30891513824463
-156.63315081596375
