817.6909508705139
794.0949583053589
778.1976189613342
764.6701374053955
773.7222237586975
733.3711400032043
717.1662058830261
664.5867590904236
701.6360945701599
679.4944281578064
657.1503310203552
626.4012086391449
623.9593074321747
612.4876823425293
613.1477580070496
616.1464242935181
593.9712746143341
593.895524263382
587.6819002628326
592.3538434505463
594.7503750324249
580.5145471096039
582.2082121372223
574.2673995494843
554.3058121204376
548.9531230926514
587.0855677127838
550.7834610939026
548.9869287014008
540.0186109542847
551.6539454460144
573.1623711585999
541.2520925998688
513.8036708831787
530.1616368293762
527.9280893802643
533.6793138980865
514.6120238304138
503.15784549713135
541.5277352333069
513.3448977470398
490.23910665512085
549.5739133358002
508.02347588539124
515.3276631832123
497.71812415122986
501.62426352500916
484.576687335968
499.4918911457062
495.4944484233856
495.20079493522644
480.5096187591553
490.11492443084717
478.1435081958771
473.53297114372253
472.21414947509766
484.068434715271
466.3436584472656
477.3890266418457
454.0503032207489
454.6797161102295
460.4784457683563
453.6007168292999
440.3291747570038
476.1547794342041
457.92473220825195
438.2136447429657
447.92036724090576
442.4364447593689
440.98356914520264
459.04507184028625
428.81544375419617
437.7191722393036
438.8135230541229
427.96687865257263
434.1266715526581
438.672297000885
427.0211274623871
436.6243782043457
441.93330931663513
424.05626678466797
436.8995373249054
431.2958245277405
428.15254759788513
441.7461898326874
434.665828704834
430.5363869667053
412.3217718601227
432.6938214302063
425.59972047805786
417.85557675361633
410.67952036857605
404.78606247901917
410.5889422893524
396.1671633720398
406.55543756484985
406.46824407577515
391.40979957580566
409.3983724117279
399.40827107429504
405.35080552101135
401.9656915664673
407.1155469417572
400.98210549354553
395.1830937862396
386.7478086948395
396.34566020965576
398.98084568977356
385.7502007484436
386.6661353111267
413.44896125793457
397.06617498397827
392.8585250377655
403.269282579422
393.5331060886383
389.16384196281433
396.33228302001953
380.3992443084717
383.20797061920166
380.3563325405121
386.53232312202454
379.60737109184265
368.1585919857025
372.542361497879
378.2002680301666
389.0897436141968
359.0113744735718
376.4346401691437
374.17574858665466
365.6085047721863
381.7468349933624
361.8531005382538
358.77425169944763
359.20594811439514
365.8749203681946
359.0672605037689
359.89064264297485
359.8027238845825
368.5470139980316
354.75090074539185
369.48744654655457
354.82354855537415
343.1199984550476
343.8065867424011
330.83093440532684
330.1619540452957
351.7167365550995
343.865615606308
340.8391876220703
355.34445309638977
341.4989812374115
335.1749349832535
332.0800496339798
338.28607845306396
330.09702229499817
333.05884087085724
342.3637843132019
346.1790232658386
326.90841603279114
334.97814524173737
338.20988488197327
324.44159376621246
326.44813191890717
337.81703066825867
332.2708760499954
308.4811156988144
315.9353128671646
312.8317847251892
303.1935397386551
313.1831978559494
307.2401798963547
320.7745313644409
322.8431203365326
307.13779604434967
302.71181988716125
304.3761920928955
317.357586145401
311.8492865562439
304.7410227060318
304.9923688173294
293.716042637825
304.69464576244354
294.0001870393753
288.23886919021606
292.1809698343277
280.84442615509033
294.3354629278183
278.27026402950287
276.25196039676666
278.26935744285583
294.40406131744385
269.27509117126465
278.23255002498627
275.1763255596161
273.94254171848297
264.5118043422699
283.59277379512787
270.50796842575073
262.89187502861023
269.38089990615845
