-5.842447976271312
-28.26774533589681
-37.02554500102997
-41.01690721511841
-43.25803327560425
-42.794589360555015
-44.173940340677895
-45.88520868619283
-44.80659375588099
-45.91607387860616
-45.668710788091026
-46.310534516970314
-47.23887316385905
-45.735753973325096
-47.2177157998085
-46.855036775271095
-46.80751911799113
-46.17753084500631
-45.758808851242065
-48.38185556729635
-47.822173953056335
-48.36378484964371
-48.87418168783188
-49.231861452261604
-49.551473796367645
-49.206973711649574
-50.093031684557594
-48.81502687931061
-50.60482740402222
-50.43362029393514
-49.53631333510081
-50.52027295033137
-51.18347171942393
-50.3538331190745
-51.04051907857259
-50.38875146706899
-50.025248964627586
-49.78059637546539
-51.20814879735311
-51.27002310752869
-51.15013416608175
-51.481294651826225
-51.57593208551407
-50.69305441776911
-51.728494664033256
-51.858367681503296
-51.26384929815928
-50.38244962692261
-51.46159277359644
-50.56769086917242
-50.48460360368093
-51.709924817085266
-51.42951093117396
-51.30683978398641
-52.839928448200226
-51.85467195510864
-52.400426050027214
-52.19695015748342
-51.92957238356272
-51.939384599526726
-50.066178599993385
-50.78668997685114
-50.761939684549965
-50.738356510798134
-51.15638202428818
-50.37037901083628
-50.561040004094444
-50.341484685738884
-50.90188133716583
-50.29796854654948
-51.43419019381205
-50.521963596343994
-50.82220455010732
-51.0860843261083
-50.87028177579244
-51.04461340109507
-51.135625302791595
-50.31357995669047
-51.53166538476944
-50.44289700190226
-51.326069136460625
-52.49443382024765
-52.40438618262609
-51.84027842680613
-52.52387581268946
-52.23673802614212
-52.245108207066856
-51.66023403406143
-50.068342765172325
-51.08412631352743
-51.74418338139852
-49.333765188852944
-51.887098689874016
-51.39174403746923
-52.85061454772949
-51.921766658624016
-52.17859425147375
-52.75250711043676
-52.07219366232554
-51.96668644746145
-52.81485100587209
-52.71240556240082
-52.57285487651825
-52.34686950842539
-52.26789355278015
-51.207176764806114
-52.086015383402504
-50.24851278463999
-51.96568584442139
-51.82281621297201
-51.710487147172294
-52.23767034212748
-50.26695855458578
-52.06330851713816
-52.04951934019724
-51.80420299371084
-52.07280943791071
-51.27512357632319
-52.33217618862788
-51.812555154164635
-53.16801071166992
-53.31495710213979
-51.69326364994049
-52.63820962111155
-51.702915251255035
-52.103815813859306
-52.25671178102493
-52.2285781900088
-51.909148852030434
-51.90074793497721
-51.5147297779719
-51.82399594783783
-51.62406826019287
-51.17358418305715
-51.33085628350576
-51.18267518281937
-52.52643471956253
-51.9048193693161
-51.98248298962911
-52.78938525915146
-51.850173552831016
-51.66975847880045
-51.21804734071096
-51.651153127352394
-50.88499450683594
-51.855574230353035
-51.801788012186684
-51.90293139219284
-51.30123015244802
-51.78276546796163
-51.55654948949814
-52.51714754104614
-52.49283244212469
-52.116282065709434
-51.875513553619385
-51.73123747110367
-50.64329238732656
-51.82537806034088
-50.70331994692484
-51.98919896284739
-50.95678969224294
-51.651460806528725
-51.63118237257004
-51.28359202543894
-51.33868336677551
-51.83845881621043
-51.42454739411672
-51.61261177062988
-51.61410812536875
-51.92593079805374
-51.97361642122269
-51.57121270895004
-51.78626229365667
-52.57049024105072
-51.6184147198995
-51.14348296324412
-50.97906243801117
-51.8429012298584
-51.3247475028038
-51.75787625710169
-51.993683298428856
-51.41286059220632
-52.08435209592184
-50.90439820289612
-52.24155900875727
-52.48509176572164
-51.33504327138265
-52.00695961713791
-52.08280074596405
-52.242184360822044
-51.640694975852966
-51.46366437276205
-51.96949625015259
-50.6084398428599
-52.27493433157603
-52.70889230569204
-51.99618629614512
-52.540084520975746
-52.56384273370107
-52.7219029267629
