925.7480206489563
911.1633381843567
895.5557036399841
837.954653263092
875.3946671485901
872.553867816925
842.4435868263245
852.7358031272888
830.010778427124
851.3743114471436
849.0605411529541
848.1562914848328
849.1491851806641
846.958468914032
830.6621508598328
845.9874138832092
858.8624753952026
840.5567584037781
850.7326898574829
824.205078125
827.5203647613525
835.0144114494324
853.082320690155
859.538104057312
858.6672167778015
834.6502456665039
832.315845489502
830.0741991996765
843.9368357658386
831.9173502922058
829.7111616134644
819.080002784729
846.1785626411438
824.296139717102
818.3454661369324
831.3712224960327
836.2896766662598
821.3135099411011
821.3942565917969
822.208411693573
843.6979804039001
808.7576475143433
821.7832427024841
831.1596856117249
847.7311224937439
823.102991104126
833.3250980377197
826.0437970161438
828.2067112922668
848.353645324707
817.1432113647461
844.2141304016113
817.8989419937134
841.5461869239807
823.0937237739563
827.1059942245483
830.016580581665
833.5377631187439
838.4182615280151
836.7643251419067
830.1924986839294
823.6905398368835
830.9913425445557
801.459342956543
829.8434023857117
841.3431115150452
814.862964630127
827.5071487426758
807.5625648498535
815.3526825904846
831.3985409736633
833.3284020423889
827.6717848777771
818.3033199310303
818.1847786903381
837.7487573623657
829.4077572822571
809.886730670929
833.491587638855
827.623514175415
828.9853281974792
827.5260057449341
818.7094707489014
818.2168517112732
817.5229301452637
832.8944492340088
851.3341798782349
834.2588419914246
822.0837459564209
830.3685779571533
821.0463690757751
818.5898818969727
828.2677145004272
843.637218952179
828.1420011520386
815.030421257019
820.3896780014038
835.1331944465637
818.6869874000549
838.8696208000183
818.574812412262
824.8732123374939
825.9155049324036
801.4945588111877
817.0248312950134
826.2836194038391
838.9353785514832
824.4423217773438
818.7472653388977
806.0368399620056
815.3092470169067
824.7542681694031
809.9437046051025
817.3575687408447
823.2769751548767
832.7925891876221
824.1687340736389
842.2465553283691
822.5490465164185
834.0735759735107
821.4205274581909
821.8643922805786
822.8240041732788
819.9266338348389
825.7715792655945
820.2553420066833
822.2464480400085
829.2253923416138
818.0170803070068
827.1732025146484
827.622305393219
839.0698757171631
808.5204844474792
820.4961314201355
835.4553751945496
810.2092337608337
817.962926864624
812.0180554389954
815.9515132904053
829.0494742393494
821.1178483963013
812.0462603569031
833.1795606613159
821.2416276931763
817.3017230033875
825.7561068534851
823.5923867225647
829.800208568573
800.2117991447449
848.14186668396
842.8889827728271
836.7687573432922
810.8542399406433
834.8147206306458
819.5808415412903
805.5783085823059
817.9511613845825
822.1749687194824
816.2081780433655
828.6104445457458
821.0653066635132
795.703444480896
835.1177220344543
821.5839548110962
818.346513748169
837.7923541069031
835.8350133895874
819.9612050056458
821.704752445221
803.5121774673462
817.4935164451599
814.5998530387878
825.3473773002625
836.4015293121338
834.3601379394531
829.0352911949158
801.9561524391174
812.8060202598572
811.5764470100403
819.8445978164673
829.7416229248047
828.8268165588379
826.5759835243225
817.542995929718
833.7649335861206
813.2096729278564
822.5181016921997
832.3803944587708
833.3973026275635
797.262451171875
820.9955196380615
815.0757102966309
830.489697933197
834.9912028312683
830.3657574653625
817.4140591621399
815.3185949325562
815.3679938316345
806.6172165870667
826.0108375549316
