236.96799437204996
240.36493094762167
242.34550897280374
245.504376411438
256.6708960533142
243.02230032285055
248.53665351867676
226.11788590749106
243.82216183344522
220.49747689565024
218.8097105026245
235.52218453089395
226.2107400894165
235.82943534851074
229.8268674214681
223.42283034324646
227.77059292793274
228.12357552846274
237.78307302792868
227.49230806032816
219.8884667555491
231.39714392026266
232.53186964988708
232.190891345342
216.59982085227966
223.4920380115509
222.8763463497162
222.20119897524515
219.6200226942698
220.97359641393027
220.64821696281433
215.64891982078552
228.39424856503805
216.55290913581848
214.27566917737326
214.62717453638712
215.26709914207458
224.9864874680837
214.62714838981628
214.69895203908285
217.63771875699362
220.84168275197348
222.315722544988
215.87118220329285
214.0389291445414
219.11488302548727
228.71077315012613
213.2491447130839
218.09247756004333
217.0233996709188
222.5060851573944
213.9566429456075
217.01900577545166
214.36910724639893
214.32042614618936
216.3357834815979
218.17084002494812
217.17732572555542
215.96320430437723
209.81401499112448
208.93093037605286
217.59908405939737
211.16261267662048
214.758030017217
217.6102786064148
225.03081647555032
212.90072345733643
213.65444151560465
213.744464635849
216.44441183408102
207.4611345132192
214.32507252693176
210.94088037808737
214.45608695348105
215.55754311879477
211.38147656122842
214.00818586349487
206.9079507191976
211.5878693262736
212.273655573527
212.33547178904215
214.7950112024943
213.04174494743347
217.61386378606161
212.47401388486227
213.51200604438782
207.72031474113464
209.99454100926718
213.00022101402283
210.20422061284384
213.64787673950195
218.85546199480692
210.97041781743368
216.24464193979898
207.06867758433023
208.94892740249634
218.7315137386322
217.856546719869
214.68247397740683
213.7422099908193
208.46045192082724
211.92213122049967
208.08665370941162
217.04449653625488
215.56017820040384
217.92261703809103
217.13154363632202
210.94083015124002
214.04573448499045
217.92711051305136
210.27400922775269
217.04214803377786
213.73220761617026
212.34555411338806
215.46219738324484
213.4257686138153
214.0528690814972
219.29814902941385
216.88208762804666
212.98261872927347
215.05709306399027
219.1320477326711
213.5183184146881
214.66523559888205
214.16619038581848
215.21395556131998
212.80849663416544
206.21196881930032
212.43989324569702
212.26033767064413
210.29777518908182
208.1636542479197
208.86812607447305
212.14256993929544
213.58975410461426
209.46773529052734
208.59876736005148
208.23880418141684
211.16304365793863
209.2486251195272
213.87368488311768
206.6333702405294
213.4068672657013
213.53909595807394
216.11538545290628
209.04761441548666
214.90898434321085
212.3776591618856
210.48882524172464
204.35331598917642
209.22072847684225
213.59646566708884
214.96291327476501
215.47274963061014
215.73077781995138
210.97549303372702
209.63204757372537
210.56099740664163
214.2785460948944
210.04164862632751
210.47350001335144
210.31358790397644
213.2736802895864
214.13829986254373
211.8664383093516
210.99492208162943
213.0829645792643
213.24364415804544
208.85129261016846
208.22010699907938
208.11980048815408
204.03238336245218
208.50169841448465
220.37137548128763
210.01702117919922
211.42291069030762
212.38325428962708
219.68750309944153
213.59680143992105
215.37019562721252
210.96544178326926
208.3702585697174
219.11215941111246
215.27961055437723
208.9034666220347
209.1261033217112
214.07561612129211
211.50348885854086
213.5757898489634
207.88636541366577
211.48644185066223
216.70237064361572
218.09560441970825
210.78658882776895
211.04759589831033
211.16856575012207
215.82591239611307
212.36382261912027
207.07835825284323
204.4462937513987
