573.7001583576202
497.56360149383545
473.00429010391235
467.74761867523193
447.40715861320496
435.28399991989136
434.1267924308777
432.47821497917175
412.7026994228363
413.57946944236755
399.1973385810852
409.9014675617218
401.6096649169922
396.4095242023468
394.7158591747284
378.04606771469116
381.69252038002014
382.11092019081116
360.2909107208252
369.8165979385376
374.9762041568756
382.8903429508209
381.47155499458313
379.34337306022644
374.56038308143616
372.2163529396057
363.3444154262543
360.7640280723572
362.45080304145813
358.5792348384857
363.81499433517456
349.19300079345703
364.5940947532654
353.8332738876343
354.5148255825043
347.26994919776917
353.4630641937256
348.79631876945496
359.86711168289185
343.20231652259827
348.5158007144928
335.6290946006775
332.6267818212509
340.360671043396
322.3994771242142
339.2428698539734
333.47298979759216
331.62067210674286
324.2096687555313
341.93861532211304
321.71695840358734
323.8889183998108
329.81275701522827
332.4965959787369
319.50909757614136
315.38880228996277
311.1361654996872
325.1669033765793
329.8894945383072
312.0517978668213
318.3986498117447
314.49081814289093
324.4101049900055
307.3046281337738
310.84974455833435
305.1414519548416
317.3298647403717
311.7440822124481
315.2438088655472
319.0613042116165
316.00403213500977
302.63238275051117
307.932932972908
297.22711169719696
304.7557497024536
309.7304323911667
307.7778059244156
291.5394288301468
297.65890884399414
304.50075709819794
295.5763382911682
296.17345654964447
297.98620676994324
298.4962725639343
297.8881946802139
308.7281504869461
306.9990882873535
308.65624809265137
310.1680921316147
294.5746809244156
293.16727566719055
294.11068987846375
283.5779460668564
304.4789990186691
292.5637307167053
286.1138905286789
286.2869679927826
296.75250351428986
285.1327018737793
296.0025146007538
286.13325119018555
284.36204278469086
282.45990312099457
292.1113238334656
296.83254504203796
286.949138879776
284.7564079761505
294.1745740175247
291.6687080860138
283.22065019607544
288.1860454082489
288.5984214544296
279.5254634618759
284.5911875963211
308.1950775384903
285.8939324617386
271.65880966186523
284.8813557624817
275.0338705778122
276.92682349681854
280.8869752883911
283.7296885251999
275.42319917678833
286.9801038503647
272.97541522979736
276.8039507865906
295.8600596189499
280.3376442193985
282.46101117134094
275.5781852006912
276.03454077243805
276.9562371969223
271.91636085510254
275.6795617341995
266.79027819633484
269.7053773403168
276.14300882816315
280.00410091876984
271.2259649038315
270.80264937877655
261.80814135074615
267.8037816286087
272.13940131664276
265.75884449481964
267.03997230529785
268.0641734600067
283.664253115654
268.5824589729309
267.73548543453217
269.757878780365
275.36689007282257
263.3443624973297
263.76477694511414
268.90405547618866
275.4011187553406
275.4766676425934
276.2443047761917
270.3430905342102
268.1639987230301
271.09366369247437
267.2738313674927
271.30282330513
270.40979516506195
288.33373844623566
269.31604874134064
266.0618861913681
264.0623791217804
259.35181534290314
272.5140633583069
284.419459939003
286.45327627658844
266.85974287986755
264.0896371603012
276.2204917669296
263.27151322364807
271.75220823287964
263.7727347612381
271.9896936416626
276.27099871635437
264.5969831943512
270.8575482368469
275.43232548236847
262.0232239961624
261.54059755802155
262.9956691265106
260.27939450740814
269.58300828933716
270.84219670295715
271.38703513145447
259.1924777030945
271.15656065940857
266.4948115348816
264.7387934923172
263.3397288322449
271.1022057533264
270.80299186706543
260.92065346241
264.14262211322784
265.2992856502533
267.17160868644714
