269.64567852020264
204.09823791186014
173.40350421269736
156.87868404388428
147.72545909881592
138.0613660812378
137.21700485547385
134.38756465911865
128.91037050882974
126.26945734024048
125.69590886433919
119.87326304117839
122.04954926172893
113.58041326204936
113.7688512802124
110.10046585400899
108.32985178629558
106.95029544830322
106.67124056816101
105.96995735168457
102.77687060832977
100.48385612169902
101.29447364807129
97.65563480059306
96.8191572825114
95.77262683709462
97.54284556706746
92.64378674825032
93.55627210934956
91.55247354507446
88.96570940812428
91.7754618326823
96.4880142211914
90.96269822120667
89.18285540739696
88.57812050978343
87.05997518698375
84.39119025071462
84.788228114446
84.59485014279683
84.02309552828471
82.2029660542806
79.90137108167012
84.42336157957713
79.16705310344696
81.12271686395009
79.87422506014506
79.61908396085103
78.83114155133565
81.01716454823811
77.08008499940236
78.68198144435883
80.53402856985728
77.36975411574046
79.25350042184193
81.29997444152832
77.37563196818034
74.2015901406606
74.97953764597575
75.66115136941274
73.22614733378093
71.90767860412598
73.4554090499878
77.533145348231
75.01694281895955
76.45622364679973
74.14150647322337
75.73066782951355
73.33676083882649
72.18497904141744
77.03276900450389
72.17316802342732
76.08392091592152
72.30029328664143
72.63617849349976
71.10719275474548
69.84200310707092
70.28902192910512
71.3258285522461
70.91581761837006
72.80725435415904
70.74006529649098
68.70432114601135
68.51944442590077
67.76162111759186
71.80493052800496
68.4679609934489
71.59438669681549
68.65693370501201
68.65220113595326
74.26084832350413
69.8406133254369
67.02210732301076
70.06704676151276
71.25054021676381
68.78404009342194
68.10885838667552
68.2204938729604
68.89258154233296
66.24837350845337
66.94010170300801
67.82077427705129
66.65700197219849
68.06801497936249
66.21721732616425
73.17671211560567
68.31754279136658
68.34669939676921
67.33386798699696
69.99534924825032
67.42865626017253
67.34233164787292
67.69023203849792
68.9793492158254
67.70534288883209
66.84425902366638
68.42098653316498
68.39299170176189
65.94126558303833
65.38351611296336
65.58952625592549
67.93502593040466
65.79707622528076
67.46311378479004
66.74704241752625
67.17034113407135
63.36605910460154
65.60610588391621
64.74779975414276
64.52838293711345
68.32267526785533
65.37726720174153
66.82116746902466
63.803632934888206
69.15017918745677
63.08695117632548
62.80481247107188
63.72849977016449
62.896653056144714
63.36127154032389
65.34869805971782
70.62415949503581
63.296761314074196
66.1259834766388
63.843910336494446
65.54270219802856
66.25731599330902
63.53816111882528
64.66838999589284
71.65258212884267
64.76716566085815
64.79012151559193
64.30931719144185
62.19724587599436
64.904563387235
63.02306083838145
64.29713590939839
63.25342698891958
61.020986119906105
66.64599919319153
64.51568706830342
62.63194990158081
62.58202544848124
62.071582992871605
61.54629405339559
60.89385338624319
63.244170347849526
61.78881903489431
61.93146721522013
62.601789792378746
63.70883194605509
62.82535310586294
62.18562265237173
60.84895269076029
61.71638552347819
59.433634320894875
61.67511097590128
63.013824780782066
64.46569089094798
60.663219134012856
62.78649890422821
63.12858625253042
59.200138886769615
61.94578838348389
62.07037138938904
59.912142634391785
63.485628604888916
62.06928789615631
62.583920200665794
62.11681600411733
62.698573549588524
64.13113307952881
62.452299078305565
67.61606343587239
63.64541367689768
63.85362716515859
64.16257619857788
61.808652798334755
60.65261300404867
61.036714951197304
