111.75822699069977
88.79565926392873
79.99177634716034
70.34703755378723
73.858700076739
69.29801398515701
67.4193014105161
66.0997628569603
58.58319769303004
54.151172618071236
54.104713052511215
53.273395309845604
50.329915483792625
53.47388207912445
49.59453453620275
46.118088771899544
46.278934359550476
45.11506435275078
42.06730698545774
42.65665680170059
45.211251517136894
42.25619156161944
37.701567182938255
43.261415272951126
38.51698427399
40.30762194097042
33.5949350297451
37.816896975040436
37.51713490486145
35.17412771781286
37.788442492485046
34.32418787976106
36.04562974969546
32.67700333893299
32.08278158803781
31.626573850711186
29.73578666895628
30.22767847031355
32.504179860154785
28.03204661856095
26.340662017464638
29.660317656894524
26.71990681687991
29.489650088051956
30.224078236768644
24.705870969531436
30.814375186959904
27.76332437992096
25.090748616804678
32.34868936737379
27.174345808724564
26.392517139514286
29.588399748007458
23.275847473492224
24.789061502863962
27.410618426743895
29.63419207930565
21.48201163796087
25.81724598010381
20.733907227559637
25.75080321232478
22.334374277542036
25.664814164241154
25.472296218077343
20.947680455942947
23.834849764282506
19.703144188970327
21.195715735356014
19.783083121757954
21.32246754070123
18.73248483426869
19.696646139025688
19.968463636313874
17.630124866962433
21.893673018862803
18.715531791560352
21.627052935461204
22.889784427980583
21.360600637272
16.3344336176912
17.369861933092277
18.354906765123207
15.11031760275364
19.9559453073889
23.860035260984052
23.3954799597462
22.43660253783067
19.43932103117307
19.42820589741071
17.241401200493176
17.89219881594181
14.982084927459558
16.04979836816589
15.911720864474773
15.990664785106977
18.154092515508335
17.18465967228015
17.121362894773483
22.52585804462433
22.910863580803078
20.06739821967979
16.024660845597584
19.24155715852976
14.905421569943428
18.61368187268575
14.866218655680617
14.590163310368856
15.732420146465302
13.207228556275368
13.567424784104029
12.764170050621033
16.613638271888096
14.517838741342226
16.791263916219275
16.374770785371464
14.811615081503987
16.160595420127112
20.618038120369118
15.541810667142272
18.148195289075375
15.69799872348085
15.414974146833023
17.578207773466904
18.258108297983807
16.074629567563534
16.011988582710426
14.963331714272499
15.127586464087168
15.833719342326125
17.111903617779415
18.004919454455376
18.391081268588703
17.39275297274192
16.625271633267403
12.940128341317177
12.951886634031931
12.774083549777666
16.25727166980505
12.515299707651138
12.493166317542395
16.5848521431908
15.84788965433836
16.5627604474624
13.074927064279715
15.788808094337583
15.92470166583856
12.00048233071963
13.728102060655752
17.173801807065804
15.196067209045092
14.621369779109955
12.28243645032247
15.031251763304075
11.803498715162277
10.381910398602486
12.506401787201563
10.926289753367504
13.914586717883745
11.913498928149542
14.62739722430706
17.05712064107259
14.015978877743086
12.154371147354444
15.081875745207071
11.576891466975212
20.57380626598994
18.118739768862724
13.706283996502558
16.969773195683956
13.225791223347187
12.575667714079222
17.489510877678793
12.474734609325727
13.662401283780733
13.938265805443129
15.482385650277138
14.453429341316223
10.549206132690111
15.46330705533425
14.025349761048952
14.341459353764852
12.542716590066751
13.027550695464015
14.26491528749466
12.27692586183548
15.481212745110193
10.896793281038603
12.417904019355774
10.676061630249023
14.89376658697923
13.57480700686574
12.738458941380182
15.289624529580275
14.004408434033394
13.021641130248705
12.51881292462349
14.079983154855048
14.832133807241917
12.172110045949617
15.152058710654577
