895.228123664856
895.8515329360962
894.9831438064575
947.6599378585815
914.7621245384216
881.1221189498901
873.9254326820374
847.6169328689575
890.6138796806335
876.1330718994141
882.7450299263
850.1616611480713
875.9075131416321
857.6010708808899
869.0903038978577
849.0655374526978
839.6822447776794
827.0545806884766
838.8760676383972
836.9358110427856
849.8107113838196
853.4687280654907
864.6858239173889
863.0813670158386
843.3885321617126
825.5374784469604
841.2629289627075
847.3775939941406
829.0688953399658
830.6864876747131
839.2211346626282
841.3753457069397
862.964195728302
833.5617775917053
837.0042281150818
850.6106028556824
845.9599342346191
834.9331812858582
840.380115032196
852.1053829193115
823.8920841217041
825.9653873443604
846.7600674629211
842.8989753723145
827.8670434951782
837.2044830322266
824.7766709327698
811.9632573127747
842.2993388175964
847.7552981376648
839.879518032074
830.1763815879822
823.9573583602905
817.8207740783691
829.1025800704956
841.287829875946
846.778440952301
807.3801193237305
809.3327860832214
827.2927107810974
834.2818894386292
828.3309741020203
846.3582682609558
847.2991037368774
817.3246898651123
830.0011081695557
817.6114935874939
823.5429878234863
844.1186366081238
836.6986479759216
815.5314211845398
832.4986939430237
823.6798219680786
830.9413795471191
819.9509706497192
829.0403680801392
832.0625653266907
832.7485089302063
850.488757610321
839.9895172119141
835.4090385437012
801.4872255325317
821.2155179977417
819.3979125022888
819.681170463562
816.516095161438
823.6397709846497
826.2639565467834
834.0748653411865
823.6993236541748
818.0721201896667
811.6621899604797
827.9611673355103
828.5820784568787
832.0259795188904
833.8750133514404
806.4752249717712
835.159384727478
824.3962268829346
836.1913623809814
826.0018119812012
826.1082653999329
816.345253944397
817.971791267395
820.2161774635315
835.8676505088806
821.6690530776978
835.0293197631836
829.5665106773376
833.4108409881592
841.9662790298462
846.8972239494324
830.5965542793274
826.1629829406738
834.9005441665649
816.6612296104431
821.9336152076721
830.6621508598328
818.3193564414978
825.5768847465515
818.8477554321289
827.706033706665
830.6466784477234
812.4514441490173
823.833740234375
814.9096236228943
826.9433727264404
832.3854713439941
827.9836506843567
831.7364358901978
821.7394042015076
838.7098197937012
824.3043594360352
823.1107273101807
824.6802906990051
827.3798236846924
803.2427802085876
806.4759502410889
812.420660495758
825.622899055481
819.0239152908325
812.4258179664612
805.6844396591187
830.6417627334595
829.7413811683655
821.8549637794495
819.7547450065613
828.2125134468079
820.1777381896973
817.9242458343506
827.1142945289612
829.9697604179382
808.5194368362427
824.8402528762817
815.9335427284241
806.4742579460144
835.0612316131592
818.5627245903015
801.8519554138184
803.6318469047546
820.7256388664246
815.8342614173889
808.2522959709167
831.1988501548767
824.5582036972046
822.4967465400696
819.4360294342041
819.0194025039673
814.9564437866211
833.9118409156799
829.6314625740051
819.9920692443848
812.314610004425
837.1678972244263
824.3207988739014
833.2521681785583
815.1252703666687
811.645589351654
830.7434616088867
816.282880783081
812.7707238197327
825.3952450752258
817.4480662345886
822.8647804260254
815.9126710891724
814.5683441162109
809.3904852867126
827.7153816223145
800.965434551239
816.2865071296692
828.041913986206
810.8066945075989
831.8880977630615
824.9491238594055
816.1560392379761
808.8085775375366
824.1071667671204
817.4967398643494
831.2359194755554
823.024420261383
