499.5629675388336
265.8120913505554
247.11501097679138
177.63981103897095
184.89649319648743
194.8330454826355
184.02834582328796
159.6863835453987
173.78204309940338
160.69377255439758
197.04739344120026
147.38039654493332
133.51359975337982
154.5258002281189
133.26601094007492
155.48988461494446
131.95446211099625
132.2915209531784
129.62032383680344
123.70940911769867
121.8571720123291
127.81439316272736
136.27057003974915
137.3202362060547
122.42314398288727
120.95659905672073
123.6267284154892
116.14265418052673
132.41654932498932
115.30587470531464
135.40731823444366
130.27929145097733
132.8114584684372
105.17842549085617
131.49962759017944
125.07052809000015
106.49945318698883
115.03079617023468
117.9975506067276
101.38420927524567
124.182113468647
115.56581324338913
101.09653925895691
125.80806654691696
99.95421993732452
121.6472669839859
99.63297599554062
116.80996239185333
110.72162866592407
119.75709426403046
113.52106750011444
123.97864520549774
101.76654708385468
101.7592339515686
96.81382393836975
107.88532197475433
102.75357818603516
113.37643671035767
104.81654632091522
98.20510202646255
110.33602714538574
110.29363918304443
96.63515585660934
96.55657494068146
107.27394008636475
100.84237265586853
102.51661658287048
90.31288248300552
103.7326111793518
112.15415644645691
91.31295835971832
99.9078631401062
109.2261837720871
101.49380552768707
101.85507023334503
92.02866822481155
102.95527356863022
96.31491923332214
116.77967232465744
99.76937699317932
91.7105872631073
98.33034193515778
91.73571985960007
92.26885324716568
103.4939169883728
107.26559948921204
102.59835040569305
99.65708112716675
94.66242331266403
104.42511242628098
94.6527127623558
86.09069693088531
86.46940839290619
93.44674098491669
99.90034854412079
91.90943193435669
85.9627674818039
82.10153436660767
96.00666970014572
90.29190003871918
87.29107809066772
93.87270575761795
96.01378136873245
80.07124364376068
88.23717176914215
87.920893907547
83.93627938628197
85.67800861597061
85.85570967197418
91.91104364395142
78.55215698480606
86.99924784898758
87.31548541784286
112.85917866230011
89.0754017829895
86.02277344465256
87.31620061397552
84.02521553635597
100.90147203207016
93.53911209106445
82.2108787894249
85.34608709812164
90.07321119308472
83.07689568400383
89.2737226486206
88.3416508436203
82.48476868867874
82.78181180357933
88.58876621723175
79.66838675737381
89.54247522354126
79.94808888435364
77.85340029001236
73.33145689964294
78.54701462388039
91.88356399536133
82.74048656225204
90.82454991340637
89.12388402223587
76.1126229763031
73.32732185721397
92.98545962572098
83.46504068374634
76.50265669822693
84.121631026268
72.2995497584343
95.31717026233673
87.24816632270813
82.6878088414669
87.8212298154831
82.47569778561592
75.31308406591415
75.55136525630951
82.90773165225983
80.88786667585373
79.47854751348495
74.87720224261284
75.41269275546074
73.1950055360794
75.25837156176567
69.29224067926407
77.09027594327927
71.23189288377762
71.05788365006447
69.43149238824844
74.40253362059593
73.57302194833755
75.9305300116539
76.845704048872
72.55918610095978
74.27013671398163
69.7173593044281
66.74907374382019
71.00428926944733
79.00669434666634
74.6822558939457
75.28570011258125
78.20209366083145
75.9189156293869
64.41262871026993
65.31191229820251
70.07791385054588
65.9944763481617
61.45372128486633
87.50899130105972
71.74515187740326
74.84061139822006
77.15516740083694
77.37036085128784
68.0162350833416
75.67957675457001
71.08310186862946
80.71480935811996
72.90876591205597
74.1472237110138
67.86640149354935
67.91956776380539
70.99681496620178
62.54629921913147
69.99702113866806
