0.7482682876288891
-10.291088104248047
-18.21930669248104
-23.33604647219181
-29.29829666018486
-30.05394670367241
-33.17020231485367
-34.74085360765457
-42.435104846954346
-45.21665370464325
-52.524447202682495
-51.26965573430061
-49.409234166145325
-53.89693880081177
-52.470323979854584
-55.16792291402817
-56.42656233906746
-55.32898306846619
-53.89388158917427
-53.731668055057526
-64.66788321733475
-59.539675116539
-72.11799067258835
-61.29073715209961
-61.45884853601456
-65.61526626348495
-62.89329022169113
-67.37383282184601
-57.5690478682518
-57.215554624795914
-59.1871640086174
-63.84513568878174
-67.17606094479561
-65.791295170784
-65.48824340105057
-55.77245503664017
-64.73869267106056
-70.23450654745102
-61.812316596508026
-55.29050350189209
-72.01826614141464
-58.44653308391571
-65.13218653202057
-68.3325582742691
-50.99100121855736
-72.83073902130127
-62.82686260342598
-57.25852683186531
-67.93514090776443
-67.02484732866287
-56.25202929973602
-64.69849562644958
-60.19303700327873
-62.948390543460846
-63.2180295586586
-61.2465158700943
-67.04645934700966
-72.57986634969711
-66.96671497821808
-64.30700129270554
-73.63992804288864
-58.325262010097504
-62.25522446632385
-72.46527379751205
-71.3539043366909
-63.78817182779312
-70.24828162789345
-62.64957958459854
-71.49221923947334
-68.26723366975784
-71.52552622556686
-63.035216361284256
-74.44725352525711
-73.06523269414902
-48.92285043001175
-65.57363379001617
-75.85954427719116
-67.34458029270172
-70.93304163217545
-63.45288586616516
-75.14950561523438
-68.94480141997337
-65.96810978651047
-75.94141912460327
-73.75554805994034
-59.12363243103027
-71.21461737155914
-64.43187856674194
-75.5367591381073
-77.58540320396423
-77.48572903871536
-68.00373929738998
-73.94861072301865
-73.06648176908493
-80.27520045638084
-73.19169145822525
-86.56091320514679
-66.33468306064606
-71.43777871131897
-77.65217834711075
-76.54592102766037
-79.94238746166229
-69.16421049833298
-75.44948002696037
-81.26563629508018
-71.04090529680252
-62.868258357048035
-76.60068893432617
-78.30927234888077
-67.98556223511696
-72.45195201039314
-73.7639037668705
-74.93220686912537
-81.36346706748009
-70.34093981981277
-71.09863471984863
-72.89935755729675
-83.35224115848541
-79.1857099533081
-67.74218904972076
-68.84764051437378
-66.37657743692398
-68.44550889730453
-68.33439663052559
-78.6313019990921
-76.07354909181595
-69.73201578855515
-69.95155078172684
-71.17699906229973
-77.04688066244125
-74.48937958478928
-75.71462136507034
-74.82787385582924
-74.95662426948547
-79.31643471121788
-78.58932703733444
-75.85251319408417
-71.88209682703018
-67.66147765517235
-73.44327428936958
-75.97375404834747
-69.03615009784698
-69.29150533676147
-74.24477243423462
-73.27414551377296
-69.89329755306244
-70.38878744840622
-66.63278889656067
-68.17229390144348
-77.11388748884201
-63.57000175118446
-68.63260823488235
-77.26596236228943
-70.04935637116432
-67.49764233827591
-60.77503037452698
-67.48564013838768
-74.06543952226639
-67.25431448221207
-67.16855138540268
-76.34830528497696
-76.34750950336456
-72.38254272937775
-64.68596458435059
-77.28303641080856
-75.72235253453255
-75.64800235629082
-74.47762921452522
-65.66103881597519
-70.01760569214821
-68.51527577638626
-75.54022431373596
-74.42672437429428
-69.76393267512321
-84.73069608211517
-64.26546451449394
-78.0534839630127
-71.02805191278458
-74.88661563396454
-75.23009613156319
-74.41576474905014
-77.09397783875465
-76.02258884906769
-65.98147690296173
-75.66637080907822
-71.69047462940216
-75.86495357751846
-83.39139059185982
-80.27966791391373
-78.89865440130234
-76.6946012377739
-71.77596575021744
-78.16554814577103
-75.71139794588089
-80.12360909581184
-82.5016815662384
-74.77489897608757
-68.16770052909851
-71.12159150838852
-68.62733995914459
