1850.8514048258464
1837.6422869364421
1468.6193777720134
1447.6117610931396
1383.324878056844
1287.0756486256917
1222.1916618347168
1208.015385945638
1173.6264470418294
1151.230246225993
1135.58931350708
1083.9587205251057
1058.7794863382976
1043.254674911499
1004.9385331471761
985.0919278462728
991.5873120625814
1016.3966013590494
978.3571554819742
977.6413141886393
989.9834270477295
991.3666102091471
987.7555999755859
974.8641503651937
971.3508059183756
950.9274667104086
944.4932034810384
1004.507708867391
968.9020455678304
940.6281897226969
933.0942516326904
917.0339603424072
920.5693715413412
904.8528722127279
889.6563917795817
887.9407272338867
903.8466974894205
854.2343034744263
893.4391422271729
871.8552932739258
855.3325354258219
882.1835734049479
838.4004096984863
856.105328877767
839.0208524068197
859.9777495066324
838.3418245315552
845.076498667399
840.7216339111328
828.6647539138794
818.0256754557291
828.4891268412272
831.6729380289713
805.6446015040079
815.3993724187216
791.7695121765137
850.2619959513346
801.5204556783041
834.1125863393148
823.9779408772787
801.7997678120931
805.277099609375
789.3452580769857
816.7908662160238
792.7574481964111
823.4437538782755
802.6533946990967
788.8365052541097
783.9850441614786
780.9981657663981
778.6367022196451
754.993673324585
774.0756829579672
767.4002380371094
764.5902315775553
752.1105531056722
758.3335978190104
757.7226896286011
760.3087889353434
727.1422170003256
729.2211449941
750.8432178497314
754.7305758794149
737.2765579223633
729.5999476114908
747.8734381993612
746.6058670679728
736.2805836995443
743.4639565149943
725.4029267628988
717.0335439046224
727.3315184911093
707.7263612747192
724.0963201522827
722.0949427286783
702.2914425532023
700.0074351628622
691.848611831665
700.6711057027181
690.412779490153
675.8087965647379
681.510879834493
657.6341438293457
654.5519053141276
668.6493666966757
673.2326138814291
661.8973108927408
680.9555377960205
664.8953523635864
669.5991401672363
648.6288677851359
659.0682042439779
671.4098825454712
656.0211791992188
639.8896570205688
651.579197883606
641.948928197225
641.9223092397054
655.3129355112711
646.4205118815104
647.2827320098877
634.4796851476034
618.4388891855875
633.2073465983073
643.7727254231771
612.4730532964071
628.4268318812052
620.6032657623291
656.9232177734375
645.1928164164225
636.9367771148682
600.9288883209229
611.5452934900919
624.4682203928629
603.1672096252441
616.0168126424154
617.7994263966879
610.672014872233
612.3725550969442
603.9370857874552
626.6529865264893
620.671272277832
603.8079442977905
596.7823619842529
610.7235256830851
584.6601371765137
599.2632738749186
584.3271280924479
584.6646957397461
599.1653232574463
583.2455336252848
597.0539073944092
604.7866687774658
600.8427991867065
582.1937646865845
595.8131764729818
583.3335863749186
594.7834447224935
573.7617963155111
609.6581223805746
569.5461826324463
566.8405135472616
593.0104481379191
576.3591683705648
596.3801838556925
567.5947246551514
568.4221576054891
593.6172555287679
575.6302502950033
580.5064188639323
581.1912326812744
585.4657996495565
578.3635991414388
593.5653556187948
575.8214823404948
559.5418116251627
583.8233102162679
566.1848665873209
567.7794729868571
575.8835690816244
574.5405473709106
580.4449628194174
564.9148718516032
547.6534967422485
558.7632233301798
554.050856590271
551.6119009653727
561.540093421936
574.8157037099203
555.5731220245361
560.2749226888021
553.136116027832
569.7178414662679
548.3159863154093
548.2662467956543
558.6196969350179
555.1365534464518
552.0153258641561
548.8408921559652
557.1340497334799
