760.2755694389343
666.9824042320251
556.1526298522949
407.233282327652
378.8286736011505
333.8026247024536
351.9605882167816
342.691082239151
295.34157264232635
302.2547390460968
285.2784205675125
258.8337312936783
250.49452424049377
242.8211748600006
217.90938258171082
235.2553869485855
217.80913424491882
215.32629561424255
220.17544627189636
204.3144509792328
218.58388304710388
226.67035388946533
204.82685375213623
198.27338063716888
195.63934350013733
201.32408499717712
197.4395626783371
195.71650409698486
182.48795437812805
197.81434559822083
193.98585033416748
189.59055709838867
177.5057168006897
173.12317621707916
176.71088206768036
174.1852525472641
180.84773766994476
168.66019117832184
175.22871363162994
166.13869166374207
164.9848788380623
171.47195959091187
174.62506794929504
169.1516215801239
171.6477165222168
187.9346866607666
173.5570685863495
170.4377658367157
174.8508483171463
164.9491492509842
168.1377353668213
160.67352545261383
163.35810983181
170.4296669960022
161.80358570814133
171.0965118408203
159.3049019575119
159.57251626253128
167.1143098473549
162.31765055656433
170.2791736125946
157.34675538539886
164.57024639844894
157.91953682899475
168.1168838739395
155.13180303573608
163.41163873672485
157.69929671287537
159.66947066783905
159.4272105693817
157.73743379116058
161.89431488513947
156.09366124868393
159.34118556976318
152.6591181755066
152.7785257101059
152.10747027397156
176.02274250984192
153.0577141046524
149.79986476898193
167.09901875257492
152.18167942762375
153.31599056720734
158.2519217133522
151.47430008649826
150.7388870716095
153.24850022792816
156.63421857357025
150.43618786334991
154.01617765426636
141.16233026981354
145.96229356527328
141.76445490121841
148.45699840784073
142.3706692457199
142.1910542845726
139.63755226135254
141.94219624996185
153.26002395153046
136.55792778730392
138.750175178051
132.22965145111084
141.62535429000854
130.6725788116455
146.2315195798874
138.96962958574295
142.76906371116638
130.4660382270813
127.25760793685913
141.63052183389664
136.61134588718414
138.00148570537567
138.40566217899323
139.98012113571167
120.39247047901154
132.23644077777863
157.52343904972076
140.0568586587906
120.42420101165771
126.2665274143219
133.1946222782135
124.14866042137146
134.4697666168213
116.9999527335167
115.36613249778748
119.24835813045502
124.75138944387436
127.11102294921875
117.47295928001404
121.03340709209442
125.37259268760681
116.81221878528595
113.6573274731636
119.37977290153503
118.48015689849854
129.29421454668045
141.45896542072296
115.83384054899216
125.66064548492432
127.61512541770935
114.3030891418457
113.99954378604889
121.45479863882065
121.0507430434227
112.78569477796555
111.41347515583038
112.76438999176025
113.62175905704498
118.4522340297699
116.39895629882812
114.72342300415039
115.87529170513153
123.98158657550812
114.89076882600784
107.38731378316879
117.66606223583221
110.13075578212738
109.22283947467804
115.06701934337616
112.55864518880844
108.50185126066208
106.93567246198654
106.16548681259155
109.28748917579651
110.67065834999084
107.51060956716537
111.0471738576889
104.90807127952576
106.90141355991364
103.05744588375092
101.1852034330368
105.46832168102264
108.46255576610565
105.06871843338013
105.55701607465744
99.84577202796936
100.63625514507294
102.46531385183334
99.57557898759842
106.85638642311096
107.06387388706207
101.90126585960388
108.16016882658005
100.43847823143005
98.45754611492157
100.6890184879303
97.26860809326172
97.19303905963898
97.60051953792572
100.82790756225586
101.22886061668396
96.61463677883148
94.99690341949463
109.89294803142548
94.00568187236786
99.88290178775787
98.07359659671783
95.59769839048386
91.74072623252869
94.4283527135849
