158.8503413995107
144.28207937876383
132.91022928555807
142.07169127464294
133.89653356870016
130.83835204442343
123.95378081003825
118.7303390900294
114.61789051691692
115.1357311407725
115.50917021433513
110.01718242963155
107.55597591400146
117.30841279029846
107.02838774522145
108.92917311191559
111.15250658988953
95.715669075648
91.85349909464519
92.06390498081844
84.85134847958882
91.5335882504781
83.11829841136932
83.92985943953197
87.97037307421367
87.01660581429799
92.15814745426178
89.80027914047241
84.91991810003917
89.02895363171895
86.97557405630748
80.74129112561543
75.43730006615321
80.49182979265849
81.72917290528615
80.31276377042134
77.9209435780843
75.34584152698517
80.71993211905162
78.99451818068822
75.17559039592743
78.9965870777766
76.37863107522328
76.72169737021129
73.43835180997849
70.75559445222218
73.37505426009496
80.0342294772466
73.83401131629944
68.80927056074142
71.09077173471451
64.99576252698898
76.1493244767189
68.02849511305492
76.27741050720215
74.69728060563405
72.40689537922542
68.29767098029454
67.63216390212376
67.95134959618251
68.73838949203491
69.89015134175618
70.3261791865031
70.1549198826154
67.83357620239258
66.7977305650711
71.44532994429271
70.065112610658
69.27116868893306
69.52410286664963
62.21238613128662
67.51198621590932
61.899272660414375
60.85066336393356
70.2044825553894
64.35977802673976
65.13166685899098
64.8374195098877
68.35870029528935
66.73309310277303
70.94042068719864
66.73581928014755
62.340578039487205
62.075591127077736
58.76821621259054
61.36634514729182
60.13030034303665
61.24321857094765
61.929512878259025
60.55832956234614
62.30506451924642
66.3152997692426
63.20477012793223
62.83283402522405
58.70685670773188
66.52616584300995
64.06705317894618
61.43409832318624
63.21883860230446
61.686258931954704
54.67540857195854
59.64651368061701
63.87364306052526
59.28829403718313
60.61858868598938
57.07076497872671
56.68870268265406
68.05477118492126
59.39293313026428
57.80570642153422
58.735688269138336
62.35921005407969
58.29037596782049
60.84177180131277
53.861010332902275
65.4045368830363
57.75400104125341
60.46379144986471
55.474522948265076
53.592718501885734
57.621858735879265
52.63677312930425
53.33367451032003
49.92696022987366
58.37953154246012
55.472080985705055
60.468737840652466
59.36467442909876
48.41843128204346
61.14442002773285
57.84764854113261
57.357514361540474
58.693014323711395
63.45205225547155
61.08486258983612
60.034487545490265
55.440612395604454
53.753151973088585
59.106204648812614
58.01534654696783
55.61729605992635
55.14754331111908
56.50643344720205
53.653448263804115
52.7383676469326
56.08090194066366
56.55097755789757
58.67662686109543
57.89518050352732
58.1633609632651
52.5878501534462
55.05718739827474
53.17723514636358
59.14705858627955
52.57855222622553
52.36996773878733
58.76596713066101
53.69781315326691
59.078009247779846
61.05826304356257
57.900529404481254
50.39855789144834
56.47812972466151
56.68144823114077
54.28079617023468
51.64151461919149
58.739126801490784
53.621117889881134
51.82914567987124
55.99661330382029
58.86811945835749
57.862279971440636
59.759502371152244
56.567450066407524
50.871930787960686
54.35770581165949
55.68401954571406
53.44711391131083
54.131319642066956
56.11998782555262
53.14216550191244
56.30694544315338
58.7771869401137
55.045982917149864
52.47055423259735
55.95133067170779
54.17439267039299
54.14580623308817
53.28199921051661
57.07699006795883
49.04861901203791
53.23835070927938
53.097946057717
56.61321492989858
55.92132433255514
56.91524011890093
49.57208979129791
53.12598057587942
54.662042697270714
54.775749822457634
