255.30170742670694
250.03336469332376
219.90666953722635
219.98413944244385
225.49751480420431
218.618243932724
224.40819144248962
226.06203611691794
212.1988594532013
225.9704209168752
214.28528809547424
218.47778216997781
222.79551474253336
216.0325714747111
220.90633034706116
226.73207529385886
208.35629971822104
215.49824937184653
223.97586822509766
219.2522660891215
214.96336841583252
216.78909166653952
216.165087779363
218.15111168225607
225.70260469118753
225.6221555074056
216.58047350247702
228.15845521291098
225.86842544873556
215.83893744150797
215.94478821754456
220.95932761828104
218.31724762916565
216.4434733390808
212.06433471043906
218.31544971466064
215.05129845937094
213.71456821759543
211.5036333401998
214.484184662501
216.98193033536276
218.34663772583008
217.62254039446512
219.34042644500732
217.534788052241
216.41701197624207
218.66299692789713
221.09154677391052
215.9030600388845
209.08459417025247
212.0258356730143
216.57941603660583
213.79833404223123
217.53421878814697
217.81613500912985
223.4674444993337
214.58381867408752
217.15973250071207
218.27452397346497
214.37640206019083
218.53864844640097
221.91896454493204
215.4864374001821
215.70310386021933
214.2731499671936
216.64028779665628
212.06101234753928
208.10591864585876
220.87997404734293
213.5200068950653
212.73881403605142
208.00894856452942
216.8334597746531
212.3253619670868
210.92359868685404
215.55528950691223
214.687029838562
218.61655449867249
213.40838567415872
216.85383995374045
214.32815758387247
213.1612079938253
207.34123508135477
212.03777766227722
210.6694233417511
215.91043988863626
212.65541497866312
207.9400455156962
214.54535722732544
209.43639858563742
216.25726787249246
204.92168633143106
209.8153920173645
215.70157639185587
217.47962307929993
209.86295811335245
213.36928137143454
210.8647800286611
211.5134859085083
209.25048661231995
207.92600909868875
219.7799860636393
211.60104807217917
214.22916523615518
213.90570918718973
209.71259888013205
208.78955801328024
218.7807534535726
207.43939550717673
213.5539127190908
211.59373315175375
210.74771094322205
218.0439246495565
207.67147024472555
209.81848533948263
210.20251139005026
216.13958978652954
216.50866357485452
209.7341174284617
214.58183662096658
218.13753739992777
219.28284168243408
209.92534756660461
220.20198384920755
207.0737351576487
209.04497035344443
212.6012805302938
207.66114036242166
219.77297353744507
209.41425021489462
214.64237769444784
214.6908337275187
210.7997305393219
205.4976246356964
214.21285923322043
209.36153864860535
211.64781665802002
219.5801509221395
212.83998028437296
214.55345511436462
213.00809590021768
211.49228278795877
216.04123814900717
213.47381790479025
211.1312287648519
217.9826831817627
210.29761735598245
210.75520515441895
209.3529895146688
208.77591848373413
214.27835488319397
212.84491284688315
213.2800691127777
212.23803416887918
220.20835200945535
210.93584060668945
214.05286558469138
211.670952240626
207.71470522880554
208.8608021736145
218.2556939125061
211.9890846411387
213.98985075950623
211.82741260528564
208.3575619061788
204.722602446874
215.09056901931763
209.20139400164285
209.98114323616028
215.0780271689097
214.53972228368124
205.15931495030722
209.81710624694824
208.81134764353433
210.2390627861023
215.91977246602377
216.60801045099893
207.68939129511514
214.98736294110617
216.85779174168906
221.55630215009054
214.15365346272787
210.52296392122904
210.04260738690695
211.51857217152914
206.30697989463806
212.76221569379172
209.81617903709412
215.1103003025055
208.01576606432596
206.4911941687266
213.19434014956155
215.76761062939963
206.34385466575623
208.28830814361572
212.08022952079773
211.33524886767069
213.52981972694397
210.73495904604593
214.4250864982605
