714.521632194519
660.156572341919
616.0612857341766
577.601583480835
558.3982651233673
547.4601964950562
565.4870071411133
536.4856226444244
528.3846464157104
507.0466992855072
511.25487303733826
495.95398712158203
497.34199142456055
481.0594937801361
481.34130120277405
478.195485830307
484.4185383319855
461.2847034931183
444.2265303134918
440.929979801178
461.22575521469116
443.66505098342896
448.88074469566345
441.2720248699188
450.8019025325775
426.9816002845764
429.28541827201843
423.56763672828674
416.36490654945374
429.55815982818604
407.8269555568695
420.31609320640564
408.65819478034973
412.1789743900299
399.14185547828674
406.8278567790985
410.5445396900177
402.5267276763916
386.84402775764465
403.446852684021
393.387407541275
399.4436078071594
382.6632933616638
381.1007409095764
393.74693965911865
377.72283935546875
387.4794442653656
382.13207387924194
369.55481600761414
371.3309199810028
358.97418427467346
360.8225734233856
377.59221029281616
357.5042245388031
358.16973972320557
354.68747997283936
358.4357120990753
368.36509227752686
352.2865161895752
357.7082669734955
349.61180353164673
352.28973960876465
348.51322197914124
349.783490896225
353.1051034927368
355.139000415802
345.8872232437134
357.68199610710144
342.3965826034546
342.6326174736023
333.1754883527756
344.23912930488586
337.1430741548538
334.5419964790344
340.120445728302
327.84320759773254
333.1297560930252
336.68869292736053
334.19970965385437
325.99616825580597
336.01141226291656
324.2844520807266
322.72870910167694
319.32288467884064
318.3473571538925
325.8352793455124
321.88147366046906
327.62171840667725
331.68185663223267
325.3967331647873
317.81396186351776
314.321790099144
325.9804742336273
306.55701649188995
317.35992312431335
316.5597496032715
317.9219665527344
308.4315757751465
312.9025992155075
313.3456984758377
311.4333244562149
321.1191350221634
317.11441946029663
306.65756702423096
309.805517911911
326.02749586105347
311.52710580825806
315.4523640871048
313.2631789445877
311.87023878097534
312.0721859931946
313.232213973999
310.3896014690399
309.7002329826355
308.2766098976135
304.7059075832367
298.12116730213165
304.7881249189377
306.95081758499146
293.91095876693726
303.76696586608887
297.8450411558151
307.6535632610321
296.0894260406494
298.71026730537415
300.94959676265717
296.92292165756226
298.56710720062256
291.96483957767487
303.4293932914734
302.2539734840393
291.2963225841522
291.0738260746002
301.31418561935425
284.6890586614609
301.5692386627197
293.24151504039764
291.45078480243683
290.6846385002136
293.88452672958374
295.7345074415207
295.7741756439209
289.15194296836853
285.32798063755035
284.0724790096283
279.0295202732086
298.70452558994293
290.1437487602234
287.75130689144135
297.92159736156464
289.41187143325806
294.49780237674713
281.2698973417282
278.63769352436066
283.2820563316345
296.8564587831497
283.65554988384247
284.4740968942642
289.84260082244873
271.92157876491547
285.9127894639969
285.37284660339355
274.5834984779358
276.37946677207947
279.4488468170166
286.0327208042145
281.94018721580505
272.4668402671814
278.84292459487915
281.00958609580994
282.1206181049347
274.39081859588623
292.0771555900574
282.3379168510437
278.1658453941345
280.5120311975479
272.2878397703171
280.10638403892517
271.59162151813507
275.2297738790512
279.78138279914856
269.85834872722626
272.5618908405304
268.90830636024475
279.8807044029236
262.59082782268524
273.4961585998535
277.1712996959686
263.5283190011978
280.0448570251465
273.99218237400055
272.0949181318283
274.9136370420456
269.485258102417
279.226833820343
269.6187479496002
269.6152424812317
277.394299864769
272.52645337581635
268.34154868125916
