0.6738809645175934
-16.237610273063183
-55.13734072446823
-89.62026035785675
-115.92686641216278
-129.08931589126587
-135.95061546564102
-137.63935470581055
-140.60338938236237
-144.97436594963074
-145.86092710494995
-148.66824316978455
-148.7470154762268
-150.5691740512848
-151.5254517197609
-150.96137350797653
-151.6270700097084
-151.2332084774971
-151.98033660650253
-152.34699046611786
-153.77814829349518
-153.77826917171478
-154.39836436510086
-155.3474497795105
-153.67739629745483
-154.84029513597488
-155.27117562294006
-155.95515495538712
-154.1933045387268
-151.06696063280106
-150.77637946605682
-151.44489645957947
-153.30138444900513
-150.20988368988037
-149.36620408296585
-147.24370342493057
-143.00195574760437
-147.80065989494324
-147.94075775146484
-151.44664919376373
-151.60499966144562
-154.0368276834488
-153.09349405765533
-155.423401594162
-156.36509329080582
-157.01695930957794
-158.28170812129974
-157.44521069526672
-157.46751272678375
-157.3492535352707
-156.71708059310913
-158.65043705701828
-155.947247505188
-156.04087775945663
-153.03020423650742
-153.0522141456604
-154.19745469093323
-155.17569190263748
-155.86631953716278
-155.06098854541779
-153.34059935808182
-152.7811850309372
-143.08746701478958
-147.68699407577515
-150.77144360542297
-151.16653406620026
-152.69115090370178
-157.12520575523376
-152.7686237692833
-156.41685938835144
-155.35447078943253
-156.65157467126846
-158.5183675289154
-156.29222387075424
-158.7809653878212
-158.38173484802246
-158.1708426475525
-159.91876184940338
-160.1720621585846
-161.56863874197006
-160.6674815416336
-161.1553863286972
-160.6988091468811
-160.80771034955978
-160.92767190933228
-159.87817698717117
-159.96297305822372
-159.5696051120758
-157.9529898762703
-159.14834451675415
-158.54140490293503
-160.55434960126877
-158.38598573207855
-157.27561855316162
-157.43044340610504
-157.66657900810242
-159.2267541885376
-159.5843724012375
-158.1194593310356
-158.09225165843964
-157.6487091779709
-155.291060090065
-158.6176689863205
-157.8292407989502
-156.114119887352
-156.42763769626617
-157.90400397777557
-156.23522979021072
-157.436870098114
-159.40559351444244
-157.93039572238922
-158.6255865097046
-156.22843039035797
-159.481827378273
-159.13376861810684
-158.083890914917
-158.363844871521
-155.97791028022766
-157.00591909885406
-150.85434591770172
-153.92713069915771
-157.3253800868988
-158.3465794324875
-159.85547202825546
-157.30866867303848
-158.24247306585312
-158.14553880691528
-155.77805829048157
-154.8549919128418
-161.4631825685501
-159.7221131324768
-163.07474106550217
-160.84591794013977
-160.16601824760437
-160.0671398639679
-161.72176122665405
-158.9297765493393
-160.5151246190071
-161.186008810997
-159.31954836845398
-157.91792511940002
-158.36114525794983
-159.96944004297256
-155.8105040192604
-157.9981278181076
-157.6267899274826
-157.80006885528564
-160.46300595998764
-158.04358810186386
-160.72904884815216
-159.8654545545578
-161.8191185593605
-162.08395266532898
-160.08958292007446
-161.12979036569595
-162.4384481906891
-159.1458262205124
-161.56634205579758
-160.83667075634003
-161.28257036209106
-159.82826435565948
-160.60367798805237
-156.19692146778107
-159.81809043884277
-159.06566381454468
-159.84319281578064
-162.36599177122116
-162.6375950574875
-158.40836834907532
-158.69932222366333
-156.17639231681824
-156.74524521827698
-159.04610168933868
-158.5675145983696
-160.15523993968964
-159.1530386209488
-161.17988431453705
-158.5825538635254
-160.0170761346817
-160.2457777261734
-159.41719782352448
-159.40301477909088
-160.1124893426895
-158.33024072647095
-161.2015718817711
-158.97125792503357
-160.10496467351913
-162.2609989643097
-161.97084087133408
-161.094624876976
-162.28469109535217
-161.90189999341965
-160.67334413528442
-162.0739802122116
-162.41547125577927
-162.284741461277
-162.12651187181473
-163.18412578105927
-161.3534654378891
-163.4256203174591
