83.41191307703654
39.93726535638174
38.92627082268397
39.95695263147354
33.47565774122874
29.88055690129598
32.27081469694773
29.16678076982498
27.688118318716686
26.62996319929759
25.01228165626526
26.320765217145283
27.793246467908222
24.523508032162983
25.230488767226536
24.553940276304882
22.759032607078552
24.83972430229187
21.046823889017105
22.057865113019943
20.41397100687027
20.531746407349903
22.453145444393158
20.488788952430088
19.324957350889843
20.32610321044922
21.39345173041026
20.41873453060786
23.25300384561221
20.645056386788685
19.175106247266132
20.303852369387943
20.05139571428299
18.343051652113598
20.36021278301875
17.906367301940918
19.80547688404719
19.663665811220806
19.188875009616215
18.862122346957523
22.29827167590459
19.84027071793874
18.423402806123097
18.192614803711574
18.977990090847015
19.345880806446075
17.79164390762647
18.226268351078033
18.08237071832021
17.09474943081538
17.411359290281933
20.095896502335865
17.241514533758163
16.827386329571407
18.729546705881756
16.060038367907207
16.440990606943767
16.955705056587856
16.622540523608524
17.29083001613617
17.351165413856506
17.016252001126606
16.27391265829404
16.98496268192927
15.847449521223703
14.601082185904184
15.403361479441324
16.162036567926407
14.638271272182465
14.788594861825308
17.21653534968694
16.592794567346573
17.40604277451833
17.21371652682622
15.056752304236094
15.527617623408636
14.711298445860544
15.59070802728335
16.04843293627103
13.883079613248507
14.668984045584997
14.946574846903482
14.947060386339823
14.006870865821838
15.87394775946935
15.223328093687693
14.40993681550026
13.572804470856985
14.81439704199632
14.973963598410288
13.477570494016012
13.799477279186249
13.26572036743164
15.370837052663168
13.08948265016079
14.35168265302976
14.174293622374535
12.894056260585785
13.686504686872164
13.530169328053793
14.235125809907913
12.37120152513186
12.595280945301056
11.867480471730232
13.524238819877306
14.520533243815104
15.710102220376333
14.43207918604215
12.929209381341934
12.511316160360971
13.952280352512995
12.352271348237991
13.625540415445963
12.893857330083847
12.885286728541056
13.045577943325043
12.02969141304493
12.950052673617998
11.319928819934526
12.704787900050482
11.953979517022768
11.04266245663166
12.811310678720474
11.653570507963499
12.406987875699997
12.117368067304293
11.993698120117188
11.439675524830818
12.284692833820978
11.566360453764597
11.37122051914533
10.873847479621569
12.809106171131134
11.10543524225553
11.601140131553015
11.005760341882706
10.872155596812567
11.578986709316572
11.252840558687845
11.311626056830088
11.959931512673696
10.777050410707792
11.692676608761152
11.139301796754202
10.725635051727295
10.813723772764206
11.522712836662928
10.388026252388954
11.756649295488993
10.74564516544342
11.79343115290006
10.114301532506943
10.60714827477932
11.44375721613566
10.5917320450147
11.99131092429161
12.075030008951822
11.973908588290215
11.046094437440237
12.309901610016823
10.361342906951904
10.699312324325243
11.302970975637436
11.396157999833425
11.518484423557917
10.528108020623526
10.064184864362081
11.346658438444138
10.230843052268028
9.992428263028463
10.69626226524512
10.763506064812342
9.650465885798136
11.340607742468515
9.611631741126379
10.483449200789133
10.74385187526544
10.26727091272672
9.945076276858648
10.051227470239004
9.933924903472265
11.00642237563928
11.306438277165094
10.335031042496363
11.476989532510439
10.007827724019686
9.52491827805837
10.190598756074905
9.826781809329987
10.686565563082695
9.318712184826532
9.97975786526998
9.963861212134361
10.524978786706924
10.39646677672863
10.014324506123861
10.884244412183762
10.112951382994652
10.446235527594885
10.7673632701238
