806.0807590484619
781.6112198829651
740.5729031562805
751.6513919830322
708.4492745399475
713.116060256958
698.7913465499878
701.233247756958
688.8121242523193
658.8889224529266
657.5376651287079
678.537636756897
679.3119020462036
653.0743980407715
606.4894633293152
597.7984805107117
610.0075836181641
628.8995599746704
586.6510105133057
624.3957180976868
600.0917015075684
599.3101835250854
590.7558736801147
582.1474103927612
589.0782451629639
560.8983087539673
589.3797154426575
588.5824027061462
544.012749671936
562.3716530799866
533.783994436264
544.8563184738159
533.8384299278259
538.4497728347778
536.8078033924103
525.7868525981903
554.0235614776611
529.4082028865814
525.4397709369659
519.0673935413361
526.0324771404266
513.4758491516113
521.9817674160004
515.73179936409
510.37072944641113
519.3559701442719
492.8375451564789
512.8999047279358
488.98866176605225
496.0612061023712
490.9456398487091
505.1608781814575
483.07090735435486
485.3724286556244
501.05577325820923
485.22173380851746
482.28229784965515
460.2853629589081
464.2609267234802
465.06621742248535
464.24416494369507
474.611083984375
459.3579046726227
456.6510787010193
461.40638756752014
465.92622566223145
465.3671236038208
452.37581753730774
446.3559613227844
441.7978048324585
461.62215518951416
451.1538999080658
437.2814722061157
455.44825983047485
444.0853445529938
449.89958691596985
442.3458263874054
449.6763651371002
444.62949800491333
447.9826195240021
426.5887863636017
432.88750863075256
435.06996488571167
441.4122838973999
419.91485810279846
435.01697993278503
426.2544775009155
435.93541264533997
440.82646775245667
428.7129793167114
438.9719138145447
424.0077543258667
420.16979026794434
430.8902781009674
438.61770033836365
424.47430396080017
399.656756401062
416.27424788475037
417.4713451862335
416.569593667984
424.1815369129181
422.8527226448059
417.90985107421875
424.4994466304779
407.0050239562988
420.4969673156738
414.75396251678467
416.9729642868042
412.47065353393555
417.6804242134094
417.70125555992126
408.05178904533386
418.6830687522888
410.35335063934326
421.0714612007141
414.65907311439514
413.9002802371979
407.71212124824524
422.5110402107239
416.56878781318665
414.83624029159546
428.94986033439636
407.37390398979187
398.03449010849
416.8175551891327
396.77373027801514
403.82254219055176
403.3463222980499
389.27633929252625
395.64424419403076
394.28420305252075
400.5643906593323
396.9737434387207
381.0793857574463
397.0233840942383
390.4955976009369
398.2378475666046
391.69660329818726
396.3531143665314
380.4237825870514
376.2207260131836
396.81027579307556
378.2400369644165
375.9095048904419
378.7511100769043
371.54966926574707
388.7068417072296
400.61338663101196
382.6405279636383
386.2632884979248
385.86318159103394
368.25678539276123
362.06157517433167
369.7689719200134
370.64058446884155
380.1109094619751
375.99424052238464
388.7246913909912
372.94250869750977
377.4287829399109
372.4252305030823
376.4309735298157
366.5583658218384
375.6068661212921
374.96919322013855
373.2467188835144
368.0480287075043
363.45824241638184
353.28948307037354
373.74256134033203
376.462039232254
355.82115650177
369.3527076244354
367.17895460128784
371.69726157188416
367.8184406757355
373.5422258377075
370.26598286628723
361.40838956832886
358.3314747810364
368.16983366012573
374.12425446510315
356.2259373664856
359.8841152191162
363.74613404273987
362.1708490848541
350.60465693473816
347.5220205783844
356.1773443222046
351.49327301979065
346.63046312332153
362.2016327381134
348.67584347724915
352.84320068359375
343.7094006538391
347.7754216194153
353.5896236896515
354.49230194091797
355.47431659698486
342.225298166275
