193.5953950881958
183.98866073290506
181.26368029912314
182.5204697450002
164.90973766644797
176.11477049191794
158.91787099838257
174.69988783200583
158.4145789941152
151.34526944160461
152.27230342229208
140.94153229395548
145.60893098513284
133.16770311196646
130.88430126508078
133.44422165552774
117.37340140342712
132.81190343697867
117.66501077016194
114.12052543958028
108.97091154257457
116.53112689654033
109.05224053064983
110.51526828606923
112.01502148310344
96.73883056640625
101.25636637210846
102.34118747711182
99.39495797952016
101.97850139935811
103.0290447473526
95.0949878692627
91.15910291671753
87.37324194113414
87.6224672794342
90.83941594759624
82.709579428037
86.32873904705048
83.44263192017873
83.77996436754863
86.44852872689565
84.56459430853526
82.56265683968861
81.96380817890167
77.82772503296535
77.87885506947835
84.13683255513509
83.90439291795094
78.0500777165095
79.38290373484294
78.45968582232793
77.934498945872
78.00349084536235
81.68735412756602
82.3120372692744
80.6117269595464
77.53500767548879
75.41360183556874
77.81942482789357
78.40440622965495
67.50737067063649
77.16583700974782
70.07387785116832
74.36323004961014
72.08490681648254
74.4193252325058
69.99364153544109
70.18198692798615
70.23574755589168
73.37307047843933
65.22696290413539
67.5081212123235
64.92803700764973
67.75158894062042
63.322998543580375
63.85800266265869
63.534102062384285
66.5974549651146
60.51909311612447
66.82854668299358
62.557419737180076
59.48219086726507
70.31821145613988
65.79308497905731
65.28491691748302
58.65445832411448
60.06400897105535
65.75584999720256
58.878720581531525
66.78911910454433
60.35515628258387
57.762725830078125
52.29713408152262
55.68371127049128
54.993742982546486
56.30581363042196
56.37983868519465
56.6363924741745
59.16437339782715
51.230089823404946
54.683186729749046
51.656970043977104
50.46774766842524
52.372075180212654
52.35452536741892
53.862122575441994
52.438203851381935
50.4718687136968
55.390395859877266
57.941294034322105
56.710821429888405
55.51004787286123
47.18027410904566
56.70815271139145
49.84323396285375
52.252556224664055
48.14506475130717
44.878594716389976
48.73455653587977
45.57101118564606
45.44710662961006
47.91475719213486
42.75732766588529
44.849822928508125
44.97534508506457
44.83255616823832
45.410427997509636
48.124179462591805
43.77712052067121
49.61605262756348
46.53424086173376
42.96418956915537
46.75590515136719
47.325960993766785
49.35164552927017
50.91006644566854
47.64845655361811
43.17281342546145
41.63563760121664
40.080734004577
40.437986274560295
41.88461095094681
39.38545301556587
43.51658837000529
39.637217869361244
38.49856304128965
38.086932261784874
40.438878859082855
43.798448910315834
40.05048578480879
39.511743833621345
41.98834849397341
41.08353700240453
37.24196016291777
34.718533198038735
38.22551090518633
37.33133936921755
38.169605235258736
34.13043902317683
37.35184007883072
44.029623011747994
36.64431855082512
36.60635030269623
34.82245625555515
35.69338961442312
37.086451371510826
40.260797580083214
38.770470321178436
37.02994883060455
38.54073331753413
36.483621502916016
31.862022891640663
37.87553520003954
33.52870678404967
32.209211791555084
34.30023699005445
34.377067943414055
32.217918902635574
34.116085489590965
32.08329559365908
28.54431914786498
29.80272140602271
37.36104230582714
33.17377499739329
37.19618728260199
34.592900271217026
33.072924753030144
42.59972725311915
44.559236317873
40.007682184378304
38.02570109566053
33.20632982254028
36.190707832574844
37.14980014165243
38.21518322825432
32.93503066897392
35.544568955898285
34.45662719011307
34.679466185470424
33.70204312851032
