914.8016942342123
796.6525376637777
674.6446730295817
632.3372319539388
552.6728741327921
524.6908690134684
513.6681734720866
509.2095591227214
485.59598954518634
489.4398883183797
464.68674341837567
464.62359619140625
463.24709065755206
457.08120663960773
443.4938767751058
427.4646924336751
425.4961010615031
411.91797892252606
406.3293294906616
400.62790902455646
406.0247120857239
390.71032921473187
395.64065742492676
385.73775974909466
385.54129759470624
376.04196643829346
373.7814056078593
370.3658541043599
383.46492226918537
367.10779062906903
374.27342891693115
366.5146538416545
370.82828028996784
359.3306935628255
359.0536012649536
355.4360219637553
354.52693525950116
362.6025528907776
337.1880645751953
339.38782183329266
346.1022564570109
334.98392756779987
328.3480580647786
336.153390566508
337.6186997095744
328.08560784657794
334.6184678077698
327.02712233861286
321.6421200434367
323.9937884012858
322.6869646708171
329.6047619183858
310.2747944196065
316.89586877822876
311.9151568412781
310.4038003285726
308.3575207392375
311.18257633845013
309.5213836034139
302.9398018519084
293.8162293434143
302.96961975097656
303.0207438468933
297.80065536499023
303.71556345621747
302.423104763031
300.34250418345135
288.68361377716064
289.202956199646
294.8466567993164
292.07208410898846
293.8444884618123
290.78467686971027
291.2173857688904
281.9432161649068
280.17519187927246
284.1808721224467
283.47501770655316
280.7281551361084
287.6561803817749
274.3065848350525
278.4995463689168
268.46343262990314
270.6157825787862
267.36885293324787
269.28872060775757
269.538414478302
275.5628255208333
269.3012722333272
277.8230872154236
266.7971715927124
267.5745099385579
270.6037640571594
269.8795250256856
267.9567594528198
266.8648983637492
266.2587038675944
265.9448622067769
272.0704771677653
263.1981061299642
267.6268301010132
258.15229082107544
278.68960968653363
260.4911397298177
258.2099364598592
255.7061160405477
267.77403529485065
263.3958047231038
261.78565375010174
261.8119977315267
258.27746963500977
261.7723061243693
256.7185190518697
262.72048536936444
252.0635372797648
254.77527077992758
256.062952041626
252.5098876953125
247.51578680674234
247.5145001411438
253.09646066029867
244.36897913614908
253.16288693745932
247.2749392191569
251.90075079600015
249.87563037872314
251.59261989593506
249.87720696131387
258.54279867808026
242.0937360127767
246.44718090693155
244.6900192896525
245.84616867701212
241.81644280751547
245.17137463887533
247.80501079559326
253.81369845072427
247.34073289235434
243.76772371927896
249.15514421463013
244.53278350830078
243.56379779179892
236.25800196329752
237.48502111434937
238.86714458465576
232.8573319117228
241.25728273391724
245.44099966684976
239.65002091725668
235.4697912534078
238.44909270604452
242.77613751093546
240.5764094988505
238.7429394721985
236.89800866444907
234.33633168538412
234.48680782318115
234.06074078877768
235.1383841832479
241.54911724726358
237.33393637339273
235.53007316589355
233.16457843780518
235.2344913482666
232.05132722854614
236.83669010798135
241.43000570933023
234.21213706334433
228.5792614618937
222.44133377075195
226.74101877212524
245.6284262339274
233.5486520131429
244.11231835683188
231.20399395624796
235.19502353668213
234.0718469619751
230.13773822784424
226.6616997718811
233.23335886001587
226.55213705698648
236.65680042902628
232.64677302042642
232.24391301472983
227.3864738146464
232.4411514600118
229.84343433380127
226.42814779281616
233.00134913126627
224.47395277023315
228.0013828277588
225.5651650428772
226.37122694651285
236.80637296040854
225.58745749791464
226.8073231379191
227.16336488723755
221.47750918070474
221.8916597366333
224.89745918909708
