0.5839208091298739
-4.269466037551562
-6.871803790330887
-9.687266061703363
-10.951295644044876
-13.802485023935636
-16.713742434978485
-17.222360809644062
-14.128135323524475
-19.13517619172732
-18.759505967299145
-18.81536727150281
-16.722369328141212
-18.39063369234403
-20.06789301832517
-17.67070879538854
-16.49977805217107
-19.456233123938244
-18.768221139907837
-21.72088187932968
-20.955919414758682
-20.06425189971924
-20.219685753186543
-20.58927060166995
-18.845335493485134
-20.890876213709515
-14.840302666028341
-19.547535558541615
-20.113151331742603
-20.587023476759594
-17.093199133872986
-22.247100681066513
-20.558503309885662
-22.26645463705063
-20.31323556105296
-19.009385406970978
-20.146734813849132
-21.56607186794281
-23.90133833885193
-20.61646505196889
-20.275522708892822
-21.180470645427704
-21.258109132448833
-19.038005073865254
-20.244899034500122
-19.751381675402325
-22.570882499217987
-22.12767155965169
-24.528597464164097
-20.693627675374348
-21.856183369954426
-18.199309239784878
-19.92932476600011
-22.459522048632305
-21.60325115919113
-19.639998495578766
-21.57224017381668
-20.2635364929835
-21.614437123139698
-20.56469299395879
-18.589498043060303
-20.815760642290115
-21.062110523382824
-22.44658037026723
-23.627392848332722
-22.925807406504948
-20.755180795987446
-24.51196227471034
-20.15880678097407
-22.9254323442777
-22.106480320294697
-22.25682845711708
-25.77903523047765
-22.885212550560635
-19.823672115802765
-19.056269943714142
-23.39900275071462
-25.016655683517456
-19.81098163127899
-22.306489527225494
-18.47772443294525
-19.859024733304977
-17.849819262822468
-20.049588958422344
-22.232873171567917
-22.255074391762417
-22.048326472441357
-20.587929904460907
-20.984396020571392
-20.57822557290395
-23.16959273815155
-22.03096764286359
-22.98256003856659
-23.764179249604542
-22.16690769791603
-24.609411120414734
-22.469264914592106
-21.86470651626587
-23.028381486733753
-23.72047307093938
-20.915275504191715
-22.256415098905563
-21.90884619951248
-21.559577584266663
-20.48942415912946
-22.65321014324824
-22.069805016120274
-21.641783624887466
-22.636002163092297
-22.930681347846985
-22.4810265203317
-21.490531901518505
-19.051305691401165
-21.529226173957188
-21.86560720205307
-20.214324047168095
-21.550118843714397
-24.319298942883808
-23.386735061804455
-20.245988190174103
-22.403526057799656
-24.31426700949669
-19.139704396327335
-21.067974766095478
-23.834488719701767
-21.102234373490017
-22.85588715473811
-21.790931006272633
-18.693857073783875
-20.64916588862737
-21.727422018845875
-23.48994865020116
-17.937219699223835
-23.7509667078654
-22.75212407608827
-19.86703794201215
-21.074311554431915
-24.3551203807195
-22.74742978811264
-19.407502472400665
-22.425516953070957
-17.075470407803852
-22.571801433960598
-19.44092144568761
-21.850892682870228
-20.436744580666225
-22.938085049390793
-22.38930269082387
-24.70878028869629
-23.282379627227783
-25.585512558619182
-22.022027959426243
-21.96952689687411
-22.583873351414997
-20.278383036454517
-18.793869217236836
-25.258588035901386
-17.695697247982025
-20.521253685156505
-25.08993762731552
-21.290713051954906
-18.263397584358852
-23.218308607737224
-23.423401822646458
-24.887922763824463
-21.94075693686803
-17.77056536078453
-21.845932642618816
-24.84304119149844
-20.707500120004017
-23.50242308775584
-24.874330898125965
-19.83646497130394
-21.86171454191208
-25.084224224090576
-23.220898300409317
-21.58385306596756
-20.1460915406545
-24.024623036384583
-26.762953062852223
-20.089921186367672
-23.270995557308197
-21.858717838923138
-20.49218185742696
-21.236084640026093
-22.58557383219401
-20.521714339653652
-23.059299051761627
-20.114029784997303
-20.105127543210983
-24.844971120357513
-21.95089687903722
-23.45798471570015
-21.907053609689076
-22.47311456998189
-22.33837894598643
-24.374634782473247
-23.68390761812528
-18.556640962759655
-22.715430577596027
