-3.4345888098080954
-12.800399363040924
-20.572983185450237
-28.356561183929443
-34.73338673512141
-39.050984938939415
-42.82410820325216
-45.659590005874634
-46.887073953946434
-48.169065833091736
-48.87729632854462
-49.288345297177635
-49.62066847085953
-50.38483063379923
-50.51660041014353
-50.798824191093445
-51.12564627329508
-51.51256497701009
-50.686344146728516
-51.380012571811676
-51.0054802497228
-51.13420259952545
-50.88115539153417
-51.28676549593607
-51.5315762758255
-51.66326264540354
-51.83903378248215
-52.08709035317103
-51.24721693992615
-51.65197741985321
-51.563226799170174
-51.82007437944412
-51.87825793027878
-52.68587545553843
-52.441455245018005
-52.577893137931824
-52.57415044307709
-51.65082383155823
-51.64864897727966
-51.665358463923134
-51.84496659040451
-51.387016336123146
-51.9288841287295
-52.30430885155996
-52.200700322786965
-51.752769231796265
-51.55298447608948
-52.29999283949534
-52.38795864582062
-52.24370857079824
-52.309278547763824
-52.20732915401459
-52.336843848228455
-52.95111878712972
-52.82151679197947
-52.62228190898895
-52.7253083785375
-52.79756351312002
-52.22985637187958
-53.199538151423134
-53.26115373770396
-53.197929660479225
-52.53640510638555
-52.59468233585358
-53.24340160687765
-52.720198114713035
-52.97474616765976
-53.01486428578695
-53.14326934019724
-52.79872198899587
-53.05202172199885
-52.83402248223623
-52.040991266568504
-52.72717706362406
-52.690184672673546
-53.03309770425161
-52.07628711064657
-52.717690666516624
-51.767330288887024
-52.21136784553528
-51.264660040537514
-51.347966372966766
-51.349908788998924
-51.72334096829096
-51.80172459284464
-52.52722152074178
-52.29855354626974
-52.11795155207316
-52.52964266141256
-51.82822694381078
-51.307331124941506
-52.19344149033228
-52.440627654393516
-52.1743381023407
-52.33017683029175
-52.310190896193184
-53.07770359516144
-52.45826425155004
-52.65829735994339
-52.73530697822571
-52.91070433457693
-52.60711499055227
-52.66004858414332
-53.10576210419337
-52.750813682874046
-52.94552870591482
-53.45795718828837
-52.84063637256622
-53.39373834927877
-53.39361449082693
-52.37240318457285
-52.736854235331215
-52.2343877752622
-52.106220285097756
-51.94532799720764
-52.347033977508545
-52.77632164955139
-52.482057293256126
-52.58129050334295
-52.60943172375361
-52.06326758861542
-51.90673327445984
-52.192567229270935
-52.31046406428019
-51.92281327644984
-51.55561900138855
-50.98012034098307
-52.255388021469116
-52.144929031531014
-52.11358577013016
-52.23173062006632
-52.44060311714808
-52.35081128279368
-52.91148853302002
-52.84741985797882
-53.2849098443985
-53.09731161594391
-53.51915786663691
-53.710513750712074
-53.52464032173157
-53.220487554868065
-53.469517985979714
-53.95015255610148
-53.634549935658775
-53.80864143371582
-53.814563711484276
-53.56928509473801
-53.54608807961146
-53.48401749134064
-53.49684820572535
-53.41658369700114
-53.377443273862205
-53.631419599056244
-53.715898752212524
-53.95253054300944
-54.006920417149864
-54.07765062650045
-54.15113969643911
-53.49984880288442
-53.94110902150472
-53.90842310587565
-53.844146052996315
-53.967908342679344
-53.34232676029205
-53.40799671411514
-53.239949544270836
-53.503833731015526
-53.21948132912318
-53.48035212357839
-53.397735714912415
-53.57142802079519
-53.88223512967428
-53.49987377723058
-53.854797879854836
-53.47868331273397
-53.92422660191854
-54.095877369244896
-53.65662634372711
-54.03111859162649
-53.58805954456329
-53.741869966189064
-53.33746540546417
-53.83667131265005
-53.64797047773997
-53.76524184147517
-53.88732107480367
-53.83115549882253
-53.7029998699824
-54.3001180489858
-54.160297314325966
-54.08097835381826
-53.86225235462189
-53.87567285696665
-53.40914670626322
-53.81001468499502
-53.45016014575958
-53.62393840154012
-53.81880827744802
-53.851569732030235
-54.123902340730034
