0.04545918200165033
-11.175871342420578
-24.01830580830574
-33.42373934388161
-44.30025073885918
-51.758235424757004
-61.29053568840027
-70.86941939592361
-77.86861079931259
-85.40279912948608
-94.60906565189362
-99.03973591327667
-106.85751461982727
-102.74612402915955
-111.77555578947067
-109.56848067045212
-117.28858977556229
-114.67826491594315
-118.86607068777084
-123.89437294006348
-123.61475139856339
-124.71737229824066
-124.32457852363586
-122.98486506938934
-127.99389731884003
-126.24357062578201
-131.04051196575165
-131.60183012485504
-119.15463721752167
-132.36001861095428
-130.56348621845245
-130.6099236011505
-131.0582810640335
-134.75133228302002
-132.99454867839813
-134.76224154233932
-137.72807931900024
-134.90206742286682
-137.83534866571426
-136.28132820129395
-135.32230055332184
-134.51366555690765
-137.85840618610382
-134.94802129268646
-141.5165336728096
-138.37131261825562
-139.43962424993515
-135.37086337804794
-139.24066877365112
-139.10104435682297
-136.645312666893
-139.27078759670258
-133.23580145835876
-139.5816360116005
-136.67964208126068
-139.28926181793213
-139.093701004982
-141.36270606517792
-140.03886795043945
-138.14527034759521
-141.2260330915451
-142.21239936351776
-139.93448960781097
-139.32578718662262
-138.8558630347252
-143.27706450223923
-138.68859779834747
-144.76752316951752
-141.33756339550018
-141.45944893360138
-138.75476855039597
-139.80041551589966
-145.41158246994019
-143.00323504209518
-144.9857486486435
-139.7834724187851
-141.46825289726257
-141.69822371006012
-142.48973429203033
-143.27368998527527
-140.11546444892883
-138.98134469985962
-140.89851355552673
-141.29384577274323
-142.32930874824524
-142.92334461212158
-140.67408299446106
-146.44209951162338
-141.43785202503204
-146.94290804862976
-142.11575722694397
-142.02322494983673
-144.9419202208519
-140.18784028291702
-141.6062958240509
-139.1357867717743
-140.12471163272858
-148.29547488689423
-141.71254777908325
-145.56659871339798
-145.8003368973732
-143.6680954694748
-146.69863331317902
-146.17245042324066
-143.47207129001617
-146.54118943214417
-137.33803552389145
-147.9038496017456
-144.93430489301682
-140.34648287296295
-145.7724643945694
-143.12944197654724
-144.39489591121674
-145.41076654195786
-144.99493539333344
-146.6904135942459
-144.0206972360611
-146.44777071475983
-147.61043787002563
-143.6245994567871
-144.30016767978668
-145.64564299583435
-147.21739226579666
-146.7347356081009
-149.4762737751007
-140.73855137825012
-146.87171077728271
-143.97283953428268
-147.70595180988312
-143.5896052122116
-145.54068040847778
-145.28754127025604
-143.22217571735382
-145.6580934524536
-147.4972757101059
-145.29215478897095
-146.43673050403595
-143.64998388290405
-144.12501513957977
-145.77655410766602
-145.81814628839493
-145.66053116321564
-145.9420867562294
-145.33875334262848
-146.44897949695587
-146.1179141998291
-142.17887580394745
-144.0631758570671
-143.37332385778427
-150.64884287118912
-148.35532975196838
-145.30114006996155
-147.46379244327545
-151.04217052459717
-148.30353343486786
-145.3892401456833
-149.2302463054657
-145.53711450099945
-148.19058281183243
-150.59608960151672
-146.4729637503624
-146.52835619449615
-149.34425461292267
-148.0483192205429
-147.2740740776062
-148.4673637151718
-145.75022280216217
-149.15175604820251
-145.9982649087906
-146.85278326272964
-148.2448369860649
-147.5416178703308
-146.23379611968994
-149.24376451969147
-146.66707402467728
-147.75224816799164
-147.56409114599228
-146.73270082473755
-147.4742282629013
-147.5101391673088
-144.32105946540833
-147.397913813591
-145.91948252916336
-148.90693736076355
-147.0869344472885
-146.82732832431793
-147.4056802392006
-147.88732957839966
-143.46600723266602
-147.94195646047592
-146.54332494735718
-146.694362282753
-148.65442276000977
-146.71389418840408
-148.91975045204163
-147.25620424747467
-148.8861664533615
-148.48727840185165
-146.0143719315529
-147.53500986099243
