656.9900465011597
576.7960107326508
545.7403814792633
517.0807600021362
487.28423857688904
476.35519552230835
461.60773038864136
449.04082775115967
455.95743918418884
444.67720460891724
424.5338969230652
415.8076982498169
412.32991099357605
422.51801085472107
409.9871299266815
387.93144822120667
398.82023882865906
383.639102935791
390.92104864120483
384.8927712440491
376.9422481060028
376.69541478157043
372.3130958080292
363.7863059043884
388.86362075805664
355.137469291687
354.1088762283325
359.0370409488678
348.9034974575043
344.7491548061371
349.5494303703308
346.45019340515137
339.49377274513245
353.29363322257996
332.2437187433243
355.43700551986694
334.8455619812012
334.67407608032227
337.73013937473297
338.64387798309326
340.98089718818665
331.2511876821518
331.0220025777817
334.5164307355881
330.15252554416656
329.2314133644104
324.5130126476288
326.45443773269653
321.5702323913574
314.2422522306442
317.15751254558563
328.2683161497116
320.74813961982727
313.29648089408875
312.3290522098541
319.6269941329956
318.56935000419617
321.13736748695374
305.6071755886078
298.12324237823486
310.1796360015869
308.5886570215225
300.1928185224533
306.0013997554779
309.29700338840485
308.9804434776306
315.3312038183212
299.68224906921387
310.2616317272186
303.9589204788208
311.0553584098816
304.4160416126251
301.2848525047302
298.36022412776947
292.80977833271027
292.48070752620697
294.4201179742813
297.18573105335236
302.2688616514206
300.75659453868866
288.2860116958618
304.1403183937073
292.00299680233
289.20349752902985
294.82634937763214
289.6759903430939
296.247554898262
281.62918770313263
281.2565402984619
284.80123364925385
291.1233458518982
299.21219396591187
291.55405509471893
283.4082330465317
280.35831439495087
284.0275526046753
286.72672295570374
286.9176903963089
276.6896402835846
278.5647838115692
289.7458781003952
277.5628443956375
277.54910457134247
290.1714903116226
287.07406651973724
268.3304077386856
273.6534413099289
282.67534840106964
275.4221314191818
282.02429831027985
284.0387942790985
288.3213484287262
270.18238294124603
276.3697763681412
270.67349100112915
264.808842420578
283.53797566890717
275.29849314689636
278.96883940696716
281.52789175510406
271.9563715457916
272.86847829818726
272.8878792524338
270.3452260494232
284.91425478458405
284.0787042379379
267.24413561820984
274.32532274723053
274.7670319080353
271.94982397556305
262.1862282752991
270.29264402389526
273.0810023546219
271.8280996084213
280.0830948352814
280.2266981601715
271.00665152072906
261.3829723596573
277.4936013221741
265.55449986457825
270.02721560001373
263.7317771911621
263.8392379283905
272.22480177879333
273.1870528459549
268.29243183135986
259.9407340288162
266.3359775543213
274.84149289131165
257.92120146751404
270.4658625125885
268.1423615217209
264.0493847131729
265.549382686615
259.40899074077606
254.25385701656342
262.2498505115509
259.1829283237457
270.4216412305832
261.1728860139847
268.7709484100342
256.05784356594086
259.1502710580826
253.07571744918823
260.9968671798706
257.27234733104706
255.55740773677826
265.9610334634781
255.98382580280304
263.4717479944229
256.61225152015686
262.68688571453094
259.68096673488617
247.6766313314438
263.26776599884033
261.79589235782623
267.20601868629456
255.97042846679688
265.1331788301468
263.4047008752823
256.6325993537903
258.81201350688934
258.1853405237198
254.6771523952484
266.1126147508621
262.8303278684616
257.53803765773773
264.79663372039795
247.0617641210556
253.17715442180634
250.15213668346405
252.7413682937622
254.96828758716583
259.7227905988693
254.3008383512497
248.25745117664337
249.9491217136383
254.83806145191193
259.030641913414
259.8372219800949
