-2.981797824303309
-11.68660200635592
-19.070151408513386
-26.043040891488392
-30.331737260023754
-35.008943597475685
-37.59879704316457
-39.392195423444115
-41.71631566683451
-41.748912413915
-41.17518011728922
-43.92378795146942
-44.10611049334208
-43.807319482167564
-43.344472328821816
-44.61105692386627
-44.89700758457184
-46.74076954523722
-46.063120563824974
-45.56313476959864
-48.13569517930349
-46.27876269817352
-46.227456629276276
-46.39448775847753
-45.2540096839269
-47.18056607246399
-44.56966112057368
-45.85925738016764
-45.86784319082896
-47.72357243299484
-47.56401892503103
-45.2024755080541
-47.48777198791504
-47.253055691719055
-46.311214009920754
-46.532526353995
-46.842603286107384
-46.45098012685776
-47.36990336577097
-46.056177258491516
-47.537506461143494
-47.47973610957464
-46.06904345750809
-47.54266866048177
-47.35354574521383
-47.264853278795876
-48.0449652671814
-47.36833310127258
-46.734283447265625
-47.71996009349823
-47.85697519779205
-49.07444445292155
-47.80588046709696
-48.41659994920095
-48.400886257489525
-48.07852307955424
-49.23372940222422
-49.46748983860016
-49.375463247299194
-48.81423528989156
-49.13212390740713
-48.7450150847435
-49.44383557637533
-48.43171679973602
-48.61181789636612
-48.28218082586924
-49.325073421001434
-48.38237988948822
-48.065380255381264
-48.58942178885142
-49.28915540377299
-48.93803711732229
-49.92931866645813
-48.77943627039591
-48.67769827445348
-48.93247000376383
-49.95721145470937
-50.58616820971171
-49.00823203722636
-50.33207857608795
-48.95919895172119
-48.35032828648885
-48.11411060889562
-50.09669780731201
-49.595797538757324
-48.82110172510147
-49.01262400547663
-49.249852776527405
-50.30269499619802
-50.42851732174555
-50.32458649079005
-49.25215897957484
-48.68103098869324
-49.287428299585976
-51.23642532030741
-48.93622477849325
-49.565969387690224
-48.44717164834341
-50.091855684916176
-49.907616317272186
-49.74685458342234
-49.57655334472656
-49.921222448349
-49.76067445675532
-50.56572423378626
-50.23325530687968
-50.10986763238907
-48.85964194933573
-49.55897331237793
-50.79716034730276
-49.789248744646706
-50.27799781163534
-48.76005389293035
-49.2621933221817
-50.33308641115824
-48.789257844289146
-50.34839874505997
-49.82559851805369
-50.068232238292694
-49.73396191994349
-50.0189342101415
-49.82498598098755
-50.88580689827601
-50.91142282883326
-51.11397020022074
-50.63490213950475
-50.673060735066734
-50.58589116732279
-51.34590337673823
-51.119091908137
-49.687082409858704
-49.76196277141571
-49.59797875086466
-49.580316841602325
-50.88145317633947
-50.43555438518524
-50.98176956176758
-49.43405169248581
-50.160104076067604
-50.539844274520874
-50.3853235244751
-50.660109877586365
-50.78538099924723
-50.06328205267588
-50.66727668046951
-49.597782373428345
-49.790953040122986
-50.54394898811976
-50.35251712799072
-50.741109569867454
-50.33220114310583
-50.08003075917562
-51.01140654087067
-51.44697527090708
-50.815756698449455
-51.17953586578369
-51.31328010559082
-51.29824721813202
-50.35112325350443
-51.01134483019511
-50.42064674695333
-50.89877172311147
-51.42677307128906
-51.132946729660034
-50.93541423479716
-51.132720152537026
-51.26129802068075
-50.47659544150034
-49.65965982278188
-51.003750721613564
-50.577273527781166
-49.16783734162649
-49.97011276086172
-50.94121595223745
-50.422988494237266
-50.712716480096184
-50.00981994469961
-50.92238064606985
-50.29717222849528
-50.48321179548899
-50.6454722682635
-50.88135520617167
-50.110734264055885
-50.757625659306846
-50.46560893456141
-51.17229012648264
-50.37742157777151
-51.40440833568573
-50.835148533185325
-50.279452880223594
-50.680915435155235
-50.7981421550115
-50.60844498872757
-50.98030436038971
-51.052839040756226
-50.883462150891624
-49.92416755358378
-50.083397587140404
-50.30126094818115
-50.1404382387797
