406.9682366847992
238.4571487903595
179.506573677063
164.125233232975
150.0394856929779
136.61648321151733
128.6030530333519
125.03370052576065
118.93305736780167
117.418876349926
109.00757551193237
101.0728572010994
99.09179413318634
95.02828139066696
96.66498255729675
90.14240390062332
103.49511569738388
88.65884536504745
86.50432205200195
85.48424082994461
86.97016656398773
85.88438802957535
83.51020884513855
82.23841887712479
88.25710660219193
81.92884975671768
84.23446077108383
81.57332676649094
82.39109814167023
83.72586566209793
80.34377366304398
80.61897811293602
78.03477302193642
77.8983166217804
78.00944903492928
77.7791206240654
80.38691711425781
77.00139519572258
75.59484112262726
76.46111488342285
73.65448379516602
72.59409472346306
75.14517414569855
75.5047616660595
74.26526129245758
74.12367260456085
68.8413699567318
74.45491921901703
74.99115514755249
69.38968867063522
70.61028671264648
68.392493724823
69.16920176148415
65.9531561434269
66.89870083332062
81.49361765384674
67.22875881195068
65.73356574773788
67.10879725217819
65.4361247420311
64.62276542186737
62.88909977674484
64.32959544658661
62.647469252347946
63.466610580682755
65.24595811963081
60.233455657958984
61.58674776554108
63.06060582399368
60.887618362903595
64.20199337601662
61.05237537622452
61.33561319112778
60.8123414516449
58.786618918180466
57.861865282058716
61.80835783481598
60.99463587999344
59.58298981189728
61.44327539205551
57.30407273769379
56.42643138766289
58.793544232845306
56.46433174610138
57.42307734489441
56.23159584403038
58.49526211619377
56.60508435964584
57.584177792072296
55.516465187072754
56.19352424144745
56.83626899123192
55.76026648283005
56.187868148088455
54.924096435308456
56.15239542722702
56.00509524345398
56.266182124614716
53.94721406698227
54.4104143679142
55.22312396764755
52.08988496661186
54.281865417957306
52.33409422636032
55.83638954162598
52.23451575636864
51.61748281121254
54.94363337755203
54.993823021650314
52.0872760117054
50.289766520261765
51.622010707855225
50.59948170185089
49.56558007001877
50.47185444831848
52.5882003903389
49.1126594543457
58.58182603120804
50.39188343286514
49.74096429347992
47.65541207790375
53.39659866690636
50.45006614923477
48.367153108119965
47.57059082388878
47.781991720199585
47.718429923057556
48.25596025586128
49.77469938993454
48.02542534470558
46.210957646369934
47.074184268713
45.6710450053215
45.50847890973091
47.13569617271423
46.572469145059586
48.63689789175987
45.09583592414856
47.016882956027985
47.65733605623245
57.485002249479294
44.56215354800224
43.772199273109436
45.280280977487564
44.1632604598999
45.676585257053375
41.94194941222668
43.121728390455246
42.70510649681091
43.7621865272522
41.61818213760853
42.0449074357748
42.97644284367561
42.27100259065628
40.71948027610779
41.01369786262512
43.99352729320526
40.65565909445286
43.9057999253273
40.2030885219574
42.61817491054535
41.15898089110851
40.85743506252766
38.91156014800072
38.183057337999344
39.67791295051575
40.54338589310646
39.85199773311615
42.33159279823303
40.16192193329334
40.056800693273544
39.531453877687454
39.02631890773773
37.28476847708225
38.31624247133732
37.3934505879879
37.28668490052223
38.28561243414879
36.296241506934166
37.48117291927338
36.51840056478977
43.77626883983612
35.47440056502819
36.492711424827576
36.23081113398075
35.685113966464996
36.42141845822334
35.920509189367294
35.03622457385063
37.76218456029892
36.109456956386566
35.90325886011124
35.539873749017715
35.18960392475128
35.88093416392803
35.067630246281624
39.95494568347931
35.165100902318954
35.45438262820244
34.79058240354061
