70.14078279336293
76.33934672673543
61.39295279979706
58.16847054163615
46.970573822657265
60.57346030076345
39.64656776189804
45.78267790873846
36.32553517818451
57.74008125066757
45.52659145991007
33.690956046183906
26.58110722899437
33.53499296307564
32.842724760373436
47.926522056261696
38.727264761924744
34.98037584622701
31.477552970250446
48.95266149441401
25.986964722474415
38.40885225931803
19.776173134644825
23.89567134777705
35.59236637751261
45.520700454711914
22.5646846195062
23.908338983853657
37.92050977547964
48.9548531572024
22.883969207604725
34.40961347023646
38.37062057852745
36.37003799279531
31.76758058865865
32.06744862596194
23.130867431561153
44.4199245373408
50.122261007626854
46.99877413113912
28.553038954734802
36.15506720542908
28.60856741666794
34.676570961872734
26.549444417158764
43.39203584194183
53.40087119738261
26.380600035190582
25.6082906126976
44.92620897293091
27.780730684598286
39.55512418349584
35.44928846756617
41.23085947831472
40.23068838318189
29.619203637043636
37.40191956361135
27.942178299029667
31.79932102560997
49.80173901716868
40.957762241363525
47.89030532042185
45.756918708483376
32.831265250841774
27.29882298906644
24.48101454973221
27.00013466676076
32.78366861740748
50.10257891813914
33.34052689870199
46.32066442569097
33.302775144577026
34.06199331084887
24.90098895629247
36.67111829916636
36.31650276978811
36.57744199037552
33.58185434341431
50.123367647329964
26.027515073617298
40.49280089139938
25.043330003817875
28.269614577293396
25.042662521203358
35.61929315328598
33.0577240784963
27.02712557713191
40.52752485871315
25.968747953573864
44.08836603164673
49.977259715398155
30.640415330727894
26.456102907657623
32.42868812878927
37.84987394014994
35.90803555647532
56.21029325326284
24.655333777268726
31.223369081815083
34.41695465644201
31.282606303691864
26.846178094546
44.994334042072296
25.584322929382324
31.353212773799896
28.508005440235138
35.390913685162865
29.929588675498962
27.798032581806183
27.15552455186844
23.960269570350647
23.836786429087322
21.74213369687398
50.4833679596583
27.495995034774143
40.23415128389994
29.72170078754425
49.211804707845054
44.17806375026703
39.485246221224465
37.16648111740748
38.19836616516113
35.71395687262217
26.20681760708491
31.54666903614998
29.933575809001923
36.61269450187683
25.836824893951416
36.21894911924998
32.63152309258779
59.97890027364095
34.29728706677755
24.747819592555363
30.34555721282959
38.24881553649902
30.000644862651825
27.414811233679455
42.53604515393575
31.18176354964574
29.793722530206043
36.44380307197571
24.574152787526447
46.62504754463831
32.04884741703669
27.41319437821706
25.096898863712948
62.54124188423157
35.96293729543686
27.475107421477635
42.190669536590576
35.25540900230408
54.03378415107727
31.543406665325165
39.06433800856272
42.09314878781637
32.44327642520269
39.52226702372233
28.412652373313904
42.847236355145775
26.8364356358846
39.688079158465065
35.435228864351906
36.69337775309881
30.051673730214436
48.332799355189
39.966392904520035
48.23819830020269
45.24325736363729
30.401030957698822
31.063603937625885
34.221266090869904
29.629044632116955
45.935954888661705
37.51409069697062
37.124671856562294
34.3916357755661
37.02161582310995
24.610116600990295
32.547417203585304
21.78499846657117
34.284480373064675
22.80354102452596
27.55381739139557
26.696246325969696
33.532910267512
38.90517167250315
37.67986132701238
35.61756841341654
37.830085933208466
33.866174499193825
37.920439233382545
35.200540681680046
26.080923070510227
37.61180971066157
41.521354715029396
30.131472806135815
31.166859845320385
30.453677356243134
25.94644312063853
39.34484541416168
