886.3772592544556
869.17516040802
893.3028559684753
844.1737570762634
860.9347310066223
868.2825150489807
835.5298361778259
845.805935382843
859.7408571243286
840.1261096000671
847.3213453292847
848.2067379951477
847.1214933395386
835.5982532501221
827.5204453468323
841.4903411865234
839.4582977294922
835.8351745605469
826.6341662406921
839.3744082450867
830.7498278617859
827.3661241531372
829.1214370727539
846.6354823112488
843.566303730011
832.5439829826355
865.0332279205322
832.0833563804626
816.6405997276306
839.3692507743835
809.6410255432129
817.160053730011
844.7410788536072
824.5171051025391
852.29532289505
850.2351551055908
817.5710396766663
847.1660571098328
814.7019548416138
825.9648232460022
844.0045275688171
834.9165000915527
824.7288031578064
828.9014387130737
829.8938488960266
822.7555065155029
830.1076421737671
840.0560002326965
832.4862837791443
823.8940181732178
834.1733407974243
812.922224521637
834.825357913971
839.0772895812988
835.8004422187805
833.1833481788635
817.4455680847168
830.6397480964661
830.663601398468
828.4484677314758
849.2939167022705
810.4180307388306
822.4200291633606
839.0718903541565
819.7970523834229
826.8558568954468
795.9816255569458
818.1743025779724
825.9438710212708
827.563639163971
833.8377828598022
842.2634782791138
828.7700037956238
825.7898721694946
803.1131987571716
821.9764866828918
820.1845879554749
809.4329538345337
807.6480660438538
828.8797612190247
819.5937352180481
841.7172698974609
824.2711582183838
824.9325232505798
836.0280961990356
811.9780044555664
810.9585175514221
795.0063800811768
830.9769177436829
818.4695677757263
831.3401970863342
813.5360441207886
841.7608666419983
825.8322601318359
815.5220732688904
816.1910133361816
801.5674080848694
821.6459250450134
796.7812752723694
827.5847525596619
818.5418529510498
829.9913573265076
804.3205304145813
807.5306529998779
818.1666469573975
826.3648495674133
826.7108030319214
815.556402683258
831.0877227783203
818.4457950592041
843.6819438934326
812.9310083389282
820.4705052375793
822.3666009902954
816.7815437316895
828.2789158821106
816.2101120948792
796.219030380249
825.926383972168
822.8811392784119
806.0420780181885
823.7973961830139
798.5054016113281
803.1630811691284
829.9824929237366
824.0385885238647
813.6990685462952
812.4091367721558
829.5631260871887
818.4321761131287
820.2452688217163
806.3621635437012
819.4556922912598
831.1655683517456
827.6659021377563
813.4519128799438
817.6645994186401
828.6563782691956
831.2872524261475
823.4246883392334
825.0869250297546
819.452871799469
825.7092061042786
824.0663905143738
822.1236357688904
816.4625058174133
813.199116230011
799.0690970420837
830.3248200416565
796.9255232810974
842.1308345794678
816.6244826316833
807.6231651306152
833.171905040741
828.0372400283813
814.6593251228333
827.570972442627
810.8536758422852
810.7051568031311
824.8757104873657
819.2048296928406
818.6170392036438
822.9049119949341
806.4927926063538
816.4807181358337
823.1344194412231
807.82648229599
827.1408071517944
828.9448742866516
824.2458543777466
834.3264532089233
813.5076780319214
807.989990234375
822.4411425590515
817.0547285079956
814.4354586601257
796.6695837974548
812.7792658805847
808.8143796920776
815.2137532234192
819.1508374214172
813.4775390625
817.9107074737549
815.9948682785034
816.3516201972961
815.7174124717712
832.4980492591858
811.8166723251343
790.2331409454346
815.3522796630859
819.8191328048706
827.2749013900757
817.0138716697693
805.3564567565918
808.603084564209
822.6762909889221
807.7225270271301
804.0453310012817
810.5877437591553
820.4332747459412
