866.8845181465149
883.5156688690186
902.3493819236755
1011.0653185844421
911.5308079719543
941.6665539741516
933.7319464683533
924.3872542381287
894.4139685630798
912.6403894424438
849.6902360916138
909.0548191070557
857.4996137619019
830.7587728500366
860.1433010101318
883.0235333442688
884.877724647522
869.0951390266418
853.4028091430664
920.7040143013
846.1132078170776
847.9271063804626
853.2567076683044
841.4884071350098
872.5730471611023
848.987208366394
841.0090041160583
845.0428714752197
837.4634847640991
849.0056624412537
850.931010723114
837.6327948570251
824.5796394348145
819.7144522666931
827.483537197113
824.0905661582947
846.4441723823547
852.5793867111206
832.8311896324158
858.2332639694214
857.7172751426697
847.0201168060303
835.2595524787903
849.270224571228
814.3080530166626
824.6368551254272
836.2112669944763
854.1711916923523
848.6218338012695
826.9784274101257
836.5353817939758
839.9496273994446
840.01216173172
833.4311485290527
844.073025226593
827.2234878540039
850.0560941696167
819.7940707206726
844.1322555541992
816.9924359321594
835.0648579597473
842.2552585601807
839.2491784095764
839.2876982688904
829.6076898574829
830.7365312576294
834.4174342155457
840.4093675613403
832.5136828422546
827.7273888587952
819.0485744476318
827.1008367538452
830.2602710723877
850.2826199531555
828.7682309150696
819.567786693573
811.5483226776123
840.5898790359497
819.9446043968201
840.1705927848816
823.2806015014648
827.0566759109497
828.4794125556946
826.0595917701721
801.4752988815308
826.8098425865173
836.8408007621765
816.2510495185852
820.8238725662231
817.1317682266235
851.0673613548279
823.2885794639587
824.4978451728821
814.8233971595764
839.050051689148
837.9436130523682
824.8251028060913
834.344907283783
818.7505693435669
822.0850353240967
830.2659120559692
811.4166460037231
817.0626258850098
847.534574508667
831.9299216270447
837.2413911819458
826.0719213485718
827.5314049720764
819.8928685188293
830.519031047821
825.3489890098572
832.9072623252869
833.3759474754333
825.8266997337341
830.7409634590149
822.5616178512573
826.2159276008606
818.636218547821
813.1944422721863
796.5002737045288
802.6153416633606
831.6407809257507
840.2901816368103
846.1954855918884
825.2208580970764
815.8048477172852
808.3352990150452
810.5841174125671
821.8185391426086
828.1103310585022
817.2478919029236
786.2567310333252
819.9363040924072
832.1745791435242
822.1938257217407
811.2839217185974
836.0550117492676
831.3709001541138
809.5552825927734
828.936815738678
805.4874081611633
834.5717554092407
807.9309210777283
835.2164392471313
816.9231324195862
805.9210386276245
831.1356711387634
826.680986404419
816.8625321388245
813.0409269332886
817.1244349479675
805.1705460548401
815.82169008255
809.671245098114
817.6947383880615
815.0031833648682
816.8020124435425
822.2489461898804
808.4843821525574
825.9971380233765
815.8503785133362
812.668219089508
818.3156495094299
819.1533355712891
812.667010307312
816.5968418121338
831.7947797775269
825.0699214935303
816.5953106880188
825.7733521461487
823.6473460197449
819.1772694587708
819.1129622459412
812.1863985061646
814.6156477928162
832.4542107582092
822.1208958625793
822.945285320282
813.6130838394165
835.6071982383728
833.508994102478
821.1854596138
820.3859710693359
832.6979818344116
804.9797196388245
798.7006602287292
815.0078573226929
811.8348846435547
808.3562512397766
827.3929591178894
832.3566217422485
821.8539161682129
799.7354583740234
823.2979273796082
821.3359932899475
822.2178401947021
811.9530229568481
810.3015041351318
831.6658430099487
816.7699394226074
