133.23294297854105
106.33920375506084
99.05863614877065
91.63686374823253
87.3421078523
74.67946042617162
68.43029342095058
60.42520924409231
67.92231686909993
59.44331816832224
60.49730314811071
58.86151363452276
56.42247066895167
53.40230652689934
52.40616124868393
50.240849047899246
46.020969470342
48.23453618089358
51.26070125897726
46.113935738801956
43.62843454877535
42.10302205880483
40.38773260513941
42.76458449165026
41.18134588996569
40.67615217963854
41.90934077898661
36.01802250246207
37.28026956319809
43.439882814884186
38.416824181874595
37.389824559291206
39.005002776781716
35.848198821147285
31.7387269337972
34.41259024043878
31.207680217921734
31.59144400556882
33.957200994094215
32.43511877208948
32.56448521216711
29.907223240782816
30.849775291979313
29.672845130165417
35.56943946580092
31.899148284147184
33.36949140826861
31.963032985726993
30.057843290269375
31.322993906835716
29.80865507821242
25.80971569319566
27.593984585255384
26.68842702358961
26.102387661735218
27.23641836643219
25.155859703818958
26.140499896059435
26.359296534210443
28.85280766089757
28.121080294251442
25.150919521848362
27.933272168040276
27.75661602492134
28.390741045276325
26.094933574398357
22.012870330984395
27.78126344581445
20.953396973510582
22.007448540379603
21.02088424190879
25.388078659772873
23.32970556616783
20.233823453386623
21.45840643097957
23.05332890835901
20.940740772833426
24.271108612418175
24.558150202035904
20.841923316319782
18.36753844904403
23.077261356016
18.56553739806016
19.765485764054272
18.795903785775106
18.290388524532318
17.828405797481537
15.98320010304451
14.77969679236412
14.2039116024971
15.415998543302218
20.08109634121259
17.21862690647443
20.361989192664623
16.510299056768417
15.69107067088286
14.555495098233223
16.095127753913403
18.81537454451124
18.628020303944748
16.360851973295212
18.265751217802364
15.261286422610283
14.570852110783258
17.272267147898674
15.441090002655983
21.5580597743392
17.55375897884369
17.091819833343227
16.795196612675984
20.451592492560547
20.061149712651968
16.583715582887333
20.835833016783
14.121115603794655
16.537415251135826
16.542312867939472
16.573693305253983
16.57033929725488
12.436813086271286
11.439449146389961
13.681400125225386
11.1623824040095
12.22036570807298
13.87382640937964
13.548635567227999
11.226315513253212
13.709674754490456
15.07608755181233
12.983567302425703
13.33286135395368
18.26864954084158
12.982372333606085
12.61239056289196
13.7663983553648
13.293235297004381
13.906414096554121
11.975612362225851
14.299661666154861
12.023829480012258
11.400026594599089
16.778581395124395
10.566974848508835
12.474998931090036
11.549590637286505
11.53777348001798
8.056640192866325
11.061570207277933
13.474786167343458
9.862059026956558
11.649493217468262
14.534000168244043
10.348745147387186
9.230127826333046
14.631865387161573
13.03009632229805
10.193366199731827
14.480654448270798
14.687176540493965
14.707454651594162
14.66432406504949
9.489490270614624
10.692336042722067
11.518147816260656
13.081220659116903
9.02568194270134
15.834449276328087
11.751058638095856
10.295637572805086
11.736422290404638
10.05342290798823
11.513069157799086
9.75177131096522
11.042846689621607
7.834250842531522
9.022053758303324
9.704135835170746
7.4113485018412275
7.47515485684077
12.533188266058763
13.303194547692934
9.438750863075256
14.189625152697166
9.979193404316902
13.777258304258188
13.046169350544611
11.922916948795319
11.628316223621368
14.956505288680395
14.718799099326134
12.26944038271904
11.669030440350374
10.451337086657682
13.976337751373649
9.48643354078134
9.481740772724152
12.226278434197107
11.435924688975016
9.957562819123268
14.95636502156655
