-3.2856197158495584
-13.158282041549683
-18.259020785490673
-28.03214563926061
-31.95704112450282
-33.00516519943873
-38.00912672281265
-38.6778157154719
-40.10666183630625
-39.98800710837046
-43.139009376366936
-42.59062115351359
-43.73676826556524
-42.88725823163986
-43.64448857307434
-44.62790381908417
-44.114951034386955
-45.6345268090566
-45.05155634880066
-44.5234382947286
-46.13140648603439
-45.59267568588257
-46.99118944009145
-46.62768852710724
-46.132231752077736
-46.43795351187388
-47.24618476629257
-47.27927819887797
-44.109234074751534
-45.44684205452601
-45.60646631320318
-47.11047067244848
-48.63883149623871
-48.16726024945577
-47.32330576578776
-46.77797641356786
-46.89960436026255
-47.2308678428332
-48.10274517536163
-47.82056442896525
-47.73562447230021
-46.82452495892843
-46.624724407990776
-47.69346276919047
-48.13641079266866
-46.532128731409706
-47.948409716288246
-47.58298377195994
-49.05854996045431
-47.970338662465416
-48.23251642783483
-48.85338934262594
-47.99742190043131
-48.680655082066856
-47.886507868766785
-49.17482056220373
-49.202421267827354
-47.009192069371544
-49.169557889302574
-48.978227059046425
-47.50807076692581
-49.275488336881004
-49.64349655310313
-48.470685839653015
-48.48098619778951
-49.0444757938385
-48.31656873226166
-49.344387571016945
-48.681995371977486
-49.54309062163035
-49.51308353741964
-48.98827616373698
-48.37260856231054
-48.82714072863261
-49.68643860022227
-47.88458249966303
-48.76582900683085
-48.728691498438515
-49.17201371987661
-50.36833175023397
-50.282588839530945
-49.25208898385366
-48.41242595513662
-48.619442800680794
-48.867413441340126
-50.29281463225683
-49.226163148880005
-49.53882638613383
-50.707184632619224
-49.28520198663076
-50.31359746058782
-49.019466598828636
-48.21201892693838
-48.917754213015236
-48.90226932366689
-48.97726966937383
-48.4222489396731
-49.34823656082153
-49.231501380602516
-50.08140925566355
-49.85382970174154
-48.025548895200096
-49.817031582196556
-50.191067695617676
-49.46928528944651
-49.03977338473002
-50.49396010239919
-49.982207457224526
-48.31384062767029
-49.9195833603541
-49.80575029055277
-49.512211998303734
-48.98921730120977
-48.30691425005595
-48.50202868382136
-48.30405046542486
-49.03491020202637
-50.04112676779429
-47.777162273724876
-49.810503820578255
-50.18625136216482
-50.35806345939636
-50.90662076075872
-50.20970364411672
-50.89394066731135
-50.2374035914739
-51.06173998117447
-50.84154470761617
-50.174625873565674
-50.2333330710729
-50.00455033779144
-50.1184072693189
-51.17496943473816
-50.52247333526611
-49.09652050336202
-50.42923255761465
-51.16291358073553
-51.02907375494639
-50.217528899510704
-51.03021661440531
-50.955587108929954
-50.815807263056435
-50.560190081596375
-50.791070421536766
-50.18020176887512
-50.17806625366211
-49.61410480737686
-51.179618994394936
-51.47691631317139
-50.72000173727671
-48.81983621915182
-49.92000397046407
-49.8081291715304
-49.01627957820892
-48.96489232778549
-49.21718764305115
-49.95093274116516
-48.795148273309074
-50.17888426780701
-50.38745252291361
-49.56583599249522
-50.37575074036916
-50.73570944865545
-51.54137341181437
-50.77818822860718
-51.3738135099411
-51.86678256591161
-51.69536133607229
-50.92818478743235
-50.02275162935257
-50.09638160467148
-51.20040901501974
-51.88016770283381
-51.55104378859202
-51.52044687668482
-50.370891292889915
-50.296406269073486
-51.428892155488334
-50.62482764323553
-51.312040984630585
-51.161404172579445
-51.52656614780426
-50.68359351158142
-51.793468713760376
-51.568328162034355
-51.69408921400706
-51.79050223032633
-49.74761096636454
-51.19153034687042
-51.68527317047119
-51.867645581563316
-50.90251386165619
-51.03585863113403
-50.51886826753616
-51.20007371902466
-50.94394691785177
-51.53226351737976
-51.85197695096334
-52.3680237531662
-52.25744887193044
