957.6696214675903
865.0796451568604
847.7715764045715
890.2473769187927
847.5768013000488
837.5782384872437
821.7181296348572
851.8396925926208
841.9960150718689
860.0650525093079
844.3418583869934
866.3785219192505
858.1538066864014
833.9929904937744
856.660638332367
850.9223074913025
831.5117635726929
826.8433661460876
831.6926779747009
827.0846390724182
823.2836637496948
862.3174166679382
834.9205293655396
831.8475632667542
838.4096388816833
811.4728140830994
831.8549771308899
827.4733834266663
813.8350968360901
838.3375148773193
844.4826412200928
818.1934013366699
838.6766991615295
842.0363078117371
813.7209877967834
845.7901406288147
841.1061096191406
815.4501104354858
821.1786098480225
826.5077276229858
827.8900103569031
804.7492451667786
816.9556083679199
836.4007234573364
835.3635077476501
816.2126908302307
827.9577827453613
858.7280588150024
815.605318069458
829.7997250556946
834.873628616333
828.4329953193665
844.670244216919
823.8082752227783
832.4410753250122
839.0580296516418
830.93195104599
832.327449798584
835.8687787055969
828.002185344696
829.3215308189392
809.5461764335632
826.5364966392517
847.0913543701172
829.8554902076721
818.4777874946594
814.9711909294128
830.6984143257141
828.0867195129395
812.6366295814514
824.1339211463928
830.4449729919434
813.9049644470215
836.9916567802429
832.2006888389587
829.9504199028015
818.5756182670593
820.8449859619141
817.3540229797363
821.6086945533752
809.2279443740845
829.2834944725037
831.4460864067078
821.4089231491089
817.8199682235718
823.9695267677307
827.6540560722351
835.4918804168701
820.6939687728882
842.392092704773
819.49840259552
814.1542959213257
816.3252687454224
822.4707174301147
811.5418758392334
814.3728437423706
814.0694394111633
834.3608632087708
844.8112688064575
825.2468872070312
838.079963684082
798.6156425476074
813.6566805839539
819.9697470664978
815.7972726821899
845.6153507232666
831.6515793800354
815.5902485847473
817.778627872467
832.182879447937
824.1202216148376
798.361798286438
812.6910247802734
818.0580983161926
832.719256401062
819.6420865058899
825.0689544677734
828.1375689506531
807.1919522285461
807.8598446846008
812.4701399803162
815.8556971549988
804.1862750053406
795.9858160018921
825.9716730117798
837.5653448104858
824.7931909561157
818.6047096252441
807.061806678772
825.4892883300781
823.3412017822266
833.6772565841675
831.8469185829163
825.4493179321289
825.4989585876465
806.3877897262573
815.0570950508118
825.235363483429
806.0614991188049
813.785617351532
821.6796097755432
811.9767150878906
824.5050978660583
803.718234539032
814.0048098564148
821.4463148117065
829.1720447540283
830.212806224823
812.7663722038269
849.1973752975464
811.7455959320068
818.8320412635803
797.3755125999451
824.2821984291077
832.1199421882629
822.8990292549133
828.5198664665222
816.1712698936462
823.7413086891174
813.8998069763184
817.3253345489502
812.1805963516235
788.9799561500549
805.9284524917603
807.1166853904724
813.8956971168518
809.132128238678
824.5094494819641
813.8183350563049
815.3347120285034
821.0038199424744
821.3704838752747
809.4442358016968
823.114917755127
808.1222310066223
819.7564373016357
814.1246404647827
810.203351020813
835.0245652198792
837.922257900238
832.5231919288635
813.6496696472168
801.0293388366699
822.1412839889526
824.2135396003723
825.7248396873474
810.623281955719
826.9366035461426
827.7330298423767
815.6946067810059
818.241672039032
799.8735818862915
823.7260780334473
820.7492504119873
810.4529242515564
803.7686810493469
820.0641932487488
805.3284130096436
832.2324395179749
811.6920871734619
