-6.090509345134099
-14.674929291009903
-20.741313060124714
-25.757555772860844
-29.176264703273773
-33.396280924479164
-36.4485733906428
-39.291792929172516
-41.09185401598612
-43.51179333527883
-44.770221730073295
-45.66634500026703
-47.150785068670906
-47.89706798394521
-48.90247416496277
-48.76310535271963
-49.6932977437973
-49.03278789917628
-50.08100934823354
-50.59079188108444
-51.01446827252706
-50.77462991078695
-50.30030715465546
-50.64051560560862
-50.74257651964823
-50.684044440587364
-51.06697873274485
-51.27190621693929
-51.227480014165245
-50.71781289577484
-51.01743092139562
-51.066724141438804
-51.242390275001526
-51.17681586742401
-51.003552973270416
-51.04864378770193
-51.08305795987447
-50.97539875904719
-50.82468116283417
-51.10992364088694
-50.661388436953224
-51.07065757115682
-51.35194820165634
-51.18838691711426
-51.63337528705597
-52.01273707548777
-52.09705332914988
-52.61051398515701
-52.16505948702494
-52.52814749876658
-52.71485284964243
-52.36227842171987
-52.72955983877182
-53.11269795894623
-53.05600400765737
-52.64978404839834
-52.359292685985565
-53.123496214548744
-52.88564246892929
-52.476430892944336
-52.69024191300074
-52.719709714253746
-52.737707455952965
-53.240134159723915
-53.22805509964625
-52.94141177336375
-52.866747299830116
-53.19684042533239
-52.799698094526924
-53.033678571383156
-52.96947159369787
-53.06099605560303
-53.46078642209371
-53.3450718720754
-53.336422284444176
-53.289081732432045
-53.61510012547175
-53.36170460780462
-53.08081579208374
-53.00310973326365
-52.97053515911102
-53.02517584959666
-53.363658467928566
-53.23001619180044
-53.3570948044459
-53.37503089507421
-53.14330259958903
-53.00098276138306
-53.342890520890556
-52.751205245653786
-52.788959980010986
-53.13767236471176
-52.99870002269745
-53.233756144841514
-53.278641064961754
-53.16014083226522
-53.51494312286377
-53.16097633043925
-53.261302510897316
-53.157572865486145
-53.63057831923167
-53.148018300533295
-53.00496665636698
-53.09632388750712
-53.1868546406428
-52.84978596369425
-53.21946847438812
-53.514281153678894
-53.63487829764684
-53.56961711247762
-53.71603947877884
-53.5597460269928
-53.17783991495768
-53.392381270726524
-53.35722064971924
-53.6119871934255
-53.71579301357269
-53.61554193496704
-53.19296234846115
-53.79827950398127
-53.591038286685944
-53.91732168197632
-54.067196210225426
-53.87754120429357
-53.74546378850937
-54.15356902281443
-53.875498592853546
-53.971016108989716
-53.573128501574196
-53.923848152160645
-54.07408551375071
-54.145363330841064
-53.79202204942703
-53.701776603857674
-53.7232258717219
-53.904826958974205
-53.76682414611181
-54.24407951037089
-54.33740448951721
-53.7775057554245
-53.885147750377655
-53.80948658784231
-54.296289602915444
-53.392433881759644
-53.90414162476858
-54.10802008708318
-53.64161137739817
-53.592605113983154
-54.18597682317098
-54.0493882894516
-54.0515722433726
-54.36560825506846
-53.83977840344111
-54.03480021158854
-54.01523905992508
-54.00401818752289
-54.153004129727684
-53.676382621129356
-54.009000857671104
-53.669029792149864
-54.06423246860504
-53.55020455519358
-53.994594057401024
-54.01859986782074
-54.2970619002978
-54.077468276023865
-53.83166937033335
-53.92791893084844
-53.75063522656759
-53.65676095088323
-53.64563453197479
-53.58804249763489
-53.67484680811564
-53.55005204677582
-53.54327309131622
-53.733090122540794
-54.00270930926005
-53.69998097419739
-53.90955819686254
-54.01925651232401
-54.458248138427734
-54.14350299040476
-53.63985820611318
-53.7417639096578
-52.922698179880776
-53.10123495260874
-52.82958189646403
-52.76938738425573
-52.284934878349304
-52.71807265281677
-53.01356041431427
-53.09211198488871
-53.12821845213572
-53.49803876876831
-53.5421191851298
-53.249593337376915
-53.735970656077065
-53.161732614040375
-53.4542865951856
-53.31472520033518
