-3.0049511094888053
-11.354924281438192
-14.757480601469675
-19.367572883764904
-16.388419936100643
-18.84179816643397
-15.476042628288269
-19.598980983098347
-20.57662969827652
-22.82166314125061
-21.301330367724102
-21.0819890499115
-19.788630336523056
-24.03830925623576
-24.62911093235016
-21.523056785265606
-23.568267424901325
-24.79045768578847
-25.19344202677409
-19.15252188841502
-19.55955915649732
-17.367908497651417
-24.84507183233897
-20.391279935836792
-23.61522023876508
-20.193767209847767
-24.222275892893474
-24.601974318424862
-26.39133323232333
-24.81879731019338
-19.601817508538563
-21.191221197446186
-22.859097093343735
-22.71788803736369
-25.449116587638855
-24.070899188518524
-21.647999862829845
-24.759682933489483
-23.34584979216258
-22.812898357709248
-24.197983741760254
-24.579965670903523
-23.692202866077423
-26.385167201360066
-27.304427047570545
-28.19271469116211
-26.011721392472584
-25.627330164114635
-22.911619792381924
-25.78471991419792
-24.17693829536438
-27.970173637072246
-23.366418063640594
-22.455235878626507
-24.803901433944702
-21.172501981258392
-24.033270279566448
-24.36831318338712
-23.808247993389767
-24.76157553990682
-21.087160408496857
-24.763401528199513
-24.386276185512543
-29.651143550872803
-29.595515966415405
-23.63999052842458
-27.954891761144
-20.606665402650833
-22.728921473026276
-27.19516869386037
-25.852320820093155
-24.31881296634674
-20.064195672671
-23.160012046496075
-23.252403388420742
-25.171114444732666
-24.840922007958095
-25.980035940806072
-25.47856632868449
-25.501665006081264
-25.242339730262756
-24.47056637207667
-27.069247126579285
-26.01980247100194
-25.742595692475636
-27.90221683184306
-25.148291011651356
-25.961724390586216
-26.190264761447906
-25.205306470394135
-27.495218525330227
-19.94074807067712
-24.26785655816396
-23.65135908126831
-24.37638372182846
-20.586800028880436
-25.72484580675761
-25.84867324431737
-27.172997673352558
-26.021906832853954
-22.948856671651203
-24.94843953847885
-25.29634180665016
-25.714148819446564
-23.15201397736867
-20.014654119809467
-20.45014774799347
-25.50858340660731
-25.134113629659016
-27.300251483917236
-24.48604044318199
-27.928637266159058
-28.941234191258747
-32.16285425424576
-34.474488496780396
-29.79051238298416
-28.599159518877666
-31.52719972531001
-28.019649902979534
-26.79772420724233
-28.098084270954132
-27.062692761421204
-31.43923991918564
-29.357245067755382
-32.122192005316414
-32.35272725423177
-31.11379059155782
-32.098072250684105
-26.332309703032177
-26.089327692985535
-26.420740962028503
-23.692698111136753
-26.8711372812589
-29.027937571207683
-28.81839644908905
-26.8103213707606
-26.22973297039668
-28.823921620845795
-23.793278733889263
-25.231656273206074
-25.752083241939545
-25.566588819026947
-25.843055307865143
-25.14679976304372
-25.388932993014652
-26.7660294175148
-33.04574038585027
-24.575283249219257
-27.530864238739014
-24.202735642592113
-26.323980937401455
-28.148801445961
-26.467638691266377
-27.21138972043991
-28.622654974460602
-27.45062620441119
-29.549604217211407
-24.518528759479523
-23.4374941388766
-26.655760149161022
-26.877100149790447
-26.082200308640797
-23.417290935913723
-26.097465107838314
-29.032399078210194
-25.754661122957867
-24.23058380683263
-23.781857550144196
-19.63328245282173
-22.672295878330868
-28.6820170879364
-25.789413193861645
-27.32290772596995
-28.21525740623474
-26.600823531548183
-26.641227851311367
-25.935930490493774
-26.159836490948994
-25.073315411806107
-23.716516494750977
-22.244129061698914
-22.757803559303284
-22.572471608718235
-22.650659203529358
-21.18520377079646
-27.825299660364788
-24.51138637463252
-21.66252052783966
-26.00109777847926
-22.628402670224506
-22.97933852672577
-23.22750798861186
-22.253194322188694
-20.839083969593048
-21.152339567740757
-24.64855017264684
-22.41806383927663
-21.75669499238332
-20.402560234069824
-23.163010358810425
