1862.715796470642
1745.7121267318726
1298.0406074523926
1428.2582006454468
1338.542869567871
1291.4100341796875
1317.9437704086304
1378.037652015686
1222.7859377861023
1238.3236241340637
1248.6641917228699
1140.9571046829224
1150.8720197677612
1292.0081396102905
1357.2477264404297
1235.4924144744873
1169.101261138916
1145.768702507019
1181.0383882522583
1183.5304136276245
1324.397539138794
1128.1133103370667
1069.1037063598633
1303.881040096283
1097.6493396759033
1337.2643003463745
1342.8108377456665
1139.7491283416748
1123.930682182312
1354.272027015686
1052.934552192688
1291.0115389823914
1149.6081171035767
1222.379867553711
1286.2573986053467
1307.8476185798645
1113.672875881195
1136.0212440490723
1117.0396566390991
1219.1830415725708
1173.3407020568848
1008.8500237464905
1517.8426609039307
1069.249888420105
1312.6307697296143
1704.4483318328857
1189.1215953826904
1086.890130519867
1049.2626748085022
1156.7537927627563
1127.3265542984009
1056.8961343765259
1274.9335269927979
1054.9812622070312
1261.210786819458
1054.6336164474487
1075.6146907806396
1118.7177686691284
1132.4530801773071
1360.8536043167114
1074.916820526123
1084.0863199234009
1011.6762371063232
1198.389892578125
1309.50244140625
1137.7480297088623
1199.9643716812134
1286.4540271759033
1274.658408164978
1079.1425619125366
1125.1929731369019
1089.3749032020569
1224.6336016654968
1140.7482271194458
1205.0836448669434
1158.6969504356384
987.9929704666138
1317.0197772979736
1164.426658630371
1100.1260538101196
1241.97704744339
1061.3976392745972
1216.9003772735596
1023.9032301902771
1283.5424737930298
1164.4011130332947
1169.8569917678833
1347.3617415428162
1100.9921865463257
1354.8839931488037
1106.5089073181152
1110.2674946784973
1120.7718925476074
1040.9663190841675
1088.5749311447144
1077.3754835128784
1010.3333606719971
1355.725305557251
1162.4274134635925
1311.5062799453735
1368.8262481689453
1022.2363195419312
1053.9270429611206
1132.2273602485657
1186.934666633606
1178.7347717285156
1062.8887929916382
1056.7752561569214
1150.6885266304016
1221.9598560333252
1118.0360960960388
1330.6111631393433
1207.853367805481
983.2428593635559
1057.2779483795166
956.6527938842773
1102.1179656982422
1207.0794248580933
1078.412296295166
961.4283699989319
1124.9973921775818
1013.5313148498535
1017.9717359542847
1119.1750106811523
929.0423550605774
1022.1504154205322
1440.7010822296143
1125.5530290603638
1153.5577726364136
1052.2702054977417
1170.1935167312622
982.5479707717896
992.5168781280518
1124.7948002815247
1142.3717021942139
1095.2167057991028
971.0714702606201
1233.7920608520508
1104.2421989440918
964.4193000793457
1246.5793647766113
982.1974239349365
1161.3141250610352
1178.589153766632
1074.6856207847595
1316.338104724884
1060.2177066802979
1167.2921977043152
1031.3531160354614
1026.1131258010864
1271.6655440330505
1088.0274333953857
1034.744153022766
1184.393967628479
1014.7500896453857
1229.8933353424072
1195.3444061279297
1092.5690698623657
1254.6469383239746
1143.4255185127258
1138.4451746940613
997.2519197463989
1148.301181793213
1141.482924938202
1010.5066194534302
1128.5885229110718
1042.4635167121887
1086.8649072647095
1140.8977131843567
1020.9028716087341
1092.6390986442566
1171.1539344787598
1354.7445802688599
1289.093201637268
1147.5672898292542
917.3183765411377
1401.9162578582764
1238.1752662658691
1163.881417274475
1357.5425081253052
1139.4025301933289
1043.4049968719482
1008.0892162322998
1082.3888673782349
1246.2454991340637
1035.0711688995361
1046.0448160171509
1078.2775573730469
1269.7834701538086
1163.533610343933
1166.3242049217224
1399.5742826461792
1181.7091817855835
1137.5437455177307
1159.10906457901
1248.2013087272644
1002.559440612793
1246.5530133247375
1039.3596863746643
1264.1297540664673
