-1.8309039883315563
-10.617303162813187
-14.067594401538372
-19.031515151262283
-18.40468729287386
-24.05444587767124
-21.283504083752632
-24.73033644258976
-27.85881082713604
-30.543775469064713
-30.740892589092255
-31.345172882080078
-32.06715330481529
-30.679179221391678
-31.70379337668419
-40.18639473617077
-38.73248913884163
-35.39096437394619
-38.828078627586365
-41.37496256828308
-42.90182572603226
-43.26565909385681
-40.760634273290634
-45.62810301780701
-50.36320507526398
-47.817298233509064
-44.009311974048615
-51.478830456733704
-49.031902730464935
-48.19437783956528
-50.75066006183624
-53.64688205718994
-52.33775079250336
-56.71308904886246
-50.42158925533295
-54.091361343860626
-55.66254651546478
-50.93954235315323
-57.07729512453079
-52.03778141736984
-62.4663987159729
-53.4133957028389
-52.05902576446533
-61.788725197315216
-65.59434425830841
-65.39687457680702
-58.57299184799194
-64.8969978094101
-61.25435784459114
-64.10019880533218
-56.90102446079254
-65.19067648053169
-66.78829872608185
-73.58547240495682
-62.5874884724617
-60.7549746632576
-60.457251608371735
-68.77198082208633
-59.65775802731514
-65.50736230611801
-66.59929051995277
-69.65441197156906
-67.55855992436409
-57.845511466264725
-58.56302946805954
-70.1903205215931
-69.57009941339493
-71.14217102527618
-68.4638269841671
-69.65236711502075
-67.85281276702881
-61.62847089767456
-69.61207437515259
-66.98124051094055
-70.9928964972496
-61.4711529314518
-56.82872921228409
-67.75997829437256
-64.05464786291122
-66.38423305749893
-64.15029275417328
-64.53771248459816
-61.00141513347626
-62.17029744386673
-60.050818741321564
-65.85815593600273
-80.01145929098129
-69.3734658062458
-59.21969032287598
-64.90112781524658
-74.45765408873558
-67.54427111148834
-62.81602889299393
-76.34823477268219
-66.49669513106346
-70.754998087883
-63.31879162788391
-80.73095163702965
-68.30518943071365
-66.04490774869919
-70.6903584599495
-69.10602274537086
-68.92414635419846
-58.913757622241974
-74.2583460509777
-60.6375817656517
-78.27068197727203
-66.55199187994003
-68.33940804004669
-66.21575903892517
-69.27937722206116
-74.21737337112427
-69.31960952281952
-65.4569057226181
-59.45791107416153
-72.45534667372704
-74.06729298830032
-65.12683767080307
-67.30663964152336
-61.00452774763107
-69.42537796497345
-56.486643850803375
-76.47294080257416
-65.74326622486115
-66.28451859951019
-71.74758958816528
-65.68235367536545
-71.35263511538506
-64.67515102028847
-65.19083261489868
-71.58851385116577
-69.48194393515587
-63.10283261537552
-70.95330888032913
-62.82475730776787
-72.23720681667328
-61.11257776618004
-67.86283054947853
-57.2766233086586
-72.03715839982033
-65.70881593227386
-66.82820868492126
-63.89059093594551
-72.39325052499771
-70.1103948354721
-65.9788880944252
-82.49557721614838
-68.24204063415527
-73.6693115234375
-78.47122901678085
-58.62079414725304
-69.12122821807861
-56.4114827811718
-68.62398558855057
-66.75850224494934
-70.59224060177803
-65.68579870462418
-72.26031470298767
-69.18145579099655
-65.85304379463196
-60.55970597267151
-72.88388514518738
-69.19368463754654
-50.304760456085205
-80.61231470108032
-66.79331517219543
-72.12716734409332
-72.02545839548111
-71.85651597380638
-74.88010331988335
-54.76203399896622
-68.555241137743
-73.89126911759377
-72.72706580162048
-70.71995347738266
-72.74232667684555
-61.93740540742874
-73.97714301943779
-73.49576061964035
-61.80026403069496
-62.88959336280823
-66.8324444591999
-67.42740201950073
-57.97533971071243
-57.64189714193344
-67.38683226704597
-67.3111826479435
-70.36039113998413
-73.20609611272812
-66.37626013159752
-69.13016313314438
-75.86433911323547
-73.60649514198303
-71.03270068764687
-62.62093648314476
-71.10388284921646
-72.87599784135818
-68.87621814012527
-72.57547444105148
-70.54285681247711
