-0.2046334866899997
-9.039018914103508
-22.74291467666626
-29.41356411576271
-40.422532856464386
-44.172633558511734
-51.607575833797455
-53.476897060871124
-56.79958748817444
-62.39553385972977
-50.29469734430313
-55.02647525072098
-58.774485766887665
-62.573804050683975
-59.19020611047745
-66.70918393135071
-66.58093717694283
-57.55279982089996
-67.63550394773483
-58.60962802171707
-54.80909591913223
-64.14395672082901
-63.10163390636444
-58.74491089582443
-64.80846458673477
-63.15041834115982
-70.52659869194031
-69.68830320239067
-65.74379003047943
-61.23187953233719
-54.30274713039398
-61.589850306510925
-64.10859480500221
-66.8438775241375
-64.23582416772842
-71.24480167031288
-72.06266874074936
-61.867064356803894
-65.80171084403992
-63.09553962945938
-70.97271990776062
-60.00097158551216
-59.60297501087189
-60.189576864242554
-60.642578065395355
-70.0816056728363
-76.20495882630348
-58.498470425605774
-61.832442820072174
-65.70121067762375
-61.29787904024124
-57.09249556064606
-61.63761231303215
-62.897531032562256
-59.03174987435341
-63.36901652812958
-61.72084200382233
-61.63457524776459
-63.20207363367081
-50.50986057519913
-67.88274523615837
-70.98127204179764
-56.38494497537613
-57.21341407299042
-59.886696338653564
-62.45517718791962
-58.84860426187515
-68.97783643007278
-66.13150691986084
-62.721446722745895
-64.831622838974
-56.915952920913696
-77.56671744585037
-71.22366309165955
-65.14292454719543
-66.89302963018417
-62.85226213932037
-74.09194710850716
-62.715881288051605
-65.29297974705696
-70.53096038103104
-64.22969967126846
-73.07857966423035
-71.99158227443695
-72.20704266428947
-64.01713532209396
-65.16705486178398
-61.05743211507797
-69.50586271286011
-70.7758697271347
-63.268768191337585
-66.68443411588669
-57.87955379486084
-64.57377952337265
-67.61637496948242
-57.508568465709686
-56.46992236375809
-58.64408838748932
-56.023186683654785
-55.10973012447357
-75.53968539834023
-64.55598020553589
-58.42669898271561
-64.06052052974701
-57.052605748176575
-58.83206409215927
-64.37673795223236
-65.61879187822342
-64.02747040987015
-66.58687028288841
-59.29157257080078
-56.47142830491066
-74.16121536493301
-77.15535375475883
-59.91599923372269
-67.39495125412941
-53.79433333873749
-61.71154949069023
-69.99017137289047
-63.447224736213684
-55.482573956251144
-69.85175573825836
-70.0858263373375
-67.3297626376152
-75.74079149961472
-60.39083909988403
-65.66868436336517
-55.51396703720093
-57.761304676532745
-63.92903020977974
-73.4065625667572
-71.20166829228401
-70.56717851758003
-68.2011686861515
-70.31488049030304
-66.96319943666458
-70.33960008621216
-75.35605627298355
-67.7458153963089
-71.37734463810921
-62.00384309887886
-64.85885065793991
-73.69528019428253
-68.94891631603241
-56.310846626758575
-63.23493739962578
-64.4774899482727
-70.95492562651634
-66.7822598516941
-75.09688329696655
-71.04755359888077
-68.80830472707748
-68.29605305194855
-73.19804260134697
-74.12285667657852
-76.8688068985939
-75.45368054509163
-85.11704301834106
-73.9726151227951
-74.32182222604752
-80.199661642313
-77.4938480257988
-78.19173842668533
-84.71276581287384
-73.0444567501545
-78.23757141828537
-83.60853320360184
-80.86251246929169
-74.1172710955143
-80.53419715166092
-75.74180889129639
-79.67396730184555
-76.61313939094543
-85.7323836684227
-81.27930057048798
-78.9417575597763
-82.33809304237366
-76.82310485839844
-78.45042788982391
-82.70690256357193
-76.40055993199348
-90.3632584810257
-79.86963388323784
-81.3426810503006
-77.82763308286667
-75.49422007799149
-82.0450741648674
-76.81852155923843
-79.05434554815292
-80.74043554067612
-78.90804260969162
-79.55871495604515
-78.56301587820053
-83.19115582108498
-79.199802339077
-85.57598739862442
-76.8454874753952
-81.6823841035366
-87.01733928918839
-79.67429971694946
