217.72401094436646
210.23297039667764
188.77683742841086
188.02006896336874
189.89580845832825
186.4559178352356
168.1980086962382
164.56209778785706
175.101398229599
173.71785839398703
171.01571718851724
168.13275027275085
170.32237434387207
166.93339339892069
165.0475967725118
159.36437090237936
166.7092606226603
152.1614576180776
151.26531974474588
151.94813791910806
151.05970668792725
148.19327203432718
143.84439460436502
145.54031682014465
150.5257601737976
144.83386087417603
143.95858867963156
138.4930555820465
138.50535305341086
135.26277550061545
133.61542936166128
136.36174472173056
126.38774522145589
126.91830082734425
127.27041061719258
125.59799913565318
123.06834260622661
125.82003446420033
119.75762410958608
124.48475110530853
115.4335112174352
113.5349262158076
114.64689127604167
107.04341518878937
107.21535420417786
109.59302711486816
115.42577751477559
107.76531461874644
107.72951503594716
104.32110834121704
104.0901259581248
104.44325002034505
109.06736552715302
107.30641261736552
100.17328794797261
102.81422094504039
101.57334156831105
95.71210368474324
99.74895946184795
99.06744766235352
95.42445560296376
91.3917891184489
94.24202744166057
100.79603000481923
87.96991209189098
88.02092115084331
92.5466817220052
93.71519116560619
89.87828361988068
86.45368603865306
91.03599305947621
85.6155257622401
87.52782773971558
90.61403977870941
82.09166649977367
94.31027619043986
87.836577018102
82.28022623062134
81.50434867540996
87.91533855597179
84.60047054290771
86.8843301932017
79.58563717206319
81.14733066161473
77.04245817661285
86.71947240829468
85.48307740688324
78.30318999290466
77.90342466036479
86.5369319319725
76.0025501648585
72.49779733022054
78.63623891274135
75.7700955470403
80.67767075697581
77.6692944765091
73.53507985671361
79.34944357474645
72.30185878276825
72.43988279501598
82.4203919172287
78.14054735501607
72.03243426481883
69.45861379305522
68.27512103319168
72.73717800776164
78.03493785858154
71.90142369270325
79.71435475349426
69.98399847745895
65.51079674561818
69.91070894400279
70.11256400744121
72.59333948294322
66.24471094210942
63.19536199172338
71.60532190402348
65.61784066756566
69.71841398874919
70.58934966723125
61.249550561110176
68.71741779645284
69.21913874149323
62.914966543515526
66.05599709351857
69.89222651720047
64.60491547981898
59.105162958304085
58.827222188313804
58.858742435773216
65.2277621825536
64.15582869450252
58.97589133183161
64.34557529290517
58.9655830959479
62.55795852343241
65.423775156339
58.59650790691376
55.29238830010096
61.608230431874595
63.981407384077706
52.788012862205505
63.02398286263148
60.69926083087921
59.84673299392065
61.41770120461782
55.94432673851649
54.44337660074234
56.84343236684799
56.26625128587087
56.31421713034312
60.726766188939415
62.43659005562464
58.9460200270017
57.5859397649765
57.44552809000015
61.175035874048866
59.17117158571879
48.74909935394923
57.063753267129265
57.90659439563751
52.76086117823919
59.46263341108958
50.6697373688221
54.72918577988943
55.632858077685036
47.85286102692286
52.01311777035395
48.756317526102066
52.83791742722193
55.01349455118179
55.40192518631617
51.76833087205887
55.10091094175974
49.94609030087789
49.981852839390434
47.94296669960022
55.31211064259211
47.40611019730568
51.245590686798096
57.212782422701515
50.67276130119959
48.316431283950806
46.13287976384163
52.393021285533905
54.26576679944992
50.686300148566566
49.89469997088114
48.58603928486506
50.74781344334284
49.505407869815826
48.40177980065346
50.484316329161324
52.832782566547394
43.347409814596176
46.381325076023735
48.255749781926475
44.82364333669344
46.67536846796671
46.11930471658707
