810.6661534309387
593.9769155979156
572.18736743927
520.5013718605042
624.2017891407013
544.4120104312897
322.11112213134766
493.0495252609253
337.9231617450714
287.9776110649109
356.4403350353241
308.51389384269714
441.233464717865
266.37745893001556
324.9732564687729
294.4531983137131
383.50670099258423
460.38500690460205
250.15445351600647
295.8500267267227
531.6115710735321
331.8989942073822
407.6271438598633
264.9347370862961
359.5519015789032
340.9661500453949
273.29388904571533
343.4529776573181
282.0632412433624
446.8641333580017
289.63730931282043
321.2083834409714
363.9969160556793
362.4494733810425
355.40827679634094
449.0729410648346
252.88327932357788
270.88393998146057
280.17262530326843
288.9578729867935
298.151326417923
319.8821076154709
352.94622921943665
306.3048040866852
310.95249104499817
278.61569368839264
396.39074778556824
371.22986578941345
319.3998236656189
251.5101833343506
343.16448163986206
370.7985723018646
298.290376663208
430.8391466140747
312.06561827659607
308.9805039167404
306.0661300420761
286.4839189052582
365.3295178413391
396.730375289917
372.3628170490265
305.63646841049194
291.40551590919495
364.93384313583374
293.3414611816406
358.50352478027344
317.48642218112946
343.3145318031311
309.83557629585266
229.94317197799683
393.8254702091217
296.22074007987976
283.3704183101654
362.09550166130066
365.3386642932892
341.8186638355255
392.96187591552734
249.7614381313324
244.62455701828003
249.32446336746216
310.3500541448593
289.68328332901
329.2975136041641
361.2533028125763
315.2674808502197
390.7224860191345
256.59907579421997
361.1410472393036
264.64660370349884
262.1554043292999
362.77882623672485
276.33748173713684
262.1638255119324
337.24477303028107
300.44011521339417
323.5632120370865
251.46416902542114
325.1563265323639
339.51339530944824
291.7255208492279
482.3850040435791
307.5936278104782
278.49741435050964
301.18645763397217
411.79276847839355
260.5568301677704
332.933913230896
275.02285051345825
315.16783690452576
282.389471411705
426.8598356246948
260.462504863739
248.31075847148895
429.122353553772
308.990718126297
405.2599050998688
382.63589429855347
270.1098358631134
319.6295930147171
339.2675693035126
270.29842603206635
322.43523693084717
282.55275774002075
323.5716735124588
296.60207056999207
240.6222791671753
261.19321370124817
290.882878780365
333.29435193538666
363.15991497039795
380.37664008140564
355.3063361644745
538.3579053878784
367.011417388916
241.07071721553802
337.93815064430237
317.60216307640076
257.1381322145462
336.90458142757416
353.57701206207275
282.91605722904205
275.742075920105
420.3442578315735
280.47143626213074
411.01959109306335
254.52313339710236
293.2155463695526
246.33961749076843
252.81848859786987
458.57678961753845
367.71251106262207
370.5778889656067
337.41708493232727
257.68836987018585
321.55689549446106
557.9302246570587
233.1930433511734
418.27083373069763
309.4074054956436
365.1281750202179
247.6826148033142
269.16916155815125
411.7460289001465
422.36183619499207
354.18301486968994
434.1798176765442
313.6245846748352
246.27881574630737
225.0235493183136
454.4170880317688
363.3208441734314
349.6564881801605
366.00111722946167
515.6244192123413
287.8616888523102
328.2343292236328
348.83971405029297
271.77301943302155
291.0062954425812
263.17311835289
306.39115142822266
336.54418301582336
370.7413969039917
275.0013744831085
323.81477975845337
296.70791959762573
292.3587212562561
306.66590762138367
279.4576507806778
247.85577285289764
257.1076709032059
280.37024104595184
266.66720402240753
324.9514580965042
263.12142276763916
278.70496225357056
375.2194514274597
318.5214822292328
315.7349169254303
268.2386611700058
