-0.20463281776756048
-9.039142310619354
-22.762250155210495
-29.33690717816353
-40.52602727711201
-44.22248071432114
-51.44366496801376
-53.490516006946564
-57.04510122537613
-61.68502175807953
-49.2613799571991
-47.53466480970383
-59.283524096012115
-55.36288940906525
-50.81123012304306
-62.19476521015167
-61.63861459493637
-49.43009573221207
-56.448003113269806
-46.64677903056145
-48.40261071920395
-56.109856367111206
-50.82324743270874
-50.10180592536926
-60.68320322036743
-56.235836654901505
-65.05235654115677
-66.27579018473625
-61.73592156171799
-55.33840149641037
-48.555813789367676
-55.54496222734451
-60.7165253162384
-63.14203745126724
-58.79175624251366
-69.91392743587494
-67.82622963190079
-60.18981862068176
-66.20637586712837
-60.034983694553375
-63.81835612654686
-49.531940668821335
-47.749158173799515
-43.44362708926201
-53.193961441516876
-67.15582391619682
-73.51793169975281
-53.61668264865875
-59.47919571399689
-56.64091467857361
-57.59681460261345
-49.88066929578781
-56.435441851615906
-56.97932332754135
-57.78932827711105
-55.54123514890671
-54.736851036548615
-58.8328498005867
-63.84925562143326
-46.124721109867096
-66.50176697969437
-66.18185269832611
-56.7779301404953
-62.279520988464355
-55.74797719717026
-60.28442597389221
-55.96182084083557
-69.61003959178925
-68.16965472698212
-53.3004047870636
-62.510599851608276
-45.376565515995026
-74.5383050441742
-57.19158548116684
-56.176822900772095
-64.72683149576187
-55.337177604436874
-68.77588921785355
-47.501272201538086
-54.822488218545914
-60.30445146560669
-61.23836666345596
-72.71788409352303
-72.93985679745674
-69.5407662987709
-55.96157908439636
-62.98970067501068
-49.64326447248459
-60.994343757629395
-68.34263649582863
-61.11265331506729
-65.51011228561401
-56.47055193781853
-65.24056896567345
-65.03417444229126
-58.3161558508873
-57.179331451654434
-60.254931688308716
-52.72764348983765
-56.1455557346344
-80.73092645406723
-64.47156691551208
-56.39860925078392
-65.50151985883713
-56.576819002628326
-53.41685080528259
-59.00789153575897
-67.49221289157867
-63.74528020620346
-63.92867261171341
-51.61793610453606
-51.27806180715561
-74.81665736436844
-74.7948186993599
-57.52176433801651
-65.97342842817307
-49.96225202083588
-56.37240889668465
-64.74223339557648
-56.1634658575058
-52.89545267820358
-63.06945511698723
-66.32840746641159
-67.01687943935394
-75.27430230379105
-58.28585571050644
-57.02908989787102
-46.59460496902466
-53.32763260602951
-59.055119663476944
-74.23438194394112
-70.33248338103294
-67.70146316289902
-68.17728012800217
-71.47641944885254
-62.90487942099571
-63.21282172203064
-71.03713792562485
-62.241051495075226
-67.27713024616241
-58.16395002603531
-58.739451229572296
-66.93238052725792
-62.84315598011017
-48.23939490318298
-52.641044318675995
-57.15856558084488
-63.01737171411514
-60.60018002986908
-69.88416117429733
-63.326406955718994
-60.30120286345482
-56.31301236152649
-65.38714891672134
-64.1345483660698
-66.75432187318802
-63.316051721572876
-77.06181919574738
-60.71178084611893
-60.430527448654175
-69.23564952611923
-57.21397817134857
-62.690673142671585
-68.01168704032898
-57.35303848981857
-62.9820853471756
-70.8734889626503
-62.10394033789635
-59.02322292327881
-70.5411494076252
-55.41441375017166
-62.75725185871124
-62.89472061395645
-75.54630348086357
-63.46471178531647
-60.595495998859406
-71.04602247476578
-64.33034086227417
-63.329111605882645
-64.30046379566193
-58.1287744641304
-76.70476508140564
-60.25304800271988
-66.28117430210114
-49.09779143333435
-48.30426621437073
-57.76298186182976
-48.2650009393692
-56.21077457070351
-59.46231305599213
-56.20271098613739
-58.22006270289421
-55.87412369251251
-70.0379635989666
-57.547007739543915
-72.21691942214966
-55.160710513591766
-64.31697878241539
-67.4696791768074
-56.620471149683
