212.81157890955606
204.29682310422263
196.02212834358215
197.30025045077005
188.1263415813446
182.03008023897806
186.08280674616495
186.29839690526327
175.95911494890848
172.2978092034658
168.20667020479837
174.22999596595764
165.3011772632599
173.96555471420288
168.53939533233643
169.1480961640676
165.09663899739584
156.0446396668752
166.46848980585733
160.11701440811157
163.9034522374471
157.60284932454428
151.87373820940653
150.6540491580963
153.59394812583923
151.3991176287333
146.301344871521
150.94444648424783
151.2754112879435
138.96120131015778
149.6366562048594
138.52175295352936
139.7719235420227
132.61626529693604
137.46358712514242
132.25394038359323
138.90468637148538
129.70722476641336
130.93529303868613
134.22766462961832
139.3016004562378
124.25957091649373
126.26172773043315
128.41450428962708
129.17276950677237
126.43972516059875
127.61085728804271
126.61818655331929
124.29792455832164
122.0613495906194
124.63220429420471
118.78430310885112
124.08997782071431
116.97885620594025
121.23098134994507
107.84371848901112
112.19762488206227
105.96700743834178
107.76977161566417
113.22422289848328
110.42470534642537
106.71078411738078
104.76329199473064
109.5726359685262
105.5624709924062
103.33609728018443
101.50095975399017
99.7425244251887
100.2579692999522
102.59996016820271
98.51780919233958
95.62783308823903
96.20371496677399
99.99496372540791
94.6315461397171
90.32030181090038
93.23903632164001
89.697926958402
87.03689539432526
89.57032175858815
93.30433094501495
94.18165771166484
90.64844238758087
85.36926678816478
90.79082942008972
96.77555235226949
88.26721076170604
97.56235945224762
89.86171813805898
88.69707624117534
85.5819974342982
84.90148703257243
86.30498361587524
90.14783712228139
91.99207146962483
78.44739818572998
87.36671125888824
90.57391488552094
82.55119522412618
85.71545620759328
85.67502029736836
83.3342479467392
82.86859877904256
77.42372838656108
79.21302996079127
79.52328821023305
82.36127446095149
81.70808839797974
81.18598254521687
77.83384394645691
84.67794285217921
79.48272252082825
78.86662189165752
76.98825252056122
79.77911845842998
78.09779119491577
76.19704407453537
77.66444365183513
84.4339877764384
75.66955604155858
69.50703620910645
70.74678248167038
73.68789007266362
73.02528023719788
69.40178881088893
69.356738448143
74.80083388090134
71.56020454565684
69.31153831879298
70.42204225063324
76.78403564294179
68.83851875861485
69.55431477228801
67.55842779080074
73.29454269011815
61.128718773523964
72.03453652064006
67.96098534266154
68.60709985097249
66.63020708163579
66.45348179340363
67.62581106026967
69.74140306313832
71.41036663452785
68.82015685240428
63.759264032046
62.685289561748505
67.85042462746303
73.07209994395573
62.860541681448616
65.15257845322292
69.16470328966777
63.913862804571785
69.09626060724258
64.64746171236038
62.21494116385778
66.12976322571437
61.21937429904938
57.58678927024206
62.866410632928215
58.19868187109629
61.52834612131119
56.672694305578865
56.91969911257426
58.49983332554499
63.80296637614568
56.57844909032186
55.42745461066564
59.919771333535515
60.06136025985082
55.51064876715342
55.89931537707647
55.2492928703626
60.01638219753901
55.81034052371979
55.69921211401621
55.54545948902766
52.91299322247505
58.94790776570638
52.59618590275446
55.06458749373754
54.59441624085108
49.85872711737951
54.33424752950668
52.9588788151741
49.54071359833082
49.858765959739685
53.902311980724335
46.89699933926264
49.96209088961283
50.86720212300619
50.77813037236532
46.83900944391886
52.5875879128774
47.330457945664726
47.86085899670919
49.533879359563194
50.61777228116989
49.986498246590294
46.25179262955984
