5707.685150146484
4689.768695831299
4022.974458694458
3848.905309677124
3877.138271331787
4131.763244628906
3885.9936485290527
3928.276527404785
3630.2437019348145
3652.17391204834
3928.106330871582
3429.4624004364014
3359.3204765319824
3451.2575492858887
3420.887138366699
3397.4158115386963
3180.881660461426
3063.5417881011963
3048.9300289154053
3328.100049972534
3195.870237350464
3401.619150161743
3212.0340728759766
3384.5063400268555
3319.201801300049
3094.8563385009766
2993.5294456481934
3188.3464546203613
3040.296745300293
2929.2744522094727
2987.2995433807373
2855.6044960021973
2845.386257171631
2954.1247577667236
2801.160301208496
2871.973340988159
2701.816617012024
2635.2978162765503
3031.672164916992
2758.769115447998
2676.489890098572
2731.0999298095703
2792.5802040100098
2667.2472190856934
2748.4055004119873
2735.133071899414
2568.903600692749
2600.154005050659
2678.0719442367554
2746.8179664611816
2833.2713584899902
2592.2690382003784
2588.279251098633
2572.9896068573
2626.8792123794556
2609.459532737732
2728.97279548645
2779.2948818206787
2672.611472129822
2481.5732774734497
2666.981125831604
2637.724889755249
2419.977604866028
2418.6742153167725
2549.2360696792603
2529.6384868621826
2425.7879791259766
2507.2421703338623
2399.2186241149902
2472.090139389038
2452.0162963867188
2625.281202316284
2530.362950325012
2413.1521759033203
2294.150792121887
2519.8615341186523
2505.3667850494385
2401.4511642456055
2428.2901582717896
2342.9768896102905
2427.75829410553
2352.011972427368
2266.217447280884
2379.974489212036
2372.45489692688
2421.1610832214355
2536.378978729248
2312.0602703094482
2201.407703399658
2390.078296661377
2423.6353797912598
2360.0631065368652
2423.8565063476562
2287.640935897827
2184.0582942962646
2389.27663230896
2252.8392906188965
2228.800319671631
2317.5165519714355
2308.552706718445
2330.533363342285
2208.594638824463
2284.305986404419
2199.801634788513
2255.9992084503174
2247.8994007110596
2210.091917037964
2171.93243598938
2133.8345222473145
2225.976282119751
2291.884567260742
2387.278112411499
2122.1399574279785
2274.681984901428
2264.878761291504
2206.041046142578
2268.2278938293457
2205.4434242248535
2195.3952207565308
2174.2916564941406
2266.266282081604
2223.9880771636963
2215.1165828704834
2159.848159790039
2107.0490369796753
2116.054786682129
2084.244152069092
2074.0384845733643
2099.6823959350586
2132.684889793396
2173.7975063323975
2096.161455154419
2180.2291946411133
2065.370388031006
2097.5600967407227
2105.5404767990112
2253.1751708984375
2187.107487678528
2164.1730213165283
2102.213747024536
2052.429810523987
2212.0817337036133
2151.779941558838
2096.678813934326
2100.9869136810303
2111.746364593506
2059.8009643554688
1991.6072750091553
1969.435308456421
2055.521230697632
2015.0199356079102
2242.1868572235107
1989.5824842453003
1908.0862274169922
1977.106240272522
2018.9927997589111
2121.180184364319
1945.0395050048828
1909.9272832870483
1981.7378101348877
1899.7889852523804
2017.8584785461426
1970.9907693862915
2000.6425189971924
1954.5840492248535
1956.2781171798706
1939.813214302063
1848.5722389221191
1863.8844470977783
1860.652808189392
1984.0435218811035
1997.5718898773193
2162.954568862915
1884.613127708435
1990.4313716888428
1834.39999294281
1915.7686023712158
1982.8289375305176
1917.0363731384277
1913.5254249572754
1918.1342697143555
1903.3175010681152
1891.7481660842896
1784.8779592514038
1955.2666082382202
1809.3361358642578
1832.6894855499268
1897.6884441375732
1823.5143451690674
1891.5471858978271
2008.4388418197632
1808.1436319351196
1782.3300075531006
1979.7953777313232
1887.2439212799072
1824.2454166412354
1902.3559551239014
1859.6627349853516
1807.7888946533203
1787.3775596618652
