-0.915010088433822
-3.915611503024896
-6.870621025562286
-8.848401665687561
-12.72143143415451
-15.031799872716268
-17.834332833687466
-20.73956153790156
-24.587688873211544
-26.29491627216339
-26.40749357144038
-28.785226662953693
-28.526109755039215
-31.1513173977534
-32.18851661682129
-34.255841155846916
-36.20808124542236
-35.3903679450353
-37.5491709113121
-35.70220398902893
-37.54269425074259
-36.19230890274048
-38.548972845077515
-38.372773130734764
-37.6962544520696
-38.82865516344706
-38.66975975036621
-35.99002146720886
-39.844915429751076
-38.55398162206014
-38.32100566228231
-40.254460553328194
-38.33335002263387
-38.93512439727783
-40.77401987711588
-42.08490918080012
-41.28423414627711
-42.277967552344
-41.68136896689733
-41.096619029839836
-41.521076917648315
-41.83594938119253
-43.349193692207336
-42.716793378194176
-44.88585193951925
-45.11008216937383
-45.786851247151695
-45.42613903681437
-44.95255366961161
-44.599743028481804
-45.169172286987305
-43.65229415893555
-45.76514689127604
-47.0617706378301
-46.13187140226364
-45.634536484877266
-45.53140461444855
-47.28535930315653
-47.14656603336334
-46.7295945485433
-47.458985447883606
-46.532546083132424
-46.10997633139292
-46.37258668740591
-46.054832458496094
-48.06998427708944
-47.63365747531255
-48.221078952153526
-47.72281277179718
-49.271549145380654
-48.089582900206246
-48.109979470570885
-49.05936221281687
-48.14322634538015
-48.15874284505844
-48.51167883475622
-49.16593120495478
-48.689017017682396
-49.14763573805491
-49.183574855327606
-49.19457391897837
-50.5504307548205
-49.312737584114075
-50.48611227671305
-49.734572211901344
-48.17527286211649
-49.97952497005463
-49.14895109335581
-50.30300360918045
-49.27514715989431
-49.404134114583336
-48.96120301882426
-49.62977077563604
-50.27139260371526
-50.37957193454107
-50.625336488087974
-50.74101714293162
-50.565998593966164
-50.31188631057739
-51.50912892818451
-50.54831369717916
-51.27670466899872
-49.864508867263794
-50.05557835102081
-51.009528736273445
-50.31094721953074
-50.08657250801722
-50.17783045768738
-50.775507847468056
-51.42015012105306
-50.97799837589264
-50.08850979804993
-50.65917811791102
-51.52553113301595
-51.18159878253937
-50.93272121747335
-51.699480175971985
-51.736386020978294
-51.07821540037791
-51.55057839552561
-50.98852415879568
-49.939914782842
-50.849632581075035
-51.0110339919726
-51.405269742012024
-51.07879203557968
-51.82105012734731
-51.68729595343272
-50.745155374209084
-50.26940671602885
-51.503793040911354
-51.09828551610311
-51.28416566054026
-51.703826566537224
-51.19160143534342
-51.1585328578949
-51.703698794047035
-51.40551209449768
-50.69850240151087
-51.574941078821816
-51.5216064453125
-51.71685338020325
-50.37536817789078
-51.50940809647242
-51.68718020121256
-50.928071777025856
-51.07992796103159
-51.22255164384842
-50.79244089126587
-51.61761031548182
-51.39612273375193
-51.21165817975998
-51.797849933306374
-52.07749835650126
-50.69538946946462
-51.67511075735092
-51.22793984413147
-52.093048453330994
-52.633992075920105
-51.0611047744751
-50.270481606324516
-50.86436438560486
-51.75203820069631
-51.30022362867991
-50.69670685132345
-50.93605007727941
-51.653940518697105
-52.55174797773361
-52.5321938196818
-52.205642541249595
-51.4246042172114
-51.95055556297302
-52.12021481990814
-51.90295366446177
-52.163258035977684
-52.309218088785805
-51.87368534008662
-52.24237887064616
-51.48655227820078
-51.5031547943751
-52.04395608107249
-50.402663787206016
-51.2800707022349
-52.291118919849396
-52.193440874417625
-51.73470288515091
-51.66124484936396
-51.6883957584699
-52.37412017583847
-51.757654349009194
-51.294505616029106
-51.779918909072876
-52.25838414827982
-51.094360868136086
-51.574480295181274
-51.898059129714966
-52.243480841318764
-52.523721158504486
-52.63236220677694
-52.00018000602722
