745.9863133430481
688.7380661964417
687.9539694786072
652.7247376441956
644.0347218513489
609.4560163021088
609.4795069694519
605.5798547267914
621.9747288227081
584.5577623844147
574.5101230144501
619.042263507843
596.4564905166626
586.9102942943573
597.0017318725586
593.9782855510712
581.924067735672
560.2625699043274
579.0698509216309
538.0808928012848
559.7504894733429
557.3085479736328
562.4751651287079
553.2063038349152
524.1697034835815
521.4660606384277
526.4325034618378
558.8734776973724
530.8286025524139
527.9247047901154
529.8648808002472
536.0585196018219
526.6031432151794
514.6239101886749
522.896936416626
527.3902215957642
539.3967328071594
503.237101316452
504.744775056839
507.41594195365906
530.7874636650085
509.93609166145325
506.74071621894836
509.2050201892853
522.9510495662689
490.2953553199768
502.2625811100006
505.07428908348083
500.72642040252686
497.50703048706055
496.259325504303
491.5002694129944
503.2053909301758
479.58421540260315
475.5273005962372
513.6925837993622
475.92321705818176
489.3566150665283
484.4400143623352
467.92059540748596
487.0078706741333
461.56228017807007
456.13831329345703
481.46266293525696
479.2879831790924
478.7280752658844
466.7212417125702
486.2216787338257
487.8935856819153
472.30895829200745
473.99782848358154
470.5600519180298
459.3676152229309
436.7325642108917
477.5889995098114
458.9418821334839
469.06575536727905
463.97247099876404
460.0459032058716
462.87642788887024
455.3336672782898
453.9927248954773
465.6936559677124
451.47426748275757
457.3347659111023
443.2752993106842
458.92141342163086
450.2931663990021
445.948077917099
440.08355021476746
443.79805731773376
452.87798595428467
442.6705858707428
449.06955647468567
445.9713671207428
432.0944266319275
445.26088523864746
430.6225731372833
430.2526454925537
443.38723254203796
426.90069246292114
424.6843500137329
442.9449391365051
436.5100677013397
444.8333389759064
428.7046387195587
451.453355550766
435.6045286655426
430.1569905281067
426.19722151756287
453.4961168766022
423.91338872909546
446.66460371017456
432.3752670288086
451.4335718154907
447.46207761764526
423.95577669143677
412.1096305847168
417.0229272842407
426.5061459541321
431.93019342422485
423.6694564819336
421.84536385536194
420.2434856891632
418.7402844429016
429.10772728919983
440.3666470050812
414.03268218040466
428.9181499481201
411.8506691455841
415.2720868587494
414.30719661712646
434.39832520484924
428.82253527641296
409.64991998672485
419.03728222846985
440.0350377559662
429.7856526374817
422.37589836120605
438.40281915664673
415.52427911758423
419.57672142982483
439.8544456958771
413.2409701347351
423.96198177337646
421.0445053577423
415.58842515945435
405.8604280948639
425.01047945022583
412.10842180252075
417.3304011821747
421.91535234451294
410.59216570854187
423.4808864593506
428.335960149765
417.69408345222473
418.67629957199097
399.020131111145
422.5804646015167
409.65741443634033
396.7408514022827
412.17043232917786
423.897634267807
409.0571331977844
415.2421896457672
405.9640610218048
401.9780614376068
399.2858214378357
403.0890531539917
396.40948390960693
415.4153275489807
405.7991428375244
423.50244307518005
403.7719748020172
419.9615170955658
408.1598138809204
399.74834179878235
392.21464705467224
397.08684515953064
400.44343185424805
407.3143513202667
425.21867203712463
400.3476560115814
425.4556336402893
389.6130254268646
419.22585225105286
406.09662413597107
407.2744212150574
391.89697909355164
407.8767170906067
420.5491464138031
387.35864663124084
402.757040977478
389.25683760643005
391.26490688323975
391.52749466896057
404.9052484035492
379.478595495224
402.60296154022217
418.5119857788086
