97.69103717803955
63.65556842088699
55.408923864364624
48.15795320272446
33.509789526462555
39.15453544259071
30.388472139835358
32.20991551876068
33.17987257242203
30.236830413341522
29.542060181498528
30.482422217726707
26.408113539218903
27.230667158961296
28.971401661634445
30.22442528605461
25.365863755345345
31.05371031165123
25.516022205352783
27.65817564725876
24.12617702782154
22.897077217698097
23.449684590101242
22.967304944992065
28.813690841197968
22.075228720903397
25.081752091646194
25.89550930261612
22.69327150285244
26.886393398046494
20.80516504496336
20.89837222546339
20.54422800242901
22.38848966360092
21.088737793266773
20.023973181843758
21.321935802698135
19.716276414692402
20.64949530363083
21.01076504588127
25.35614565014839
19.88954149186611
19.009672708809376
22.155297949910164
21.882521137595177
25.039762020111084
21.745261400938034
20.82808657735586
18.178485110402107
18.792128428816795
19.191695161163807
19.088961265981197
21.089110501110554
19.10737882554531
16.917196437716484
19.12364576011896
17.97872629761696
19.843252688646317
17.419868513941765
18.083005167543888
19.2030438631773
16.867240995168686
17.621218889951706
17.44388424605131
17.929037794470787
16.64709909260273
17.707573786377907
16.673649489879608
16.557479225099087
16.44889658689499
15.03892644494772
15.732486635446548
15.92648358643055
19.43444884568453
17.476006373763084
18.998064622282982
16.259304136037827
26.377783179283142
14.251209676265717
17.42465579509735
17.055727913975716
15.640115529298782
14.85762044787407
15.407515615224838
16.52108858525753
14.847906120121479
14.921510882675648
15.347320780158043
16.83275166898966
16.707723297178745
14.91311740130186
14.14212715625763
15.606118530035019
14.943621523678303
15.794884979724884
15.873843640089035
15.62024113535881
15.01075678318739
16.539581693708897
16.52701161801815
15.471044674515724
16.654862999916077
15.880915015935898
15.362407892942429
16.094788879156113
14.377016201615334
16.77443926036358
14.914284631609917
15.447599336504936
16.776691876351833
15.58909610658884
13.48560480773449
13.661480098962784
15.49294251948595
14.510837204754353
14.321807593107224
14.42344854772091
13.684512436389923
15.114188246428967
14.624633975327015
15.98551245033741
14.644891150295734
13.933229446411133
14.417752161622047
14.317909270524979
14.055810034275055
16.660652562975883
15.644149839878082
16.16808892786503
13.218806430697441
14.535986170172691
14.26287316530943
13.671792522072792
14.029259636998177
13.575482800602913
14.324057690799236
14.394948989152908
12.909438773989677
14.111991964280605
13.790685065090656
14.066242076456547
13.921591140329838
14.673933401703835
16.037046864628792
13.35458792746067
15.615599915385246
13.263904079794884
14.38309033215046
14.273758500814438
13.292008265852928
13.2423827201128
14.227167502045631
14.954470343887806
12.687629759311676
12.986055418848991
16.15770347416401
14.06953726708889
15.524510622024536
14.100732661783695
13.725073374807835
15.197230324149132
13.905081190168858
12.786754935979843
12.474614635109901
12.369184903800488
13.004645481705666
13.818314552307129
12.791306756436825
13.383641511201859
13.67007252573967
13.018075555562973
12.908695876598358
12.887935042381287
12.945902444422245
13.102462403476238
12.612002804875374
12.937108553946018
12.526282519102097
14.359277322888374
14.444128796458244
12.598361194133759
13.825117729604244
14.499914094805717
13.251750782132149
13.475632354617119
12.211941227316856
12.34420844167471
14.662900745868683
14.239424049854279
12.810314856469631
11.930801153182983
12.745434731245041
12.443104453384876
11.853187263011932
12.58096732199192
12.00498890131712
11.897059760987759
12.367269739508629
11.59103262424469
12.498585037887096
