-0.6344555022660643
-11.782017692923546
-16.736566603183746
-23.024601221084595
-29.108051970601082
-35.29134812951088
-38.243818789720535
-42.002861961722374
-47.00553047657013
-55.09364828467369
-57.9151725769043
-58.68002951145172
-64.62173292040825
-70.13551735877991
-68.10094553232193
-69.53588080406189
-75.61966145038605
-77.37327200174332
-82.31871223449707
-83.38639932870865
-91.95423746109009
-89.36919629573822
-97.48921084403992
-96.93906384706497
-102.81000816822052
-104.33047485351562
-103.98305070400238
-106.56928050518036
-107.53032279014587
-106.872574031353
-113.60791850090027
-113.65461778640747
-112.54082572460175
-118.80390906333923
-118.85546362400055
-115.43644332885742
-118.31720298528671
-122.11400800943375
-122.76190519332886
-118.21793174743652
-126.87609612941742
-124.59618180990219
-123.03273284435272
-124.13463854789734
-125.84228515625
-129.05740404129028
-126.28308773040771
-127.64288711547852
-125.95818722248077
-131.95767545700073
-127.24070513248444
-133.16156208515167
-130.11454451084137
-132.71779799461365
-133.1772964000702
-132.64613735675812
-132.7845630645752
-133.04316186904907
-137.8644299507141
-132.58146750926971
-134.71013295650482
-135.5469829440117
-133.25866758823395
-137.51547467708588
-134.111967086792
-133.42838060855865
-136.75559389591217
-136.78099846839905
-135.09519052505493
-140.21583366394043
-136.1079888343811
-140.40146231651306
-140.54756379127502
-137.1803498864174
-137.54252117872238
-139.4197700023651
-134.55737310647964
-133.37021803855896
-141.41669833660126
-138.2898406982422
-137.1484984755516
-139.51902109384537
-139.47481995821
-136.8306794166565
-137.81765007972717
-139.33199226856232
-140.57750129699707
-143.0631301999092
-137.32221055030823
-142.54930710792542
-143.92617046833038
-135.4256715774536
-139.69209855794907
-142.44734632968903
-144.41022729873657
-143.71437168121338
-146.05852270126343
-142.2806955575943
-144.66508895158768
-142.21520978212357
-144.1125042438507
-144.5333216190338
-141.77492094039917
-144.17373913526535
-144.0779129266739
-144.88878417015076
-148.08776581287384
-145.14495533704758
-145.31207954883575
-144.25137317180634
-145.17677652835846
-144.0265598297119
-143.7113698720932
-143.19358801841736
-145.42292487621307
-143.89560842514038
-146.0777524113655
-147.77813625335693
-144.23795568943024
-145.2537255883217
-146.29553467035294
-146.33422577381134
-143.80448639392853
-147.14064466953278
-146.67108315229416
-142.3395934700966
-143.62664431333542
-144.6668819785118
-144.29378128051758
-144.02154338359833
-146.7971087694168
-145.62044996023178
-145.4701076745987
-147.44396841526031
-145.96579903364182
-148.61065477132797
-147.80723768472672
-142.64816534519196
-144.46727174520493
-146.6740950345993
-147.26102930307388
-146.9959534406662
-146.1169673204422
-147.96529603004456
-148.23598265647888
-149.7847751379013
-147.5682412981987
-146.2439599633217
-147.28279745578766
-147.30866539478302
-150.14289700984955
-147.4947372674942
-148.3956023454666
-146.83335208892822
-145.69209045171738
-148.23271894454956
-146.21572482585907
-150.03813588619232
-150.0979806780815
-149.6285702586174
-147.37216675281525
-145.9417543411255
-149.45108073949814
-149.80092245340347
-148.18638229370117
-149.7546764612198
-149.48991286754608
-149.94542229175568
-151.4825701713562
-151.15085011720657
-151.16103410720825
-149.534255027771
-148.66820287704468
-148.47366952896118
-151.27093255519867
-149.77051150798798
-150.12305283546448
-148.35365760326385
-149.77290892601013
-152.86451041698456
-149.66441065073013
-151.5669230222702
-149.7773209810257
-151.12982738018036
-151.96086513996124
-150.5183447599411
-150.7315840125084
-151.25959014892578
-153.52640932798386
-151.08530390262604
-151.763813495636
-152.0039985179901
-151.12436771392822
-152.42062544822693
-152.2072451710701
-151.3553055524826
-152.95148229599
-150.55656242370605
-150.62378078699112
-151.62799674272537
