616.3988202412924
593.7762451171875
576.1138172149658
454.5039593378703
524.43528175354
492.5481300354004
438.933477083842
453.84675280253094
416.10850779215497
464.3215977350871
430.06237602233887
417.25370836257935
418.56584548950195
487.59224065144855
418.04552872975665
527.572455406189
446.88000202178955
428.47256724039715
431.0878388086955
477.1320514678955
498.05042362213135
418.02999623616535
481.6694830258687
427.9333693186442
448.12150351206463
469.44492785135907
407.5695578257243
498.36298783620197
383.350688457489
546.2585172653198
448.83343092600506
427.2688201268514
429.44248994191486
500.7507054011027
441.6072247823079
467.46981461842853
463.28561464945477
531.3150825500488
452.8636751174927
467.5642035802205
445.3104969660441
430.00173505147296
438.6863838831584
405.4246374766032
434.2774782180786
472.3075033823649
534.4980498949686
454.21162700653076
448.04612414042157
496.3853996594747
417.42527230580646
454.5864305496216
458.7244529724121
455.6402489344279
513.2265211741129
439.33299922943115
394.7314977645874
518.905668258667
427.209844271342
449.88592592875165
435.0492289861043
465.7379805246989
367.19622071584064
393.01256306966144
439.3013572692871
452.35848236083984
483.2085014979045
415.8423557281494
437.1401030222575
427.27327426274616
500.39396635691327
348.1068825721741
418.82905356089276
475.72206830978394
458.0389223098755
429.93209679921466
452.42856947580975
437.8864820798238
510.21069081624347
423.63264592488605
505.51506487528485
478.34476470947266
421.1890176137288
450.744314511617
396.52682606379193
417.99971230824787
419.88683064778644
464.45470968882245
423.07304938634235
472.80007966359454
432.37863715489704
413.4519265492757
524.3020607630411
401.4779863357544
463.9376614888509
446.9216734568278
465.15951347351074
426.96506055196124
490.27716573079425
426.03539594014484
436.77632904052734
478.0827334721883
427.8287254969279
539.7231674194336
437.66739209493
424.684627532959
502.5663471221924
437.0017251968384
493.2395159403483
464.04351170857746
438.10780906677246
470.89936478932697
472.8166840871175
464.59815820058185
473.99971946080524
453.4200671513875
435.0956840515137
402.69990221659344
414.925142288208
422.65662320454913
507.02242851257324
426.89494037628174
509.5219898223877
419.6881020863851
441.05633608500165
452.05072593688965
405.96878719329834
479.04669920603436
425.5834716161092
482.20245297749835
449.79708131154376
462.9453945159912
418.59661865234375
478.10744031270343
425.37364228566486
458.37893931070965
354.9410780270894
504.6179955800374
457.8238509496053
461.10918553670246
483.84380118052167
556.205764134725
405.7624298731486
559.5830707550049
439.7003466288249
440.20229562123615
448.1391903559367
423.9399124781291
464.42486604054767
393.01323858896893
435.06243960062665
469.4627005259196
396.9185625712077
515.9423243204752
458.9795964558919
507.0363705952962
432.69605382283527
420.7477149963379
491.6504275004069
451.49218368530273
402.4386116663615
522.8090937932333
430.53381601969403
494.22335656483966
447.08119773864746
442.94899463653564
422.8614864349365
446.9454919497172
475.71696853637695
422.0858376820882
452.9503272374471
426.2648859024048
415.0618483225505
401.4392786026001
511.2925383249919
389.94342676798504
456.5468594233195
397.8971045811971
390.26655610402423
450.78679847717285
422.59603182474774
463.39879353841144
421.28900146484375
434.69287093480426
425.0804688135783
439.6870810190837
414.081884543101
402.35593668619794
467.9872039159139
400.51083914438885
416.4129123687744
510.39784208933514
406.6751591364543
397.697953859965
463.95944086710614
436.9258861541748
454.87748495737713
436.3162266413371
409.10444895426434
424.9819447199504
