157.2002497514089
123.79910441239674
112.10043442249298
105.56454173723857
100.36615721384685
98.42078904310863
90.05028756459554
88.75947066148122
84.88628510634105
87.2080450852712
76.2246282895406
75.9810353120168
75.88675920168559
72.9289040962855
67.76057654619217
64.47828537225723
66.02165216207504
64.86888023217519
62.75284014145533
64.18455896774928
63.42763715982437
62.26756475369135
56.06349382797877
55.391302625338234
57.20359663168589
53.57151025533676
50.5179556508859
50.689494063456856
50.595773915449776
48.91114988923073
45.67264794309934
48.49679797887802
44.1805684864521
42.89048560460409
42.6228294869264
47.21430587768555
42.94502493739128
40.0272930363814
42.80311260620753
43.13456200559934
41.01413164536158
40.654675434033074
41.6309671998024
38.83451176683108
37.112826804320015
38.789741506179176
37.35928303500017
40.032807697852455
37.04444438715776
36.27058258652687
36.65219350655874
34.176978240410484
36.30847478906313
33.17305993040403
35.07924409210682
34.281651665767036
31.686100081851084
32.2758866250515
32.41524166986346
27.372768621270854
32.040952990452446
28.224726264675457
33.69366057217121
30.46186162531376
29.186692883570988
29.96565794820587
30.556888043880463
29.672591763238113
26.86423083487898
29.61814394593239
27.219002306461334
24.381359653857846
28.51179751629631
29.433977335691452
25.805272723237675
27.93525631725788
29.224828875313204
25.073223512619734
27.867432943234842
24.954380547006924
29.31897371013959
24.666566599160433
26.155366075535614
23.612417262668412
22.465485411928967
23.49232824558082
24.483149123688538
24.506506267935038
25.8385092318058
21.63904268294573
20.13582895696163
23.47115668406089
21.281215662757557
23.708436779677868
19.7682909766833
20.845800350109737
17.431797489523888
24.057770013809204
27.908863484859467
23.634307151349883
20.28339024881522
17.997710158427555
22.709410704672337
20.23432864745458
21.272527425239485
19.88381030658881
21.640286183605593
21.288548921545345
20.577209619184334
19.60956367601951
19.022960379719734
15.587596371769905
16.82511453827222
17.645883473257225
22.251914210617542
15.537515811622143
18.086635981996853
18.017477701107662
16.12666320304076
17.078638861576717
19.565207516153652
16.46893314582606
19.18276026348273
21.136121269936364
15.680576975146929
19.18576892806838
18.757071594397228
19.59034588932991
18.36265034476916
21.42067643503348
20.10116649007735
17.640896558761597
16.89430761958162
13.243125225106875
13.088422457377115
17.17046559602022
16.16271534562111
19.19281208018462
16.54716106131673
17.798343437413376
18.00456441442172
14.208598564068476
16.73632297416528
14.198112671573957
14.320285628239313
14.650169735153517
16.971165145436924
15.372546524430314
15.190764501690865
14.884309828281403
19.935134187340736
15.124864026904106
15.337011605501175
17.274431611100834
14.617585862676302
15.889401863018671
14.025004580616951
15.385132859150568
13.999723871548971
15.141497800747553
15.850524927179018
17.221754781901836
16.844961686680715
12.963918099800745
12.958261350790659
19.832622559120257
13.121585880716642
13.78446072836717
15.195350791017214
11.842578699191412
14.224370077252388
13.201912422974905
15.76411505540212
13.44411407907804
9.509725342194239
12.366670608520508
12.662889122962952
12.284797792633375
13.561126699050268
15.15294531484445
13.417312905192375
10.183097571134567
8.184621761242548
10.950066382686297
10.97121331592401
13.481087865928808
14.473621517419815
14.020773542424044
15.754740913709005
8.663497696320215
12.550534476836523
14.26977893213431
11.621669019261995
13.568872238198916
10.009241566061974
14.90915854771932
12.217139547069868
12.888491327563921
12.220177876452604
10.241970787445704
