237.00447463989258
239.51935736338297
240.34235986073813
243.60298450787863
262.8717447916667
246.5462528069814
245.9177681605021
229.18667380015054
238.88109175364175
221.33646829922995
217.90868862469992
233.0256442228953
228.11187362670898
235.95209685961404
233.1984392007192
224.6895227432251
229.1965537071228
233.17395297686258
240.99798440933228
230.4251168568929
219.96181082725525
229.9897784392039
234.52874175707498
237.3502575556437
219.46556798617044
226.96960258483887
227.9404720465342
221.54519351323447
218.57626096407571
219.68693463007608
224.78025619188944
213.99428009986877
224.7975289026896
215.3232971827189
215.94936561584473
218.01503841082254
214.4701176484426
224.53233591715494
215.57763640085855
215.9315434296926
215.84854022661844
220.73921672503153
222.98850719134012
214.86182490984598
214.7088232835134
212.44722731908163
227.69100801150003
211.73329051335654
217.99610129992166
212.39690113067627
221.0569439729055
213.9021037419637
215.1441950003306
214.66184798876444
213.59496911366782
216.7935508886973
218.6832701365153
217.22311766942343
214.97463742891946
209.6303760210673
210.06128613154092
215.56566182772318
209.61679561932883
217.01542417208353
214.84679969151816
222.93563071886697
215.89758690198263
213.68451690673828
213.24941865603128
216.51046212514242
208.62661536534628
213.89240996042886
212.38933793703714
214.05131856600443
214.80898841222128
211.23524769147238
213.843163728714
206.74807635943094
211.44958957036337
212.64803806940714
211.59701244036356
214.4394018650055
213.6173379421234
215.7741994857788
212.8164962132772
214.64897934595743
208.4813356399536
211.34651645024618
212.57584087053934
211.06924120585123
212.84069546063742
220.05643939971924
212.1679468949636
215.74039570490518
206.65916713078818
208.15116294225058
218.2120956579844
217.53948950767517
213.2363707224528
212.36932198206583
209.23294496536255
211.8028024037679
207.6693340142568
217.559543689092
215.12365945180258
216.2009630203247
216.3890459537506
212.63665453592935
213.57233055432638
217.66264502207437
210.54175090789795
216.07188200950623
212.2178215185801
212.48582816123962
215.439559618632
213.61332615216574
212.75152476628622
219.24401783943176
216.89627838134766
214.83430234591165
214.5782233874003
218.71954250335693
212.7732990582784
215.27500096956888
214.40071288744608
214.91609557469687
212.7347404162089
206.18023014068604
213.45502511660257
213.25361029307047
209.98444294929504
208.57974592844644
208.75649690628052
212.02150225639343
213.2875951131185
209.8174064954122
207.9636573791504
209.24239826202393
210.70740167299905
209.13172602653503
213.9746904373169
207.38702726364136
212.59581462542215
214.01904702186584
214.8990474541982
208.27169267336527
214.41012032826742
212.79222830136618
210.96430134773254
204.89899063110352
209.30278221766153
213.4830097357432
214.6087429523468
214.63895471890768
215.60797437032065
210.82270669937134
209.2194506327311
209.98604114850363
214.84743555386862
209.528604666392
209.89401721954346
210.22270917892456
214.04110391934714
214.29167906443277
210.9899079799652
211.14798871676126
214.1246690750122
212.68404936790466
207.90817983945212
207.70092995961508
207.85117959976196
203.6750484307607
208.1551198164622
220.2530142466227
210.3437843322754
210.8049148718516
212.1741677125295
220.27767642339072
213.90605600674948
216.0424169699351
210.87806598345438
207.57667366663614
217.7080918153127
215.5372450351715
209.76518551508585
209.46038087209067
214.41857274373373
211.4722817738851
213.0448325475057
208.50446462631226
212.71469902992249
217.1482527256012
219.14062881469727
210.69359620412192
211.37589701016745
211.23299010594687
216.3029476006826
212.44216712315878
207.4967648188273
205.6336407661438
