0.04545957548543811
-11.175818458199501
-24.018200039863586
-33.42360335588455
-44.300150007009506
-51.75803899765015
-61.290314078330994
-70.8757201731205
-77.87693125009537
-85.4193594455719
-94.61007297039032
-98.99041759967804
-106.7954638004303
-102.61009573936462
-111.29435974359512
-109.6261899471283
-117.0235441327095
-115.14420008659363
-118.19546854496002
-123.92399817705154
-123.8940304517746
-124.6484717130661
-124.65185630321503
-126.07846105098724
-130.02549755573273
-127.43772655725479
-131.50679969787598
-132.49044620990753
-121.07537198066711
-132.500086247921
-130.05340027809143
-129.68591034412384
-131.21331745386124
-134.70212477445602
-133.24140214920044
-134.38890916109085
-138.17935800552368
-135.0676000714302
-138.08876985311508
-136.7412194609642
-134.67229807376862
-134.71938014030457
-137.60402804613113
-134.6112344264984
-142.1566442847252
-139.71863132715225
-139.49921721220016
-135.21034717559814
-139.05037623643875
-139.09814327955246
-136.60718566179276
-139.90078473091125
-133.52154749631882
-139.49177312850952
-136.88848942518234
-139.5886066555977
-139.27814102172852
-141.31965327262878
-139.6672379374504
-138.4585766196251
-140.85080695152283
-141.99906945228577
-139.39228028059006
-139.18880194425583
-138.49751955270767
-143.23481756448746
-139.03507506847382
-144.92117953300476
-141.93470180034637
-141.61030495166779
-139.20917999744415
-138.92802733182907
-145.5283609032631
-142.40097945928574
-145.00617706775665
-139.73385190963745
-141.57240962982178
-140.5853483080864
-141.56839042901993
-142.67965412139893
-139.47119361162186
-138.67890739440918
-141.08539128303528
-139.2713919878006
-141.33200299739838
-142.58020156621933
-139.9658675789833
-144.23002809286118
-141.36179947853088
-146.31903541088104
-142.19638299942017
-141.1192170381546
-144.27074390649796
-140.40357768535614
-140.48878675699234
-139.41776543855667
-140.26011538505554
-147.904645383358
-142.27720016241074
-144.67090117931366
-145.9606113433838
-142.49551630020142
-145.9397296309471
-147.0001438856125
-142.92521822452545
-144.90198004245758
-137.39430433511734
-148.19567984342575
-144.2989991903305
-140.1095716357231
-144.8897511959076
-142.8424670100212
-144.02160382270813
-145.7510387301445
-144.82867747545242
-146.19489347934723
-143.90445268154144
-147.2159719467163
-147.7688286304474
-143.62881004810333
-144.59158492088318
-145.04725551605225
-147.4846842288971
-145.9807778596878
-149.03430271148682
-141.58201944828033
-146.79560786485672
-144.39034283161163
-147.62610167264938
-145.0389552116394
-146.79983860254288
-146.06572502851486
-143.98312425613403
-146.82536405324936
-148.9066452383995
-145.42898893356323
-147.5369439125061
-143.5609973669052
-143.84155571460724
-145.78574085235596
-145.14669799804688
-145.91697430610657
-145.21665626764297
-145.19597601890564
-145.71685034036636
-146.8369985818863
-142.75040817260742
-144.25041621923447
-142.3802387714386
-149.99312889575958
-148.3896490931511
-144.12107652425766
-146.8613555431366
-149.55359554290771
-146.99268972873688
-144.0235983133316
-149.00601720809937
-144.27932626008987
-145.91300547122955
-149.75058674812317
-145.218177318573
-145.6296467781067
-147.8624991774559
-146.15619230270386
-145.51265680789948
-147.5397543311119
-144.7022489309311
-147.14536899328232
-142.8564082980156
-145.59436041116714
-146.24350666999817
-146.00616228580475
-146.60399574041367
-148.16770660877228
-146.28244960308075
-146.82690525054932
-146.7843661904335
-147.41846311092377
-146.66212809085846
-148.3040673136711
-144.38566887378693
-146.27336359024048
-145.49341702461243
-148.67291712760925
-147.7769274711609
-147.58573842048645
-147.93107742071152
-148.40736782550812
-141.05592721700668
-148.12119871377945
-146.70201790332794
-146.15607142448425
-148.55659198760986
-146.91637527942657
-149.14437240362167
-147.9622539281845
-149.25373697280884
-149.93681979179382
-144.91432976722717
-148.21315681934357
