233.8226979970932
224.12177765369415
184.01930010318756
170.86760878562927
161.03326910734177
144.65485459566116
139.25224286317825
116.13374948501587
97.40918946266174
103.61713218688965
90.37349283695221
92.01944118738174
99.0898802280426
74.49018543958664
70.2885491847992
68.49370405077934
81.56033739447594
63.695428013801575
65.89025917649269
59.445259153842926
61.581650733947754
52.53947639465332
56.78483027219772
60.116072833538055
58.276981234550476
57.27966037392616
52.48887878656387
54.855281472206116
59.261247247457504
57.82262519001961
47.77421522140503
54.27375650405884
45.64478421211243
46.41216951608658
47.67412805557251
52.569454193115234
48.07885855436325
51.07253861427307
50.07703596353531
42.744407027959824
45.162641286849976
43.9708072245121
43.39064213633537
42.08120867609978
40.987923100590706
41.36218976974487
43.483879536390305
43.34863695502281
38.51912397146225
43.74771639704704
40.036629140377045
40.49452590942383
38.45563520491123
40.505022168159485
35.4408543407917
42.140005856752396
37.317418187856674
34.98131816089153
40.0027177631855
40.820191979408264
40.13129189610481
34.185382932424545
35.832796931266785
32.681919783353806
39.230849891901016
35.50609332323074
34.2765654027462
33.840698689222336
35.66550651192665
35.0164912045002
35.23338198661804
35.41058945655823
35.913986802101135
35.77518838644028
39.844364777207375
38.359413623809814
34.89009791612625
34.47977176308632
32.28728765249252
32.29052114486694
39.86754569411278
33.20203609764576
31.909825265407562
35.9556545317173
33.81526389718056
32.30276510119438
32.22838470339775
34.64590376615524
31.410049229860306
31.289130717515945
32.7202482521534
33.152030289173126
30.685414522886276
32.00457616150379
38.15429839491844
32.54187984764576
33.954037129879
30.46857914328575
31.591484919190407
29.71998032927513
32.890905633568764
27.668855741620064
35.31965881586075
34.366831213235855
32.90617910027504
28.70241992175579
33.88565531373024
36.49828189611435
31.473072111606598
28.709503889083862
31.237598821520805
27.928119376301765
28.886222809553146
26.849394589662552
30.24250665307045
27.160210266709328
27.730103224515915
34.97242605686188
29.645667925477028
27.90164704620838
28.900985062122345
26.083490043878555
27.05375936627388
28.72945886850357
30.57177136838436
30.46927922964096
31.862743198871613
28.89203503727913
27.982083946466446
27.382704257965088
25.215634793043137
26.334758087992668
25.61356085538864
26.08670338988304
26.471912056207657
27.63906681537628
25.72481918334961
24.326630890369415
28.120454251766205
26.257426247000694
25.055899262428284
26.645734935998917
25.621362537145615
24.381763949990273
27.1840887516737
26.98859593272209
25.563922718167305
29.330440193414688
24.688580572605133
23.6453914642334
25.603865414857864
25.067385211586952
25.202459067106247
27.36849854886532
24.792117804288864
26.6999588906765
25.021333128213882
25.439889073371887
26.986624106764793
24.12009534239769
24.29118838906288
24.732975617051125
24.913741439580917
24.01357141137123
24.052287697792053
24.350778833031654
25.45495603978634
23.50608938932419
23.324364095926285
23.65029962360859
25.11687980592251
23.52553567290306
25.98858553171158
23.487302899360657
25.930893883109093
23.10680092871189
24.1750747859478
23.69064524769783
23.96206721663475
23.72293232381344
26.05764728784561
23.747624218463898
24.32812675833702
24.51744219660759
23.64334660768509
24.8513984978199
23.29734529554844
23.593154445290565
22.769047036767006
27.590232014656067
25.05239127576351
23.35232725739479
21.463693216443062
22.95535311102867
22.76558941602707
23.808264791965485
21.903848588466644
23.29454243183136
21.829030007123947
23.513880997896194
