-3.656888415416082
-19.638661593198776
-29.919419129689533
-28.76144504547119
-33.07357120513916
-36.99238657951355
-34.76936819156011
-37.30847521622976
-37.92949648698171
-38.87866759300232
-41.02069755395254
-36.9417045712471
-37.40710894266764
-39.88478171825409
-40.21948746840159
-39.51440612475077
-40.76806088288625
-40.75174959500631
-41.71022363503774
-43.42304825782776
-44.11984904607137
-45.22385819753011
-44.57605024178823
-42.078582326571144
-44.04221781094869
-43.11252590020498
-46.797114888827004
-46.27717351913452
-46.498738606770836
-46.72892165184021
-46.42032241821289
-45.87340792020162
-47.831929882367454
-47.35701823234558
-48.12077271938324
-48.5395161708196
-49.13829982280731
-48.37313783168793
-48.19272838036219
-49.48440812031428
-50.18127989768982
-49.85389534632365
-50.56092598040899
-50.53119021654129
-50.45999958117803
-50.87719221909841
-50.868799010912575
-51.13140004873276
-51.03457045555115
-50.04759422938029
-51.44681723912557
-49.784150540828705
-50.228463888168335
-50.217544416586556
-49.848587135473885
-51.42070293426514
-51.55153431495031
-51.984155217806496
-51.288813054561615
-51.670401195685066
-51.29187778631846
-51.84345553318659
-52.506941040356956
-51.130268017450966
-51.300384839375816
-51.973750948905945
-51.59730323155721
-51.86045849323273
-51.50943833589554
-51.16957028706869
-51.41979777812958
-51.72130652268728
-51.63591754436493
-52.58941042423248
-51.42635786533356
-51.54655337333679
-50.987134993076324
-52.24543563524882
-52.93257796764374
-52.04631173610687
-52.49556372563044
-52.81732141971588
-53.136430501937866
-53.202805519104004
-52.683236281077065
-52.442981561024986
-52.16075563430786
-50.5394846200943
-50.91351010402044
-51.26181125640869
-50.69287802775701
-51.06915012995402
-50.374278485774994
-51.29061392943064
-50.509044567743935
-50.7429172595342
-51.681457897027336
-51.50444974501928
-51.10167256991068
-52.34851209322611
-51.34415409962336
-51.25038202603658
-52.572758277257286
-52.6410346031189
-52.081353545188904
-53.04181396961212
-52.87256749471029
-52.094765424728394
-52.66012501716614
-51.78727171818415
-52.4634618361791
-52.853059232234955
-51.92709310849508
-52.66018450260162
-52.35051862398783
-52.42979564269384
-52.951869090398155
-53.00769462188085
-53.41701648632685
-53.59587109088898
-53.605644206206
-53.94100761413574
-53.671422481536865
-53.333259423573814
-52.376054565111794
-53.51575458049774
-52.919302543004356
-53.346410950024925
-52.92403966188431
-53.257495164871216
-53.73799355824789
-53.43600904941559
-53.592783649762474
-53.483065247535706
-52.64421264330546
-52.817451318105064
-53.05540615320206
-52.274272322654724
-51.77971827983856
-50.90288591384888
-52.11626789967219
-52.011847138404846
-52.19988361994425
-52.4863406419754
-53.50072815020879
-53.45823939641317
-53.97272517283758
-54.19623188177744
-54.22496942679087
-54.38581238190333
-54.219999452432
-54.62641910711924
-54.65486854314804
-54.78743896881739
-54.51422323783239
-54.606553773085274
-54.5481906135877
-54.5532865524292
-55.069555938243866
-54.4476002852122
-54.964246014753975
-54.585652351379395
-55.11981147527695
-54.56712488333384
-54.72890329360962
-54.794311781724296
-54.99188709259033
-54.87088996171951
-54.928125182787575
-54.598566234111786
-55.12196755409241
-55.07610138257345
-54.96866623560587
-55.06556717554728
-54.764761567115784
-55.11244785785675
-55.17603379487991
-54.139786183834076
-54.87638692061106
-54.89994329214096
-55.02746033668518
-54.59723170598348
-54.91237489382426
-54.7631356716156
-54.949705044428505
-54.989554484685264
-54.710310896237694
-54.72229617834091
-54.91178381443024
-55.16178071498871
-54.81765766938528
-54.80160140991211
-55.02044002215067
-54.65898152192434
-54.7270747423172
-54.61799152692159
-55.00369584560394
-54.99054594834646
-54.973127702871956
-54.809959292411804
