-3.4759571651617684
-16.304669102032978
-28.373883704344433
-28.15573090314865
-33.08847095568975
-34.84370378653208
-34.78878035147985
-35.70302947362264
-36.072102189064026
-38.894991517066956
-39.22773718833923
-38.011157075564064
-35.580090483029686
-41.05075089136759
-39.73761602242788
-40.800270318984985
-40.36302944024404
-42.395271261533104
-43.17731785774231
-42.57163921991984
-44.94492173194885
-43.370831767717995
-45.412519017855324
-47.2608737150828
-45.607070763905845
-46.05881734689077
-47.96459980805715
-47.70310517152151
-48.00467069943746
-47.960424304008484
-47.589177787303925
-48.8614447315534
-47.40848237276077
-49.004946410655975
-50.01821321249008
-50.030460039774574
-50.16556398073832
-51.38949273029963
-50.03577889998754
-49.78248914082845
-48.96242479483286
-48.76335561275482
-48.56599942843119
-50.52407602469126
-49.423188745975494
-49.74123340845108
-49.354477067788444
-49.492961724599205
-49.554732382297516
-48.227015137672424
-48.95267436901728
-48.50434652964274
-50.518235762914024
-49.86925748984019
-49.5075558423996
-49.876953383286796
-48.5512330532074
-49.682941913604736
-48.692510763804115
-49.7822448015213
-50.058330059051514
-50.94037149349848
-51.30775332450867
-51.26313781738281
-51.97293690840403
-51.93279872337977
-51.00781526168188
-51.083818991978966
-50.95485977331797
-50.8633314371109
-50.013785441716514
-49.15690163771311
-50.703935305277504
-49.480246563752495
-50.48423888285955
-51.03670487801234
-51.27642969290415
-51.03030677636465
-51.83345045646032
-51.241743524869285
-51.462254544099174
-52.32560153802236
-51.66197065512339
-52.555607755978905
-51.50532285372416
-51.36489152908325
-52.200774232546486
-51.03471807638804
-50.45657475789388
-51.54188996553421
-51.180816531181335
-51.13267970085144
-50.78530581792196
-51.02288659413656
-51.552570044994354
-51.26375788450241
-51.80537994702657
-51.870443642139435
-51.7109409570694
-53.02353004614512
-52.45105532805125
-51.34961140155792
-50.72453689575195
-50.66133165359497
-51.94301509857178
-52.030344525973
-51.266245206197105
-51.99026678005854
-51.079909106095634
-50.43728073438009
-52.008236606915794
-51.50566677252451
-52.04294365644455
-52.41294942299525
-51.86288205782572
-52.60509820779165
-51.94490567843119
-52.486314495404564
-52.473504861195885
-52.72904207309087
-52.345972100893654
-52.27029152711233
-52.26389133930206
-51.740869998931885
-51.01562372843424
-51.320325215657554
-51.32349844773611
-51.298613707224526
-52.2048953572909
-51.549185276031494
-51.74516260623932
-52.21319238344828
-52.08860238393148
-52.349576552708946
-52.01302500565847
-53.01260006427765
-52.40290389458338
-52.54505888621012
-52.85199515024821
-52.63398162523905
-52.6547300418218
-52.628897746404014
-52.11047818263372
-51.985012213389076
-51.638317147890724
-49.96761544545492
-51.41721232732137
-51.92350296179453
-52.19127239783605
-51.73950970172882
-51.17715044816335
-51.02258570988973
-52.36539375782013
-51.956400195757546
-52.32798711458842
-52.6894762913386
-53.23399376869202
-53.56423878669739
-53.64596426486969
-52.53344728549322
-52.879230777422585
-52.310782035191856
-52.358548720677696
-52.81981933116913
-52.9239696264267
-52.34007318814596
-52.32062919934591
-51.50433099269867
-51.343796034653984
-51.232166250546776
-51.299052913983665
-51.21201455593109
-51.09558661778768
-50.98722219467163
-50.95923809210459
-50.71306304136912
-49.35954467455546
-51.66601645946503
-51.19571399688721
-52.67489957809448
-53.17835863431295
-52.87204611301422
-53.232475121816
-53.782084027926125
-53.692417780558266
-54.12834990024567
-53.60492664575577
-54.210705399513245
-53.67211659749349
-53.2522177696228
-53.154873053232826
-52.930060148239136
-52.84431997934977
-53.065969268480934
-53.23427518208822
-53.23937654495239
-52.72733771800995
-53.11716731389364
-52.9001217285792
-53.44152122735977
