111.72807375590007
88.47618186473846
80.43613882859547
71.07116635640462
74.23623092969258
70.49237821499507
68.59607068697612
66.45658864577611
58.57917277018229
55.010933578014374
54.673603892326355
53.34674729903539
50.83834344148636
53.42752687136332
49.88616959253947
45.81419788797697
45.60029724240303
45.63379125793775
41.622101147969566
43.08338025212288
45.62616287668546
42.09351644913355
37.656966557105385
42.65088268121084
38.22090995311737
39.56185828646024
33.39336600402991
37.650729750593506
37.93771868944168
34.447652369737625
37.72182832658291
34.36664195855459
36.241764868299164
32.64405305186907
32.10047513743242
31.120454219480354
29.16373261064291
29.653537824749947
33.058051923910774
28.57440755267938
26.30665019651254
29.771087425450485
26.241368646423023
30.051073382298153
30.843000072985888
24.96046591891597
31.15762276450793
27.371974614759285
24.673688390602667
31.43255363901456
26.07912326231599
25.8521142800649
28.273068075378735
22.90837454656139
24.382836785167456
26.66655198065564
29.89972135424614
21.141443854818743
26.54002281650901
20.17494949946801
25.537282841900986
22.03396940852205
24.748718949655693
25.06882645189762
20.271077463403344
24.091471372172236
19.56508716692527
20.840287047127884
20.014368844528992
21.427436023950577
18.164844083289307
18.77757190664609
19.19138668042918
17.322855797906715
21.218945883214474
19.548956460940342
21.213704230884712
22.02477377404769
21.365537097988028
15.585177510976791
16.699425709744293
18.122325209279854
14.933246031403542
20.34189939064284
24.051537909855444
22.611526456971962
21.956090552111466
19.21109953771035
18.30424353480339
16.96180223921935
17.336714227994282
14.796945787966251
15.505300357937813
16.215168962876003
15.973683739701906
18.155691027641296
17.021201223134995
16.325246347114444
23.02297090863188
23.07069371143977
19.943058273444574
15.780463313062986
18.91078333556652
14.93359678486983
18.85693898051977
14.562593949337801
14.712359915177027
15.9500120083491
13.705329447984695
13.794501319527626
12.426035126050314
17.177913665771484
14.771589403351149
16.864950673033793
15.98839390774568
14.626584978153309
15.104983374476433
19.82601523026824
15.51195645518601
16.973105393350124
15.43930920958519
15.327147661397854
16.8780429388086
17.60383798678716
15.732929001251856
15.785167145232359
15.121691718697548
15.376275904476643
15.616584262500206
17.07208576798439
17.832573994994164
17.807811826467514
17.20195843776067
17.571937263011932
12.80088115731875
13.606295262773832
13.118405809005102
16.856124100585777
12.787115469574928
11.988392238815626
17.288027924795944
16.64569739003976
16.414340344568092
13.55655919884642
16.14874703840663
15.940976885457834
13.429063280423483
13.801862321794033
17.30633308614294
16.70226840178172
14.677459552884102
12.36855141321818
15.275650372107824
12.262999167044958
10.528748338421186
13.07228808104992
10.93294412146012
14.397298286358515
11.625253841280937
14.939461842179298
17.035157347718876
14.12871041893959
12.883218790094057
14.83253457521399
11.572975844144821
21.43288727601369
18.789075523614883
13.21116035679976
17.357906776169937
13.155878938734531
12.295750791827837
17.76595002040267
12.29066630701224
13.621876147886118
14.388158470392227
15.329862624406815
15.10208104054133
11.089105034867922
14.63030718266964
13.83956545094649
14.422975525259972
13.032174840569496
12.949551520248255
13.974064235885939
12.954430664579073
15.69577403118213
10.636945262551308
12.577658096949259
10.853680382172266
14.5599484393994
13.085972271859646
12.687063867847124
14.944361050923666
13.547226279973984
12.910180141528448
12.20156715810299
14.084815024980344
14.022637829184532
11.861512675881386
15.15424257516861
