55.611669500668846
26.018707354863484
22.962622354427975
20.740677932898205
19.74771350622177
18.09563237428665
17.588467478752136
17.053623418013256
17.986276070276897
16.40735700726509
15.922240068515142
15.797092656294504
14.925324072440466
14.939790646235148
14.110278129577637
14.56734295686086
14.402229378620783
14.401804516712824
13.273475110530853
13.610020140806833
12.595876544713974
12.571446443597475
12.166981587807337
12.962189396222433
12.220428774754206
12.310281480352083
13.488791763782501
11.254660824934641
11.980305840571722
11.217798540989557
11.40320685505867
10.650373309850693
11.968867003917694
10.574432983994484
10.129432926575342
10.722503314415613
10.09009156624476
10.324843123555183
9.765585700670878
10.17700191338857
9.81073567767938
9.607748687267303
9.231728504101435
10.479973196983337
9.371292889118195
9.513532097140947
8.876712501049042
9.34427418311437
9.521870086590448
9.328658908605576
8.778425340851149
8.625702679157257
8.745609566569328
8.75183700521787
8.551880319913229
9.015625337759653
8.381823688745499
8.219711939493815
8.419789925217628
7.967504516243935
8.248713543017706
8.148599103093147
8.178681338826815
7.999110966920853
8.058752785126368
7.782772461573283
7.482831656932831
7.68876298268636
8.035037587086359
7.795580451687177
7.477845827738444
7.950511554876964
7.278301571806272
7.417252466082573
7.360059047738711
7.281255826354027
8.773116211096445
7.230262418588002
7.499055142203967
7.322522401809692
7.2986370623111725
7.202217345436414
7.608573819200198
7.381698767344157
7.27189165353775
6.780348971486092
6.832607229550679
7.966836541891098
6.786075100302696
6.818974112470944
6.986863096555074
7.024653519193332
6.660184835394223
6.691138838728269
7.0558633754650755
6.7373901183406515
7.3450372368097305
7.020796438058217
6.567169114947319
6.565993135174115
6.4897080312172575
6.492654100060463
6.950437222917874
6.3917852739493055
6.453319052855174
6.275253673394521
6.430582915743192
6.031497687101364
6.2192808737357455
6.189395420253277
5.790866660575072
6.1381252482533455
5.7831759204467135
5.831549661854903
6.252125903964043
6.0388898228605585
6.365984419981639
5.823912546038628
6.058556328217189
5.855329091350238
5.984701996048291
5.714870465298493
6.693342936535676
5.729835947354634
6.109157219529152
5.610709927976131
5.809332996606827
6.355063217381637
5.694699190557003
5.733138993382454
5.661931991577148
5.94571378827095
5.603285141289234
5.57956175506115
5.822710608442624
6.062007496754329
5.359465591609478
5.9559158484141035
5.853249117732048
5.508553413053353
5.579027404387792
6.229327616592248
5.661735179523627
5.734647065401077
5.769073188304901
5.270564739902814
5.827618449926376
5.520961632331212
5.6699553206563
5.4236854215463
5.616989220182101
5.404020128150781
5.434173782666524
5.660526275634766
5.195056187609832
5.151938999692599
5.560583775242169
5.360802044471105
5.255851733187835
5.367189745108287
5.125741186241309
5.085915307203929
5.298305928707123
5.703757062554359
5.715021764238675
5.394462044040362
5.596544009943803
5.424559310078621
5.435374580323696
5.445973234872024
5.197296783328056
5.1905479083458586
5.337859869003296
5.134636074304581
5.598759440084298
5.058290548622608
5.118424360950788
5.780498897035916
5.348078966140747
5.198557270069917
5.129041075706482
5.559384311238925
5.087073174615701
4.97637265920639
5.2132426624496775
5.235745422542095
5.025715033213298
5.344729510446389
5.102391901115577
5.037220316628615
4.847301281988621
5.168168301383655
5.020798166592916
5.136699800690015
4.714183983703454
5.0090673839052515
4.893443301320076
4.811388961970806
5.2510400513807935
4.798964319129785
