931.265305519104
874.3641400337219
862.8110027313232
879.2460083961487
861.2069487571716
866.3957672119141
885.3391571044922
881.190938949585
848.3492937088013
856.2671394348145
845.387857913971
839.2274203300476
846.3508543968201
839.558304309845
840.3433680534363
862.6288795471191
851.0699400901794
830.9695844650269
818.0200619697571
842.2534050941467
864.1724138259888
836.4572138786316
829.7844138145447
842.3161005973816
822.0645666122437
850.8937802314758
856.9899106025696
835.3028268814087
838.7045011520386
848.4501061439514
822.5776543617249
832.5726714134216
848.4355201721191
822.3898096084595
859.131630897522
824.857578754425
830.8104281425476
833.4070534706116
858.0746717453003
830.6439385414124
839.1309595108032
824.803505897522
830.3290104866028
831.3592958450317
853.7972750663757
820.8646488189697
850.884271144867
842.8391003608704
812.5286450386047
829.5420126914978
866.6856331825256
842.2058596611023
841.0966005325317
840.7044715881348
812.461033821106
860.615451335907
821.7789716720581
830.4819617271423
833.4638662338257
805.6929817199707
838.8679285049438
829.1054005622864
827.1437082290649
815.1926398277283
828.1423234939575
827.2101912498474
855.8650178909302
822.8941135406494
828.9918556213379
824.3646373748779
833.2170329093933
836.4405326843262
829.3083953857422
815.4594583511353
829.8969917297363
809.3849248886108
847.0991711616516
837.882529258728
820.796392917633
832.6169934272766
809.2803249359131
848.9306373596191
833.715615272522
839.0706815719604
826.1278476715088
848.2973966598511
815.4843592643738
836.0137519836426
839.9062724113464
850.2735137939453
835.1870255470276
835.9988436698914
834.8654088973999
851.1863861083984
814.5131430625916
827.3066520690918
815.7079033851624
830.353105545044
851.916974067688
835.1683297157288
824.5428924560547
826.4278674125671
819.6427311897278
833.2567615509033
817.7984519004822
826.3310036659241
824.8492784500122
814.9001145362854
849.2926273345947
820.8189568519592
827.3393697738647
828.6691107749939
826.0697455406189
828.2796411514282
825.124397277832
834.8301124572754
834.69118309021
827.3538751602173
813.038670539856
815.7977561950684
829.3781018257141
807.8016619682312
828.6069793701172
819.1492257118225
825.1501040458679
823.8566265106201
819.3592314720154
817.009681224823
801.8814496994019
826.3192381858826
828.335325717926
831.5580196380615
829.2890548706055
831.118989944458
822.641478061676
823.8062605857849
843.0716700553894
825.7892274856567
811.5153632164001
816.553083896637
823.7012577056885
815.3849167823792
816.7749357223511
838.4941730499268
816.4902272224426
813.88401222229
836.3231196403503
834.3452296257019
825.3373847007751
823.8565459251404
810.9072651863098
832.0974588394165
818.8226933479309
815.1869988441467
825.3522124290466
825.9110727310181
833.3395228385925
814.5327253341675
852.0919251441956
825.0130281448364
807.7541971206665
837.2051277160645
827.2194585800171
827.17271900177
810.5367331504822
822.3007626533508
829.7670073509216
829.8604865074158
826.4378600120544
820.5448050498962
832.6435866355896
801.6512169837952
821.5975737571716
814.7997856140137
833.1623153686523
815.0811901092529
812.2922072410583
821.9310364723206
834.4917340278625
835.0455174446106
815.9386196136475
838.7524495124817
822.326388835907
831.020272731781
810.8608479499817
826.7850222587585
823.6323571205139
826.6796970367432
832.2836918830872
828.2818169593811
828.4292078018188
814.2040977478027
817.4313850402832
828.6697554588318
833.9083757400513
819.1065154075623
816.8735723495483
843.1566877365112
813.638307094574
824.6777925491333
