87.89185291528702
42.70126861333847
30.88708472251892
25.636824876070023
22.42243629693985
22.191866129636765
21.15388485789299
21.38225655257702
20.32991721481085
19.110214427113533
18.452820748090744
18.962516352534294
17.80225668847561
18.01602730154991
17.53312636911869
17.435779109597206
16.51449316740036
17.338751673698425
16.480525128543377
16.837853737175465
16.296586252748966
15.919651448726654
15.98064710199833
15.504239596426487
15.743982657790184
14.73378574848175
14.920935451984406
14.652998805046082
15.029607489705086
15.083123803138733
14.103808760643005
13.673081889748573
13.174650624394417
13.558398678898811
13.350319415330887
13.272230826318264
12.841992504894733
12.60863584280014
12.855775140225887
12.21224720031023
13.046063899993896
12.265879355370998
12.609762780368328
12.167136959731579
12.355330497026443
12.313888154923916
12.21659629791975
12.39183446019888
11.53495142608881
13.363405741751194
11.554653316736221
10.796147525310516
11.602460652589798
10.88479533046484
12.18566532433033
11.492907211184502
11.526221752166748
9.977343019098043
10.248392909765244
10.246379531919956
10.148704893887043
9.695882491767406
9.923413075506687
9.604563403874636
9.656452268362045
10.115059196949005
9.622041009366512
9.48199225962162
9.21318743005395
9.070619124919176
9.168010454624891
9.153122287243605
8.790434744209051
9.011934638023376
9.140259459614754
9.288005381822586
8.726746402680874
8.587370038032532
8.723205678164959
8.74153257906437
8.62939914315939
8.604705359786749
8.246176153421402
8.051841121166945
8.094394661486149
8.076173529028893
7.91778276860714
8.728462621569633
8.392655372619629
8.058435279875994
7.564251121133566
7.243175275623798
7.739474803209305
7.627986051142216
7.84502037614584
7.3131310269236565
7.562545605003834
7.226813904941082
8.144257556647062
7.783952951431274
7.327202636748552
7.3078734539449215
7.235168982297182
7.181866094470024
7.714396350085735
7.356390319764614
7.199460171163082
8.01074567437172
7.428395964205265
7.340710777789354
7.072383165359497
7.451595138758421
11.096703663468361
6.816342320293188
6.819744538515806
7.11457658931613
7.414708394557238
7.203974846750498
7.103005647659302
6.71180847287178
6.7715852707624435
6.620426427572966
6.95420204102993
6.52522349730134
6.74660125374794
6.558255359530449
7.281027156859636
6.7720587104558945
6.5710747465491295
6.293795220553875
6.5109863094985485
6.460705377161503
6.678510930389166
6.528681747615337
7.005915883928537
9.436787582933903
6.322793401777744
6.455738037824631
6.19523099437356
6.572747524827719
6.3439030200243
6.229009531438351
6.755862917751074
6.219229098409414
6.352247394621372
6.328012570738792
6.493222877383232
6.170024108141661
6.375658735632896
6.237296614795923
6.411806359887123
6.074700929224491
6.013479258865118
5.975056353956461
6.155953757464886
6.098926309496164
6.10574459657073
6.152513764798641
5.76842699944973
6.083750426769257
5.908499043434858
6.008764378726482
6.258067522197962
6.078086778521538
5.8536769933998585
5.784805368632078
5.669322598725557
5.869829345494509
6.133462224155664
5.992628395557404
5.9975157789886
6.00113582983613
5.905733324587345
5.59859561920166
6.014814585447311
5.675140492618084
5.795600675046444
5.954245783388615
5.860361810773611
5.633642747998238
5.46885047852993
5.616809196770191
6.003175649791956
5.360340870916843
5.7964927814900875
6.076917659491301
5.385560978204012
5.6923933401703835
5.838681168854237
5.438561670482159
5.568724848330021
5.49925135076046
5.408644940704107
5.523948282003403
5.6394738629460335
5.127780934795737
5.456909347325563
5.400558691471815
5.5355047434568405
5.694801460951567
