1862.715796470642
1745.7147054672241
1298.0867023468018
1428.3586101531982
1338.0986824035645
1289.7117757797241
1321.7426505088806
1382.6919469833374
1227.588671207428
1238.1996030807495
1248.8633184432983
1139.9041748046875
1152.282265663147
1281.53444480896
1364.3523035049438
1230.0012392997742
1170.751974105835
1144.3023691177368
1192.3944940567017
1192.6291589736938
1325.6000356674194
1130.534662246704
1081.3118424415588
1298.807942390442
1097.1119956970215
1330.36457157135
1361.0368556976318
1137.5187640190125
1128.8251218795776
1357.994592666626
1054.5477929115295
1281.2869668006897
1171.9116797447205
1228.8640975952148
1302.8555898666382
1283.2882266044617
1118.9069027900696
1136.8079195022583
1112.263677597046
1218.9981784820557
1172.4479761123657
1009.7329988479614
1542.847529411316
1061.0827112197876
1327.4406080245972
1695.6859502792358
1191.9911637306213
1103.6515073776245
1057.9753351211548
1160.5430026054382
1146.9339685440063
1064.798991203308
1245.4417395591736
1054.8313732147217
1272.0575923919678
1046.5499258041382
1073.1294345855713
1111.061019897461
1136.3673586845398
1347.8016576766968
1061.0722351074219
1093.0157551765442
1007.9906601905823
1175.3438959121704
1288.7671527862549
1142.0014925003052
1208.3506608009338
1287.6278352737427
1283.4415807724
1072.3450155258179
1106.5500059127808
1086.5731072425842
1224.1811141967773
1137.9175815582275
1207.5436778068542
1150.0631833076477
987.0211901664734
1293.7168741226196
1142.7784171104431
1096.1390872001648
1226.3269443511963
1061.9253935813904
1222.7040629386902
1024.6922426223755
1285.220908164978
1152.136164188385
1167.1814732551575
1341.2124247550964
1082.7828497886658
1330.8159308433533
1095.5227694511414
1111.2613554000854
1123.6172852516174
1035.8882250785828
1088.5111074447632
1071.8334589004517
991.1828660964966
1361.5854816436768
1162.3575458526611
1316.375738143921
1353.1626873016357
1003.3469219207764
1057.870735168457
1126.4647731781006
1235.9723010063171
1199.4441118240356
1073.602954864502
1046.9412488937378
1157.3936414718628
1216.3422422409058
1104.4194869995117
1344.8025884628296
1193.6481623649597
995.2866816520691
1056.1462059020996
960.0423803329468
1100.73108959198
1213.1395335197449
1093.21262550354
956.676727771759
1116.9943675994873
1022.8878531455994
1005.6818056106567
1136.070562362671
926.0461869239807
1030.465708732605
1439.7342176437378
1126.264437675476
1142.2296299934387
1062.6505823135376
1149.2541856765747
983.2780752182007
1004.8443613052368
1122.471037387848
1148.4709753990173
1100.131775379181
974.2781276702881
1194.0493168830872
1105.0851230621338
952.823694229126
1254.6321105957031
974.0638508796692
1168.2406888008118
1174.779797554016
1067.425916671753
1314.7640285491943
1039.2646760940552
1156.18421459198
1026.0393900871277
1027.9653024673462
1271.028193473816
1090.0041146278381
1035.9738068580627
1175.3051342964172
1015.2855801582336
1239.6601343154907
1207.6328053474426
1080.8130989074707
1249.1218366622925
1149.8455219268799
1139.4922218322754
984.2799139022827
1140.519847869873
1136.7020301818848
1007.7048234939575
1144.4885215759277
1032.6830987930298
1090.9944295883179
1125.4012866020203
1030.5269536972046
1082.3861274719238
1177.4398436546326
1338.6211986541748
1291.5085096359253
1141.8085708618164
922.2670502662659
1382.040493965149
1238.7545952796936
1136.8048572540283
1336.9184274673462
1121.9027485847473
1042.7964153289795
1012.6940317153931
1088.9355511665344
1252.1570081710815
1025.998372077942
1046.8285903930664
1067.794514656067
1272.5348196029663
1143.6830697059631
1148.5057077407837
1412.0153913497925
1157.4623003005981
1127.7726755142212
1146.2062816619873
1215.1826171875
989.0972332954407
1238.0612378120422
1029.421643257141
1259.186640739441
