886.3772592544556
869.1743545532227
893.3195371627808
844.114284992218
861.8789510726929
868.9377555847168
834.5911765098572
845.097508430481
860.7592158317566
837.9298329353333
846.3241806030273
845.8090782165527
845.2052512168884
833.9684119224548
829.4980936050415
843.0905270576477
836.3251342773438
827.065459728241
820.539083480835
836.1888642311096
827.8477029800415
822.0009846687317
822.0654530525208
841.8509612083435
840.2573027610779
838.7098197937012
856.7831282615662
840.6648235321045
821.7222394943237
831.8565888404846
817.9175572395325
817.6257572174072
839.7677459716797
822.3149456977844
861.2707724571228
845.3041296005249
823.9302816390991
846.7302508354187
815.7284526824951
836.859899520874
840.6591019630432
836.2312521934509
824.6076831817627
830.6078362464905
828.0714082717896
817.2591738700867
834.1443300247192
830.876024723053
829.6723999977112
820.1597676277161
835.6948752403259
815.9287075996399
834.8389768600464
835.5278215408325
830.2227988243103
832.713131904602
816.6783137321472
830.5154852867126
840.6812629699707
832.0777959823608
844.8255324363708
810.306661605835
823.9223036766052
839.3603863716125
822.9063625335693
828.8189997673035
789.0286297798157
814.473575592041
823.5966577529907
821.6127238273621
840.0958094596863
842.7072625160217
827.6188402175903
814.716540813446
804.7079048156738
820.3201327323914
827.5900712013245
810.8783349990845
809.8287091255188
825.208770275116
818.3205652236938
840.3922834396362
822.8621211051941
827.6766200065613
842.8938984870911
811.8098225593567
807.8686285018921
794.7209463119507
826.4973320960999
821.8013744354248
840.5806922912598
813.8790159225464
842.3296389579773
830.4937272071838
812.7396984100342
818.8950591087341
803.3885593414307
821.0898852348328
796.0313467979431
828.3159046173096
819.1057901382446
829.3257212638855
804.3280248641968
806.6325278282166
824.2294149398804
825.1795177459717
824.1043462753296
819.2691369056702
832.0816640853882
824.8903770446777
844.4866704940796
817.2243609428406
825.0845880508423
823.3113045692444
815.5809006690979
831.7389340400696
813.7704672813416
795.7521181106567
825.7201657295227
826.7494034767151
808.8664379119873
821.9445748329163
799.2359089851379
806.7221388816833
825.2885499000549
822.9004797935486
815.8648838996887
818.419846534729
836.7267723083496
820.0471091270447
818.7978730201721
807.1322383880615
817.8164224624634
827.333164691925
825.1126317977905
806.9214267730713
821.4181904792786
831.2556629180908
832.4031195640564
825.5670533180237
824.6275877952576
816.5820140838623
825.3885564804077
823.2409534454346
822.308337688446
814.7437787055969
815.9044513702393
804.1036748886108
831.3037724494934
804.9553022384644
841.615490436554
814.5598020553589
807.3036437034607
837.9935760498047
829.9113359451294
816.1437096595764
829.7014107704163
813.7711119651794
811.6414794921875
825.8801279067993
825.0019073486328
823.9406771659851
821.7153897285461
808.7315378189087
816.3289756774902
822.9633364677429
804.5688948631287
823.8152055740356
843.8534297943115
832.063371181488
834.3552222251892
818.014904499054
812.53315782547
816.0778713226318
815.5331134796143
818.4306449890137
800.6716198921204
815.1075415611267
807.6205863952637
810.7844529151917
816.3436422348022
816.8103127479553
815.6156330108643
817.0972776412964
814.8282322883606
820.8219385147095
825.0284199714661
809.7457060813904
791.0434279441833
816.9810733795166
817.4339637756348
835.949444770813
816.5482487678528
810.1989994049072
809.4902501106262
823.3367695808411
808.7287979125977
801.8509883880615
814.5887322425842
816.5938601493835
