119.3387877146403
54.81809866428375
49.371147791544594
45.24126935005188
41.88477470477422
40.275155345598854
38.50328369935354
38.0288614432017
37.34676206111908
33.8975909948349
35.00013881921768
31.588460087776184
30.623238066832226
30.274150133132935
30.120472490787506
30.164858520030975
31.39194146792094
27.92466934521993
28.579562326272328
28.144019534190495
27.484804391860962
28.810323178768158
27.557535529136658
27.731925288836162
26.809475620587666
24.86773854494095
25.58029802640279
26.11744676033656
26.03715431690216
25.6814599831899
23.38385311762492
23.855244994163513
23.076652387777965
22.493633339802425
22.678117722272873
22.572086423635483
22.170855174462
23.823248664538067
21.26197936137517
21.79454533259074
23.064895848433178
21.443125396966934
20.651785840590794
21.683559745550156
20.82157063484192
20.04183168212573
20.092949628829956
19.812925378481548
20.44696558515231
19.062998463710148
19.569121410449345
19.28843543926875
20.557474613189697
19.351602147022884
19.693700432777405
18.512768467267353
18.49958844979604
18.50119384129842
17.929110805193584
18.34834776322047
17.76553414265315
18.121274888515472
17.439800649881363
17.799849728743236
17.268070856730144
16.75677768389384
16.96504290898641
18.346497406562168
17.729894518852234
17.173833896716435
16.599757929642994
16.004385471343994
17.42718017101288
15.902117292086283
16.33873052398364
16.286114275455475
15.794764757156372
15.637163132429123
16.072044769922893
16.03458245595296
16.041471789280575
15.303885062535604
15.50493269165357
15.598100354274115
15.735431949297586
14.916656692822775
14.620751390854517
14.913134942452112
14.902945876121521
15.434803346792856
14.528962095578512
15.317597687244415
14.548716286818186
14.170937071243921
14.893915812174479
15.210631241401037
14.741118947664896
14.27620298663775
14.43784686923027
14.310231228669485
13.639316409826279
14.291138609250387
13.76883989572525
14.078835020462671
14.124000996351242
13.836762696504593
13.826510687669119
13.271793375412622
13.7087711195151
13.39567465086778
13.483589331309
13.166118949651718
14.16357829173406
13.621021171410879
13.537508517503738
13.360769857962927
13.55438220500946
13.686044047276178
13.185036351283392
12.96183748046557
12.560837705930075
13.575044045845667
12.476962943871817
13.200512672464052
12.724926819403967
14.043073972066244
12.555137435595194
12.718582342068354
13.450878327091536
12.874936709801355
12.120201582709948
12.348912825187048
13.262331287066141
12.956320216258367
12.888571838537851
12.48753522336483
12.11460393667221
12.311651349067688
12.464099685351053
11.987231284379959
12.067096283038458
12.22576904296875
11.645022680362066
12.855338672796885
11.83527192970117
11.755143692096075
11.739254330595335
11.483517264326414
12.336847205956778
11.876765166719755
11.584668810168901
12.492981423934301
11.659593562285105
12.154618928829828
11.86909989019235
11.795749952395758
11.73786131044229
12.02634009718895
11.39241848886013
11.47729175289472
11.60710602502028
11.630864386757215
11.815774917602539
11.132666359345118
11.536550422509512
12.61357485751311
11.117240851124128
11.24398193260034
11.001451124747595
11.099497566620508
11.65464531381925
11.719277635216713
11.223620201150576
11.332186152537664
11.691086033980051
11.286693503459295
11.08316014210383
11.290695115923882
11.243676553169886
10.920788615942001
11.064083019892374
10.798616364598274
10.776105011502901
11.21179706354936
10.768615638216337
11.576759070158005
11.524738113085428
10.82975252966086
11.049230431516966
10.977204139033953
10.834742104013761
11.102946172157923
11.14618549744288
10.857780824104944
10.594198803106943
10.56288692355156
10.853386571009954
10.697241137425104
11.282292639215788
10.248273069659868
