656.9900465011597
576.7885162830353
545.9289515018463
518.0155112743378
487.86804008483887
478.11913108825684
462.17755031585693
450.4445059299469
455.63433170318604
440.94218850135803
426.2539134025574
413.59909200668335
412.8851852416992
419.30518865585327
414.4141335487366
382.90081906318665
399.23045921325684
381.3224718570709
390.09456396102905
384.8216142654419
375.0820531845093
377.8298568725586
372.1802909374237
362.7936942577362
388.12078380584717
355.58391284942627
356.6910364627838
359.9838800430298
350.0345952510834
347.5374929904938
349.979394197464
346.76814341545105
342.89742136001587
356.53417682647705
332.659459233284
356.0361182689667
333.24664533138275
337.0374870300293
339.8124883174896
336.1664385795593
341.4806480407715
332.7026731967926
333.4925317764282
333.7762531042099
328.18936252593994
330.41390454769135
325.51630187034607
327.96497225761414
323.6258672475815
312.8649255037308
320.4222116470337
324.6289952993393
322.58228528499603
313.8866889476776
313.3280704021454
318.93258905410767
317.01850259304047
320.89234733581543
305.8368240594864
296.0258843898773
309.8269737958908
307.9568467140198
300.5600666999817
305.3148316144943
303.713739156723
305.7803336381912
312.3091073036194
297.45551109313965
308.49014127254486
300.3283632993698
309.54166090488434
301.2524974346161
297.1942731142044
296.02447414398193
291.46551179885864
291.90909457206726
291.66070997714996
293.27892684936523
299.1334216594696
298.35029196739197
284.67274010181427
302.9510177373886
286.55767476558685
285.15703868865967
293.2990732192993
284.10785603523254
292.85315346717834
277.22811245918274
277.39617347717285
279.89279222488403
289.49991106987
295.8324590921402
285.9698842763901
278.94559049606323
277.5510587692261
278.51917243003845
281.8033732175827
281.9869066476822
270.95134973526
271.81210339069366
287.5817550420761
275.40180373191833
273.5777715444565
284.7609006166458
284.27112221717834
267.20452785491943
272.1287237405777
280.88030683994293
272.55784142017365
277.68799364566803
281.9315847158432
283.7730233669281
267.7559541463852
272.2500250339508
265.6110910177231
264.80326187610626
279.626900434494
274.0557643175125
278.2786852121353
278.05792129039764
272.090123295784
270.17748737335205
269.72949254512787
269.4862654209137
282.5545709133148
282.0926146507263
266.33629989624023
271.19431495666504
273.42725801467896
268.06467711925507
258.39989936351776
267.4685661792755
271.97512781620026
270.50164246559143
277.8818017244339
274.5471544265747
269.4434140920639
260.6798640489578
273.3520919084549
264.3858290910721
267.47301852703094
262.1203294992447
260.6807907819748
269.46063923835754
270.50786769390106
270.794872879982
260.43037140369415
265.37207448482513
273.4070109128952
258.9485454559326
271.35107386112213
269.6571066379547
265.26674926280975
264.06890654563904
258.1675714254379
253.55945193767548
264.73532831668854
261.15832018852234
269.91260290145874
260.40051448345184
265.6759623289108
254.41716349124908
259.5952842235565
253.94785380363464
258.17413914203644
257.0991892814636
253.00468134880066
265.2204327583313
254.47804582118988
261.7481656074524
255.40898942947388
261.56495451927185
258.3421598672867
248.0295352935791
263.64460384845734
260.6831076145172
266.2125004529953
257.337460398674
263.64686024188995
262.1866513490677
255.80649745464325
255.6655534505844
257.8326178789139
254.70571994781494
265.85997927188873
261.501956820488
255.28093910217285
263.56043231487274
243.3322479724884
250.95837426185608
248.9576382637024
251.11257457733154
253.14695501327515
257.0487427711487
249.0287549495697
244.27000105381012
248.3911827802658
252.57912957668304
259.23035287857056
259.3339253664017
