-1.795839861035347
-6.746554035693407
-13.738291911780834
-20.696456491947174
-25.8339621424675
-33.379372000694275
-41.29542218148708
-43.359984397888184
-53.28496763110161
-54.11399579048157
-59.96780562400818
-70.92517447471619
-74.93475538492203
-78.0803491473198
-73.45344316959381
-81.581712692976
-90.42941915988922
-96.43779194355011
-101.22296780347824
-97.36729508638382
-105.72341501712799
-100.88308846950531
-104.40107780694962
-92.51948416233063
-90.03807592391968
-100.88141632080078
-103.51694428920746
-104.21562039852142
-104.64184707403183
-103.35793906450272
-108.66628593206406
-110.44274246692657
-113.105548620224
-108.41638028621674
-110.36199581623077
-111.01074922084808
-118.1633552312851
-111.80759859085083
-111.58562588691711
-114.30089318752289
-109.57989358901978
-109.22420942783356
-114.10301554203033
-106.84034991264343
-112.05190354585648
-111.71327328681946
-115.97870302200317
-117.63113850355148
-120.75500440597534
-121.16949582099915
-124.9884215593338
-117.40635538101196
-124.30539917945862
-121.14725422859192
-125.71342897415161
-118.2253053188324
-117.26693242788315
-122.41337299346924
-123.0465230345726
-120.42148125171661
-122.9640337228775
-125.4107700586319
-128.23607683181763
-121.92581069469452
-130.99618995189667
-126.27410244941711
-121.8850747346878
-126.38096886873245
-127.87229382991791
-127.44694352149963
-125.45257377624512
-128.9758616089821
-130.01089143753052
-125.2969229221344
-129.76487404108047
-131.38109642267227
-130.31836533546448
-133.23418974876404
-128.907122194767
-129.61946761608124
-126.99491941928864
-127.97128301858902
-134.69358271360397
-134.91377246379852
-132.34324675798416
-135.7936248779297
-136.70672887563705
-134.18613594770432
-134.06357550621033
-130.54180872440338
-131.86705708503723
-134.04856646060944
-136.88620281219482
-135.60777461528778
-137.4666600227356
-139.13125383853912
-129.3823448419571
-137.41125750541687
-139.24649107456207
-134.13060247898102
-134.11347806453705
-136.80634260177612
-137.18607145547867
-134.48295241594315
-135.37783402204514
-139.94186317920685
-139.9017517566681
-139.23295271396637
-138.19374251365662
-140.37668228149414
-139.83071565628052
-142.05735290050507
-140.51788818836212
-141.59602117538452
-142.69168150424957
-137.22653543949127
-140.95462119579315
-140.8795155286789
-141.3604496717453
-139.68515813350677
-141.94038307666779
-141.0018241405487
-143.77944445610046
-141.61260163784027
-142.7506902217865
-143.36797499656677
-142.4647125005722
-145.39239305257797
-142.60489094257355
-142.3881865143776
-147.17025983333588
-144.5394662618637
-147.17702901363373
-144.672935962677
-144.30099368095398
-145.17982870340347
-147.32174038887024
-144.84970021247864
-146.0560849905014
-140.30388337373734
-145.11703246831894
-145.41692125797272
-145.46357017755508
-144.41401481628418
-143.76798117160797
-145.75698190927505
-146.5880599617958
-147.90900707244873
-144.50932729244232
-144.32875537872314
-146.41273617744446
-146.5384293794632
-147.73790395259857
-150.34814822673798
-150.26130729913712
-148.53850054740906
-146.6423141360283
-148.7422206401825
-147.02401733398438
-148.42300140857697
-148.47777938842773
-150.40761023759842
-145.69729828834534
-149.012544631958
-147.115824341774
-147.32256639003754
-147.40032130479813
-151.651336312294
-147.1804337501526
-148.7011421918869
-147.5656121969223
-148.43202698230743
-148.9918543100357
-151.80034893751144
-150.6805129647255
-146.6180478334427
-150.7964049577713
-153.62394797801971
-150.32554399967194
-150.35060608386993
-149.61732858419418
-152.18876087665558
-152.24964320659637
-152.13053786754608
-149.54396557807922
-150.42887473106384
-151.6198273897171
-152.39552307128906
-151.2562861442566
-152.30772519111633
-152.39886736869812
-152.58444565534592
-152.09423410892487
-151.84264624118805
-151.4349240064621
-152.60198307037354
-151.546504676342
-152.46744561195374
-151.5728863477707
-153.42913258075714
