790.4010004997253
752.218713760376
772.8764791488647
739.3085169792175
727.4754257202148
724.3487091064453
737.8244547843933
726.9820008277893
718.3241386413574
694.7617502212524
681.7529168128967
693.6140518188477
713.979775428772
685.3033518791199
668.413400888443
674.9444510936737
633.2027842998505
678.7798767089844
656.3523736000061
667.1471209526062
656.9348051548004
654.3654983043671
638.3376104831696
621.1812841892242
629.3557140827179
618.2312512397766
606.7536628246307
625.6134855747223
607.727014541626
596.8105025291443
626.9570469856262
593.8129241466522
584.8225259780884
590.2638590335846
594.9493405818939
554.7553179264069
556.2159297466278
565.6102223396301
570.0662367343903
586.7669730186462
563.497754573822
549.672993183136
554.5371730327606
549.1846854686737
549.2944428920746
541.2870666980743
549.4021050930023
536.542918920517
542.0468266010284
522.6347918510437
523.7278935909271
533.9564876556396
506.5148754119873
508.32772636413574
505.5567946434021
508.1899251937866
516.1286828517914
520.7813258171082
499.0110375881195
488.1133825778961
512.8934981822968
489.00953340530396
499.1140661239624
495.26747941970825
484.8008761405945
494.94602394104004
496.1006124019623
492.6571545600891
487.761949300766
469.2719736099243
482.5855007171631
495.7263331413269
473.6086006164551
476.3291664123535
478.4707658290863
477.85634183883667
469.6504030227661
473.9272356033325
457.4652740955353
463.56136417388916
475.48454999923706
475.35432386398315
449.0527946949005
484.01242780685425
461.44462537765503
477.6363031864166
476.72347116470337
465.7219817638397
448.24222564697266
479.94225668907166
463.3186810016632
459.1536204814911
480.49334049224854
465.46845984458923
458.5587384700775
445.9489643573761
446.6131498813629
475.72807931900024
464.48906421661377
448.44348788261414
446.39327239990234
460.2420482635498
430.1539282798767
459.36693024635315
442.22527050971985
453.6334345340729
434.9179403781891
449.1759293079376
433.035302400589
442.1586666107178
451.89294934272766
453.29719161987305
425.9795198440552
450.93426418304443
451.6496617794037
431.2410264015198
442.0117995738983
434.10378527641296
434.13698649406433
430.24615836143494
430.27931928634644
443.103289604187
439.24783849716187
441.7896656990051
433.8489336967468
427.94318652153015
421.02319049835205
422.36183619499207
435.02544140815735
435.6675868034363
428.3225426673889
421.2546319961548
440.1933479309082
432.7926998138428
433.749249458313
420.0524175167084
434.9767677783966
419.27142333984375
409.17482829093933
407.0837559700012
430.8983769416809
420.6505229473114
418.4471547603607
418.8363826274872
400.292777299881
413.70099234580994
403.76875138282776
413.9154303073883
420.00978779792786
408.1339056491852
404.0327091217041
405.0600531101227
403.29277324676514
404.6014814376831
410.76203989982605
404.66131615638733
408.4817125797272
412.26435470581055
413.9856605529785
397.5756766796112
398.9610619544983
411.0855906009674
409.73284244537354
381.9047019481659
411.3013985157013
388.9429974555969
409.21064853668213
400.96602869033813
396.0520873069763
391.55517578125
393.7396869659424
406.01805329322815
400.1516318321228
403.83898162841797
379.83087491989136
390.53891229629517
393.14186358451843
389.58071064949036
404.47677540779114
403.5768370628357
403.6202323436737
402.80132269859314
410.61396408081055
392.5833659172058
398.1392512321472
390.7290940284729
384.68361163139343
384.503422498703
390.37556552886963
388.424631357193
392.2286286354065
390.26161766052246
396.9541208744049
395.5597503185272
383.7305271625519
389.6740689277649
397.4477069377899
401.3851134777069
392.2751667499542
396.81760907173157
