2.167466726154089
-15.15406420826912
-30.01308986544609
-42.52632761001587
-54.833634197711945
-67.86092168092728
-78.50829330086708
-87.07198631763458
-98.3580532670021
-106.5074110031128
-113.74304020404816
-119.07648944854736
-125.10549211502075
-130.05213105678558
-132.219517827034
-134.3336980342865
-138.57883030176163
-140.25372898578644
-142.57479226589203
-142.77692079544067
-144.8979104757309
-142.48896872997284
-144.61330270767212
-145.57406294345856
-148.62438452243805
-147.53797137737274
-149.2097373008728
-150.59461891651154
-149.29783737659454
-149.74772596359253
-148.26597052812576
-150.68944787979126
-151.6697400212288
-152.5088061094284
-152.33688706159592
-152.68537896871567
-152.81967467069626
-152.62024575471878
-151.34605836868286
-150.67810547351837
-152.8171865940094
-152.3060228228569
-152.5349359512329
-150.25664341449738
-151.4096201658249
-151.25867348909378
-149.81563937664032
-149.9002742767334
-147.59921634197235
-150.32192772626877
-148.16557109355927
-148.47461640834808
-150.59242296218872
-149.48227739334106
-147.75581407546997
-151.11928075551987
-151.5127091407776
-149.4264316558838
-150.68346440792084
-150.85573601722717
-152.1773882508278
-153.27023816108704
-152.90066307783127
-153.55862337350845
-155.82926028966904
-154.62691485881805
-154.55164802074432
-155.0816788673401
-155.18028527498245
-154.83278053998947
-155.88416922092438
-154.62896978855133
-155.07019543647766
-155.15055930614471
-155.4004448056221
-153.91015738248825
-155.76639354228973
-156.45258897542953
-155.04460954666138
-155.50549805164337
-155.317955493927
-155.8830007314682
-154.7698734998703
-156.77030730247498
-155.7448570728302
-156.43660283088684
-154.68165254592896
-155.12086355686188
-154.98113840818405
-155.14886701107025
-154.6691718697548
-152.4936157464981
-151.3788365125656
-152.79405856132507
-153.38203036785126
-152.5776059627533
-153.1524020433426
-151.25971102714539
-152.82024884223938
-154.88583600521088
-155.47701108455658
-154.64383780956268
-156.52444100379944
-155.83888018131256
-156.5961217880249
-154.64950901269913
-155.45617973804474
-154.7893147468567
-156.92225122451782
-154.06595933437347
-155.94496089220047
-156.69121265411377
-156.40094375610352
-155.95312017202377
-154.36027765274048
-155.34311830997467
-156.19204604625702
-156.8481730222702
-157.49386417865753
-154.89047974348068
-156.63082391023636
-156.3535494208336
-153.00509178638458
-153.5608696937561
-155.22256243228912
-153.25279140472412
-152.3599647283554
-153.19988703727722
-151.56470692157745
-153.05889266729355
-151.71828269958496
-154.21284651756287
-152.04066491127014
-151.65822637081146
-151.27528417110443
-152.30814826488495
-154.00236731767654
-153.64766025543213
-154.8565834760666
-154.15865278244019
-153.89787817001343
-152.65576380491257
-155.24381685256958
-155.10506880283356
-155.23440849781036
-157.24728268384933
-154.84348833560944
-155.41284489631653
-155.79638141393661
-156.70353215932846
-156.24220043420792
-156.27492821216583
-156.82153952121735
-157.56406420469284
-155.88964903354645
-155.685324549675
-156.66463959217072
-156.80014407634735
-156.27311503887177
-156.06077229976654
-157.34455943107605
-153.5189350247383
-154.3746319413185
-151.76948469877243
-153.88806688785553
-153.8003294467926
-153.48289316892624
-152.0367968082428
-153.42262530326843
-153.84535658359528
-153.2926812171936
-152.56249618530273
-153.81082570552826
-153.7591301202774
-154.79719197750092
-153.80071222782135
-155.22806239128113
-155.90237146615982
-153.9471259713173
-155.23362278938293
-154.365012049675
-155.29591536521912
-155.00155675411224
-155.75424528121948
-156.06067156791687
-156.33895337581635
-156.2229807972908
-155.25941014289856
-157.2391939163208
-155.63304471969604
-157.23437893390656
-157.4215588569641
-156.47625088691711
-158.5974621772766
-158.10166001319885
-158.97037148475647
-158.01718628406525
-157.23832762241364
-155.87001639604568
-156.2102684378624
