817.6909508705139
794.0947971343994
778.1596632003784
765.5867166519165
771.8483695983887
730.1727023124695
724.8663096427917
668.6672451496124
698.0987949371338
681.2953524589539
659.6019830703735
622.0708673000336
618.6024279594421
608.6641833782196
610.4744153022766
617.4877293109894
591.756100654602
594.237206697464
593.1774270534515
598.3979558944702
603.573840379715
583.2310433387756
582.637692451477
573.8779299259186
570.845055103302
558.1845121383667
584.8114051818848
548.6410155296326
548.326409816742
539.7851548194885
552.6665019989014
569.2183969020844
534.326495885849
514.1564338207245
536.039541721344
535.8308656215668
535.4451835155487
509.64525866508484
505.41423892974854
533.3589060306549
519.7892379760742
493.2104141712189
563.6837861537933
521.4964010715485
525.6204435825348
510.8405830860138
508.4423189163208
485.8870475292206
518.4884674549103
507.7957413196564
494.7849335670471
488.2036786079407
497.35210490226746
487.71516942977905
483.966050863266
492.94009017944336
481.1840789318085
486.7253782749176
487.3750584125519
463.79071044921875
471.42860221862793
471.00258708000183
464.03182220458984
454.4173700809479
489.3711607456207
465.34818601608276
446.9666783809662
457.43392634391785
450.9409124851227
448.281551361084
458.3657765388489
444.7160065174103
434.9323651790619
442.9612979888916
435.9580571651459
432.93017864227295
442.08211040496826
429.64370131492615
432.17432713508606
439.3471601009369
424.8492681980133
434.4426472187042
425.45341753959656
426.6815402507782
435.74176573753357
437.11651372909546
423.2411849498749
409.3173840045929
430.81569623947144
430.66645193099976
417.9636821746826
411.3515226840973
409.2809190750122
415.36653304100037
401.8506557941437
400.8076379299164
401.5515627861023
404.17780327796936
412.4503057003021
411.57671880722046
410.0740010738373
403.5169620513916
407.3081865310669
397.40197467803955
404.5622363090515
396.2800233364105
403.0205554962158
395.4916958808899
388.2871928215027
387.5686523914337
399.17425084114075
394.97623085975647
388.2097098827362
389.39351058006287
395.9047770500183
382.8387682437897
387.478396654129
384.28983068466187
387.33056259155273
388.4061772823334
380.8273546695709
382.4262914657593
370.7350709438324
382.0624077320099
365.87012553215027
385.4369649887085
369.93562269210815
381.5105986595154
382.9289836883545
370.334520816803
380.4023468494415
367.4858241081238
360.52525329589844
357.4361298084259
370.8602604866028
359.14784598350525
356.58494567871094
361.98920941352844
361.72283411026
341.31198263168335
363.46138525009155
343.29547333717346
334.1707593202591
335.96757376194
317.4116590023041
322.61834728717804
340.41651678085327
337.76801455020905
332.2833869457245
353.8799328804016
330.1647946834564
336.1092631816864
332.62905836105347
354.11894941329956
322.803875207901
331.2326731681824
331.244398355484
328.76151943206787
313.2113423347473
311.24314272403717
321.51279509067535
315.58148217201233
316.76290559768677
320.9798631668091
313.15172922611237
303.0906320810318
306.330228805542
303.1624538898468
294.7608736753464
299.022656917572
298.97710597515106
301.6463589668274
296.24161171913147
287.59430623054504
279.6147723197937
287.44592821598053
300.91919589042664
294.28388822078705
291.7259237766266
279.07208955287933
286.0148912668228
293.4437845945358
281.3521146774292
276.0892381668091
277.324915766716
268.00991928577423
272.4588623046875
273.1149288415909
259.0506271123886
259.3603775501251
283.27331280708313
261.3035352230072
264.4408085346222
266.10016429424286
261.31604611873627
253.46015048027039
276.70753026008606
265.8335270881653
243.88306987285614
260.56946194171906
