-1.5704524914423625
-6.665179272492726
-9.16781598329544
-13.341703424851099
-14.343242883682251
-19.003681162993114
-17.36687742670377
-16.6546013156573
-17.1472593943278
-21.157302459081013
-20.517857889334362
-16.597119609514873
-21.29872528711955
-19.638496965169907
-19.379483977953594
-17.670031527678173
-19.11090385913849
-19.298829038937885
-21.191079139709473
-22.988211313883465
-23.824381013711292
-24.475274821122486
-21.228647301594417
-23.783382813135784
-26.417803446451824
-23.210964500904083
-23.486952741940815
-22.77246641119321
-23.818468739589054
-23.329724083344143
-28.059751828511555
-20.89391662677129
-22.228466868400574
-20.349893907705944
-22.549278259277344
-25.179694890975952
-22.02801388502121
-23.930085162321728
-21.510161340236664
-22.21974649031957
-23.500203092892963
-25.196131070454914
-25.96579122543335
-22.07474469145139
-23.240383903185528
-22.620182067155838
-21.007797588904698
-25.796859631935757
-25.479847292105358
-20.671691983938217
-21.011362930138905
-22.691951553026836
-20.570816417535145
-23.142790536085766
-22.724273085594177
-23.035717765490215
-21.45626836021741
-20.736824333667755
-24.542949736118317
-23.33259792129199
-21.3829448223114
-23.58057126402855
-21.316762904326122
-21.84035414457321
-23.250392645597458
-23.16667495171229
-19.474171141783398
-21.865101913611095
-25.729561020930607
-20.376001000404358
-23.51464320222537
-22.95006513595581
-23.649775991837185
-24.337713529666264
-24.273760080337524
-21.911080300807953
-24.76293267806371
-23.9164111216863
-21.77982900540034
-21.186188062032063
-22.54189984003703
-24.853957504034042
-20.690115332603455
-23.156444132328033
-23.097417791684467
-24.635996460914612
-26.17683533827464
-19.509104510148365
-24.03501699368159
-27.72180773814519
-25.237879941860836
-25.395302573839825
-19.575302561124165
-24.69894125064214
-22.642451524734497
-20.339788019657135
-25.263647605975468
-24.947589854399364
-28.312646090984344
-25.190527707338333
-27.570632139841717
-27.80738940834999
-27.260941594839096
-27.61791129906972
-29.027967035770416
-27.654309511184692
-28.30218557516734
-27.92510050535202
-27.130831678708393
-26.404968043168385
-27.864654282728832
-28.045412460962932
-25.170641005039215
-26.47852522134781
-25.885510206222534
-25.52864048878352
-25.980784912904102
-25.022619257370632
-26.55024140079816
-28.81447758277257
-28.176344513893127
-26.36101386944453
-28.711655636628468
-26.350130140781403
-26.929264197746914
-25.814824283123016
-24.889011164506275
-24.305379182100296
-27.151696423689526
-27.16221050421397
-27.77478701869647
-25.123503863811493
-27.678865432739258
-26.408675869305927
-28.91525048017502
-26.775205036004383
-25.70181719462077
-27.494382818539936
-26.397930443286896
-25.94147526224454
-22.335346857706707
-27.767959078152973
-27.811913430690765
-26.26242693265279
-27.31237594286601
-27.71024723847707
-29.31725548704465
-27.94946261246999
-29.36426978309949
-31.228792190551758
-27.775251527627308
-31.61167198419571
-28.487299511830013
-28.880857755740482
-29.64352023601532
-26.98164814710617
-27.391342282295227
-29.233436942100525
-26.458980351686478
-26.675582349300385
-28.15995344519615
-27.201204498608906
-27.04509562253952
-26.399509330590565
-26.402821610371273
-28.799163103103638
-27.233412444591522
-28.004202365875244
-28.69931173324585
-28.004656116167705
-25.901040812333424
-26.091444144646328
-27.82009031375249
-29.059130668640137
-31.340553204218548
-27.98456468184789
-28.160794178644817
-30.39240002632141
-30.876494526863098
-30.112396428982418
-29.36834357182185
-26.29672838250796
-28.669373095035553
-28.896751443545025
-28.76562174161275
-28.056192835172016
-24.229438543319702
-29.194406588872273
-28.02451463540395
-25.434893588225048
-28.242987076441448
-27.13853375116984
-29.213196257750194
-31.155331194400787
-25.522451887528103
-26.714028040568035
-29.39349643389384
-30.68555176258087
-27.223524808883667
-28.270333190759022
