572.1550095876058
381.36985238393146
347.388853708903
339.5514138539632
331.71567885080975
324.95970249176025
326.05305194854736
318.2354089419047
331.2417217890422
335.21359968185425
326.52534103393555
321.3804931640625
317.5754865010579
320.66157992680866
305.92204825083417
293.50982729593915
301.15258661905926
297.5095977783203
295.039368947347
278.83455181121826
280.32105445861816
299.14228534698486
275.7174580891927
272.8053990999858
266.82474692662555
267.2023417154948
281.8396369616191
266.00532881418866
253.86945486068726
253.38431898752847
255.3991444905599
242.02722009023032
241.31595993041992
240.16199207305908
231.89336252212524
231.4124552408854
223.11778537432352
221.326850493749
219.0102860132853
219.44923893610635
212.67866357167563
213.2220701376597
210.22880125045776
218.94204171498617
209.05339082082114
210.98350397745767
207.3797246615092
197.17581391334534
197.64542531967163
198.0101683139801
190.47864437103271
184.91809193293253
200.19375665982565
186.7349829673767
184.32713826497397
177.0594023068746
177.71711428960165
184.2895482381185
184.88484700520834
182.01707681020102
174.36179526646933
171.8552072842916
180.76806926727295
164.4926544825236
169.80473804473877
161.7401525179545
159.48780099550882
164.50729529062906
167.94358523686728
154.15739409128824
158.63405720392862
161.47390158971152
153.40539264678955
161.5462958017985
159.44043493270874
153.5295853614807
157.74836492538452
154.56720368067423
156.3032918771108
163.1622278690338
152.77777679761252
154.80637327829996
150.90014918645224
157.13287703196207
148.55124425888062
161.1361034711202
150.58089264233908
147.90823078155518
150.68961429595947
151.28799454371133
146.77578711509705
143.2144562403361
138.7492971420288
153.03882654507956
145.3605102698008
144.14977367719015
142.24580748875937
145.50602054595947
141.9275996685028
138.10831801096597
137.11510705947876
132.2408963839213
135.75380047162375
137.10393603642783
138.4677734375
134.65904664993286
133.39837519327799
135.5060039361318
127.67650810877483
137.2668081919352
124.68852273623149
132.43705034255981
130.51553734143576
130.6666119893392
135.18099172910055
128.5611471335093
123.44524343808492
123.9454140663147
144.2285319964091
129.82629283269247
132.57389656702676
129.50035500526428
131.63508081436157
130.0765635172526
135.2246426741282
128.57572992642721
127.65936263402303
130.00677808125815
126.74647951126099
126.74058667818706
122.48213958740234
119.57021284103394
127.09552224477132
129.0481071472168
127.048530737559
123.00582202275594
121.23895152409871
121.77007341384888
122.09568230311076
130.71191120147705
121.20503576596577
122.7537366549174
123.07989327112834
121.43601314226787
125.33028999964397
126.11901617050171
128.7227041721344
117.87364912033081
123.80466477076213
130.54138533274332
122.44459390640259
125.90216501553853
124.466699441274
123.02006411552429
126.9130421479543
124.88484422365825
119.89677397410075
119.6548273563385
119.35375165939331
118.87459548314412
118.86957311630249
119.2852152188619
115.22884114583333
122.48459180196126
121.12196612358093
115.12884600957234
117.37625940640767
113.55871677398682
123.4923513730367
118.98725922902425
116.78004105885823
111.46661901473999
118.81831844647725
118.34603015581767
114.33669424057007
122.47290897369385
120.3800532023112
124.96075352032979
120.2951291402181
117.70152592658997
117.30222821235657
118.28735399246216
117.17116022109985
122.15149553616841
111.95564866065979
119.67483433087666
110.23276766141255
109.32773303985596
114.5394299030304
113.30292773246765
117.52179781595866
117.27473282814026
116.58025709788005
115.19978825251262
114.53488890329997
114.35829496383667
111.29630629221599
117.88980388641357
113.8027892112732
108.54122726122539
