843.7110352516174
799.7623739242554
781.0214953422546
749.404185295105
775.4553756713867
769.4822993278503
757.2276654243469
726.3081450462341
735.1884231567383
739.8241028785706
739.896388053894
724.0204844474792
715.4676251411438
734.1325922012329
726.26051902771
713.4753909111023
714.5458078384399
682.9764461517334
705.7192802429199
697.5393705368042
690.679934501648
689.7335386276245
685.9627022743225
673.783576965332
664.78040599823
669.458030462265
672.395411491394
667.6471538543701
662.3375377655029
644.350093126297
668.5929050445557
650.4500110149384
654.3956372737885
676.5130877494812
657.4127173423767
638.3066656589508
640.2661821842194
634.882951259613
642.6011464595795
645.3956897258759
636.3712441921234
619.5975377559662
643.5636594295502
628.1809792518616
641.6646223068237
603.593986749649
660.2202348709106
627.080584526062
609.8930716514587
612.8418555259705
616.971337556839
635.2526371479034
601.3016924858093
635.338944196701
594.737199306488
582.4615728855133
578.9052953720093
585.8026065826416
600.6928288936615
579.0211369991302
582.2166333198547
593.6349511146545
594.0963835716248
598.1386721134186
569.7828578948975
579.0797226428986
580.1423227787018
595.0090544223785
572.0604453086853
577.321307182312
556.428594827652
563.2045443058014
552.1690881252289
577.21191239357
551.9512252807617
550.5990009307861
563.4576632976532
570.7198655605316
545.8010220527649
542.8939411640167
558.8159799575806
551.6783628463745
552.987232208252
543.1578989028931
545.3513147830963
529.5405242443085
531.4757039546967
535.6462442874908
521.3116588592529
530.9140634536743
527.6858494281769
524.7573730945587
545.0141048431396
533.5852303504944
520.45068359375
510.79481053352356
513.141298532486
511.56129932403564
504.61382365226746
508.45299649238586
518.4555079936981
516.0541009902954
514.7092905044556
498.88971614837646
511.88847637176514
514.4583876132965
503.71863985061646
495.924654006958
503.7312111854553
514.5841009616852
511.0681564807892
498.97529792785645
497.9337306022644
479.23374915122986
492.9975073337555
490.7972013950348
493.37170600891113
478.48527121543884
483.1217164993286
482.8083598613739
483.02892231941223
495.42188119888306
469.6273958683014
488.5216689109802
485.5208671092987
476.63680148124695
470.8862216472626
457.24636363983154
477.3004229068756
467.48535323143005
471.8229875564575
468.3833978176117
464.71881341934204
476.1940245628357
452.62627720832825
474.42456889152527
461.67429399490356
449.4614839553833
460.14961671829224
472.78316354751587
479.9912123680115
471.55677342414856
458.44160747528076
450.70290327072144
459.9568965435028
454.12174224853516
444.9192430973053
443.054092168808
448.5346703529358
450.2207200527191
453.79379963874817
447.61245012283325
442.7145049571991
460.1730670928955
457.00194787979126
460.35615730285645
445.87663888931274
451.7435438632965
452.53654527664185
437.97841572761536
448.1738488674164
445.25254464149475
435.44589614868164
449.2411229610443
456.60123658180237
456.89182782173157
451.05562591552734
443.24512004852295
431.5011966228485
448.86543345451355
434.6397593021393
429.99896240234375
413.41293954849243
436.7054874897003
445.5993845462799
424.98614263534546
442.8531925678253
428.8928864002228
427.7888653278351
429.4098422527313
432.09486985206604
433.02659916877747
431.27446937561035
441.6986041069031
435.3689773082733
433.1200783252716
436.57344818115234
418.3799464702606
418.17550110816956
428.52110528945923
433.66713285446167
422.63091111183167
433.2976484298706
446.6074686050415
425.9787139892578
422.34261655807495
423.5249264240265
434.81164813041687
422.55483841896057
420.5091760158539
