0.7482698615640402
-10.291132174432278
-18.219567336142063
-23.343110293149948
-29.30886846780777
-30.132844924926758
-33.27058160305023
-34.526463493704796
-42.40239217877388
-45.45061853528023
-52.33846598863602
-51.70110535621643
-50.415620893239975
-55.18694108724594
-53.291731774806976
-55.603865176439285
-56.22078227996826
-55.419238805770874
-53.91630953550339
-54.24560195207596
-64.63624334335327
-60.40852761268616
-72.09534615278244
-61.81852167844772
-62.566294491291046
-65.8829510807991
-63.88818848133087
-67.2169278562069
-58.324133813381195
-57.51110690832138
-59.31828162074089
-63.708331763744354
-69.02928018569946
-65.98694160580635
-65.66873472929001
-56.09544163942337
-65.61245080828667
-70.9982453584671
-62.39592671394348
-56.95413029193878
-73.21601819992065
-60.00289052724838
-66.90253368020058
-69.61242190003395
-53.29061868786812
-74.24775409698486
-63.811224311590195
-59.486619651317596
-69.39114424586296
-68.31854647397995
-57.71033436059952
-65.14277344942093
-62.95592024922371
-63.58837020397186
-64.02630192041397
-63.772598683834076
-67.19349259138107
-73.40157634019852
-68.17938542366028
-66.33199352025986
-77.08664456009865
-60.650888442993164
-64.97749263048172
-74.62337812781334
-75.23053935170174
-66.77472510933876
-72.87738794088364
-66.4165176153183
-73.95479565858841
-73.32799172401428
-75.42580300569534
-66.68560260534286
-77.16761282086372
-76.53538447618484
-52.5173556804657
-68.52069514989853
-79.16906401515007
-72.83543312549591
-73.94051188230515
-66.07055407762527
-78.17880445718765
-71.32230979204178
-66.28830108046532
-76.94865703582764
-76.54298973083496
-60.56083416938782
-72.46281090378761
-66.48358991742134
-76.6775775551796
-78.83043879270554
-78.05306088924408
-69.86092233657837
-74.40511739253998
-72.26408207416534
-80.71029657125473
-73.4477921128273
-86.19215404987335
-66.22298654913902
-70.63555026054382
-76.46623206138611
-74.43287405371666
-77.78337150812149
-66.62591898441315
-73.66978496313095
-78.62152597308159
-66.93319141864777
-59.1197744011879
-74.69497328996658
-74.84320524334908
-64.20493978261948
-69.83684742450714
-71.09834259748459
-74.19967478513718
-81.40902808308601
-69.70777970552444
-69.47838306427002
-72.70656687021255
-82.52558523416519
-78.33728587627411
-65.85696226358414
-66.79309356212616
-63.410860538482666
-66.26349586248398
-66.09875899553299
-75.71696841716766
-72.17714041471481
-65.82918041944504
-65.37283492088318
-65.28631633520126
-71.4556183218956
-67.44410839676857
-71.29812407493591
-71.51882755756378
-67.97276929020882
-73.13447576761246
-71.79487311840057
-69.8669662475586
-66.24124923348427
-65.32183942198753
-70.52466464042664
-73.25452798604965
-65.47914731502533
-68.53397160768509
-71.86392983794212
-71.47628849744797
-67.22681468725204
-69.57884293794632
-66.40653508901596
-67.31849074363708
-78.46518510580063
-62.9901841878891
-68.46004450321198
-78.52196764945984
-67.89551803469658
-64.44336199760437
-58.05098932981491
-65.04715877771378
-73.58098983764648
-65.446852684021
-68.17034977674484
-75.09161502122879
-77.19698119163513
-67.5823326408863
-64.7294505238533
-76.36336469650269
-72.05231350660324
-73.55066955089569
-69.46707087755203
-61.55855292081833
-66.86109763383865
-65.95185670256615
-69.9831050336361
-68.71143594384193
-61.65503388643265
-80.42856973409653
-55.84339040517807
-72.44553539156914
-67.09735411405563
-68.2175225019455
-68.78959882259369
-68.20004552602768
-73.39511942863464
-73.93705174326897
-62.83389872312546
-70.43525505065918
-70.11725467443466
-72.88389521837234
-82.55780431628227
-77.74328023195267
-76.49534356594086
-74.67412179708481
-65.44378036260605
-72.47526639699936
-71.83805686235428
-76.02968037128448
-81.15922316908836
-72.94230458140373
-65.05313217639923
-74.24740153551102
-73.26885709166527
