1850.885233561198
1844.5906155904133
1470.0062236785889
1458.1865170796711
1400.8389943440754
1291.7877826690674
1244.8830312093098
1211.565995534261
1165.9961992899578
1137.81578763326
1151.1355012257893
1095.706070582072
1071.0394744873047
1050.3569291432698
1013.4500382741293
992.4405447642008
995.3440602620443
1020.7619406382242
984.4941024780273
991.6722666422526
994.6606667836508
992.6077569325765
996.3448276519775
979.3303750356039
966.0095297495524
948.8636328379313
957.2168235778809
999.1468874613444
958.81516456604
939.8136367797852
927.4755764007568
912.8810952504476
912.2744623819987
898.0860398610433
890.0239346822103
889.0379282633463
910.4776070912679
862.8500849405924
886.5768629709879
865.8929862976074
859.3933118184408
877.3194497426351
840.0338961283366
851.3628514607748
839.6932757695516
863.7114658355713
845.8728361129761
844.2014643351237
841.2182242075602
829.6335172653198
819.7840747833252
823.4050076802572
827.0885696411133
797.3135290145874
820.957545598348
785.5240255991617
844.3704268137614
796.9872919718424
827.9029922485352
822.7725578943888
799.1345771153768
794.2242520650228
780.9375864664713
810.4076302846273
780.2857735951742
817.2229067484537
795.2055638631185
772.9169549942017
775.6959807078043
771.8262449900309
778.9571886062622
764.1711409886678
774.3988723754883
783.803165435791
764.3951136271158
769.4351812998453
758.5746358235677
772.7737210591634
775.3521741231283
737.2334632873535
744.6308174133301
747.0091772079468
763.1347208023071
742.8153715133667
727.1462637583414
747.1726096471151
742.3695888519287
742.2187013626099
753.1362117131551
722.7355607350668
724.2308400472006
740.0181433359782
718.9639167785645
730.5538263320923
736.2252864837646
710.0384674072266
708.2861010233561
705.0286165873209
714.625545501709
706.6717898050944
698.494899113973
701.080649693807
671.6011250813802
673.2528374989828
681.5494117736816
682.5463008880615
678.2773784001669
696.6513058344523
672.7111177444458
678.3757890065511
658.5987358093262
673.6998017628988
677.7080758412679
663.1775128046671
644.4029089609782
659.9288613001505
650.3181381225586
649.7123616536459
663.4825448989868
657.2539517084757
665.4608147939047
647.6815242767334
631.1127894719442
640.6862157185873
646.5049889882406
622.5673173268636
634.5718027750651
626.6101888020834
665.6149543126425
653.3371369043986
642.2232201894125
614.9186159769694
621.986909866333
637.5546884536743
619.7495412826538
629.8570499420166
634.4074834187826
622.1234617233276
621.3716945648193
613.7673714955648
637.4353796641032
623.852079709371
611.7256673177084
607.4806499481201
624.3495391209921
603.5065755844116
607.1026728947958
602.1462265650431
605.9465665817261
615.50461769104
611.4941984812418
615.9452225367228
614.0293502807617
616.0348698298136
592.9078038533529
605.8444372812907
589.1788444519043
605.0164877573649
588.797877629598
620.4190241495768
585.1190036137899
585.3094367980957
607.1716877619425
585.4773689905802
607.2881072362264
578.2164971033732
575.331524848938
606.7335478464762
592.2769460678101
594.8498020172119
599.8346980412801
596.57057762146
585.2286265691122
594.5922298431396
590.1909602483114
580.5737552642822
600.1963205337524
578.951455116272
582.4102023442587
585.4976119995117
586.735803604126
589.4565753936768
571.197312672933
554.7870025634766
561.2918472290039
569.1128543217977
559.7203931808472
569.6689252853394
579.4448216756185
563.5848019917806
567.4028221766154
554.9678115844727
574.7990334828695
550.4484539031982
548.3664906819662
561.6391280492147
561.6019716262817
558.1536076863607
560.0212345123291
566.1736113230387
