-0.6129716783761978
-4.820754751563072
-7.3390864332516985
-9.025569861133894
-11.253312985102335
-11.020604292551676
-12.302190661430359
-17.052284906307857
-17.07587704062462
-13.295185590783754
-18.069570382436115
-18.82329175869624
-17.54321829477946
-18.74763794740041
-17.236950635910034
-19.541626036167145
-17.913812398910522
-18.37388868133227
-18.28718015551567
-20.383046408494312
-20.4366767903169
-18.20466461777687
-20.57053890824318
-17.120385507742565
-16.203651522596676
-16.332553038994472
-20.66234775384267
-21.161664485931396
-14.972193419933319
-22.000746309757233
-20.360417068004608
-23.42298972606659
-18.48420375585556
-20.82909655570984
-19.3379052678744
-22.405560036500294
-20.044092178344727
-22.09840589761734
-18.250334337353706
-22.270323236783344
-19.126619935035706
-20.87670002381007
-23.6825976173083
-21.674864172935486
-21.76843015352885
-20.493139972289402
-18.480367084344227
-21.449852804342907
-18.217085788647335
-19.95294873913129
-20.997945487499237
-22.923002650340397
-19.149550954500835
-22.635080754756927
-25.996740361054737
-17.207542687654495
-20.202383895715077
-24.033547739187878
-22.398364305496216
-18.110847185055416
-20.232735216617584
-21.718632717927296
-21.526978194713593
-19.42973146835963
-20.16912380854289
-18.384266585111618
-19.33386343717575
-20.623473068078358
-18.537281076113384
-20.156927704811096
-16.359559039274853
-19.04891014099121
-21.96446055173874
-18.615061779816944
-19.111071864763897
-16.458673983812332
-20.770889182885487
-19.195270280043285
-20.18680601318677
-17.400086094935734
-22.55418101946513
-21.497349321842194
-18.691285123427708
-17.223916232585907
-21.51668541630109
-17.870256185531616
-21.026405453681946
-23.41067401568095
-21.39745618899663
-23.632889330387115
-16.902790904045105
-21.209320555130642
-23.576893488566082
-21.62930190563202
-22.11372407277425
-18.767924159765244
-21.72381842136383
-22.77361039320628
-21.626205970843632
-19.495793799559276
-21.489918172359467
-18.97298949956894
-20.843849450349808
-20.91633313894272
-19.877982437610626
-19.511178185542423
-20.714902470509212
-20.41683852672577
-17.63207154472669
-22.417158633470535
-20.502178768316906
-19.757374107837677
-20.93151005109151
-18.33812887966633
-20.96103122830391
-21.742288013299305
-16.518051490187645
-22.055899182955425
-20.99988767504692
-19.341514488061268
-21.32644886771838
-19.512025594711304
-14.605309267838797
-16.02016320824623
-20.506006687879562
-21.59873467683792
-17.88508767882983
-19.734841028849285
-14.631550058722496
-18.54324060678482
-25.588020314772923
-19.410301635662716
-17.22132017215093
-18.30324798822403
-22.209235032399494
-21.868484675884247
-17.95269059141477
-20.048258836070698
-17.373726571599644
-18.612129350503285
-21.168391674757004
-22.98206154505412
-19.41148853302002
-19.687702020009358
-17.30335436264674
-18.195451617240906
-23.529556691646576
-23.256523698568344
-20.87180930376053
-21.370302865902584
-20.00668716430664
-20.81235820055008
-19.74060520529747
-20.891285181045532
-21.8970268368721
-19.29531842470169
-22.9478307167689
-22.080849766731262
-19.302648156881332
-21.046980222066242
-19.17456403374672
-22.124249815940857
-21.10506196816762
-20.05884698033333
-19.558908601601917
-20.374316503604252
-18.85611268877983
-21.51840402682622
-24.604484617710114
-17.84844708442688
-16.636404315630596
-19.62756049633026
-21.973060925801594
-21.626764396826427
-20.76064332326253
-21.679252316554386
-22.419957955678303
-19.55610093474388
-19.217202842235565
-21.485791355371475
-19.898772448301315
-20.924677620331448
-20.833502391974132
-21.62898596127828
-22.312122116486233
-18.945187995831173
-20.724106709162395
-20.19577396909396
-24.544797499974568
-19.21322712302208
-19.211562673250835
-20.20494708418846
-23.921596427758534
-20.4516963660717
-19.122086544831593
-18.47371683518092
-23.558556387821834
-20.314648528893787
-20.94538050889969
-21.37883295615514
