-7.383746303617954
-38.73323114713033
-45.84249206384023
-47.162861029307045
-47.92898577451706
-50.13432494799296
-51.0673668384552
-51.22433511416117
-51.644532442092896
-51.97302095095316
-51.91822018225988
-51.75663012266159
-51.60272322098414
-50.66843994458517
-51.20613141854604
-50.981228748957314
-51.99833603700002
-52.57444429397583
-51.92376780509949
-50.45400991042455
-49.23320817947388
-49.77955162525177
-50.090867718060814
-51.34952861070633
-51.247218112150826
-50.485032399495445
-50.92409320672353
-52.162221590677895
-52.6206271648407
-53.51501323779424
-53.40690165758133
-54.22820113102595
-54.39848987261454
-54.09967863559723
-53.7146762808164
-54.239813347657524
-54.298999865849815
-53.28383336464564
-54.1480193734169
-53.59052189191183
-54.45961300532023
-54.0685160557429
-53.747701128323875
-53.79271103938421
-54.02438803513845
-54.13459940751394
-54.03101293245951
-53.723484893639885
-54.15042531490326
-53.908595184485115
-54.52204783757528
-54.029186367988586
-53.973028580347695
-53.29299318790436
-53.58346106608709
-53.722969929377236
-53.48732135693232
-53.52997171878815
-53.67366383473078
-54.083356499671936
-54.01723917325338
-54.37062404553095
-54.22232182820638
-54.09267369906107
-54.32307102282842
-53.98291269938151
-54.2822855313619
-53.65318755308787
-53.543566385904946
-53.29977879921595
-53.83736630280813
-53.99842878182729
-54.31520309050878
-53.3230451742808
-53.82153085867564
-53.76536901791891
-53.819719433784485
-53.720895290374756
-53.745998779932656
-53.12509258588155
-53.95014444986979
-54.0079622666041
-53.8111123641332
-53.51179313659668
-51.80389281113943
-53.169103145599365
-52.43468960126241
-53.70042198896408
-53.34155631065369
-53.18976225455602
-54.05869120359421
-52.91917004187902
-53.22455189625422
-51.51228562990824
-50.78784420092901
-50.6713205575943
-51.23598023255666
-51.56371851762136
-52.45461783806483
-52.19930589199066
-52.05937914053599
-52.0036054054896
-52.572684486707054
-52.99525479475657
-52.99119999011358
-52.21007885535558
-51.97226673364639
-53.44185801347097
-52.82551260789236
-52.962450424830116
-53.14048832654953
-53.8678951660792
-53.852813482284546
-54.428533474604286
-54.212704400221504
-54.25232640902201
-54.504531264305115
-54.409401178359985
-54.42671688397726
-54.35339564085007
-54.61909566322962
-54.3269389073054
-54.01916285355886
-54.17360575993856
-53.367043217023216
-53.932775378227234
-54.16038580735525
-54.426692406336464
-53.23669970035553
-53.75910105307897
-53.542754550774895
-53.566834370295204
-53.29365189870199
-52.89103869597117
-53.632865726947784
-53.959789295991264
-54.26721588770548
-54.159457107385
-54.06061987082163
-54.55865887800852
-54.24338553349177
-54.38258816798528
-54.43473068873087
-54.7560598452886
-54.66775035858154
-54.90315000216166
-54.54732628663381
-54.76106643676758
-53.93839257955551
-53.63081582387289
-53.95804872115453
-53.720113118489586
-54.258458296457924
-54.2076830069224
-54.14307051897049
-54.300297717253365
-53.901209672292076
-53.49371349811554
-53.98688073952993
-53.55229192972183
-53.78852939605713
-53.60190165042877
-53.989178816477455
-54.28057869275411
-54.12834636370341
-54.430567145347595
-54.70218972365061
-55.07156606515249
-54.87918812036514
-54.79961039622625
-54.88292360305786
-55.20896162589391
-55.19019738833109
-55.05592600504557
-54.64270079135895
-55.2824315627416
-54.84894376993179
-55.04765139023463
-54.88565001885096
-54.96751427650452
-54.56253663698832
-54.56949893633524
-54.6439286271731
-54.464404702186584
-54.47621011734009
-53.824792544047035
-54.055069287618004
-54.309517661730446
-53.995609203974404
-53.647532323996224
-53.40321868658066
-52.919889648755394
-52.7524086634318
-53.30915375550588
-53.27743870019913
-53.366252521673836
-54.354738314946495
-53.788564364115395
-53.688768565654755
-53.69783020019531
