1430.5993372599285
1140.9574063618977
1142.592020670573
1313.6242802937825
1205.9543228149414
1254.8177013397217
1153.912145614624
1087.400526046753
1206.3005097707112
1133.0853672027588
1098.2640972137451
1141.1216716766357
1131.1747296651204
1178.4974091847737
1198.8371493021648
1233.3160489400227
1129.1740659077961
1142.3736527760823
1210.643481572469
1055.0430234273274
1102.67738087972
1174.660872777303
1187.4547220865886
1145.46315574646
1177.1198666890461
1193.1733481089275
1097.9764671325684
1051.9621143341064
1181.2009595235188
1137.0666790008545
1170.1820729573567
1074.979434967041
1297.1231880187988
1187.6517353057861
1205.6859766642253
1350.8236707051594
1133.8224875132244
1130.5522638956706
1368.2168502807617
1154.8093706766765
1265.418155670166
1250.907943725586
1214.612469991048
1132.2247149149578
1097.9677085876465
1213.33464495341
1094.9230257670085
1154.3480892181396
1091.4640947977703
1066.6372534434001
997.6354643503824
1148.387493133545
1049.7374617258708
1058.0518010457356
1095.5142809549968
1204.654660542806
1161.5197270711262
1195.7422771453857
1160.4418690999348
1172.2140814463298
1170.4348793029785
1069.6891059875488
1041.8896776835124
1359.9096330006917
1195.521095275879
1289.1397864023845
1147.110460917155
1175.723305384318
1263.8766746520996
1237.5506445566814
1191.16854985555
1079.5451857248943
1139.812427520752
1168.5354703267415
1145.0913747151692
1045.2475337982178
1067.4424018859863
1049.8110275268555
1125.7912349700928
1051.3703689575195
1294.8131275177002
1093.747413635254
1074.652608235677
1093.8449408213298
1082.3361218770344
1098.5700950622559
1221.789271036784
1458.2817497253418
1264.3137041727703
1104.7687454223633
1304.3137308756511
1181.5066623687744
1297.5351486206055
1149.3822002410889
1141.9820442199707
1116.4484278361003
1122.4103050231934
1214.5927721659343
1136.1546020507812
1054.7766520182292
1130.9693253835042
1227.7277634938557
1151.8764826456706
1179.117109934489
1108.4014784495037
1139.2691968282063
1107.3110809326172
1126.6844228108723
1134.145148595174
1012.9130376180013
1087.519739151001
1247.4725138346355
1148.2884368896484
1059.4983240763347
1092.9289836883545
992.6326917012533
1043.2484792073567
1085.2870140075684
1041.2801475524902
1101.801357269287
1019.244441986084
1058.2642822265625
1152.8414484659831
1055.7884209950764
1084.3992341359456
1112.3937142690022
1128.6252950032551
1091.3666890462239
1087.3486868540447
1073.7005920410156
1157.178539276123
1193.922269821167
1068.6155764261882
1035.2529589335124
1200.5236733754475
1081.6806112925212
1076.9716567993164
1059.2649828592937
1113.646790822347
1054.2708028157551
1045.7232964833577
1134.9975776672363
1054.0836995442708
1136.9266395568848
1114.5378405253093
1061.608938852946
1029.5568606058757
1109.0008138020833
1208.6625429789226
1045.1703961690266
1045.8175086975098
1025.3072408040364
1094.3152287801106
1196.793940226237
1105.8025461832683
1109.0441182454426
1118.7298564910889
1216.1415907541912
1153.3882535298665
1258.6958185831706
1081.5230153401692
1167.0933698018391
1180.6732870737712
1062.5433355967205
1081.4593353271484
1069.127856572469
1104.0973574320476
1098.1795616149902
1075.6483046213787
1150.4658444722493
1004.0770765940348
1056.6782709757488
1030.0541954040527
1099.408957163493
1175.668851216634
1245.5362707773845
1042.2011273701985
1095.206407546997
1203.2184041341145
1055.807466506958
1056.3696765899658
1191.3956082661946
1127.9393196105957
1168.4924430847168
1082.214454650879
1082.7640940348308
1106.9768759409587
1064.1042760213215
1042.1369565327961
1007.4438285827637
1369.563289642334
1125.2846692403157
1179.5966453552246
1121.2814915974934
1047.000165939331
1029.3323129018147
1100.025930404663
1034.8263963063557
1185.1172358194988
1201.6279436747234
