426.6578481197357
444.1176996231079
473.6874132156372
249.10285329818726
237.0985984802246
267.2456465959549
224.4847548007965
249.46508502960205
301.18426167964935
217.2091954946518
185.45970511436462
226.79256176948547
271.5204645395279
344.5571599006653
303.43970823287964
288.6534814834595
235.43178856372833
154.37375557422638
211.42805361747742
269.3995957374573
248.2439934015274
219.7551929950714
191.11569774150848
191.005517244339
160.12854599952698
201.97545742988586
168.31486225128174
220.49240911006927
150.17018526792526
183.8474314212799
225.91877341270447
297.3434569835663
164.66461199522018
228.6051709651947
244.26770436763763
210.79686784744263
168.61566770076752
151.58127731084824
190.94024300575256
155.11277478933334
352.4669873714447
265.1752041578293
160.91322696208954
195.72814869880676
157.01983016729355
197.0927630662918
200.76093351840973
179.2609088420868
172.8910094499588
237.46139430999756
184.33068239688873
212.0008955001831
233.711812376976
269.74814808368683
239.45316517353058
227.25627076625824
184.49467384815216
261.60278940200806
229.05971336364746
178.6544225215912
321.9324439764023
251.5525108575821
189.64706766605377
222.90596437454224
212.44306802749634
162.67810940742493
158.07843124866486
168.62149000167847
230.34013605117798
225.653022646904
161.06790071725845
306.4731068611145
190.24573719501495
206.4243198633194
195.8465086221695
166.78146159648895
219.01459228992462
246.8984979391098
200.52147376537323
179.9721361398697
223.51025474071503
240.97856771945953
169.54532194137573
194.28705871105194
167.51509165763855
205.22770607471466
208.53644514083862
161.37102299928665
151.87173759937286
180.99101865291595
212.76216638088226
203.50259256362915
151.71991455554962
220.24690544605255
268.5376937389374
224.6200578212738
206.91385650634766
146.74370074272156
183.9217312335968
250.91084897518158
175.121111869812
181.63685083389282
156.9885529279709
186.35106110572815
211.0873180627823
220.95098078250885
141.5221545100212
253.42092549800873
224.71103882789612
234.4452006816864
229.3738557100296
199.89858829975128
177.98346781730652
190.88959503173828
244.77541303634644
215.01529610157013
182.4721999168396
149.36375629901886
158.52431070804596
202.2222101688385
144.55260169506073
201.11045289039612
155.14608681201935
171.14512503147125
271.8956503868103
136.9834291934967
236.87690782546997
170.2379138469696
160.43485140800476
190.64223790168762
327.37581181526184
153.31387519836426
249.94049906730652
262.56268334388733
203.89308965206146
173.4584118127823
230.27085268497467
189.14248168468475
300.38555884361267
219.46748268604279
122.53342521190643
138.89078676700592
203.1331081390381
159.86412489414215
206.49450981616974
219.5818133354187
226.35339105129242
219.64088249206543
201.24712586402893
197.03921401500702
205.34711360931396
198.24185156822205
187.69975984096527
183.32775580883026
253.65887427330017
199.12670028209686
178.0523281097412
267.84145534038544
165.63152694702148
158.71388804912567
164.89964962005615
208.8516149520874
187.07997691631317
207.08975446224213
236.900740981102
140.3734588623047
231.78900253772736
243.11994552612305
146.95991158485413
148.8689614534378
198.85335433483124
227.027428150177
196.90032494068146
135.14971667528152
162.55074405670166
272.42296147346497
159.27760362625122
232.90827441215515
177.39726889133453
168.6474888920784
215.0362684726715
185.5331587791443
285.6738535165787
172.1884047985077
240.24328565597534
167.04922699928284
167.1198400259018
177.3835290670395
191.36333692073822
172.88085567951202
201.01318621635437
139.59995913505554
169.00219595432281
154.4033002257347
253.1460484266281
199.21310806274414
250.05845606327057
251.50349473953247
145.05759060382843
172.88903510570526
