600.2444109916687
570.3794724941254
552.7129595279694
529.0584216117859
509.4673662185669
511.12363958358765
528.0103671550751
492.5489685535431
483.9659299850464
484.5917568206787
474.2876138687134
466.63106656074524
470.8736906051636
467.2998857498169
457.5694308280945
467.30536556243896
458.6998839378357
464.4295115470886
457.1650528907776
451.7609906196594
444.12676548957825
441.1993770599365
445.0142936706543
437.96044516563416
429.0707788467407
423.8946123123169
424.52180910110474
414.3851227760315
400.48481249809265
405.47752618789673
401.5740864276886
407.4999396800995
418.87449955940247
398.70786237716675
398.5476584434509
405.5176577568054
409.40743827819824
392.8596935272217
398.51776123046875
390.342444896698
394.46040320396423
383.1143705844879
376.9012703895569
374.3207621574402
392.2532877922058
380.54889154434204
384.39161014556885
373.7401840686798
375.82601833343506
382.3805592060089
370.21078181266785
375.86131477355957
365.1037173271179
371.8639123439789
361.3647928237915
362.9317774772644
362.8014304637909
356.67201828956604
360.3978476524353
367.9193739891052
372.13048911094666
356.83161783218384
358.9622173309326
357.70387506484985
353.24439549446106
360.98797512054443
354.6944103240967
351.02370142936707
357.6904172897339
346.2781836986542
344.83654975891113
344.212495803833
342.7758984565735
347.0562365055084
345.882750749588
358.4673418998718
351.7042055130005
343.7978835105896
347.34690833091736
341.1867527961731
338.9995017051697
338.554710149765
344.9637539386749
342.6473243236542
344.27293491363525
330.13868498802185
335.36382734775543
331.7721325159073
345.026691198349
336.11621367931366
338.9420442581177
338.69287395477295
350.84705805778503
333.8527488708496
331.65276527404785
335.40923726558685
343.0482370853424
332.02015447616577
339.2219579219818
333.6669993400574
333.74029183387756
330.9656330347061
329.3566633462906
343.6409432888031
326.7364466190338
327.1304290294647
334.163143992424
331.853523850441
334.36102163791656
323.0422067642212
331.39835691452026
333.4822369813919
318.81330239772797
327.64283180236816
314.35102248191833
318.18646824359894
332.67398476600647
321.6218272447586
319.6307010650635
313.233442902565
312.9608826637268
316.28698790073395
325.14832842350006
310.78009855747223
318.4889055490494
312.3760939836502
324.4279143810272
328.44171595573425
320.36243736743927
318.0981465578079
312.7926000356674
327.5698012113571
320.64065873622894
322.2903240919113
322.7158154249191
320.9351785182953
315.5809986591339
318.18191516399384
314.0904896259308
324.52326714992523
317.07618165016174
320.64196825027466
311.40882647037506
313.68719959259033
309.53882026672363
310.82236564159393
320.44658875465393
315.27582144737244
306.92049729824066
312.58319866657257
318.06440138816833
315.33948397636414
311.116361618042
305.27961575984955
303.73102474212646
314.75628685951233
315.48993706703186
307.139528632164
298.16738307476044
320.4842221736908
303.2472902536392
308.36114406585693
307.0317656993866
310.0215474367142
308.88895881175995
312.5814459323883
315.1008905172348
299.24734938144684
306.5029436349869
311.9011836051941
315.81439435482025
304.76529908180237
305.4485430717468
320.5950070619583
316.2914402484894
300.4026429653168
301.14300191402435
292.21469485759735
324.37420415878296
306.45676815509796
300.71863877773285
296.8615155220032
297.03783655166626
307.0801774263382
293.3134778738022
301.4280126094818
297.2388368844986
297.76318645477295
299.2001665830612
295.7511080503464
295.24615943431854
295.7500604391098
314.7340452671051
303.0207040309906
312.4840785264969
307.5153591632843
298.3106640577316
279.4848282337189
295.6113325357437
300.492435336113
