-3.91987835864226
-11.44793818394343
-16.7404967546463
-20.674020210901897
-21.02623372276624
-23.4489023288091
-23.161811649799347
-22.96936723589897
-19.800824513038
-19.699696550766628
-21.01089585820834
-20.32799208164215
-19.7425635655721
-20.90133398771286
-19.72662615776062
-22.99718330303828
-19.139154036839802
-20.942138671875
-19.852750837802887
-19.21575407187144
-20.013146221637726
-16.18939197063446
-20.06832231084506
-18.08948563536008
-15.34062391022841
-19.572624723116558
-20.84345669547717
-19.88646137714386
-23.206318934758503
-21.735881219307583
-22.08964927991231
-28.506593386332195
-24.358498632907867
-20.56737420956294
-23.57316971818606
-24.306209564208984
-23.619165023167927
-20.51497609416644
-22.324615349372227
-23.592719316482544
-19.252030978600185
-22.512700100739796
-20.379787464936573
-23.016356418530147
-21.783072868982952
-20.466441174348194
-19.57243726650874
-24.46592788894971
-23.321772913138073
-24.417428414026897
-28.144935965538025
-26.53293929497401
-21.27985695997874
-20.344218889872234
-26.067950963974
-20.200621843338013
-25.7804740468661
-21.368162274360657
-25.736607909202576
-25.84062389532725
-24.31958121061325
-26.10408482948939
-23.882271975278854
-22.91689212123553
-20.092539260784786
-25.634669949611027
-28.472351332505543
-23.253938277562458
-20.354099074999493
-21.792319516340893
-22.856491049130756
-22.630668302377064
-20.74019267161687
-20.497944583495457
-24.222162942091625
-19.148220976193745
-23.059550801912945
-24.785866280396778
-22.825380990902584
-28.15579269329707
-23.90841217835744
-23.279896209637325
-24.534496466318767
-22.056828995545704
-21.487138787905376
-25.306586901346844
-23.65970965226491
-23.570555408795673
-22.354485819737118
-16.911829660336178
-23.768990804751713
-25.666933278242748
-25.18472933769226
-24.521261552969616
-20.323437690734863
-22.94691304365794
-24.03866370519002
-20.277278890212376
-23.14415854215622
-20.301978329817455
-18.844130794207256
-21.976596653461456
-20.494931320349377
-17.962699393431347
-17.353459397951763
-21.781855324904125
-24.859190861384075
-21.092396835486095
-24.37023413181305
-22.019321858882904
-20.585405463973682
-20.229670027891796
-17.89452240864436
-20.351352373758953
-22.900437315305073
-22.2742001414299
-22.44216024875641
-19.082981904347736
-21.893906394640606
-24.257570564746857
-19.130820254484814
-27.003795077403385
-28.20760142803192
-22.329827467600506
-24.90923414627711
-18.33414049943288
-22.37661538521449
-25.810718894004822
-21.415431916713715
-22.253037730852764
-22.20672982931137
-18.95420507589976
-24.0213484565417
-20.15247259537379
-20.281538665294647
-23.37353579203288
-18.69993484020233
-23.610726296901703
-20.76303682724635
-21.864814509948094
-19.843275666236877
-21.158444106578827
-19.609831114610035
-28.13668229182561
-20.03889708717664
-24.19514638185501
-27.474016149838764
-26.325565576553345
-22.540722648302715
-25.94697106877963
-23.607787946859997
-20.871912250916164
-21.636310299237568
-21.84588798880577
-19.319030453761417
-24.54013341665268
-22.292923142512638
-20.44469415148099
-20.54624996582667
-22.24534769852956
-24.318264822165172
-19.212565739949543
-23.38849925994873
-23.483461797237396
-20.761559009552002
-18.978593568007152
-24.096036007006962
-22.19673599799474
-25.205515841643017
-25.959293474753697
-16.98056835929553
-27.737858951091766
-22.273371477921803
-19.145831525325775
-20.00432389974594
-22.64538757999738
-21.5015706717968
-21.32795927921931
-20.187861273686092
-20.523020446300507
-17.453869874278706
-20.31027008096377
-20.31027634938558
-19.520739952723186
-24.654611746470135
-23.738707701365154
-14.794058491786322
-18.937782287597656
-18.71943473815918
-21.756236334641773
-22.316705187161762
-22.13200255235036
-20.511166632175446
-22.19688806931178
-24.658951958020527
-23.457359592119854
-20.30532894531886
-25.16548575957616
-24.404478470484417
-21.13028288880984
