0.6738815940916538
-16.235899090766907
-55.11106985807419
-89.80995857715607
-115.87575507164001
-128.95955312252045
-137.08694124221802
-137.4679695367813
-136.99624228477478
-144.41363203525543
-146.14492040872574
-147.40369582176208
-149.00110149383545
-149.71633791923523
-150.35753643512726
-150.55418515205383
-150.92670160531998
-150.88154351711273
-150.1960632801056
-153.72665417194366
-154.30306196212769
-154.61095893383026
-155.037699341774
-155.96253859996796
-154.11360549926758
-155.27334135770798
-155.39566004276276
-156.25169944763184
-154.97227400541306
-152.8639463186264
-151.08801358938217
-151.83402359485626
-151.7884726524353
-148.90601062774658
-150.46300268173218
-150.572780251503
-148.759183883667
-153.7584854364395
-153.66950899362564
-156.45024192333221
-156.45991218090057
-156.94459354877472
-156.03695929050446
-156.74092382192612
-156.37922596931458
-156.47531408071518
-157.3173416852951
-157.27080357074738
-156.19441324472427
-157.264195561409
-154.892212331295
-155.31180077791214
-154.68940889835358
-155.7287802696228
-155.25266110897064
-156.24591743946075
-157.56923174858093
-157.98503267765045
-158.2288440465927
-158.1416807770729
-157.15830624103546
-157.85061609745026
-155.31799578666687
-155.6756945848465
-156.54072934389114
-156.38665997982025
-156.7369247674942
-157.2850067615509
-156.4672051668167
-157.5576878786087
-156.38617646694183
-156.4622894525528
-156.371147274971
-154.08995366096497
-155.82532167434692
-155.13679933547974
-155.70321452617645
-154.5430052280426
-155.40451437234879
-156.9504662156105
-155.22829407453537
-153.9892419576645
-155.61579942703247
-156.42769813537598
-153.89116942882538
-153.64084070920944
-153.16543674468994
-155.03055745363235
-151.74042356014252
-156.23689186573029
-154.90709042549133
-156.37668752670288
-155.87665462493896
-153.36583268642426
-156.04320466518402
-156.1797366142273
-158.07812905311584
-158.26845180988312
-157.83548617362976
-157.233935713768
-158.7918746471405
-158.86891436576843
-161.11334085464478
-161.53093481063843
-159.813134431839
-160.34036493301392
-161.6955507993698
-159.81690180301666
-157.78187668323517
-158.09206026792526
-154.74878025054932
-153.91993844509125
-153.44215720891953
-155.2352546453476
-154.94485479593277
-155.81016153097153
-157.23551720380783
-157.3229625225067
-158.52034187316895
-155.8003301024437
-156.11098712682724
-156.86555933952332
-156.58290576934814
-157.53969717025757
-156.181046128273
-157.7234320640564
-158.35506105422974
-156.8810921907425
-156.53509843349457
-157.81660902500153
-157.89691245555878
-158.95878732204437
-156.7487204670906
-157.8428395986557
-158.3325777053833
-158.88595819473267
-158.90946900844574
-159.78259253501892
-158.61617815494537
-158.44148898124695
-158.93762356042862
-159.55798065662384
-159.7450397014618
-157.76198214292526
-158.9999463558197
-159.42509520053864
-159.89958250522614
-159.88408994674683
-158.14066338539124
-158.24752980470657
-156.89343184232712
-157.9792708158493
-157.31849002838135
-156.4929723739624
-157.9083052277565
-158.41896533966064
-157.42345261573792
-158.69910061359406
-158.3334641456604
-160.41121971607208
-159.2369885444641
-160.09821563959122
-157.54487478733063
-160.50743877887726
-159.15971714258194
-160.99931240081787
-161.8349838256836
-161.86439752578735
-159.59623861312866
-159.77530962228775
-159.18813359737396
-160.61089038848877
-161.43217730522156
-158.70427823066711
-159.88902580738068
-158.71252816915512
-159.59426426887512
-158.96383398771286
-158.70054107904434
-158.53986370563507
-158.29629409313202
-157.76876139640808
-157.20470333099365
-156.74755197763443
-157.67732709646225
-153.2123979330063
-157.17879509925842
-158.5600302219391
-157.78097009658813
-159.52546441555023
-161.01903569698334
-159.47104907035828
-159.85386031866074
-160.31343930959702
-159.25883728265762
-160.5267994403839
-159.71483021974564
-161.19609206914902
-160.48097652196884
-161.08100593090057
