217.721994638443
210.2987184524536
188.9822834332784
187.83769194285074
189.90821623802185
186.01874963442484
168.83232053120932
166.3636293411255
175.67458820343018
175.20095038414001
170.47087184588113
169.00934370358786
172.7229662736257
166.62420614560446
164.51585952440897
158.37029417355856
166.46167453130087
150.75729568799338
154.09776329994202
150.6744728088379
154.54857365290323
147.58204491933188
148.26497753461203
148.44375244776407
151.2033338546753
147.10417985916138
142.31063763300577
137.25408307711282
139.87433723608652
134.83574012915292
131.9708216190338
137.19894695281982
130.22754176457724
129.8502720197042
129.75219376881918
125.52078692118327
122.72183668613434
124.325346271197
123.91183952490489
125.12275385856628
118.40424573421478
119.06990806261699
114.67335176467896
109.6194189786911
108.7406325340271
111.32537166277568
112.03472963968913
109.69500247637431
110.44550963242848
104.32371020317078
107.12800339857738
102.29992028077443
109.85204696655273
107.54714743296306
99.09857388337453
107.44423615932465
100.6701986392339
97.03228501478831
101.01015933354695
101.03824615478516
96.6556811730067
90.33803590138753
95.56168059508006
98.57083304723103
88.98633952935536
91.6214344104131
90.6452470223109
94.94207882881165
92.96075022220612
86.53848377863567
93.04365154107411
84.03566233317058
87.3122731645902
91.10498293240865
83.9415699839592
91.94919216632843
86.20872382322948
85.51701366901398
83.07079754273097
88.20425550142924
86.7728818655014
86.43396540482838
79.64839605490367
81.05422421296437
75.68666859467824
89.58554708957672
84.193012992541
78.87356795867284
80.95838789145152
85.05335831642151
79.0874434709549
76.16587501764297
78.56392242511113
78.58218042055766
81.89406196276347
77.04075187444687
71.9092585047086
79.75332103172939
73.2160408894221
73.70278280973434
82.57131135463715
79.4592456817627
70.92742625872295
69.60317095120747
69.62615712483723
74.09629487991333
77.45490183432896
74.75788033008575
79.01345042387645
69.92837985356648
68.48634016513824
68.22184340159099
70.67068014542262
70.52526106437047
67.0273557305336
64.17460866769154
71.543341755867
64.29794549942017
68.32224849859874
67.60664840539296
60.32858655850092
69.39363302787145
69.52260579665501
63.87548808256785
67.67962445815404
70.62046494086583
64.00958641370137
59.616431971391044
61.583893756071724
59.068083465099335
64.52746574083965
65.64130361874898
58.97197033961614
64.63179449240367
59.78957488139471
64.05036926269531
66.36426864067714
59.55042884747187
57.63954698046049
62.65862969557444
65.66492561499278
52.98506267865499
62.464331924915314
61.81210523843765
58.04050620396932
59.83962251742681
55.21362680196762
55.775020122528076
57.243157148361206
60.100550989309944
58.57701746622721
62.706085761388145
63.599044601122536
59.269769171873726
57.806036521991096
55.739691495895386
58.33111443122228
58.28466192881266
49.517856846253075
54.659907162189484
58.54729433854421
53.36305514971415
57.16813522577286
51.25706479946772
55.69291033347448
55.70276165008545
47.34446582198143
51.606718917687736
48.44148376584053
52.22656663258871
53.11662991841634
55.69871352116267
50.6493652065595
56.53422838449478
48.76416618625323
49.335236728191376
45.63973906636238
53.47765962282816
49.41457017262777
52.03133115172386
53.60651061932246
45.936757703622185
46.54260136683782
43.81551260749499
49.412232995033264
51.20494013031324
49.5208922624588
50.22436990340551
48.70368627707163
49.54185570279757
49.38709480563799
47.6853201687336
50.40967458486557
51.68340188264847
44.8607702155908
47.949652115503945
46.95905786752701
44.604755103588104
48.11762427290281
46.77975833415985
