347.3871370951335
265.9069941838582
253.24279657999674
231.79599793752035
220.91665967305502
246.19309743245444
214.3454021612803
229.9293009440104
230.15141121546426
216.96679019927979
211.06481790542603
196.42674859364828
202.02190685272217
201.39770126342773
180.6306915283203
175.59648871421814
180.0391317208608
169.54148586591086
178.4854695002238
174.61878736813864
176.4944887161255
160.05211822191873
167.09615763028464
162.99560340245566
161.7448087533315
163.98669346173605
155.25718116760254
154.30712834993997
150.80718342463175
150.26089111963907
146.57976905504862
149.16839734713236
149.34658765792847
164.80002307891846
149.43963813781738
144.35949929555258
144.67458883921304
149.42666761080423
143.22045604387918
142.06920822461447
133.87387975056967
138.67718275388083
131.34472958246866
131.25396553675333
135.56154839197794
135.42429288228354
133.2859551111857
136.83578824996948
130.1937644481659
122.78083149592082
126.28873459498088
131.10139894485474
131.8273131052653
124.4200009504954
121.03825028737386
120.03821301460266
130.70398116111755
127.05400641759236
124.34240810076396
121.38151335716248
130.4946608543396
123.90915632247925
121.7600998878479
125.73896249135335
120.87434689203899
127.21714607874553
120.0303258895874
119.29751062393188
122.41887919108073
119.8881098429362
112.96983043352763
120.28843919436137
115.18235651652019
123.3230090936025
121.5267600218455
119.29971448580424
111.4121831258138
127.60118087132771
112.88231762250264
115.67231742540996
115.95013809204102
113.52074861526489
110.36788272857666
108.83171669642131
112.66582409540813
110.19597736994426
109.6043513615926
108.62353082497914
114.98662741978963
107.09665215015411
121.07290418942769
106.1430074373881
110.18335461616516
116.7683310508728
109.41160678863525
116.1387847661972
116.54399696985881
112.64724477132161
110.8512311776479
106.76365256309509
113.86433060963948
109.81227413813274
108.27924553553264
106.8494803905487
99.8727958202362
113.22426962852478
105.08155965805054
104.45818253358205
106.64683636029561
99.72554111480713
105.62557391325633
103.21718144416809
99.54428720474243
99.49868416786194
100.9072995185852
104.66375080744426
104.94154703617096
99.21316917737325
110.17132600148518
103.91275691986084
100.83227650324504
98.74391015370686
101.65891901652019
102.65554904937744
111.63318912188213
107.59615691502889
99.65677666664124
100.59825404485066
101.67926104863484
97.47076074282329
100.0704886118571
104.17870163917542
102.53811180591583
103.39935692151387
109.94721746444702
96.04201634724934
101.01611236731212
110.58548665046692
96.46763118108113
99.49567592144012
102.50970117251079
108.66150856018066
106.11930147806804
102.75312948226929
103.83660018444061
100.34093264738719
100.84369373321533
105.0862459341685
101.5637640953064
106.94630877176921
102.03805963198344
100.10080250104268
106.97170011202495
95.18609976768494
94.51558601856232
101.11358912785848
100.08473539352417
96.96615282694499
95.93211881319682
96.86668586730957
100.34820155302684
99.02504503726959
97.76690586407979
99.02886001269023
105.05847732226054
93.58171939849854
104.58547401428223
95.98194336891174
94.8775618871053
103.67828885714214
93.71230324109395
95.53792222340901
93.59680080413818
103.14557321866353
94.80988319714864
98.37174773216248
100.12515624364217
96.75617810090382
101.684179464976
97.69166100025177
93.95331764221191
94.07229701677959
93.55001219113667
95.32335996627808
97.64178490638733
94.88380837440491
97.9131031036377
95.83161906401317
96.49796891212463
97.75941201051076
92.51477440198262
100.84626507759094
92.17511363824208
99.51086616516113
95.12115156650543
99.05904094378154
97.77013953526814
89.39421931902568
97.74904390176137
89.64414437611897
