172.47423195838928
156.1835720539093
144.58477791150412
142.83271638552347
143.7183037598928
132.0340472459793
133.69189794858298
128.4874464670817
126.97225312391917
125.78703339894612
118.81289501984914
122.55414529641469
118.31620717048645
119.303591132164
117.78280226389568
117.2657208442688
106.2618586619695
109.74964261054993
110.12198229630788
104.36131532986958
106.49236647288005
106.59894673029582
95.5689046382904
108.19597140947978
108.96530020236969
101.41223573684692
102.37777344385783
94.47298244635265
107.1719126701355
98.3520788749059
91.50704475243886
99.538245677948
91.1859294573466
94.72045656045277
99.50939452648163
90.78420881430308
86.07062482833862
93.435542345047
90.6555985212326
85.93345272541046
91.3568965991338
80.96173061927159
81.79847359657288
83.32799744606018
77.62016212940216
77.9605462551117
77.28873898585637
85.82708712418874
74.00826452175777
88.39565285046895
79.92801602681477
82.52201497554779
77.73473324378331
74.452030758063
78.2620679338773
79.24568951129913
77.10589337348938
70.89140055576961
74.17395011583965
74.27632878224055
72.94614829619725
75.95528719822566
81.86797181765239
83.07213389873505
83.41938891013463
73.25382407506306
69.16474892695744
74.12756788730621
73.94848853349686
67.46051261822383
66.06014239788055
70.03869092464447
69.21930768092473
68.53448955217998
73.39958423376083
69.49915152788162
72.22000044584274
70.69834872086842
68.64797047773997
68.42624362309773
71.73728132247925
64.51266517241795
64.76227903366089
70.20933713515599
73.20222081740697
68.64962983131409
65.8396042784055
70.62876568237941
66.84835175673167
72.6070677836736
79.33587308724721
62.429479698340096
72.01295630137126
67.6167472799619
69.12992813189824
67.85730226834615
67.28154369195302
70.15221615632375
66.26217252016068
59.161322355270386
67.69218907753627
62.95717829465866
66.04626621802647
66.30168243249257
63.006869534651436
62.87414030234019
57.581771552562714
65.27692147095998
64.28887140750885
66.27575256427129
56.707845628261566
62.590886990229286
61.40156741937002
62.138269464174904
59.9550915757815
64.03288547197978
63.049965838591255
63.498555302619934
58.11218706766764
62.70591380198797
62.18153794606527
69.91585226853688
64.82831825812657
64.54214825232823
59.59496011336645
56.7958659629027
64.43643689155579
61.393772304058075
68.45638583103816
61.40637747446696
53.9276105761528
57.88728988170624
59.679384569327034
56.8908944328626
61.23280398050944
61.538081546624504
57.59861636161804
58.872888724009194
60.30105688174566
57.32653748989105
60.83323357502619
61.22782862186432
64.02011402448018
53.20419712861379
52.87255589167277
58.82326924800873
56.0684862335523
53.16902728875478
49.66324695944786
61.66374192635218
57.910938650369644
57.73188126087189
58.285421907901764
57.962013840675354
54.57134969035784
56.64036901791891
56.13760636250178
54.503572215636574
50.314393719037376
57.10255159934362
51.27600649992625
52.596917708714805
55.21512629588445
51.69428755839666
55.65699002146721
61.91447448730469
61.49118294318517
57.76847632726034
59.617081344127655
51.850939214229584
51.064529687166214
56.07047741611799
56.99942264954249
53.68463996052742
60.87760963042577
64.7914692958196
50.92320581277212
55.31909986337026
61.61765984694163
52.25783380866051
50.416583905617394
51.41727787256241
48.579715460538864
49.72960145274798
55.07108243306478
53.311890025933586
55.24091958999634
52.0569939215978
52.707054406404495
52.84557811419169
55.07567421595255
55.20927528540293
57.088683704535164
57.91646156708399
56.78724961479505
53.38847123583158
63.031581461429596
57.33942914009094
48.146740506092705
52.785420060157776
