0.9478254006244242
-16.448030292987823
-45.13999676704407
-73.90978866815567
-87.46592843532562
-107.25364261865616
-114.44106155633926
-119.00154495239258
-123.61137688159943
-124.65969324111938
-121.39065259695053
-128.7266812324524
-127.91178071498871
-132.94426333904266
-131.5952120423317
-129.46458232402802
-133.84422183036804
-133.91800791025162
-137.80302381515503
-135.5048367381096
-134.6571480035782
-143.43345069885254
-140.14330673217773
-136.0687739253044
-137.2352084517479
-136.35792469978333
-139.8933104276657
-138.27801477909088
-138.7353474497795
-137.6490249633789
-140.6108032464981
-142.80180156230927
-138.25724387168884
-142.2436262369156
-144.88511753082275
-142.5953415632248
-136.59328466653824
-142.96954023838043
-146.6759887933731
-140.07859659194946
-140.9991648197174
-144.17510908842087
-138.0542893409729
-141.0498430132866
-139.74427765607834
-136.95689642429352
-142.43525850772858
-142.52637046575546
-138.7760934829712
-144.38832819461823
-146.6921562552452
-139.4455372095108
-145.22029268741608
-143.60215640068054
-144.4531592130661
-143.84361064434052
-141.11425095796585
-143.85530561208725
-145.63763481378555
-147.26835250854492
-143.84095132350922
-141.20343893766403
-144.58887523412704
-146.10205900669098
-147.44765520095825
-145.90821063518524
-147.01958513259888
-144.16573095321655
-146.43123054504395
-148.4406597018242
-144.71707665920258
-143.9086834192276
-150.1553172469139
-148.8518471121788
-143.91722548007965
-143.8665976524353
-147.02216386795044
-149.14138066768646
-146.3812474012375
-149.0462595820427
-149.08535361289978
-150.37487238645554
-150.38911586999893
-145.54754024744034
-146.69593369960785
-151.96676802635193
-149.25669848918915
-152.7354326248169
-152.17892944812775
-150.6438062787056
-145.9535802602768
-152.5755913257599
-149.79589593410492
-151.4819557070732
-151.20803558826447
-150.41823744773865
-149.03539061546326
-150.57368683815002
-151.40575206279755
-148.88729465007782
-148.32666146755219
-149.49023520946503
-148.063267827034
-145.91310620307922
-148.3040370941162
-149.12182861566544
-147.38363003730774
-146.101132273674
-145.32414722442627
-144.18210995197296
-145.25471276044846
-144.11258482933044
-146.21448582410812
-149.4062852859497
-144.96632754802704
-147.3414032459259
-147.46010565757751
-149.64375054836273
-145.9415327310562
-150.4700539112091
-149.37027364969254
-145.60724401474
-144.1680679321289
-149.05489230155945
-148.45994985103607
-144.61751329898834
-151.50358283519745
-150.21890926361084
-151.11077898740768
-149.27474963665009
-147.88803470134735
-152.45966911315918
-150.3227436542511
-150.03470093011856
-151.13410848379135
-152.1992369890213
-152.0460238456726
-152.9671863913536
-153.36540961265564
-153.33462595939636
-152.9699968099594
-154.04196500778198
-153.67100989818573
-150.7144696712494
-152.95956099033356
-151.7513126730919
-151.1294445991516
-154.53917741775513
-150.43610727787018
-152.90592128038406
-151.71804094314575
-156.28651237487793
-152.745485663414
-151.39364409446716
-154.84945166110992
-152.98959922790527
-155.64434683322906
-151.78987282514572
-154.51530396938324
-153.80468106269836
-154.76318490505219
-153.67711424827576
-153.86526119709015
-154.99488830566406
-152.79710066318512
-154.47530335187912
-153.6773157119751
-154.6558450460434
-154.3750650882721
-158.06473171710968
-155.24047255516052
-153.69182109832764
-156.56368613243103
-149.6652165055275
-151.68091118335724
-155.39310145378113
-152.76497727632523
-155.1176804304123
-148.25497061014175
-153.16019868850708
-154.90271866321564
-154.09811294078827
-152.28485906124115
-151.86584478616714
-155.80340242385864
-152.24124217033386
-151.6458967924118
-153.59465515613556
-151.69172978401184
-149.38484954833984
-155.07981532812119
-151.8030183315277
-152.12916791439056
-149.99492192268372
-149.22925913333893
-153.68961507081985
-152.94807755947113
-150.96882766485214
-152.55705666542053
-156.7590253353119
