760.2756500244141
666.982444524765
556.1526701450348
407.2332420349121
378.82863330841064
333.8026045560837
351.9605076313019
342.69051814079285
295.34127044677734
302.25346982479095
285.2822483778
258.83234119415283
250.50721645355225
242.83354473114014
217.91204190254211
235.23820209503174
217.81606459617615
215.3569986820221
220.19257068634033
204.3084876537323
218.60697078704834
226.745640873909
204.8054986000061
198.25277090072632
195.59562587738037
201.28544425964355
197.42749500274658
195.72029161453247
182.4545919895172
197.80511856079102
193.9685446023941
189.7090983390808
177.47005772590637
173.15426206588745
176.6950671672821
174.18166649341583
180.69529008865356
168.59537023305893
175.20177793502808
166.05059158802032
164.8859097957611
171.4962158203125
174.73696088790894
169.16399145126343
171.54932165145874
188.03118777275085
173.58293652534485
170.45575654506683
174.7067413330078
164.76730811595917
168.17242741584778
160.7570623755455
163.4620852470398
170.6285721063614
161.93390250205994
171.12985408306122
159.33562517166138
159.61656630039215
166.90661084651947
162.237367272377
170.12626266479492
157.40616703033447
164.43197178840637
157.89639872312546
168.16608130931854
155.23128581047058
163.07589948177338
157.86555463075638
159.6991966366768
159.030719935894
157.69292038679123
162.0206527709961
155.90465807914734
159.3272745013237
152.55918210744858
152.69550251960754
151.95922321081161
175.92261505126953
153.21754533052444
149.8455668091774
167.76262003183365
152.35930997133255
153.44921851158142
158.3869527578354
151.40961009263992
150.59259420633316
153.0851333141327
156.63806653022766
150.37645387649536
153.9494730234146
141.02127546072006
145.9847869873047
141.64824056625366
148.55908006429672
142.44415313005447
142.3183491230011
139.65876638889313
141.90659761428833
152.80378925800323
136.80874001979828
138.6172595024109
132.0726306438446
141.3830941915512
130.45877546072006
146.39058524370193
138.8680213689804
142.2921588420868
129.79478132724762
126.93986946344376
141.65146398544312
136.06545984745026
137.16859447956085
138.6722087264061
139.1763414144516
120.07818710803986
131.37784278392792
157.99385678768158
139.21147668361664
119.76059973239899
126.14664644002914
133.96725571155548
123.89161288738251
135.13825339078903
116.49376511573792
115.33865284919739
119.8319581747055
124.39029598236084
127.1230503320694
117.46967542171478
120.29253441095352
124.78827744722366
116.33516281843185
113.88938343524933
119.03919851779938
118.79000806808472
129.98823684453964
140.84756338596344
115.48677903413773
126.49267041683197
127.98287725448608
114.02488791942596
114.22115385532379
122.3128023147583
120.93942427635193
113.28126525878906
111.67846035957336
112.58346551656723
113.84190851449966
117.65016674995422
117.75085830688477
115.23733675479889
115.50593823194504
122.90186202526093
113.87628829479218
107.37836879491806
118.7816070318222
111.08283293247223
108.3454247713089
115.78072464466095
113.27217924594879
109.4989555478096
106.76990813016891
106.0358852148056
110.65027022361755
110.71010494232178
107.09989559650421
111.35186755657196
104.5405712723732
107.06461930274963
101.59187805652618
101.13947117328644
104.73269712924957
107.95668041706085
104.5270933508873
105.68277978897095
98.99225091934204
100.90831172466278
101.9430695772171
98.36995977163315
105.93390429019928
105.97149741649628
102.77302950620651
107.69723546504974
99.54182374477386
98.11600470542908
101.72307121753693
97.45582830905914
97.55230927467346
97.70814144611359
100.74353456497192
100.70388650894165
95.54827934503555
94.55775284767151
107.59515380859375
93.56445622444153
99.2809282541275
97.62797904014587
94.7566277384758
91.9170674085617
93.1762860417366
