141.20841419696808
114.16410064697266
108.11992653210957
103.7419839700063
97.21271240711212
92.83451739947002
85.61957446734111
84.79710757732391
79.86474617322285
84.57317972183228
82.6134154399236
73.89420366287231
72.02781615654628
72.16643194357555
66.42114641269048
62.67051953077316
65.6735695997874
57.7472442984581
63.482437670230865
62.153082529703774
58.89097440242767
57.63619468609492
56.692808051904045
51.814617017904915
52.969797710577645
54.19880645473798
50.71171421806017
48.84710277120272
46.37188717722893
46.63480590780576
45.62419414520264
42.850342790285744
47.63437013824781
47.68467165033022
41.287578205267586
40.598249753316246
42.81667167941729
42.773555636405945
38.7605976909399
40.58967338999113
44.416846503814064
37.96660300592581
35.23572997252146
34.71501128872236
33.998721251885094
36.171120792627335
35.7415325542291
31.49039928118388
32.41500634948412
33.72639967004458
34.39880385994911
33.55178594092528
28.508289635181427
29.491592281808455
30.939393361409504
38.86844602227211
32.260811269283295
33.228958701093994
30.436651865641277
26.54476222892602
31.167662277196843
26.910657717535894
26.343231814603012
27.156325553854305
25.363614618855838
25.203720490448177
27.38060361891985
27.41050781061252
23.594163896438356
26.609198719263077
25.652422606945038
24.545182226846617
24.611432768404484
23.520191815992195
25.852988878885906
25.152351535856724
25.14148648052166
26.830975957214832
28.274361888567608
24.97092763831218
25.34949082011978
25.54739557641248
24.507727657755215
25.202398296445608
26.226750796039898
25.426728160120547
21.44407795369625
25.552686095237732
21.517197688420612
21.967807839314144
27.516099092861015
20.517479768643778
25.0383154861629
20.64960731069247
23.243376061320305
21.29597274472083
25.977958721419174
20.252958646665018
19.181049515803654
19.28154810704291
17.930215172469616
22.435915485024452
21.62220071007808
17.397822683056194
18.27608999920388
17.151654193798702
18.46926415959994
19.885424841195345
22.177839651703835
16.082491621375084
19.118780441582203
24.91911320388317
15.426756605505943
17.101012860735256
17.55850091079871
15.989681315918764
17.100167607267696
20.527182191610336
18.043136949340504
18.03258455420534
15.879508197307587
21.991206885315478
15.03002817928791
15.007752493023872
19.009906131774187
18.747581399977207
15.28716548283895
16.54380688071251
16.56010540823142
19.221670500934124
20.53065714146942
19.37355152020852
14.483214703698954
13.646190712849299
17.405617559949558
19.32884068787098
16.453870830436546
17.628229620556038
13.185492595036825
15.197051738699278
14.141663392384848
14.021263837814331
12.894590223828951
11.776428992549578
10.89603822429975
16.403339385986328
15.009503354628881
10.095677465200424
13.481198027729988
17.586032673716545
10.67247145374616
14.349018295605978
14.503206630547842
11.587092943489552
12.581314871708551
11.576959282159805
12.765847076972326
11.523272717992464
11.780810862779617
14.411560108264288
10.771749466657639
9.153762757778168
14.109879891077677
11.412181655565897
17.929598818222683
9.71608653664589
13.18679810067018
10.478801419337591
10.591703722874323
11.207373350858688
15.301627973715464
11.398901862402758
11.795544664065043
14.460729037721952
9.629752784967422
12.642139514287313
8.906144340833029
16.269494498769443
9.832557886838913
10.538597077131271
10.75376366575559
9.16778822739919
14.544909253716469
12.112944941967726
14.28205212454001
13.33955176671346
13.92355391383171
9.948800534009933
12.243268340826035
11.900638649861017
11.758154100428024
14.33274601896604
13.561783934632937
9.028854429721832
9.807192012667656
9.640371024608612
9.980060935020447
10.307808250188828
9.681412607431412
13.397841314474741
