-0.12622153270058334
-11.270579427480698
-31.262144654989243
-48.36022275686264
-70.37363737821579
-77.06818544864655
-94.55248457193375
-93.2818832397461
-103.44673418998718
-99.05973118543625
-91.85599368810654
-107.11250722408295
-97.5856112241745
-109.189537525177
-113.23710441589355
-111.13049924373627
-110.67621874809265
-115.90627682209015
-119.3753809928894
-112.79833662509918
-121.94898909330368
-121.98865729570389
-126.66885042190552
-119.66124790906906
-123.08400535583496
-120.48119509220123
-123.50528609752655
-122.3799803853035
-125.36349660158157
-127.36933970451355
-119.16408586502075
-130.0733048915863
-132.33249866962433
-128.01042741537094
-126.7552582025528
-127.94588851928711
-128.3395385146141
-134.6171373128891
-135.80736470222473
-132.6046962738037
-136.43362468481064
-131.44897961616516
-136.79087018966675
-135.81582617759705
-139.71116709709167
-139.19363707304
-139.7854568362236
-143.41495633125305
-144.78295528888702
-136.88888227939606
-136.546293258667
-135.07382529973984
-142.26048874855042
-144.14840507507324
-141.7210294008255
-140.74791944026947
-142.44406247138977
-142.8995316028595
-141.07892429828644
-144.21138262748718
-147.74984067678452
-144.26605987548828
-149.59410989284515
-146.35500675439835
-147.60447454452515
-144.50210481882095
-145.81322050094604
-147.47598099708557
-146.6539285182953
-144.16879320144653
-146.5689612030983
-146.6723221540451
-149.16023766994476
-145.60283195972443
-149.67718344926834
-148.25770044326782
-147.07970190048218
-144.30365300178528
-147.75829207897186
-148.70338851213455
-147.56736493110657
-149.87306660413742
-151.9489284157753
-147.1957449913025
-149.42446738481522
-143.4596208333969
-146.7832682132721
-148.9844605922699
-143.6345920562744
-149.34001380205154
-147.86776745319366
-146.21844458580017
-145.9024487733841
-145.70920479297638
-146.03369230031967
-149.04284477233887
-143.87687230110168
-147.73002672195435
-148.331607401371
-142.0313036441803
-148.33750021457672
-144.87638407945633
-146.60372376441956
-147.59198379516602
-144.66818141937256
-150.36541366577148
-151.2695827484131
-148.90153813362122
-150.006143450737
-150.72095680236816
-153.84982907772064
-154.80992448329926
-152.35575413703918
-154.2471860051155
-152.3966109752655
-152.66587728261948
-152.22379541397095
-154.48687744140625
-154.9177680015564
-150.9115011692047
-152.37642431259155
-150.15015977621078
-151.5034418106079
-150.06591773033142
-151.45104110240936
-149.495130777359
-149.10336446762085
-148.30458104610443
-145.6120388507843
-146.7234536409378
-147.80716717243195
-148.16428172588348
-143.55805599689484
-147.89176177978516
-148.5496717095375
-145.40290945768356
-144.61105638742447
-147.45276230573654
-149.14865350723267
-149.40537869930267
-149.22833240032196
-150.39033472537994
-147.36031061410904
-149.69488203525543
-147.79393100738525
-145.8825240135193
-150.3220385313034
-153.16841840744019
-147.99932324886322
-145.66806590557098
-145.98424303531647
-150.6108266711235
-151.0765704512596
-153.6774970293045
-149.52758657932281
-151.74610483646393
-151.79199826717377
-152.53437185287476
-153.03031504154205
-155.18462681770325
-154.45473390817642
-154.38898622989655
-154.5823712348938
-152.99868524074554
-155.95541685819626
-154.39555394649506
-154.33526593446732
-154.2039720416069
-152.60121750831604
-150.1380215883255
-153.00785183906555
-150.9202446937561
-152.35211771726608
-153.3551551103592
-154.40818572044373
-153.4270977973938
-153.84718990325928
-150.88275229930878
-154.13747894763947
-155.6184486746788
-156.03127801418304
-153.22343814373016
-155.93763768672943
-154.88412356376648
-152.84515982866287
-153.76672530174255
-153.85768616199493
-154.1317573785782
-151.88888216018677
-152.77524185180664
-153.35761296749115
-153.83176785707474
-153.9589518904686
-152.6715887784958
-151.65047001838684
-151.96670758724213
-151.89176309108734
-149.2823851108551
-150.65800946950912
-151.16562747955322
