1159.860802634557
988.9365018685659
885.4336991786956
826.7994049708049
781.3800420284272
741.3628555138906
715.1163499355316
681.3386559963226
663.352976624171
639.0826488176982
627.8891100009282
613.2447296142578
594.7181967258454
586.9249232053756
573.5650180339813
557.2365077177684
547.01195555528
534.3316894133885
530.4942844867707
521.9604596138
507.57270219326017
500.5525139013926
490.8025062084198
488.9545006195704
477.7707413037618
466.27473690509794
464.28652653694155
451.8724504073461
449.23178040186565
443.04295287132265
440.99535599152244
437.4904362042745
431.47763147354124
421.5312053600947
419.0928807457288
415.59408328533175
413.08793151775996
404.1853191971779
399.4437019983927
392.5711249987284
390.28637242714564
384.50164491732914
382.1208620389303
375.9831042965253
373.5142332673073
368.4311265985171
366.09385941823325
371.27912464141843
362.28620669047035
359.75903585751854
353.41167056560516
352.4058458328247
355.75520812273027
347.98745601971945
347.80449301401774
342.0988812208176
338.5267140348752
339.79751055637996
333.14003836313884
333.65649504264195
332.30127158164976
329.76226136287056
325.9438711484273
327.68276246587436
324.11813280185066
322.2080223540465
320.8500924269358
317.2023099442323
315.43102551698684
315.3045152227084
314.22820683717725
311.85879859129585
310.23439553777376
309.1562263449033
309.0182514369488
304.93278117378554
302.48503084977466
303.85663126508393
302.44181505044304
298.408052645127
297.55806151827176
296.895221422116
294.5074938972791
293.7313265879949
294.43009662032125
291.75528784592944
289.95470386743546
290.85056014458337
288.0279190381368
285.2191308498383
287.90272799730303
284.3301064670086
281.50731849273046
281.79469364881516
278.52501842180885
278.2627951244513
277.93189830978713
276.3577167272568
275.8726418773333
277.20953102707864
274.12357675433157
271.9016326804956
270.75726638436316
270.9926791886489
269.53775934576987
270.2372028658787
270.48408214648566
272.4348966956139
267.06166961491107
265.65258103609085
264.450384319822
264.25911171138284
260.99581660230956
260.93521312574546
259.7466224292914
260.32636740605034
257.86209808190665
260.02219041983284
261.0739352921645
258.1983774801095
257.7156083424886
255.09944681922596
254.97147362927595
256.1443269153436
253.69372147619725
254.06842481096587
254.6821090946595
250.85939327180387
252.56311373114585
251.6307049502929
253.03453056017557
250.57797211309273
248.0306828627984
248.52560854752858
248.70280557970207
248.6299234499534
247.08476109107335
246.0233817845583
246.17407111426195
244.52982927660148
244.73720667759576
243.04744930565357
244.10117127696674
246.47846644818782
245.6402381757895
243.92463475267093
241.41716533005237
241.89746580719947
242.2678633769353
241.21986111998558
242.11045868893464
242.24936567147572
241.23536573747793
239.821230528752
241.44732580681642
240.03209748218458
238.8644846280416
239.41452876776458
237.45473710000516
236.1805907850464
237.65629816651344
236.25697840601205
237.10882083773612
237.67088688512644
235.13268796304862
234.81311841607095
234.68509275416534
233.14001611918212
234.2941830481092
233.94503757903973
232.84653990119696
231.44780854582785
231.58986275196077
230.64646406223378
234.54704486926397
233.70880936831236
231.46925059060257
231.9870484545827
231.50713937083881
231.91461784392595
231.62550256798664
231.96283490707478
230.7863452643156
228.6727299640576
229.19463496853908
228.9565643057227
228.78110774805148
227.98015691190957
227.60166011651356
227.5697902277112
226.529355130593
226.69226333672802
225.8989079296589
226.07605360845724
225.66155207008123
226.01119458774727
224.84640723144014
225.91521617919207
225.55053810079892
225.56838670149446
