742.7714108784993
642.1877191861471
605.0003428936004
581.7786563237509
568.7438211361567
566.4211952209473
559.4878069241842
547.1455964406331
534.5801732778549
522.5519667228062
513.8073790550231
501.7432375828425
497.4494806369146
492.0255526304245
486.1629381895065
480.60348850886027
482.9790517091751
478.0874816656113
480.9309675614039
477.5847805380821
471.0811102549235
465.45757211049397
462.14808231194814
461.2387962500254
460.0286638021469
458.6993976990382
459.88983426888785
452.0436947027842
453.07773673534393
454.378298274676
449.24336093266805
450.4450841148694
447.20178979237875
440.9864570895831
444.9541725118955
444.91282177766163
442.43175290028256
440.79753181536995
440.98969605763756
436.9294025460879
436.2484402100245
438.3175837993622
438.3350258390109
438.4909761150678
437.34024421374005
434.94692765871685
432.75716320673627
431.7966378410657
432.7789016286532
429.5564693848292
429.47474248011906
430.71206225156783
426.5382929523786
422.97221282323204
426.994466928641
426.40094053347906
429.32694583336513
425.5023175199827
424.08147553602856
422.6869219779968
420.2631911118825
423.0421292424202
420.1945054928462
420.9988009174665
422.0114754954974
423.03139394521713
419.93495764334995
420.75727388064064
419.26496352354684
413.89598985115686
418.8361477891604
415.52552111148833
418.00041247606276
415.8647527337074
416.9809206088384
414.56218519210813
413.04485041300455
415.8914333820343
417.15973111391065
414.3344835321108
410.89477289915084
414.7406594077746
409.42937349478404
410.8199694911639
412.52250539859136
414.63122124671935
413.0235144297282
414.21092921098074
410.1583809097608
409.5688630819321
408.5374992847443
409.3950776139895
413.38124304215114
407.48561997413634
409.8982271790504
408.4062919259071
404.61027505397794
412.35602080027263
404.4942671060562
401.6800563176473
403.508884592851
403.80582124789555
405.31259663502374
407.3404777765274
405.95839688777926
402.83332802851993
405.9908137480418
401.15763874053954
400.55143703222274
403.7404547373454
401.38335134585697
404.10568284193675
401.2872110327085
401.9448660453161
401.5344898660978
401.6036942799886
399.7382930994034
398.46776557366053
400.90355279445646
397.1700831135114
400.9606689810753
399.3125894109408
394.0723668773969
397.149169699351
401.14965390761694
400.7487570285797
397.4761725664139
399.693536289533
402.25075534979504
396.38605577548344
399.8964116573334
395.68433288733166
393.920173060894
397.9167527635892
394.57147284348804
396.4103901187579
397.51781096855797
393.5374956647555
392.8641811688741
394.2453508536021
393.393356192112
394.4971421043078
397.10685305198035
395.2018482963244
398.2887886126836
393.49810379743576
395.5483370105425
395.8718096256256
395.1364063223203
394.7951100071271
389.5739859104157
391.717319381237
391.34026056925455
388.62846329212186
393.4440846880277
394.68606559038165
394.4914798935254
389.5868311961492
389.25929367144903
391.9826577703158
390.18456755081814
386.0381824851036
389.46179581483204
384.9790144324303
391.9126385887464
392.9542158563932
393.54262915054954
392.6564537882805
387.8515348712603
389.56622575124106
388.75502580801646
387.5454112410545
386.59285865227383
390.5979459921519
385.9160073081652
390.76615977684656
388.5108457008998
383.13945201238
384.9220505952835
388.41691941022873
390.28081071774164
386.1508942127228
388.77132865190504
386.0392576654752
386.547149348259
387.8702296853065
382.05616825819016
382.746164615949
384.64582977294924
381.79619722366334
380.3396443367004
383.66058113177615
383.0887904485067
387.5713885505994
386.7210107922554
383.45963571866355
382.21317625840504
381.6731391032537
383.2341243783633
381.9443962454796
