1304.0072804450988
1275.4201650301616
1271.7497487386067
1258.0633411725362
1264.1879611968993
1256.746247291565
1254.1832430521647
1249.6728972117105
1251.7899049758912
1249.418326473236
1250.0968613624573
1238.5626408894857
1236.1887912432353
1230.2172260920206
1240.4626270612082
1234.707753531138
1243.9948877016702
1238.1022824605307
1234.1859734217326
1227.5552180290222
1231.276982498169
1232.9844973246256
1228.3981757481893
1231.7021708488464
1235.7095844904582
1233.3236421585084
1224.5920359611512
1225.310070737203
1232.2282708803812
1224.741244951884
1220.6018470128377
1229.9181779543558
1223.9449393908183
1226.7470232645671
1214.8402437527975
1221.8021902402243
1221.897391541799
1226.7219920158386
1215.506932894389
1219.6038447062174
1216.3935057322185
1219.2026482582091
1219.2498283704122
1216.6307016054789
1222.8746937274932
1212.9232802391052
1218.0334880193075
1227.385983467102
1214.121170171102
1218.58324397405
1207.746976661682
1214.2430138905843
1219.3586619695027
1216.540624332428
1213.0262431462606
1217.7656234900157
1210.326503308614
1213.8178184827168
1211.593642139435
1209.77751232783
1214.6005074183147
1210.5715664863587
1204.732739098867
1210.3591052373251
1215.3161091804504
1213.9100465774536
1215.5684959888458
1208.0522620201111
1214.8679100990296
1212.2303459803263
1213.8419863700867
1216.3995228449503
1209.2659341812134
1215.6284448623658
1209.5510727564495
1209.0726749420166
1209.448340765635
1205.386080869039
1208.3603218396504
1207.953550306956
1207.8922060012817
1209.956656328837
1208.0790093421936
1210.9743488311767
1207.348321946462
1207.967607975006
1209.9483590126038
1207.5333078066508
1210.2455761591593
1209.886299196879
1206.715177599589
1203.8026403427125
1205.1218933741252
1206.292921034495
1204.4172831535338
1196.318028831482
1211.1735292752585
1204.8251012484232
1211.9454783439637
1209.179754892985
1207.0114071846008
1204.1199529012044
1206.3682729403179
1203.486652167638
1204.122751490275
1203.9508748372396
1209.5122186024985
1204.0422955989839
1204.0618318239847
1203.1488101323446
1208.2248394012452
1200.8630264600117
1208.0146911303202
1208.5038596471152
1208.412293402354
1210.695731639862
1208.0649063110352
1197.6569441477457
1200.6262886842092
1204.4570037523906
1204.2997740427652
1210.66438220342
1203.1768796284994
1197.6684614181518
1198.9397411664327
1198.1336407184601
1197.462202167511
1198.9904116312662
1200.0423414548238
1203.1473061561585
1203.514820957184
1201.9785064697267
1205.7905865351358
1202.6074026425679
1208.1389550844829
1208.5165071487427
1204.1367831548055
1199.9793171246847
1206.0393838882446
1198.2284313201903
1204.790950536728
1202.343997478485
1206.9353505452475
1206.5394850095113
1201.217771180471
1202.1487686475118
1208.588935693105
1203.5060883204142
1202.3437234242758
1212.1237454096477
1201.1811769167582
1198.4133992354075
1201.8244410832724
1202.6044803937277
1197.8797495524088
1202.0241883913675
1202.1191421508788
1205.074122015635
1195.835494740804
1203.0878374735514
1204.0455506006876
1194.3129505475363
1209.2584531148275
1191.7422906398774
1201.3743233680725
1199.1093127568563
1203.7916566530864
1198.8476591904957
1208.402930831909
1192.408756828308
1205.2633660316467
1200.186806233724
1199.7763174374898
1201.3328176816306
1208.5449966748556
1203.8438956578573
1199.6501384099324
1199.8636682510376
1192.649843708674
1198.564639186859
1198.496199131012
1198.4062583605448
1202.566672039032
1195.9514611879983
1198.1419137795767
1200.766209157308
1197.7982122739156
1195.4728501319885
1201.1697786331176
1198.6960046450297
1201.6915346781414
1191.23609957695
1201.6834657510121
1195.6176761309305
1195.704679107666
1199.5978415171305
1201.9519533952077
1199.39249308904
1198.189582602183
1201.4083892027536
