228.07884162664413
186.880848411719
172.0753866036733
159.76381233930587
160.655301741759
170.3549750248591
154.43437163035074
158.11358660062155
149.64010244607925
146.4202416141828
142.0124613682429
145.83987462123235
143.97179994185765
141.7174866914749
149.09520575205485
140.2791023572286
145.61790271401406
144.93468970457712
143.87224876880646
140.7660385032495
143.28933052221933
132.71392623583475
148.28998881578445
147.7517441590627
136.63609976768493
142.09334480365118
149.19214698473613
144.6843436519305
138.2501244544983
142.18838167190552
144.5751100540161
142.93502238591512
137.01140528321267
142.71708512703577
140.92389605840046
138.00608525276184
143.36169907251994
144.83272300362586
138.97734371026357
138.49117337465287
142.2717301527659
139.8048401594162
143.471217807134
146.7929449001948
142.13839174906414
144.96589624683062
139.80965623458226
155.45030661821366
141.64330899715424
137.42234043677647
134.19142623742422
145.8113736708959
131.22032547791798
143.15477670033772
134.00482627153397
137.05251852869986
133.41295245289803
147.28519809643427
147.51265544891356
130.647955652078
140.131322179238
129.67446495095888
137.32398229440054
144.0632789929708
129.95643337567648
146.26576327880224
132.4679937541485
144.0459804356098
139.64460087021192
130.35430303613344
135.5602168917656
139.75013444423675
140.60846725702285
133.8550910115242
142.25925418138505
129.2934198876222
133.29614302714666
126.52897274494171
125.18435754776002
144.6450929403305
134.4183235824108
145.72482477823894
140.64254089196524
140.90457494656246
143.3235104759534
130.4343886534373
137.12258390188217
129.90598137776058
127.61861424446106
144.15154472788174
137.35423327287037
134.26409658590953
129.18182349999745
130.87222339312237
132.47917016148568
133.83561662832895
134.68546220858892
130.74382260839144
132.46191958983738
142.4116351524989
130.25609770615895
138.09876030683517
132.99149987300237
128.45543984174728
134.2210721373558
134.04000794092815
146.73150780598323
132.31531247297923
136.77827840447426
134.70286191304524
133.4367731809616
127.84528882900874
123.35300154089927
127.46399502356847
144.03602830966312
127.36139065027237
136.47126612663268
136.5143443663915
140.61110978921255
133.9716257850329
138.63169248898825
139.99363123178483
138.5488801797231
132.88179633021355
138.07683647076288
146.26347400347393
137.56045289436977
136.80030030409495
133.7411388675372
138.6862962603569
130.52818851073582
126.42131462097169
146.66225335995355
137.01038759350777
132.6083015481631
130.16505121390026
131.482631478707
132.4422093510628
140.3787483215332
135.92288227081298
130.43174465099972
129.67741161982218
135.3310272137324
137.9188812573751
128.68449419339498
127.92691206534704
137.51610621611277
126.33660515944163
141.33884594639142
135.4967478652795
134.3091507812341
142.63306855360668
136.21509662866592
129.3296892762184
132.54450992147127
142.31465766032537
128.5860994497935
138.44236197868983
138.63075534900028
133.75345411896706
137.55703359047573
141.94258997440338
134.89275394678117
139.98691191275915
132.13197395006816
131.3889608780543
127.69177368481954
132.6977676252524
131.79473417202632
140.4105013569196
133.44738836685818
134.70540897846223
127.31498974760373
127.00805587967237
125.64882591366768
128.20826551914215
146.63230216503143
130.69827132821084
125.55940460364023
144.8995067556699
124.9479124625524
128.2281657576561
121.54733837048212
137.5060056845347
127.24970844984054
114.72014933625857
133.05968434810637
140.68641585906346
140.78388243118923
142.8381959438324
133.72674189011255
133.73522596756618
136.28116611440976
132.96410485108694
128.40432664752007
130.6087099313736
133.50123948454856
131.5741123576959
126.02451309760411
132.11003732085229
