-15.599454544227699
-22.871716124230417
-24.485849706263377
-24.588073093829482
-24.230013280593116
-25.113750146380788
-25.513192275988644
-24.339980407007808
-24.95723746048993
-25.09941490148676
-25.138629203212673
-24.948333567586438
-25.255557579213175
-25.32490833977173
-25.051489220097146
-24.531302107819194
-25.868233654005774
-24.987008238147045
-25.522541754204653
-24.85173207624205
-25.829640877657923
-25.040999717753508
-25.325279651530856
-24.756856120352086
-25.362882988206273
-25.755801226558358
-25.528408636306896
-25.852251168982736
-24.710754256310135
-25.17506804034628
-26.239647567272186
-25.276625025375136
-25.552832724719213
-24.86711318533996
-25.43932481572546
-25.315106683763965
-25.834570066682225
-25.848864597493204
-25.44486184161285
-25.03833845257759
-24.588147442916345
-25.434312519328348
-25.314426195518724
-25.645528153098862
-24.879325916027202
-25.943449406788268
-25.74674282916661
-25.162456210317284
-25.48139542649532
-24.938976496458054
-24.819706694833165
-25.487769331397683
-25.078739790053202
-25.331815735019486
-24.421704646842233
-24.723440577243938
-25.34730594476749
-25.807207084935285
-26.375429157553047
-26.053281512753717
-24.389792015840268
-26.008503805974435
-25.423675712326478
-24.50747248530388
-24.634676709257324
-25.677685941087788
-24.656518324695785
-25.067587888446347
-25.516792768548274
-25.391481360998647
-24.852735428974547
-25.125717893242836
-25.678746421789302
-24.716138234426236
-24.673983018459946
-24.19712544515215
-24.8813920360187
-25.32799945617544
-24.922540913368092
-23.81173474315939
-24.48622215924592
-23.767465274909448
-24.851089748842963
-26.10100409850992
-24.98911603565874
-25.17351132323002
-25.483119271438696
-24.750834593998974
-24.538390421661838
-25.58380278225603
-24.777904837295928
-23.814353342200146
-24.58441661657958
-24.24753160980241
-25.56007407143198
-24.72281860020654
-24.14892658334354
-24.044190142175246
-24.820048474546137
-24.583414275070716
-24.552940460114645
-24.315869073415623
-24.835397355515383
-24.26824573196214
-23.784274295486252
-24.3357734978199
-24.442915020317866
-24.4925008015386
-24.97094824601864
-24.11628005730695
-23.413906374882007
-24.401248834256467
-24.28215274934111
-24.0823784963838
-24.250544493054523
-24.288539892640607
-24.81807951243787
-25.209035142742355
-23.997180498365697
-25.092747383590403
-25.643217628372128
-24.781959376458463
-24.50306362221981
-24.77845139750119
-25.30821363370994
-25.465080212930154
-25.43164496175174
-25.979163924167896
-25.10164545579203
-24.83132621748694
-24.352457278247538
-24.84363119252797
-23.742831302614047
-24.320301435117063
-24.162057272319135
-25.573670086161844
-24.582014347458706
-23.977244766621755
-24.151361256837845
-23.520709920546103
-24.19814563414146
-24.11611017995867
-24.758955620999995
-23.54164520574027
-24.16344273295896
-24.53627187784376
-24.07453603374547
-23.886754964960033
-23.975174241024874
-24.787290327507876
-24.738657178549932
-25.088697150349617
-25.268038351987972
-24.49182505032112
-24.45955737140672
-25.330442652620118
-25.228708094563977
-26.035188355322543
-24.67070278422586
-25.239672642843477
-25.190642408255872
-24.521477449556876
-24.761769101537507
-25.47329542760191
-25.146525305920633
-24.554874433011843
-25.779911979005256
-24.975404358629522
-25.16352114286916
-25.229050596726353
-25.319569943280055
-24.95716716503275
-25.63311861249907
-25.188451792659432
-24.989872358996294
-25.732831522308548
-25.40906947491498
-25.916023306805513
-25.58325019838481
-25.202342820578608
-26.030929987800533
-25.22170030556876
-25.16481270461247
-25.114408514622983
-24.837422364744647
-25.23403796296695
-25.604249474303476
-25.44278147354208
-24.893555499356367
-25.32919965016431
-25.735681914050005
-25.30645561372412
-25.483283600416677
-25.41997757040221
-24.894532329049603
-25.20630719538393
-24.756282144065562
-25.41464700164466
-25.16828752283392
-25.621603801846504
