-42.121188183026064
-51.028005246458385
-53.44828525904951
-55.23882766941498
-55.73219364059383
-57.13185857493302
-57.31238637813206
-56.83394238455542
-57.488503162203166
-57.21407160060159
-57.346665673214815
-57.71097824696837
-57.4514456925721
-56.929456291527586
-57.18772406105337
-56.88021678246301
-57.20561110767825
-57.555627183667546
-57.68705399899647
-57.88841401091938
-57.50284232764408
-57.42837793559864
-57.00637085684414
-58.292910048673896
-58.35856251469974
-58.42630099530878
-58.23954017820029
-57.7504131362356
-58.0532631401358
-58.459662306925345
-58.749224224994926
-58.799129261025065
-58.86345523801343
-59.011338895764844
-58.85458423968019
-58.64555714459255
-58.711087537222895
-58.53965880850266
-58.70865785458992
-58.74074864593045
-58.86427097690517
-58.53501040976623
-58.66419211852139
-58.84722053799136
-58.52087331229243
-58.95932818281239
-59.25701476171099
-58.73088022038854
-59.04829775464946
-58.51245310799829
-59.05117463962785
-58.854007250276105
-58.77182823933404
-59.33142921739611
-59.566332280635834
-59.548331157914525
-59.72707505267242
-59.27823593287632
-59.40816516917327
-59.67782546528454
-59.75947698231401
-59.64225315636602
-59.519640453930556
-59.239409905055474
-59.67011537017493
-59.98210742144749
-59.885780646883205
-59.912072698617806
-59.91290434681136
-59.800008952617645
-59.93558246513893
-60.27012230507259
-59.82685054581741
-59.668728783212856
-59.9172922341988
-59.99388349261777
-60.03671686402683
-59.5998057671662
-60.28833912056068
-59.96036819753976
-60.088692729843075
-59.915091506366075
-60.204229408297046
-59.84703294573159
-59.78692347427894
-59.974142134189606
-60.24354089950693
-59.9954676196493
-60.00014987176862
-59.56271457774886
-59.88067026590479
-59.960594765071214
-59.89904647551734
-59.87774410843849
-60.14246737134868
-60.014364421367645
-60.07589350178324
-60.128375092457084
-59.75787672811541
-60.40874449343517
-59.99894419004177
-59.93685498525356
-60.451891997764854
-60.52835327386856
-60.39524981687809
-60.47290651757142
-60.23720021186204
-60.083936134289054
-60.28549727797508
-60.03302095059691
-60.189480312939345
-60.44686959838045
-60.543337715083155
-60.39552855697171
-60.39398342782054
-60.36893207040326
-60.14073418337723
-60.52849549568933
-60.47544644413323
-60.2774518522723
-60.80388427808367
-60.65849588143414
-60.51523322689122
-60.48603058477928
-60.44416719983364
-60.46133909657084
-60.29505186861959
-60.86082987744233
-60.73591260149561
-60.928737414294275
-60.77164377529046
-60.78593109393942
-60.82489454951779
-60.5606359181733
-60.59591233524783
-60.510175489146135
-60.81703512010903
-60.68243171839878
-60.59990773427075
-60.58361272976316
-60.69752760796711
-60.540337967461554
-60.19194521986205
-60.276905976492785
-60.3313548256611
-60.054784647349656
-60.73577010117728
-60.98891655741067
-61.02663037078134
-60.93317112634922
-60.557842910289764
-60.88874107188192
-60.932799641428325
-60.65689858074846
-60.60926538294759
-60.677391079993086
-60.539205344586534
-60.389985623030825
-60.418703568392786
-60.47631033330128
-60.14887723634983
-60.06888902084581
-60.12509377043823
-60.40113776613926
-60.75402287984716
-60.520707372961375
-60.799958056417005
-60.87788157833034
-60.90998399771493
-60.76817872812008
-60.39310815622066
-60.61684448760131
-60.70457401152315
-60.70177331875111
-60.58946928279153
-60.61581762494712
-60.448106138870635
-60.47369583927352
-60.48380746512577
-60.61225477991433
-60.80303889821316
-60.49019131681015
-60.604509711265564
-60.59594650001362
-60.69458915241833
-60.64361942225489
-60.482191052930105
-60.630153762883154
-60.39690438221241
-60.273636799434136
-60.353321233700065
-60.3829331315797
-60.639722129394265
-60.69078984445539
-60.5307074497486
-60.70695247526827
-60.882617095421104
-60.685075474196466
-60.846061805198936
-60.90013934517729
