-17.761303367799727
-22.984984081366967
-25.10055795825761
-25.470078213461512
-26.044692723915496
-25.387135068918095
-25.324552320714655
-26.84832989655692
-25.72663165269227
-25.553092838361344
-24.654450504944244
-24.41633145768067
-25.73149638854224
-25.876753648807263
-24.430695726953704
-24.764965555277364
-24.386910466284586
-24.525030424882626
-24.00726426367102
-25.036259625492423
-24.68750970887727
-23.765728171015606
-23.883220367390535
-25.17815638359251
-24.345330440792544
-25.0839209422983
-24.90209150622631
-23.84637652800001
-24.95950902124931
-25.538227484657845
-24.581145209485086
-24.530679775723094
-26.251909936553446
-26.78585729414019
-24.82571205188488
-25.3094013138064
-24.9089289240796
-24.71261053249754
-25.23797729303097
-24.754052215095225
-25.41679484371481
-25.53880731966989
-23.482793547469996
-25.373870968304832
-25.278645359750453
-24.587410444843357
-24.80564320806799
-24.496474244471255
-24.240719481788833
-25.41674347170468
-25.06576768899786
-25.517121999942024
-25.532849303607282
-25.307078836806888
-25.938298758761636
-24.98732190193801
-25.434719514230203
-24.99551112898465
-25.037690682657832
-25.11823097899042
-24.206141803799003
-23.98266707617661
-25.753122072795342
-25.75601093111367
-25.13768892401251
-24.863043256874743
-25.03046069165756
-25.093628394706496
-25.078714979105982
-25.33081028995843
-26.304289335834568
-26.644098560357914
-26.12382147229951
-26.088158982581106
-25.277787011245202
-25.004893428292768
-25.271760842409627
-26.053272298697767
-24.57595046840865
-25.409791593921597
-25.032824275822474
-24.96009156210669
-24.72994451584487
-25.63121699773032
-25.177283099499242
-24.176987547298957
-24.53404205318155
-25.875168671895718
-25.37328912677436
-24.87131798678431
-25.104410528622825
-24.561335663857133
-24.739487126469612
-25.80263579970804
-25.742696257500814
-25.932562826522464
-24.68483566415721
-25.036821594526028
-26.86614182180372
-26.091420768663802
-24.673507548611738
-25.547593944031618
-25.656920904229427
-25.2014789088019
-26.155483467825526
-26.60777593378363
-26.150227803608466
-24.689227918098712
-25.39289036804232
-25.528621663307323
-25.643932194031517
-25.19154126325558
-25.538057587270078
-26.43565820619978
-24.879262326092555
-24.464428207483785
-25.292222081073398
-25.45631830034585
-26.33889885452287
-25.609059002378892
-26.06504458394544
-25.08610980777905
-25.679206813203876
-25.249775914796466
-25.691481857464233
-26.480477199986062
-26.013469689878924
-25.25507518135268
-24.472621223022198
-24.831082763343023
-25.01225085402357
-25.418196830770064
-24.715440243996422
-24.98635226077047
-26.20888790334093
-25.414407314411527
-25.00591581546027
-26.22893827639777
-26.091522868337304
-26.679281890392303
-24.679374202572067
-24.551861407427953
-25.429660729293165
-25.70309735423532
-24.880792809971446
-25.901380208031885
-23.845934060627016
-25.360403126683728
-25.370807936479306
-25.925843833335513
-26.11319600405364
-25.364239318617457
-25.576280667864044
-24.558730730208858
-25.37459814342959
-25.264769199593314
-25.454557985067368
-26.13883944780662
-25.747574574988462
-24.414603363851022
-24.43895724056096
-24.898775489165864
-25.178224404824192
-25.624722876425448
-25.636024891302505
-24.673341553786706
-25.79421502814211
-25.96172750304485
-25.05975414144582
-24.91287691017677
-24.884806024617163
-25.10968832311959
-24.92252405964095
-25.235947345865185
-26.704053771393053
-26.768429830156524
-26.172462690493155
-25.495910252990395
-24.347332081918058
-24.954481843216666
-24.37065159632214
-25.95013998808532
-25.916263389176336
-26.003843613739672
-26.428671568118293
-25.966913056784662
-26.35608369317548
-25.474987302360862
-26.453921466038146
-26.284826803310164
-25.687830340759508
-25.943260689747746
-26.246007484608683
-26.07445177127575
-26.21211271553204
-25.340932866622662
-26.318753693638175
-26.053076772854247
-25.612464291782214
-25.587798601594464
