-138.28189899921418
-197.65861209630967
-198.977283958594
-207.05793336232503
-209.52938372294108
-214.10512060721715
-213.63193821112316
-214.75028044780095
-214.5397975365321
-214.35891434351603
-215.4450310786565
-216.8124946276347
-219.00553484360378
-221.00081220467885
-220.3180939912796
-221.86797187328338
-222.7949969490369
-223.19276099999746
-223.39553103844324
-221.51866021156312
-222.44109109242757
-220.34794543584186
-223.2947537024816
-227.63589701255162
-226.33186864058177
-223.5683237552643
-223.40728128751118
-226.52049732208252
-227.30378031730652
-225.44326450427374
-225.43660852909088
-224.9464404543241
-224.6412624279658
-222.7350685755412
-223.7019806265831
-223.47277172406515
-222.82001147270202
-224.624076628685
-226.35002551873524
-226.1762998342514
-224.50194954077404
-224.7271482070287
-225.10950211683908
-226.21342770258585
-227.62003637154896
-226.73895891110104
-224.860196407636
-224.96468099753062
-226.77644255956014
-224.49139059384663
-224.36012132167815
-224.34175957838696
-225.26466631094615
-228.15208927790323
-226.6143264611562
-225.98604931036633
-226.79927523136138
-224.515065519015
-226.7600882768631
-227.63230034510295
-226.90678386688234
-225.13169187704722
-226.18125990231832
-226.41943593819937
-226.59402709007264
-225.8779353062312
-227.6402636607488
-227.80031797091166
-227.63090596993763
-228.56086376508077
-228.49150421619416
-226.90759479999542
-225.26174348195394
-225.15998325745264
-224.48540144761404
-224.53255472183227
-224.81059352954227
-224.42197759548824
-226.08749652306238
-226.49540833234786
-225.62317928473155
-224.4807900905609
-225.08246556123098
-225.78476907014846
-227.07239373524985
-227.73374897638956
-228.1116545478503
-227.83991808891295
-226.68051280975342
-226.72515244483947
-226.8039011279742
-226.43538599014283
-227.67055726448694
-226.4612903356552
-228.1305254618327
-228.7246887922287
-227.77088583310444
-227.87062837282818
-228.16509771347046
-226.72765425841013
-227.04209377765656
-226.9123390952746
-226.1571832895279
-227.15798088709514
-228.83163964748383
-226.73637770016987
-225.68355543613433
-227.9739902416865
-228.1542542219162
-227.50625986655552
-228.0761560042699
-226.48247802257538
-225.44544483025868
-228.66652597188948
-228.59256223042806
-228.5979993859927
-230.98764663537344
-230.15837001800537
-229.59552907148998
-229.58956195116042
-229.25407844384512
-227.94478363196055
-228.6632450580597
-228.60572446982067
-228.45963110526404
-228.35120207468668
-228.98955046335857
-228.0016565879186
-228.3801618337631
-227.37151517073315
-226.30087212721506
-225.57277552286783
-228.70132848421733
-230.30765756368638
-228.75285492738087
-229.2459206342697
-228.9438065648079
-228.99271827936172
-227.98976676464082
-227.8358941713969
-228.752317070961
-229.0328498840332
-227.61140276988348
-226.90426460107167
-229.41874751647313
-230.40393632253011
-229.44383000135423
-229.78291656573614
-229.42855830987295
-229.88164502382278
-229.46685258944828
-230.86046257019044
-229.8046838204066
-228.7581393957138
-229.73430701096854
-231.35912412405014
-230.24717614650726
-229.9244417309761
-230.916925128301
-231.9828670581182
-230.6327290137609
-231.2489129583041
-230.14055024782817
-230.52993872960408
-230.3353858868281
-229.5451254328092
-231.86845908164977
-231.9079707622528
-230.51168480714162
-230.04144628842673
-230.7673178513845
-230.35012315909069
-230.95256388982136
-230.41177882353466
-230.4272903084755
-230.49313660462698
-230.23098729451496
-230.09773855606716
-229.9376912355423
-230.2275997042656
-230.49341153303783
-230.52498931884764
-230.80438588460285
-232.6973111788432
-233.76087880531946
-232.6187994201978
-232.4207023779551
-230.68561422030132
-230.37678022384642
-231.69349013169605
-231.28960365454355
-231.56878820260366
-232.50195024808247
-232.524467086792
-232.6934203227361
-233.03534328142803
-232.62278696695964
-232.2565530816714
-232.45031270186107
-232.93864679336548
