-42.08026226019037
-51.983886942781254
-52.37564959402742
-53.560839517363185
-54.216997831032195
-55.53048637509346
-55.673110136698035
-55.72696405649185
-55.415892835321095
-56.04514639233721
-56.041245596162206
-56.21795564684375
-56.74227141100785
-56.67348347552891
-56.58655794324546
-56.54159346120111
-56.740495827691305
-56.95531113805442
-56.74095046623
-57.03915947675705
-57.00963009945278
-57.318084334505016
-57.07335532739245
-57.46857276969943
-57.31410729782335
-57.84904820857377
-57.98701199169817
-57.60397577696833
-58.174117095511534
-57.74346733298795
-57.491024559941785
-57.93378899837362
-57.77770438893088
-57.71178277093789
-57.88398913884985
-57.812911707779456
-57.9730049412826
-57.737134945803675
-58.20808216723903
-58.438809777128284
-58.44151253946896
-58.15742003712161
-58.13597270538067
-58.189464007986004
-58.14006220677803
-58.63204509225385
-58.609224480801615
-58.53099236817196
-58.35686745931362
-58.62484009512539
-58.62687880622929
-58.763928335288476
-58.61339030389128
-58.86743650765255
-58.749816555401374
-58.32256387842113
-58.977062679570295
-59.03259356062988
-58.97979500375945
-58.82775945910092
-58.765532497701976
-58.661097758802875
-58.97253630901205
-59.21957785713261
-59.146546012368695
-58.967914115766
-59.14175661267905
-59.651648085692834
-59.359269059937574
-59.434391840778545
-59.49964234541203
-59.3477112506998
-59.503857518064564
-59.69705333997463
-59.57879159265551
-59.737722047444045
-59.63628145332994
-59.86804596617304
-59.52818014806714
-59.85328815003921
-60.007700669354406
-59.901420178084535
-60.039181107077106
-59.846267527547376
-59.69452730437805
-59.78409159286269
-59.8021980770703
-60.040925819298316
-59.96453410798106
-60.07224700163151
-60.12051809450676
-60.19152065289432
-59.91219616552879
-59.749296985823534
-60.251415177665905
-60.548285703206886
-60.384131706994154
-60.00535651013769
-60.10333634244984
-60.41142891193258
-60.43051492242977
-60.48862027916415
-60.391221182099706
-60.45223034250325
-60.61051542697282
-60.58641657130472
-60.968636779949584
-60.78168154996017
-60.443439304828644
-60.78472384913214
-60.75063023176686
-60.79878062831944
-60.94585458985691
-61.07387560914303
-61.181940687113794
-60.62323730772939
-60.65208759287308
-60.71444228394278
-60.73268538918988
-60.861963987350464
-60.837999883396876
-60.871010819385795
-60.89392798111356
-60.604823709561906
-60.83747827903978
-60.744941430872885
-60.77773016896741
-60.82942373177101
-60.99231272422034
-60.973030219817986
-61.237054035581394
-61.059006853350276
-61.107247018608554
-60.97800942947124
-61.03394746163796
-61.13591213884025
-61.15998634798773
-61.05958652290805
-61.53462103934124
-61.229864614790884
-61.55103723345132
-61.60481488807448
-61.403775680681754
-61.807779027470225
-61.677114490805
-61.452142966204676
-61.6989377654832
-61.32458832140627
-61.353234917953095
-61.48727570833831
-61.60563572419101
-61.362242694558766
-61.395658669800596
-61.51113402535175
-61.48450466373871
-61.33603107826463
-61.482554735808534
-61.430148912914866
-61.57573306354983
-61.475833938039585
-61.51657379495686
-61.47856292436863
-61.61845805932735
-61.51122777009832
-61.6753328031507
-61.58007773448681
-61.51594471520391
-61.66559707707372
-61.497603880948034
-61.80808277993366
-61.70131387381718
-61.707923017699144
-61.823185369886204
-61.76026938495965
-61.83355511365266
-61.77311808590231
-61.9679665801854
-62.06914632895897
-62.14905523226179
-62.11800690971572
-62.11890720704506
-62.264047985446865
-62.0465130415456
-61.916589036070064
-62.14852405827621
-62.14454360460413
-62.132441608042555
-62.12076516706368
-61.87144377108278
-61.87664907965167
-62.040721661057965
-62.23655760596539
-62.25305877780092
-62.219779696957815
-62.127704757040945
-62.09455579108205
-62.123436214595
-61.93937202363178
-62.02233594553224
-61.907872134241565
