30.921623621521324
19.72089610325879
16.44460831222863
14.943134075094914
13.860002728114868
12.924184997020097
12.282483451582234
11.57779754518435
11.073700065756666
10.813102165686674
10.370976781022959
10.04640353522424
9.780889524981893
9.51463894623107
9.300232730805874
9.044938353115114
8.973980250800478
8.74816493381714
8.675153660363165
8.441736358763842
8.32342077997224
8.29025568479094
8.243426235071544
8.181456058960537
8.059537697454978
7.907588851349107
7.8741870070325914
7.841850603192017
7.832023161238637
7.6878171491211855
7.741835939473119
7.518840520546354
7.5062416737963416
7.425974862585807
7.432571699393207
7.340875405689766
7.175708077591041
7.182610352748427
7.205505203584145
7.128548666577915
7.027874656792345
7.134936572148882
7.102820015929896
6.959278107460203
6.989654341134532
6.984649727313683
6.992480364596021
6.921912405768345
6.86673202429866
6.8398696895817235
6.798309507298058
6.7848009914159775
6.733533338739954
6.727051105478714
6.637699326821442
6.6415310329918205
6.722553042887614
6.621426643225654
6.64058090502332
6.644864487750777
6.572988941494761
6.6232792410100325
6.692339852452278
6.489051870230971
6.519435086255443
6.539820345568246
6.339451817217572
6.429061685528221
6.472898145174158
6.536207429422387
6.286867864044575
6.360294114284474
6.416569908374343
6.334568104481902
6.334492371770843
6.388976698291713
6.37077869166588
6.286746597238656
6.214680149123587
6.209604527287442
6.204107559446631
6.194681658056275
6.1357808779796645
6.146222253169479
6.158291901236978
6.121424022034325
6.183489628264616
6.266033991914371
6.123657797174207
6.0759416426821
6.039174714992786
6.088396409076863
6.16197922697355
6.021070442066111
6.109956333606408
6.241692249374143
5.9685972759435915
5.986364212786329
5.937371556615007
6.07730577783338
5.994673164497161
6.009802452706057
5.9731453099641305
5.933742836374661
5.987612819363331
5.946460873145481
5.978624956875012
5.94254089108315
5.953855537391942
5.880715197787203
5.862966128978236
5.924338348723691
5.820113663144153
5.860325989795142
5.866929112066483
5.890297218386469
5.898463058445988
5.876531078383841
5.905413136528484
5.835315927863121
5.779768232641549
5.87579787702396
5.811893421385823
5.828139818690974
5.79305543121079
5.724358842162223
5.779704244871592
5.717711473076508
5.77203484342016
5.8078868689722025
5.701279820553188
5.792933503872361
5.694141056773992
5.715721787563686
5.761443550730574
5.7563429709909295
5.698795671221511
5.813236379160963
5.754982323995952
5.648540590729179
5.572978866639836
5.755088481409796
5.651208568235924
5.619156496406629
5.707454175399295
5.678138094215558
5.708369876033273
5.6493376997010465
5.650249362248799
5.631025632136855
5.65988046791533
5.652354323915366
5.579529995933689
5.521121701161409
5.497425169780336
5.6107670035341695
5.625240791075188
5.538165229147878
5.587911991081361
5.597641030904548
5.515517903170709
5.552088119731895
5.5246244650976415
5.465845111885975
5.561513166232356
5.490369618581287
5.514150058657958
5.536067905482547
5.477925690083668
5.627698133217877
5.51782457723186
5.5086013406258205
5.562057925966279
5.547273814421276
5.492248646658043
5.441485003150743
5.550602116975291
5.50895958483733
5.456708919000009
5.394599425895461
5.484579683634742
5.484409824399085
5.43561134821382
5.473116139399594
5.508982437437978
5.4429849392638125
5.435841971558744
5.364959003468012
5.369786008678633
5.413726522105521
5.358090841050806
5.448412994243975
5.416012438849129
5.398786544414429
5.350455279622612
5.398066657370534
5.332667463555418
5.480677067848115
5.41115351830577
5.309365705811772
