251.43893659114838
247.68987382691483
242.03236533444505
243.15457857477253
240.77452961740823
239.40542407693533
240.305245670779
238.0730805849207
239.9915952312535
237.1993193831937
237.9421768476223
236.0740239825742
235.72387760672075
236.8810222642175
233.38341431371097
233.39729313192697
236.78982129590264
235.21788951035202
232.5969889163971
234.0325800057115
234.19105514986762
233.58507631564962
232.27338633044013
233.3852903514073
234.4620003494723
232.94334002198843
232.22562103024845
233.2373206286595
233.1273035838686
233.92414297728703
233.2902132683787
233.6829664789397
232.9802331266732
232.65920775923234
230.55635584633927
229.9951741119911
231.72440353755294
232.38234609982064
230.26918854384587
230.57856344354565
232.094180263322
232.21949914406085
230.78170446691843
232.13246944032866
229.80783121339206
231.27976480023614
230.25724390457415
229.45663415974585
231.29925209489363
229.8716623988645
230.702830010447
231.6227388957451
229.55258212829457
229.98301716919602
229.73557650220806
230.6286540524713
230.24784275581098
232.13456254169859
230.5927724016124
230.50689994877783
228.73329937046972
232.36528394140046
231.37615712757767
229.61306382458787
229.83734821040053
230.8458101050607
228.92241473855643
230.48984599113464
227.35496981801657
231.07068922601897
228.00313736652507
230.1303601470487
228.51956326386025
229.9936353913669
228.69890679573192
229.2452874389188
229.7600303066188
229.2681623327321
229.36206826670417
229.86474409596673
226.95655077490312
229.86470204386217
230.179114830905
229.29188174625924
228.40795385837555
228.56786872600688
230.1986371114336
228.91355177040757
226.89945659966304
228.30163052986407
229.0008217548502
228.3219992210125
229.19995574293466
228.9498697231556
228.8473925508302
228.36629050764543
229.02860482807816
228.26009960832266
228.89703783495673
229.05465468867072
229.0565356838292
226.9600992284972
228.67058185462295
228.85313785487207
228.32754164317558
225.774194388554
228.1355142675597
228.45413004940954
229.08146410974962
229.02283773751094
230.01544323871875
226.9067021813886
229.94746014167524
228.8957251269242
227.66162563192432
228.1964889271506
227.86405787385743
227.59250176363977
227.488696020225
227.6878361496432
227.7502900567548
227.7814747423961
227.30497102901853
227.34882575890114
228.03068001516934
227.9224946581084
227.01462227722695
228.22158880069338
225.39523064268047
228.03611984335143
226.49456867267347
226.94039857387543
227.69513371484032
227.5995146036148
229.87759496014695
227.86044169294422
230.5561912059784
228.93333128402972
228.03178354789472
227.23234947385458
227.03591253428624
226.4558690375295
227.2001293650989
228.94748064156235
227.2069455385208
227.89876217677676
225.1721050287115
227.56680723716474
228.45796460118788
228.43756084606565
227.91540902647478
226.75631981471489
226.38323415558915
225.21507210156014
227.0573160031746
226.42198105516104
227.96744662317735
228.17419544170642
224.70949246143473
227.99900532179865
225.26297193560106
227.63092103497735
228.36099542420487
226.53447419610518
226.27097328366904
226.83052449390806
227.2506399031343
225.34438613365435
227.80687772816626
226.46756010631034
226.54107931975662
225.835451931789
227.67462158203125
226.12719365235031
227.83927008201337
227.18669500433165
228.4274714979632
224.29748999250347
225.29593245736484
224.45875225395991
226.86837394073092
224.78002177846844
227.92940434094132
224.95321406578196
226.93123908289547
228.67247644786178
226.12407859851575
227.93396897151553
225.99281773484987
226.5870459737449
227.86099429377194
225.872159267294
228.1913605311821
226.30068429996228
225.0061429780105
226.87734598949038
227.73397101616038
227.4250584429708
227.58687767078138
227.11028197304955
