392.35428104400637
251.34605824947357
206.96233723958332
180.89070356289545
163.5268136024475
152.8287746667862
145.3903233329455
137.15224243799847
133.6529562195142
128.29536415338515
123.44659356276195
121.12826079527537
118.3946576277415
115.87020701567332
112.850556910038
111.83818026781083
108.55211468537648
107.66853371063868
105.52394384940466
103.49526539643605
102.53040477434794
100.94047964016596
101.17700012524922
99.41127503712973
98.32790701786676
98.09182937939961
96.82675267855326
96.01470673084259
95.53734976053238
93.05712623596192
92.66471943855285
91.40177843570709
91.24301189978918
89.25476427475611
89.4135247429212
87.58099118471145
87.51187583208085
88.63327310880025
88.0453945159912
86.33795618613561
85.74193534851074
85.67707733313243
84.77837494015694
85.48798434535662
84.74854975541433
84.0409358938535
82.55070122877757
82.28930309414864
82.17838418483734
82.85109036564828
82.30024999380112
81.43056357304255
81.09820090134939
81.46813742319743
81.28877284526826
80.24024649858475
80.18422314325969
79.6628276348114
80.2455382168293
79.0996652285258
77.91141509612402
78.87587760686874
78.72870404720307
77.35298448999723
77.33513432343801
78.02760380109152
78.05812488794326
77.0261355638504
76.8663972735405
76.53113599220912
75.95789822538694
76.44489889144897
75.04794688224793
75.05498032371203
74.26105173031489
74.47400754094124
74.69927328228951
75.90558679501216
75.0456932067871
74.40782055060069
74.95374606450399
73.72513397336006
74.77613476117452
73.88843350410461
73.13888962864876
73.73201016585033
72.96662116249402
73.36948133905729
72.70369579792023
72.29601981441179
72.15533008376757
72.27552557786306
72.56313341061274
72.47347417672475
71.59924236138662
71.49717301130295
71.19835728009542
71.05993203520775
71.16090095043182
71.20942155122756
71.35798738002777
70.67227136691412
71.41288265188535
71.41770748297374
70.34269309242566
69.35366982420285
70.54506698846816
70.56945623358091
69.59762093623479
69.78793168862661
70.46646008094152
70.6380920569102
69.63757740656534
68.5595562696457
70.67050995826722
69.30069114764531
69.11880246400833
69.19032004276912
68.55218066374461
68.60841640631358
68.29492335319519
68.25954174200693
69.10373694499334
68.14990818500519
68.27015581329664
68.6555185675621
67.60010152856509
67.63815589547157
67.61707686781884
68.10434305866559
68.44897699753443
67.60622309843698
68.34788032372792
68.32795411944389
67.28418656388918
67.36644806861878
67.11732338269552
66.7899998108546
66.75857083002727
66.184295407931
67.26174100041389
67.13964604735375
65.95668991009394
65.45788107713064
65.70457895000776
65.56978456974029
65.64382515350978
66.0985436141491
66.09112758040428
65.04560280442237
65.4733854631583
66.56711786588033
64.28767525752386
65.27304287950197
65.62313333153725
65.74515490929285
65.590950212876
66.26468460162481
66.40269705851873
65.74356729785602
66.34666898647944
65.36133445501328
64.84681250055631
65.33432139158249
64.81600611209869
65.77604013284048
64.61642059087754
65.1715848406156
64.22042670845985
65.0389513850212
63.636857124169666
63.97013377348582
64.65275821288427
64.56256546378135
63.293616811434426
63.773118998606996
64.71806354125341
63.687901365756986
63.63260709246
63.474285225073494
63.71672497391701
62.603705910841626
63.361241686344144
63.69875761071841
62.80335601568222
63.14444127480189
63.53415037790934
63.91208299597104
63.620884561538695
62.35656840999921
63.22172395586968
63.00188194910685
62.95435500741005
63.207198880116145
62.529686192671456
61.905154504378636
63.72442293564479
62.03425038258235
62.581866310040155
62.30894437829654
