59.25755354196861
23.739784595267526
12.075814235827018
4.769822037168618
1.0641060129835689
-3.4763812284017432
-6.286966761124545
-8.42533947270492
-9.969628981989006
-12.435388030677005
-14.142958459669146
-14.906797956289916
-16.854629061345396
-17.065679411949784
-18.50148233051958
-18.571715346698102
-19.021679497998335
-19.773386833996607
-20.968199790551743
-21.11051036263334
-22.090343022140964
-22.937486216939728
-23.147228887368893
-23.29318889667248
-24.015539730417316
-24.28091923224515
-24.261910876323437
-25.280861537004338
-24.95607584817656
-25.807465680714312
-24.995011364591534
-26.497508383002774
-26.61112611560986
-26.39944933406238
-26.73194464116261
-27.521325659135293
-27.528184759205786
-28.234814482516256
-27.503295268478066
-27.99541216677633
-28.505316845301923
-28.86181998355635
-28.700380953221487
-29.303420721456924
-29.30334061384201
-28.997930712740995
-29.720481822202945
-29.835382294038247
-30.323158803684958
-29.999078295354185
-30.328177974141877
-30.650885168848365
-31.512042397055133
-30.764177336775024
-30.789647926544323
-31.6525460533027
-30.846986786044877
-31.961761091289848
-32.05144158108481
-31.333570366275723
-31.451373073561438
-31.673549061191494
-32.022889317109666
-32.281019497534324
-32.961023469423424
-31.89708173788827
-32.44191797848406
-32.981375924472154
-33.074442572634794
-32.9275777226892
-32.93503784927829
-33.08729784550338
-32.96461997155485
-33.48658400054636
-33.59504449984123
-33.218397504296796
-33.647192426796614
-33.63760435375674
-33.546979305045355
-33.91729609514105
-34.64681329809386
-33.74001314208425
-33.62318870836291
-34.19635387227453
-34.35389529836589
-33.8201056667443
-34.819128692150116
-34.466294282469256
-35.22869067664804
-35.88735658341441
-34.581395828518374
-35.19775048001059
-35.163371088175936
-35.0061693170975
-35.02996020995337
-34.895656310278795
-34.72717755827411
-35.15108770440365
-34.588635975944584
-35.391246178026854
-35.63754950823455
-36.17634012370274
-35.096268130787486
-35.29619527068631
-36.14454009923442
-35.52912393828918
-35.5621925150526
-35.262073317478446
-35.9594947212729
-35.75725680384143
-36.30628219246864
-36.43696250689441
-36.370097529271554
-36.3690169176151
-35.982834010288634
-36.24148092495984
-36.90444993870012
-36.29422934713035
-36.33008256451837
-36.5120386727925
-36.05498597950771
-37.01956634583144
-36.396820514366546
-36.864777655437074
-36.78647725849316
-36.950902828882484
-37.358220459058366
-37.02694426939405
-36.86704758734539
-36.81300627979739
-36.16363915492748
-36.67975723743439
-37.26201829314232
-37.4654634512704
-37.258927238398584
-37.41041409147197
-37.13143685768391
-37.8015584113269
-38.2231648523232
-37.76394809628355
-37.308348744079986
-37.8848235463274
-37.633535349163516
-37.685467327463215
-37.94530037045479
-38.20702696360391
-37.84245080269616
-37.830430724497496
-37.76240469258407
-38.07969460302386
-37.85306652763794
-37.317850618526855
-37.370497244185415
-37.17364839438734
-37.566487505518154
-37.802110191049245
-37.92892968962933
-38.28465943706447
-38.74947335699509
-38.21179574214179
-38.47932639923589
-38.87581394458639
-38.29734179480322
-37.196886434637264
-37.526191383600235
-37.79373827679404
-37.65892052239385
-38.695823827694205
-38.99175364601201
-38.621437721211336
-38.352464422069744
-38.956393156586024
-39.32295009596594
-38.87916095914512
-38.9828854727334
-38.57515363652131
-38.443728777869
-38.33535289661638
-38.97498256481927
-38.95884731103634
-38.77679596276119
-38.823872872467696
-38.86309526603797
-39.090227921461235
-38.803661499557826
-38.18548921367218
-38.75185625820324
-38.981467131910655
-39.146572582680605
-39.61139538267563
-39.00635085743049
-39.25482665567562
-39.448409919081065
-39.30190267747846
-39.113878827670526
-39.416909958781865
-39.528842620808504
-39.594616969083916
-39.8327607574134
-39.55017438941989
