-35.91693750229375
-51.0477138716599
-52.79765176259238
-53.73559958359291
-54.83862646386541
-55.467792708298255
-56.00922902801941
-56.54817442339042
-56.960892644421804
-57.399734380944025
-57.90911345440766
-58.04197416737162
-58.276082536269875
-58.190002667492834
-58.26350527796252
-58.496305412259595
-58.7933298729617
-58.545593413813364
-58.263711438096806
-58.645165860652924
-58.70050045745126
-58.45587909632716
-58.203847448373665
-58.507148874217066
-58.71273510826045
-58.96434380576528
-59.10365962365578
-58.90550833734973
-58.70836456890764
-59.118903400569124
-59.36081229921045
-59.271697228324825
-59.0435604021467
-59.039695737690764
-59.17426522949646
-59.36091382544616
-59.64688829306898
-59.79798433698457
-59.986060708761215
-60.47987349485529
-60.19578327598243
-60.020934098753436
-60.13225184226858
-60.45781201329724
-60.62402160106034
-60.579840586103245
-60.50671469548653
-60.406029466925
-60.81998844393368
-60.70289700606774
-60.97126240668626
-60.96797067851856
-60.98225549480011
-61.02200374315525
-60.94121829189103
-61.284652020396855
-61.48927779136033
-61.281559643046606
-61.49194065147433
-61.464997049035695
-61.39821552613686
-61.552388213831804
-61.42461289002978
-61.4672039264235
-61.298173917778605
-61.512328425358085
-61.55008778695402
-61.450601003293336
-61.351862713180736
-61.50904200919743
-61.559095226485155
-61.86787931672458
-61.8508148357786
-61.78417390790479
-61.83823101273899
-61.824806877251326
-61.720432509636055
-61.73685269211901
-61.66742991476223
-61.54655512242481
-61.485418229267516
-61.809037666896295
-61.929523642720845
-61.872071058585725
-62.06402848815096
-61.830726202191975
-61.90711099525978
-61.89186378388569
-61.86726969069448
-61.81413913184199
-62.003206614790294
-61.99645717185119
-61.84376069800607
-61.879244796161
-62.028889334407346
-61.86026748706554
-61.480079985898115
-61.62912621374788
-61.73409293232293
-61.86078904003933
-62.02400850633095
-61.9782556048755
-62.02357069993841
-61.69407030837289
-61.949015878397844
-61.956030205405995
-61.99020653757556
-62.04837545238692
-62.034013698840965
-61.981789280628334
-62.01069508749863
-62.03842663353887
-62.18739056381686
-62.0004805778635
-62.003510508044016
-62.014733245660516
-62.04982063174248
-61.88766155880073
-62.05550676173177
-62.060112711684454
-62.12342548473128
-62.27537375894086
-62.14120046023665
-62.03230927113829
-62.1408778655118
-62.145307217178676
-62.08497941802288
-62.14238769432594
-62.26097499296583
-62.30676606605793
-62.28149782378098
-62.307561364667166
-62.163863831552966
-62.1636588141836
-62.11205900332023
-62.013448306198775
-62.13117154096735
-62.008252992712215
-61.996933615413205
-61.99186558764556
-62.120394094236964
-62.185847120038396
-62.177574414631415
-62.30272182205628
-62.316563351400966
-62.29360149646627
-62.27293149150651
-62.20576255691463
-62.244036695052834
-62.30020208810938
-62.269407280560195
-62.21284811044561
-62.1878159231153
-62.309207130095054
-62.2035508238036
-62.195107571009935
-62.22794189329805
-62.242273559858056
-62.25019865405971
-62.25442579696919
-62.0700555525977
-62.18387312724673
-62.322299136170024
-62.1794775786071
-62.220787397746385
-62.062356456600384
-62.04139473726009
-62.098718507536525
-62.12949616744601
-62.111091083493726
-62.1383745475062
-62.18864526214271
-62.21159694934713
-62.27465044629985
-62.31588906460795
-62.38401427556728
-62.295760643893274
-62.35378446661193
-62.298506707980714
-62.391633500312935
-62.52810269902493
-62.50731765401775
-62.56215461780285
-62.549619951124846
-62.63126390761342
-62.607293079639305
-62.58149904423747
-62.58854634597384
-62.572574743936805
-62.57051439634685
-62.51608158802164
-62.46478090101275
-62.4544506196318
-62.42142103561039
-62.41843671737046
-62.41322620367182
-62.52512314915657
-62.52327528698691
-62.55713333446404
-62.619551105745906
