3531.029369354248
2215.0298623402914
1897.5079432169596
1686.2977935155234
1564.4234152475992
1436.7646709442138
1358.9175380706788
1270.3478956222534
1189.3164045333863
1134.8212849934896
1101.694190597534
1063.6642701466878
1012.8226356188457
957.6416046778361
920.3487591425578
887.3601026852925
873.5011511802674
845.117578347524
819.3714861710866
781.9311682383219
774.6871042251587
763.8695403258006
746.349262714386
722.6913934707642
701.9765232721965
680.4656112829845
663.6505265394846
662.6966327667236
634.8747508684794
626.1333512147268
610.4232260227203
605.4703247388204
591.1729970932007
584.8323204835256
582.6518281618754
572.1144897143046
562.916463581721
556.1956344286601
549.4039926528931
537.883618291219
535.3591582934062
522.7227633158366
525.0313764890035
522.4454220771789
512.9635530153911
508.5441205024719
503.38359734217323
497.6057270685832
489.07015663782755
492.1235790729523
483.2249481678009
481.4834439277649
487.69925878842673
479.8701846599579
472.2384632110596
465.26937384605407
460.2753782272339
453.0658304532369
447.74435634613036
444.9937855084737
444.0330840746562
436.65575421651204
432.2649810155233
433.2157440662384
424.6037109692891
423.81696996688845
418.9405331929525
413.96199226379395
411.5046475251516
408.5267182985942
404.6192404905955
403.62094151178997
394.5487953027089
395.45103578567506
398.1863902409871
399.5380549430847
396.64053359031675
387.547568321228
383.73249231974285
387.0318784713745
380.7539900461833
384.7212859471639
383.6672804514567
383.9179616928101
382.81000113487244
378.4899064381917
369.4100821654002
369.6160425980886
368.4822076956431
362.6049711227417
370.63464635213217
362.67874356905617
362.3889621734619
358.611128950119
357.52016096115113
359.2328366359075
355.0546356121699
352.57714374860126
350.6308372179667
349.0110584974289
346.776318248113
348.0116086959839
345.7976695140203
343.2825182835261
336.605677262942
337.89989267985027
371.46051080226897
370.4260119438171
359.1290652990341
352.88438031673434
348.9607768058777
345.729697227478
342.483381708463
333.3090427001317
337.23640864690145
337.8700094381968
333.11018719673154
328.79306824207305
325.2842278162638
325.0504417022069
327.18295141855873
328.2194240411123
324.76986792882286
323.49503446420033
319.95067817370096
321.66888739267984
319.0610312461853
317.444682653745
318.9005133072535
312.77043216228486
312.35136721928916
309.8962247848511
308.43094538847606
308.46787271499636
309.71758443514506
307.8412399609884
304.2416646639506
308.73120557467143
298.8648623307546
299.6750415881475
300.22323577404023
300.15583050251007
298.2240349451701
297.4834540049235
294.3440564711889
293.93835334777833
295.3724584420522
295.833123254776
293.0878360748291
296.67860398292544
289.6866247733434
289.7608541806539
287.01822560628256
284.80609816710154
284.63007718722025
281.4635389328003
285.4687651395798
282.91371669769285
283.34867153167727
279.12362035910286
281.7839580535889
276.0146823326747
273.7565591494242
271.1831699371338
274.24248802661896
270.4715904076894
269.67914742628733
268.10451078414917
267.64252179463705
265.90566849708557
267.1409860134125
266.1352394183477
262.7008059581121
268.5438000361125
266.5549523830414
262.5283417145411
267.0592555363973
264.2921171267827
259.72017504374185
260.63140788078306
259.9465845743815
261.983704773585
264.3316721916199
259.3788041671117
258.9887392044067
256.1810192108154
256.4695704460144
257.7904321273168
253.96419227917988
254.9922832330068
253.4704405705134
248.5979423125585
249.33396855195363
250.80006184577942
249.42388167381287
247.58892835776012
249.11538139184316
246.12288438479106
247.10633312861125
244.51705530484517
