90.89534799703236
68.33614567230488
59.02696335212938
51.77825180312683
44.161922409102836
43.00168612599373
38.05135539533763
37.7567972689867
35.677003619999724
33.607163875267425
31.6571011777068
30.475330977861223
29.14476962079262
29.31875679641962
29.879844668353424
28.11710930795505
26.593661631232706
25.539202943187334
24.497846189500958
25.79666380353015
24.347326005584208
24.786007785077754
23.132784237892462
22.380380814188513
23.249061176232225
20.413980445985136
20.240653273745856
21.350014593580674
19.820845095376516
19.888289995491505
20.33245177220168
19.427289255991063
18.86499002010658
18.768435397153272
17.83426882108224
17.944680098893826
17.28337690471832
17.81618306323372
18.614923551164825
18.1053893421054
17.06997241683561
16.89181386962019
16.065127315963135
17.116400173126625
16.12780661495595
14.701328431224
16.092138972326087
13.883578141316258
14.210349410386948
14.179101005838863
14.084201391318668
14.374779256510324
15.414503713106287
13.8178214170681
13.780893367040774
13.93919828033139
14.129714045139703
14.249929383782478
13.319189745162067
13.764147022032532
12.644689694175433
12.839756796072269
12.934673587791622
12.768925438667166
11.811584064672733
12.05918825340682
10.921657872964339
11.308151990175247
10.735630386412657
10.998129251316703
11.116279277886296
10.029552771356599
10.98685847967863
9.533279952304117
9.686762526856157
9.932761019545383
10.90353927141505
10.512549778510785
9.486902088954531
8.19710773743432
9.270996449579453
9.357357986913673
8.466479108508292
9.63422265481846
8.887157150271252
8.039997775139737
9.068622476710328
8.964456689287106
10.414733815681318
9.578641203713827
8.244240370803865
7.265255046944166
8.490193013101816
10.16770739403778
7.5299461712611135
7.836705062345698
7.371916189275939
8.03988012260404
7.634508700463279
6.688006449350285
7.364282600581646
6.3851186015867984
7.2807288051679215
6.128303990538778
6.201777225552962
6.915360306614432
5.76316801098914
5.850956471572662
6.002636005266987
5.187830002400382
5.846199689497208
6.023197639091261
5.165044467896223
3.6191369194922776
4.920034733825717
5.062350613546783
4.458086949997935
3.756487791394365
3.9510879181325436
3.1113825561157586
3.832503520723047
5.897983822200833
2.8901165420639106
3.606769900190933
5.318034306168556
4.80867378503598
3.840444867467058
3.4325742752387605
4.712351904989316
3.1954692772364823
3.6992634491159997
1.5119584164228932
2.8433929049763185
4.775885736377075
2.614807224993048
2.7296795148787827
3.1042978709627844
3.9643480906198763
2.6146418608981987
1.9688711053338543
3.4540192680112245
4.07140060446771
1.0663957300371136
1.9187959049796235
3.3437525316559036
2.1718083306633194
1.4509326301772019
2.4901668146766465
1.7479918850906964
1.4877203985534866
2.193385110846881
2.5827329524889073
2.304003843973423
1.956745420550478
1.8521591671581925
1.3758147593651866
1.6420100863123763
1.4700872227549553
0.2754660438874672
0.797265689691593
0.20730867442385903
1.7603849231682975
0.2452815550154653
0.4060691798041607
0.4218695477165025
0.024554399066957933
-0.5352092706437769
0.4249032671595442
0.5667794228627764
1.2894976370293518
0.2648931623532854
-0.05285960256025709
-1.1032320754281406
-1.1956368769551147
-0.36939538347310036
0.19946532722177177
0.4533854476336775
0.9501354452864877
-0.6990204360978357
0.9711877318291828
-0.4389838311692764
0.3160205766044814
-0.988954835924609
-1.3022084665195695
-0.46140812286015215
0.25543926913162757
0.6102576723386501
-0.7915217092838781
-1.8848068893983447
-2.227931749461026
-1.5093981840744102
-0.8569429493669806
-0.8308820631997339
-0.11563428979495476
-1.6580427962130513
-1.572549892653679
-0.499111856366026
-1.3845015959493046
-3.189994756003906
-1.7863584392029663
