1140.7307582378387
949.5340076764425
847.2100002447764
802.6181012153626
748.8024357318878
708.8127437909444
675.3886337439219
652.1565219799678
629.4656915664673
616.3225027561188
595.0515476465225
584.5387795766195
566.7523878177007
553.9885427474976
549.3328829924266
534.0300332228343
522.9274912277857
505.47583328882854
494.4897820234299
479.20015410582226
468.8963937044144
454.2705347776413
439.4279398361842
427.91979093551635
425.24168879588444
415.0625728726387
404.08186922073367
397.5083278735479
387.9044223666191
383.5574909289678
375.68428300619127
368.6087086478869
359.98098139365516
355.4146063486735
346.19355803728104
341.57705439329146
337.5531345685323
327.9161879519622
324.58193918466566
321.9505705177784
313.91571600238484
310.2058698058128
304.5899998386701
302.36693982283276
298.7157220919927
295.9008741021156
292.4711989442507
292.3185333152612
286.13800010879834
282.6541353702545
281.7771213153998
276.4832002699375
274.46430291235447
270.7737077027559
271.28795679907006
266.34553835093976
262.99170177578924
257.7565166682005
257.067041255037
254.448155199488
251.80974914530913
250.60805497070155
248.58824517627556
247.02174470722676
245.77095648547012
245.25541160851716
243.08366811722516
245.04281921188036
240.9847566400965
238.46592247486115
238.33760352085034
235.5908314794302
233.80303740551074
230.94056017597515
230.8284407245616
227.94156887034575
227.1136575480302
225.89860491678118
224.99762394304076
224.0438682752351
222.61367122386582
222.43611265147726
221.6078086371223
221.43724306281655
219.8583105163028
217.69364412636497
217.09656192859015
216.15304334585866
214.64036919716744
213.44274367267886
212.31262367516757
212.8967943254858
211.52351138529679
211.13111797173818
210.46158684939147
209.4675282475849
208.99939700750014
207.53582816049456
206.21782494957247
205.62001864860454
205.76882875263692
204.84273171027502
203.44868954221408
203.35296222517889
202.95346864114205
201.34444811195135
200.40974161277214
200.3271666911741
199.74441592345636
199.24463852494955
198.08745246976613
198.43846515268086
198.58886473675568
197.67395007709663
196.50038526604573
197.2274796684583
196.60182460347812
202.3198645000579
209.37952481607596
201.06710295577844
198.11813018769027
196.65693214635056
195.14600568413735
194.1470573330919
192.9419703900814
191.6913238187631
192.32448761810858
191.6215365399917
189.95375141402084
189.4020372663935
188.77038647433122
188.37432872255644
188.3637808347742
187.5032709017396
186.98734973967075
186.42758381615081
186.3985930353403
186.68033576508364
186.3944199969371
185.8243265658617
185.12857917447886
184.36113239924114
184.07097568015257
183.61412282089393
182.9166987856229
183.51505613227684
184.41345576842625
183.19856694340706
183.95973300834495
184.39990167717139
183.98525777359802
182.13915568391482
181.70053275922933
181.11348472932974
181.19063669641812
180.69915715257326
180.1426262597243
180.17264919976392
180.2253551999728
179.3335052549839
179.33413040439288
178.38177546461424
178.4939270178477
178.46796485881012
177.9571691075961
177.70317576527594
178.09056507349015
177.51555596689383
176.72907922963302
176.8824986855189
176.01579352617264
176.22323897282283
176.5675584246715
177.42691144247848
177.15049448808034
176.82898107767105
176.72540158629417
175.89153867661952
175.09641169210275
174.90022490719954
174.41780962646007
173.85742042859394
173.8362691273292
173.3250990162293
173.46983357767263
173.41290005942184
173.4509784400463
173.01106923619906
173.1150146573782
173.12760652502377
172.8249181797107
172.56406823595364
172.25552149116993
171.96761680642763
171.6432165404161
171.7642587731282
171.94098097185295
171.28121598561606
171.0380503197511
170.8673904856046
