185.88407220840455
116.73062315781911
104.68579901854197
94.91258793274561
95.15005311568578
90.3878895799319
84.87126072645188
84.05936382214229
79.87176117499669
76.78942274053891
76.07506286501885
71.9522187868754
68.75620459715525
68.80557419459025
65.27060650984446
65.83390947381655
63.022966877619425
64.73476784030596
64.30211388667425
60.298484500249224
58.10654687484105
57.16622132062912
56.53075163761775
55.28210088809331
54.74533230463664
54.585228486855826
52.82140325109164
52.07964405914148
51.128489504257836
49.47088687419891
48.27384873231252
49.358050053318344
47.83029070297877
47.979693134625755
47.77851512531439
46.82764250636101
44.141586136817935
46.21286937395732
44.29862044850985
44.9149658759435
44.27117065091928
44.081847514708834
41.88526361783345
44.57940180102984
43.59073887169361
43.57586192886035
42.84800281325976
42.876060364643735
42.29460200866063
40.562126318613686
41.338358912865324
41.23762590587139
43.57011540134748
41.57516036629677
41.53901370167732
39.75693805913131
41.245440591375036
40.384274393320084
41.303269533316296
40.81707860628764
39.003217746814094
39.663667212923365
40.42450247903665
40.096183678507806
40.07911362548669
39.698539757728575
39.40727102160454
39.244924595952035
40.52361833850543
39.29088617364565
38.892484862605734
39.01521577338378
38.02172472874324
38.32846593360106
37.26927058001359
36.80124096870422
36.5153303484122
36.193261846899986
37.46471316814423
37.24977323114872
36.078240868449214
36.46559818585714
37.012544735272726
36.32742742300034
36.57281555533409
36.59296747545401
36.42098452051481
35.7136719395717
35.65328765908877
35.4977660348018
35.56590555012226
34.84018105864525
35.518876657883325
35.02445709307988
34.09378767212232
35.18492012619972
35.428654088576636
34.727315440773964
34.56252526044845
34.69346040089925
34.30922131240368
34.66885453065236
35.09934435784817
35.367457893490794
35.31220794121425
34.03516454001268
35.08215655684471
34.45492412646612
33.81133882204691
33.00621706048648
33.86947306195895
33.106422072649
32.78798420627912
34.19929148654143
35.61467503011227
34.14373863935471
33.98571772575379
32.94185399214427
33.26291786233584
33.8031157096227
33.38673905829589
33.15444836715857
34.536235918601356
33.06820943156878
32.49078778723876
32.17703274488449
33.30345124900341
32.14596648216248
33.264109921455386
31.318566656112672
32.66749509871006
32.19472362498443
32.20969182252884
32.66006404558818
32.58392684459686
32.742773016293846
31.702554334203402
32.60031323730946
32.322683369119964
32.33938300410907
31.84519580801328
32.40481667717298
32.927812004089354
32.675408176581065
31.81184775431951
32.076175570487976
32.51893169283867
31.913809273640315
32.85987040201823
32.18120877345403
31.607888795932134
31.468172064423563
31.364903678496677
31.674141694108645
32.15013665954272
31.75522799094518
31.350902278224627
31.217401053508123
31.685628354549408
31.793222347895306
30.640961282451947
31.161443984508516
29.77823376854261
30.769592894117036
31.002493265271188
32.01741400559743
30.924177350600562
30.2547439823548
31.09526395201683
32.32026815613111
30.57569128672282
31.176999576886494
31.01879442135493
30.5730550100406
30.422701799869536
30.84470314880212
30.511860004067422
30.990626898407935
30.025231027603148
30.7467555920283
29.7724432349205
31.17421264151732
30.02098400592804
29.474627351760866
30.77565163373947
29.862898939847945
30.239230440060297
29.70033822953701
30.66038176616033
30.05550782978535
30.23906296491623
29.629119246204695
29.62396413187186
30.75475089351336
29.08911152978738
30.95769137342771
30.069244237740836
29.500518176952998
29.53860515356064
29.72742681701978
