182.91811659534773
69.15564726193746
56.900063916047415
49.869937759637835
46.13237046599388
43.726120658715566
40.13484770655632
39.508115365107855
35.80808150966962
35.48686195909977
33.169497413436574
32.192409085234004
31.39848296145598
31.259273141622543
29.788755204280218
30.084169405698777
28.854357921083768
27.845297053456306
27.166041831175487
26.130632555484773
25.962229743103187
25.731549555063246
25.14108193765084
24.46293507218361
24.560302128394444
24.073047893246017
22.858774425586066
22.179261339704194
22.429831755161285
21.706093243757884
20.580158108472823
20.88461657365163
19.39364287952582
19.29500642220179
19.761334389448166
19.352718393007915
19.161317571004233
18.637984175483385
18.402685613930224
17.84796172976494
17.53790037930012
17.162037964661916
17.33475101341804
17.0210816125075
17.095407930016517
16.74960928459962
16.487314944465954
16.481071146329246
16.142299114664397
15.529737254977226
15.672747802734374
15.436803584297499
15.181965081890423
14.894475098947684
14.505982187390327
14.61236382847031
14.278107515970866
14.299685929218928
14.514354776094358
14.563342459003131
13.98635668332378
14.367900436619918
13.933202431102593
13.791240456700326
13.592772589623928
14.32552578896284
13.769138483206431
13.580955549081166
13.9364315589269
13.65791199405988
13.0621232089897
13.32809299826622
13.437330166995526
13.481437255938848
13.485753005494674
13.15189720094204
13.37081285690268
13.270748161276181
13.135956218590339
12.697807856152455
12.989714684834082
12.932714809974035
12.365086376170318
12.403417083372672
12.532994756599267
12.628893266618253
12.049189788351457
12.367543784280619
12.17069066191713
11.856278684983652
12.065541951855023
12.112032991151015
11.6938883078595
11.246631789455812
11.293007061630487
11.328242352356513
11.41505376721422
11.399719479183355
10.774103361864885
10.988516257703305
10.842290583004553
10.66022105043133
10.521189705282449
10.590335928897064
10.352619512875874
10.422959470748902
10.910823072493077
10.598176444073518
10.633074688911439
10.617833930502336
10.603413147727649
10.775621502349773
10.578541878859202
10.641205967466037
10.121765104681254
10.527435810367267
10.847981038192907
10.411190288513898
10.191182065755129
10.018713154892128
10.36913270552953
10.339989894628525
10.183560517927011
10.149136668940384
9.939863993724186
10.317919047176838
9.711701534191768
10.054101395110289
9.785656051834424
9.953484087685744
10.253902537624041
9.761769099285205
9.913170813272396
9.788517416020234
9.624112544208765
9.70784985224406
9.545669653763374
9.596080159395934
9.77937645961841
9.632266413172086
9.415447605401278
9.38132285575072
9.32757147376736
9.123624533663193
8.910194933911164
9.140847321103017
9.149634060263633
8.92955800096194
8.922629459698994
8.811761623372634
8.776330263415973
8.41349992081523
8.605566013852755
8.162173936019341
8.671495319406192
8.431199493507544
8.370684417585531
8.473873934398094
8.128551554183165
7.989075816671053
8.073723341524602
8.321360612908999
8.214718835055828
8.15653718734781
8.319325278947751
8.020987869054078
7.882836782063047
7.983783752222856
7.89171812882026
8.077569667249918
7.994575178374847
7.9228370850284895
7.458434058229129
7.910747765749693
7.703620194395383
7.963406479607026
7.9066294699907305
7.633488620569309
7.865911091864109
7.848015175511439
7.6365050291021666
7.351257019738356
7.282747599730889
7.530449535449346
7.239452843616406
7.133406162261963
7.28761212627093
7.289466661959887
7.378101104994615
7.222291629513105
7.168368059396744
7.10275913849473
7.020367431640625
7.031050082171957
7.026215187460184
7.239041961232821
6.989056375126044
7.189538838714361
7.087856229146322
7.012922159334024
