453.7406204404502
333.69743583942284
301.6390953310605
279.2809034544846
264.0229638691606
252.95236335951705
242.54392826146093
234.3582860519146
227.00805694481423
221.43134471465802
216.34480855793788
212.7237826791303
207.8373098620053
204.9947785837897
201.60689437389374
197.61906205374618
195.41848820242387
192.593017565793
190.12177755914885
188.00886129510815
186.46519271669717
186.54055965357813
182.29979855849825
181.05261416270815
178.39246365119672
176.81551944798437
176.83818185740503
175.76067224042168
174.87734843122547
173.47011005878448
171.77467917573864
172.00734835246513
170.4378880632335
169.78433129294166
168.96673625091026
167.2091838285841
166.47022269100978
165.74996535531406
166.1517286218446
163.84221780711206
164.49491232428056
164.67364526617115
163.45188283920288
162.48754198797818
162.43267626597964
162.01407492571863
161.58894738246656
160.37955388118482
159.54546225070953
159.58836845282852
159.33497287898228
158.46005571299585
157.36612063029716
157.79603769450353
156.18928721855426
155.61579562466721
155.65792570854055
154.95539469965573
155.03443364850406
154.8879840826166
153.84729112838878
153.43599147221138
153.08446602985777
153.59225369321888
152.8942994742558
152.8959226896023
152.2028443813324
152.353503864387
152.18836089660383
151.82077413180778
151.7798117481429
150.6230802371584
150.8399593090189
150.63534703336913
149.64948177337646
149.28426022365176
149.48755807301094
148.5659705523787
147.81618469336937
148.11348100366263
147.99728011673895
148.06873948820706
148.00271557939465
148.5064469452562
147.25868520243415
146.5519039055397
146.93460642880407
146.2364128786942
146.72949374544208
145.75340911437726
146.24380224737627
146.0806540127458
145.54661266557102
145.8474841117859
145.50757983224145
144.9366811020621
145.56214238035267
144.21988612207872
144.21322171030374
143.68039464539495
143.8537468828004
143.90249052952075
144.17001050916213
143.35036672805919
143.42553068851603
143.0848130892063
143.42891558285416
141.68725902047652
142.24309762592972
142.13663895376797
142.55057223500876
142.29374827187638
141.07302824382126
141.45198922321714
141.78048925975273
140.89572250843048
141.1686327087468
141.36485232978032
140.89618091747678
140.6845290208685
140.4268094506757
140.02088052650979
139.63429859588885
140.26446739558517
140.50456136259538
140.7243912384428
140.01043238722045
139.55480132842885
139.5326093723034
138.38009216456578
138.94885883249086
138.4104458710243
139.17303757009836
138.44353404538384
138.36441703500418
138.09892883382994
138.36162877082825
137.90942349927178
137.5878865431095
136.97722809479154
137.8755125835024
137.10109642456317
138.42214348809472
137.90431490437737
138.18536126613617
137.86733769959417
138.0662786344002
137.3845253072936
137.2171579064994
137.04467150260663
138.2409529110481
137.43817584267978
136.90032485435748
137.5218442267385
137.32257287666715
136.12338480456123
135.78581469223417
135.91320842298967
135.50961899757385
135.4076896207086
135.57517422067707
135.47255003863367
135.95847211624013
136.63950895029922
135.18314182347265
135.41315089834148
135.78557808234774
135.49325924906236
135.00116563665455
135.05024643602042
135.71694249120253
134.87384669945158
134.58143521177357
134.3369710075444
134.76465528175748
134.67664837426153
134.96388112265487
134.25525961251094
134.2481363107418
134.04098349604112
133.81680877044283
134.13013233809636
134.03576551223622
133.5137319605926
134.39641522539074
133.84291264517555
133.64166714405192
132.77412858502618
132.82207389535574
133.066978869767
132.45425006438947
133.2192197257075
132.53063824670068
133.00971674919128
133.08789935194213
132.730546766314
132.43260735478896
133.0428354000223
132.52365092573496
132.19994402753895
