193.0107783490214
132.14657558449383
106.03130635721931
90.1606616788897
79.50666550726726
70.18619683693196
62.67845399112537
56.14255029374156
48.63333434894167
42.831248992989806
36.57038192656533
31.302209431241298
27.447362033971423
23.53052285570523
19.96124343651122
17.10602709464729
14.852868903685232
11.20313521036236
9.684737715035164
6.460568320327278
4.515281101496055
3.610394411302846
0.4338143403673994
0.07599428501622431
-2.713213254151673
-3.567713094682529
-5.451200053609651
-6.634859662631462
-7.2221302924485045
-8.341702195077106
-9.327762860162505
-10.118208178672297
-10.623033496840247
-11.533437866589118
-12.19454923117983
-13.402055306167439
-13.545152950389632
-14.813534427305747
-15.478133761163416
-15.096868190272101
-15.812704900215412
-16.35423342112837
-17.34982528152137
-17.78041767971269
-18.61713652364139
-19.585941546949847
-19.70497522991279
-19.865423516980535
-20.89363242223345
-20.719976532048193
-21.42032971875421
-22.376754238687713
-22.204445638533297
-22.655555252371162
-23.53397205369226
-23.067909066019386
-23.986238191867695
-23.779660526020773
-24.953922858525967
-24.782563735698833
-24.775268935951694
-25.596135875274395
-25.647079518129086
-25.935122203210305
-26.306345683747324
-26.73332942354268
-27.32347311028119
-27.6525224519187
-28.054527055600595
-28.307153303047706
-28.35629130540223
-29.62819938104728
-29.377664169360852
-29.905355297285936
-30.045746684074402
-30.39824677233038
-30.958754035933264
-30.67787846511808
-30.888693347059448
-31.224277034915726
-31.187790153355433
-31.704210870224856
-31.760519351424843
-31.929647273030774
-32.084234317828866
-32.35629803558876
-32.3353686322426
-32.32933655586736
-32.677783547804275
-33.106658572780674
-33.3747494272117
-33.74329937429264
-33.92629608100858
-33.7469195713257
-32.983007300516654
-33.859384897454035
-33.98502288707371
-34.080330441738
-34.24792684357742
-34.70350781802473
-34.768004133783535
-34.66110129191958
-34.84251192931471
-35.35028856581655
-35.470751208478006
-35.04233276638492
-35.70605009074869
-35.89978895618998
-36.21748621607649
-36.09773944061378
-36.2266796590953
-36.65893395296459
-36.52798376001161
-36.47549742974084
-36.592597126960754
-36.77310208513819
-37.12749962046229
-37.28526590918673
-36.94089952214011
-36.81004551669647
-37.23180440787611
-37.03228257750643
-37.276229830651445
-37.56154219857578
-37.700610212210954
-37.73972501117608
-37.92037136184758
-38.095451788655645
-37.80409471844805
-38.2166775177265
-37.994727394704164
-38.111392195882466
-37.61420428547366
-38.2371529340744
-38.422525580587056
-38.40044387969478
-38.40428499620536
-38.488763008652064
-38.610904416133614
-38.635069442206415
-39.21997099600989
-39.08090660695372
-39.098762666356976
-39.32279368412906
-39.48593195861783
-39.09600358687598
-39.31079978778445
-39.17854813255113
-39.252344487042265
-39.38342887368695
-39.48133697386446
-39.53886471226298
-39.56673242203121
-39.577562705196186
-39.52451940446064
-39.740300453942396
-39.92953785226263
-40.030007464104685
-39.82868561662477
-39.63165339416471
-40.054592023635735
-40.28555710870644
-39.61060066675318
-40.079091158406484
-40.411338775322356
-40.43196086842438
-40.50971929472068
-40.705441086456695
-40.62970319801364
-40.40178934150729
-40.62888833983191
-40.88626722015184
-41.096402073728626
-41.202918331170906
-41.0981219236193
-41.26230299986642
-40.84736867403162
-40.81236921507737
-41.05822229077076
-40.77870873541668
-40.7371784284197
-40.580726510491864
-41.11108136690896
-40.945707938794435
-41.19467843709321
-41.290260551304655
-41.532793400616484
-41.63239207452741
-41.5144316235493
-41.747764900840565
-41.745220862585924
-41.823803426890535
-41.60626011573035
-41.721844677267406
-41.97036809962371
-41.93685864271789
-41.90461530562105
-41.99570634652828
-42.02731400111626
-42.37369861787763
