-20.349100501372895
-24.917875153237375
-25.1033231256337
-26.03612713772675
-26.10683123613226
-26.087239518761635
-25.97441745420982
-25.227578038285518
-24.588823431524737
-26.79604223010869
-25.811800848821115
-26.3857031623865
-25.523983928663977
-25.568683217311726
-26.60686023173661
-25.24244618004766
-25.589470527295408
-26.43576817676939
-26.223986370810145
-26.121475640042075
-25.162856130764403
-24.481382509757733
-25.473138376556594
-25.039139064221548
-24.521970794118683
-25.745745646542517
-26.22675477584888
-25.275365283776974
-25.125260032456495
-25.37827419412547
-25.71297127676421
-25.712716162204742
-25.48155268512923
-26.154230707678302
-25.19178797253247
-25.38479542937772
-25.87394408008148
-24.791255671916336
-25.780242782214593
-25.91281937011357
-25.725773212210886
-25.71620399890275
-25.761622732569432
-24.935428426697335
-24.8757512995909
-25.425720939862316
-25.499082864358506
-24.98534214599379
-25.52900194299632
-25.388529536025278
-24.873276148376792
-25.516203412721897
-24.997864247396073
-25.95839261700367
-25.29455255794114
-26.03022319335362
-26.03773433124197
-25.21903366569815
-24.815350863440283
-24.610654795991962
-24.930981585691715
-25.995050368637873
-25.21131533692623
-24.63524264919347
-24.862894607001337
-26.247125381025775
-25.7489828698594
-24.40872866840198
-25.149079847952414
-24.939459319258557
-24.929559495942346
-26.166926726185043
-25.727033494361514
-25.316158982186483
-25.276969902474306
-25.60022385418415
-25.958619753348415
-26.075716162036205
-25.783905294434778
-24.999454639081296
-25.35208951861694
-25.667249010554677
-25.971131530301324
-25.113447283876354
-25.289302418971882
-24.939307716899904
-24.828517942593017
-25.252147446932465
-24.627251736048994
-25.326658755540848
-25.320724903509536
-25.740576030365354
-25.173111188000647
-25.24761620574984
-24.936079739496627
-24.029549492844218
-26.04740746678977
-25.833761142245656
-24.816406165731365
-25.959243617694952
-26.62368624477551
-25.649633086447057
-25.155355331712755
-26.241852139604504
-26.457983806215484
-25.68655055709954
-26.758872831176067
-25.346350468438246
-25.73933145763545
-24.55426442417605
-26.270243314833476
-25.337759640710107
-24.67238212659441
-24.37855606705978
-24.753544884509054
-24.35990794825143
-25.505497947335243
-25.872624890557653
-25.24414947012375
-25.253434717655182
-24.86081559031174
-25.542090771527125
-25.131215041053707
-25.38014396151592
-24.51684963805922
-24.135455036985462
-24.648887598309024
-24.51549210630614
-24.632561190374965
-24.365778957975323
-25.414826833482447
-24.846952554480783
-23.94551241911691
-26.04400427896401
-26.119175180278976
-24.350463250587726
-25.61622422728045
-25.653109848499298
-23.921666389909284
-26.01582279184769
-25.254999635548426
-24.90606755634834
-25.373835147968656
-24.40290706835944
-25.269097721782224
-23.76704978480421
-24.573623608926248
-25.951207380870294
-24.233836040414612
-25.07445761766927
-25.093090162195008
-24.31785284034137
-24.381803885616105
-25.147626466792204
-24.68078594012507
-24.634414478622634
-25.324881710882845
-24.64885438618989
-25.61454223610204
-24.894384953482398
-25.24554013640716
-24.294677344889475
-25.18627461379972
-24.94469949757231
-24.739390823604733
-24.946405647129847
-24.757997480445894
-25.088683851834002
-24.995619834497056
-25.129789074947094
-25.152972918132257
-25.383847796197596
-25.074200076275858
-25.778587319727603
-24.351728677749634
-25.768020081109015
-24.352562811867944
-26.217336737904056
-25.077702440064527
-24.121889395446612
-24.688767573956785
-26.22236129333233
-24.744419139007043
-26.02438807693021
-26.040693782013037
-26.058650292199232
-24.228909417473037
-24.34141183207775
-24.90588997869656
-25.31360121636555
-26.22283200457178
-25.17441550565177
-25.012688901917688
-25.825495507182747
-25.3510703167011
-26.029910418493994
-25.46021928047312
-26.431761159465232
-26.044228203851603
-24.992623194538314
