-45.59716080694363
-57.93042569633188
-58.26332045629107
-58.05100397405953
-57.97587029481756
-58.31956336827114
-59.136447820170176
-59.31224399085703
-59.31282495938498
-59.982011963581215
-59.759510477041374
-60.05032373296803
-60.357862505419504
-60.45857732871483
-60.87857213102538
-60.95591215224102
-60.96776423269305
-60.814141462589134
-60.88806038375559
-61.284128398730836
-61.49685605641069
-61.349154594643366
-61.31644405784278
-61.36081718781899
-61.66482101226675
-61.526077453432414
-61.783452248778836
-61.81283617225186
-61.85082553995067
-61.97673330738627
-61.803513637904466
-62.07035952806473
-62.14413826013433
-62.21269598089415
-62.24788992672131
-62.29056972573544
-62.277221570754875
-62.36795765161514
-62.16384511569451
-62.46893227305905
-62.46091873275822
-62.521228385382685
-62.62914752138072
-62.62014228927678
-62.646313318918494
-62.68377581547047
-62.628673463032165
-62.55139253262816
-62.71433466159064
-62.82646315878835
-62.805885836995884
-62.86364229896973
-62.898237773056685
-62.806870150155035
-62.920441011930336
-62.95008546936101
-62.90859575518246
-62.78471341420864
-62.91024163057064
-62.98023453868669
-62.82083523067935
-62.878383430941355
-62.940713676913035
-62.90428285557648
-62.97519124684663
-63.02717515928992
-63.02534088800694
-62.96722203904185
-62.863212094224735
-62.97515073315851
-62.97921948186283
-62.934368938207626
-63.02253328520676
-63.09488578294886
-63.13657512233175
-63.08760493274393
-63.04772720974067
-63.05551945135511
-62.98208160235964
-62.98965299129486
-62.96349330811665
-63.00284747830753
-63.06793365910136
-63.06274407690969
-63.02852863895482
-63.057079060324305
-63.10973741473823
-62.900412419746665
-62.92240955295234
-63.03067586339753
-63.03081124404381
-62.988191803981515
-62.983029123010304
-63.00869849426993
-62.98219651805943
-63.087210455845145
-63.02683267922237
-62.92869425231013
-62.546392150994
-63.02295198933832
-63.06455509929821
-63.1111174811577
-63.04844181188221
-63.145873540434344
-63.2217643528149
-63.21117275953293
-63.160743076225806
-63.18948601648725
-63.22132419923256
-63.202347268318306
-63.186880325448925
-62.650154713926646
-62.810274826041585
-62.68247465429635
-62.73241065905012
-62.82035233234537
-62.76248739300103
-62.90489989416353
-62.927901165238744
-62.952042580678544
-62.897960358652576
-62.900724692591304
-62.92781556885818
-63.02915841546552
-62.97951461734443
-62.87088789097194
-62.94541680812836
-62.884900268809545
-62.92513851872806
-62.95945508418412
-63.135458360458244
-63.11621007117732
-63.09336225637074
-63.050572244257765
-62.87247323476035
-63.1034040718243
-63.08662498202817
-63.0956641805583
-62.98764734227082
-62.925487140129356
-63.124172932115094
-63.150907130076966
-63.17975540818839
-63.20657358498409
-63.1702623017903
-63.15538192206416
-62.98344812310975
-63.098153237638805
-62.79600622427875
-62.865992942760734
-63.00632970291993
-62.98929773116934
-63.08946712366466
-63.11848895816967
-63.11062319217057
-63.10984779123602
-63.183779159496574
-63.18020247590953
-63.18910421790748
-63.10683788924381
-63.185493740542185
-63.12703168083881
-63.18124429008056
-63.16433790017818
-63.162835310245384
-63.17916378687168
-63.19566158693412
-63.133194952175536
-63.15954507013847
-63.20183529113901
-63.22104873842206
-63.128729313611984
-63.142437133295786
-63.11246147854575
-63.06736175767307
-63.18671555457444
-63.12572121825711
-63.113121204335116
-63.198430924580016
-63.04324957111786
-63.15108949357066
-63.17135861824299
-63.1963424261274
-63.242056937053285
-63.228675360309666
-63.24405680648212
-63.25215591438885
-63.256016266757044
-63.28557061737981
-63.207869757866035
-63.248383322666434
-63.299269635101844
-63.236296815091166
-62.97306433936645
-63.17031388447202
-63.23385097035046
-63.2321970740269
-63.205922654990495
-63.21913406047328
-63.27040553915089
