251.29636814265416
248.99746665872377
244.27055241321696
242.41750373100413
239.6953594766814
238.01294253612386
237.55062556266785
235.88232668925977
235.94877850187237
236.55978671024585
232.53909051418304
234.2336724749927
232.23491144180298
233.46925132027988
232.0360419092507
234.08129830195986
233.96915150099787
232.83395427259904
232.10527206700425
229.91430506212959
231.9757687182262
230.98358672240684
231.5007912824894
231.51720525889561
231.83963107651678
229.6271837785326
231.09934017164954
230.56813384746684
229.3228840457982
229.1705567549015
229.755507275976
230.87727233048142
228.92163894505336
227.64583816199467
228.95129043480446
227.06484764197776
229.38147341382916
226.41429706277518
228.27485303632145
227.97347274730944
228.3488042560117
227.4479614126271
229.0913833420852
228.93128065816288
227.9259702131666
226.52380463994783
226.53160123578434
226.96663803478768
229.06784430454516
226.57120727670605
227.87337188474064
228.74079543968728
228.62651430738384
225.7394805283382
226.7387037729395
225.5977371602223
226.05811192660497
225.97504876810927
228.22143400537556
226.02706568816612
227.62766771480955
228.57087377022052
224.2754231156974
226.6021330356598
228.68580921353964
224.9065189854852
223.98368658690617
225.90980595966866
225.6388755749012
225.1032319603295
225.33679424072133
228.76155049636446
227.35437810832056
226.06331824023147
224.76902356641045
225.47941409308334
223.51726683254898
225.97597536958497
225.95144379550013
227.20671452736033
224.85559415406195
225.75889760461348
225.74347509186845
226.78960482005417
224.92657461248595
225.32889490703056
224.72672460819112
224.1152647199302
225.28360495896175
223.5319534827923
226.52177088836143
224.81276091213883
224.9289619347145
224.4461108117268
227.08768365300935
224.37921685185927
226.2986443536035
226.1496466398239
225.0987444088377
225.7894610947576
225.16731744388053
224.3296173317679
224.86125664875425
223.96454331381568
224.0488198913377
225.86019831279228
225.27258399026147
224.71799873483593
223.41794093312888
224.4523774878732
223.26459416438794
225.67289160859997
226.5359301279331
224.2761053381295
222.82279311377425
225.7587072438207
225.7664519219563
226.29313482909367
224.4671335590297
223.07830616934547
222.02104387612178
223.73528503138442
224.28264863326632
224.11590181136953
222.19894890127512
224.10340124163133
224.13097991614507
223.0388017235131
223.4538735726784
223.4875130817808
224.07105924343242
223.38026939178334
223.40322448878453
221.09959657027804
223.72823241250268
223.00784542231725
222.62608772721785
222.9744263681872
220.86034604187668
223.19560795405815
222.2910365647283
222.3568126908664
224.23194716716634
222.8223705291748
220.90149454823856
222.87049875177186
223.21896906556753
223.36211977333858
222.3609869850093
222.38950496706468
224.04785925766518
224.52934358448817
222.93554744638246
222.96116877424305
222.7579206844856
222.10622105927303
223.53418001635322
222.834449957157
222.92373212041525
223.5461876433471
224.00397868403073
221.11407657738388
221.1074996693381
223.52094955690976
221.3610737940361
223.34949397629705
220.9320355037163
221.4337783599722
222.15122263595975
224.41259308107968
222.3920612252992
224.02358619509073
222.8734508259543
223.2114016064282
223.3472869930596
220.81360738852928
221.49887542889036
223.84312209178663
221.779340394612
223.23846699040513
222.68448069999957
221.62862561077907
221.09721280377488
222.53246342313702
222.03780058334613
220.931636082715
221.69709058876694
220.78257966863697
224.76364887171778
223.67097243769416
221.13393721909358
220.31448878502025
221.0846061829863
220.72404444628748
222.57859764016908
222.9834164052174
221.4516641189312
221.55748417459685
221.0385473925492
222.62185607285335
