-116.81993458668391
-186.9501115520795
-195.321872317791
-197.12788197199504
-202.4686683177948
-204.15617216030756
-208.59235996802647
-211.22139942646027
-213.39334915479023
-212.0487368265788
-216.76663120587668
-217.30393952926
-215.91181553999584
-218.03083620866138
-215.56403596401213
-216.08438691298167
-221.1972644964854
-220.96132460037867
-220.8162120739619
-219.82577215830486
-217.50172257820765
-217.06847058137257
-219.21742451985676
-219.13924184242885
-218.8333779891332
-217.15667258898418
-213.9173401435216
-218.79751524130504
-224.11594997644426
-224.1026296377182
-223.5271153608958
-221.3959779580434
-222.06720796426137
-221.66722420454025
-222.9756600578626
-223.40774161020914
-224.0016969203949
-221.04601000944774
-220.9185469309489
-218.18449129660925
-219.8531165599823
-222.69810018539428
-223.30820575555165
-225.19799238443375
-225.81803647677103
-225.00406442483265
-225.84020907084147
-225.81763033072153
-226.4548587401708
-224.869087100029
-225.07096791267395
-223.73067636489867
-224.07922927538553
-222.40729773839314
-220.03220372200013
-224.04489219586054
-225.69962881008783
-224.5529180208842
-222.5453311920166
-225.8019013484319
-226.2193418820699
-227.83440738519033
-227.69258950153986
-228.64205292463302
-227.97435297171276
-226.7120741089185
-227.09675946235657
-226.84237688382467
-225.51297891934712
-224.32552851835888
-227.11037737925847
-227.5253089427948
-227.26548913319905
-227.75648550987245
-226.31853204965591
-226.09310883283615
-226.62647633552552
-226.98352913061777
-226.6579908132553
-223.72177607615788
-228.383624736468
-227.59982229868572
-227.28979194959004
-228.35161676009497
-228.13517106771468
-227.33264233271282
-229.12907265822093
-229.82168516715367
-228.99398911794026
-226.44218691190085
-226.06735212802886
-227.21573321024576
-227.4398743867874
-225.58183955351512
-227.55529305934905
-230.8831928173701
-228.6492419163386
-227.39261869589487
-226.98971134821574
-228.6067974646886
-228.48426965872446
-229.56457142829896
-230.2937692006429
-229.104114818573
-227.87505804697673
-228.31301834583283
-228.56830938657126
-227.10601925849915
-229.255519704024
-229.33785859743753
-228.92949534257252
-229.26042180061341
-229.46844774881998
-229.0648796717326
-229.73099354505538
-230.15790379047394
-228.51709605058034
-228.19251566330593
-227.1862197438876
-227.38924409945807
-230.21888451973598
-228.78526479800541
-227.28827470938364
-228.07260526816052
-228.14862842559813
-228.0920418739319
-228.370192639033
-228.9270991365115
-228.36241991519927
-229.58804608980816
-229.62023470401763
-228.32266331513722
-229.5861146012942
-229.74449110825856
-229.7488405307134
-229.1715754032135
-229.14392813841502
-228.9380522966385
-229.56378835837046
-229.31001361211142
-228.27757403055827
-229.894646247228
-228.19698108037312
-225.86701161464055
-228.3705355723699
-228.9300402959188
-227.84645218054453
-228.10342463652293
-226.99931101004282
-227.25544736385345
-231.9719406803449
-230.05895595550538
-227.53135441939037
-228.12387333710987
-226.9731836160024
-229.14672774076462
-229.30784647067387
-229.9417520125707
-231.34768880605696
-230.25427763462068
-230.79029676914215
-230.2213712533315
-230.91568251450857
-229.60104688008627
-229.93118605216344
-230.36266062259674
-229.81467820803326
-229.33272573153178
-230.4933690985044
-229.31867296298344
-229.50721288522084
-230.7209062218666
-230.42961384057998
-231.13562537034352
-232.3829149802526
-230.6712198893229
-229.95408757925034
-229.55350025494894
-230.32102154890697
-229.9233269015948
-229.1783672173818
-228.30907038052877
-229.7803957104683
-230.48778291543326
-230.3611986955007
-231.25229080518088
-230.97394472757975
-230.82892285188038
-229.66924101909
-231.09554251829783
-231.9665891091029
-230.86023019552232
-230.27084602117537
-229.80895526806515
-230.5179706811905
-231.24518787463506
-228.26130227247873
-228.5962724049886
-230.67084909677504
-230.92113956610362
