2279.5004044894513
2108.8977708487673
2083.136125334378
2080.9031042559395
2037.1813647171546
2070.6283258898507
2048.094814826702
2026.5963062417918
2041.248126194395
1994.3704773804236
1974.5912038868871
2015.4611515176707
1986.0925015416638
1944.8638046856584
1967.8092853940766
1962.3499872931118
1978.7286491722896
1971.9055037005194
1952.971505987233
1971.9786761711384
1947.1854235550452
1967.3040333451895
1939.3428936333491
1919.9763570982834
1970.4607895818249
1943.5786094665527
1914.575854334338
1930.9537353186772
1928.9251589281805
1933.8541090735073
1945.639485589389
1920.7390948657333
1972.1237435176454
1931.9684705076547
1931.8331552702805
1926.2715121302112
1949.478477543798
1912.8494184099395
1939.6836470242204
1920.8623185322203
1945.5544147491455
1921.1010780334473
1891.22015854408
1936.6479347492086
1881.3774368680756
1928.296404345282
1923.8841957881532
1906.1350571862583
1895.6173031247895
1926.5326224031119
1912.8610424830995
1931.861223911417
1908.9108662769713
1903.6562230998072
1902.096791892216
1920.8378309052566
1926.6550955936827
1899.91652745214
1925.1556464885844
1909.490479436414
1902.5670114056818
1917.001022930803
1941.7750214214982
1903.23231286016
1917.8066762726883
1895.242106733651
1906.5265427293448
1907.6622294721933
1896.9780917989797
1887.1970154334758
1903.9112327838766
1923.6316755886735
1892.055076599121
1906.1200607562887
1935.3001880645752
1882.2878707030725
1952.0201623850855
1888.4426764455334
1900.2284069718985
1911.418088321028
1907.4928832218566
1926.9656408573019
1927.1966891453185
1895.777012594815
1926.1784737685632
1946.5145342596645
1938.6702840081578
1890.449507121382
1883.0224903369772
1942.9548449680724
1916.5130420553273
1918.2203928191086
1934.6359531139506
1932.559969737612
1914.475465544339
1896.2256779177435
1911.1342633346032
1887.491282298647
1887.7328358354239
1888.9357186021475
1929.4378831139927
1920.7899320536646
1893.63619616936
1914.49149194257
1939.3213035320414
1906.430598850908
1893.498635061856
1878.1565043021892
1928.378951171349
1910.0115305801917
1870.7534686121448
1942.9535178480478
1878.072054040843
1903.922255187199
1872.0278108531031
1884.4392076689621
1871.5120249781116
1904.9397760588547
1888.9861315365495
1890.1136861340754
1876.0465339463333
1897.8867660719773
1852.6083519376557
1918.618112366775
1879.9488217912872
1927.9315578855317
1894.3523919335728
1881.1500215859248
1866.4841376995219
1860.6504595526333
1875.574298069395
1922.348638830514
1842.7067810584758
1875.3118042123729
1906.6377823599453
1868.9395864420924
1887.3747721704945
1910.5280672928382
1859.9415625210465
1874.0559908768225
1865.3008170292296
1905.9255819649532
1882.3267715059478
1833.3014413899389
1900.4596445149389
1855.218182399355
1807.080429636199
1890.194151253536
1823.4430095080672
1884.174463403636
1858.9528852002375
1867.915018081665
1858.1112487398345
1845.6388213716705
1848.431394248173
1861.3785532589616
1879.2684036123342
1882.235099956907
1859.5099826681203
1864.6878895595155
1910.6071630675217
1842.659362003721
1872.5343790383174
1826.155985799329
1856.0995027607885
1868.2370235180033
1855.4390739243606
1879.4694991605036
1872.6601575654129
1877.7844541812765
1856.0653199162975
1837.9205990495352
1839.7225698931463
1874.3571078530674
1860.236933313567
1830.8044995932744
1835.3234424591064
1867.9298358785695
1874.6946577532538
1785.9768156183177
1857.4493147093674
1825.5636069527989
1860.047456741333
1829.5626542321568
1810.556415097467
1880.7904387178091
1810.920343201736
1822.2552799027542
1842.1037245125606
1806.1160168154486
1858.4877443971304
1844.718253826273
1856.5949717883407
1824.0818524853937
1849.1388116376154
1846.3483421062601
1825.2431371951925
1813.54937629042
1824.1947808430114
1845.703738574324
