103.47790883327353
77.37219907497537
65.47394483253873
58.17480509342818
53.37703646873606
47.73540834620081
42.4977818629865
40.27858154013239
37.509142335118916
36.47794652396235
35.039935697255466
33.37535719111048
31.865387954074762
32.069893794326944
30.72399273925814
29.25499616434862
29.36869260565988
28.083323311189126
27.865788339540877
26.225078315056603
25.262254776882713
24.68349143348891
24.264423763957517
24.243180149588092
23.95221608209199
22.57910256164855
21.99343682774182
23.2319673107102
23.298421273457592
22.424186702175387
21.916243617390766
19.580727534561323
19.788597864580566
19.65123424075287
18.44075602087481
20.12138578064483
18.46159626145301
18.40816544972617
18.200702580398527
16.65960994311448
18.094720293864093
17.28955624795294
19.016973827933445
18.195468786975432
17.478970981813198
16.809358813767805
18.064222815735587
17.60913835748516
14.956290164063203
16.562368372069866
15.081388040092484
18.076407210451777
15.86860992399783
15.372378086992379
14.98608805213509
15.332828408685224
15.943653303969267
14.127509423258617
14.493683540744
15.275365450772746
14.358384695289464
16.022267075962034
13.827586931658201
13.937555696558336
15.039463639676828
12.93389699434669
14.102660622961562
15.510401221056437
12.933336768813174
14.036313898668721
13.44367564315426
12.952969986560015
13.00750112398688
14.193424457298784
13.736849883956642
14.177209515766851
13.189194279369609
11.893785136527029
12.526184467470337
11.743562450214963
12.597566366709511
11.39031405207412
12.223791595548391
12.210343196281585
12.382929879304921
10.834330395955977
12.541319509253613
11.545955301936845
12.255039274820994
11.610229396036473
10.989256110793011
11.772683881448003
11.843736654340193
11.329896870615153
9.663007392387453
11.77128595505552
11.373911989146265
9.79521079300421
11.757390599376683
11.554129211810128
10.08993118449018
9.815801783368505
10.427731892286703
9.542875864703593
9.801118215610241
10.089854672077465
10.781136541402546
10.160987776158185
10.43336394493436
10.61359336366074
10.298636760305742
9.19247798955646
9.370455204155938
7.897738016114153
9.566015641622503
8.63866390981551
8.303121555468131
9.287745985234606
9.370758034738488
9.300319501295172
8.708300937593368
8.711869718635391
9.253778756178658
9.0638231204076
9.378893226513576
9.005459768504933
8.427245733809881
8.466678400748762
8.797237642623227
8.766269200577819
8.366575361197365
10.10179191076293
7.255855644764058
8.582819702810255
8.236407670224535
7.96546038413613
8.490372677365768
8.827876846595057
8.408946653892254
8.432381271352542
7.976282362922512
7.637706498904475
8.513671124032859
6.57972855814572
7.320835632753783
7.603950682128298
7.6180938117141865
7.7283845877852935
6.364489249114333
8.201111696275143
7.454651084953341
6.473646590036565
7.071583690282343
8.576568089361334
7.651982231772151
7.635019867713082
6.964152524440453
7.519034310661513
7.131266127115693
6.92872947942594
6.116102885069518
8.155401611507967
7.293320164566153
7.114013305800999
5.973423664682898
6.313462258862524
6.767530446936345
6.159860359954423
6.139845251266299
5.504377661144425
7.173401087008673
6.105318755425256
6.572230457231917
7.000057796465939
5.5916397124528885
5.8763661018476405
5.922910193238279
7.7144315978833315
4.926051822908479
5.2856031697371915
4.788659128135648
5.946165654808283
3.740334131048414
5.41149365002739
5.9088554559596655
6.837158428954667
4.57994191926615
7.124200850660944
3.179291796324582
6.038714682747578
7.997430081415022
6.755974840886634
5.852702151791289
5.780562201097351
8.126677497707565
5.1157768384136
6.223059386014938
5.387818100637403
4.98434204081523
6.114604058450666
