-132.01126558581987
-194.34191281000773
-206.89411898056667
-210.15324642658234
-211.1084650039673
-214.62257973353067
-218.02083118756613
-212.97675944566726
-202.7994840025902
-202.9175685008367
-212.8829742829005
-217.6174511909485
-213.90675690174103
-216.83008467356365
-221.87181362311046
-224.54583636522293
-222.87837166786193
-222.2694425702095
-224.30053647359213
-222.42353949546813
-223.0769637187322
-221.68199146588643
-223.46364529132842
-219.28546481529872
-223.9285194714864
-227.0832304318746
-228.50276395479838
-226.27686713139215
-221.85570043325424
-220.9848422129949
-226.97575960556665
-230.6586459716161
-233.19746662775677
-235.16162170569103
-237.6700862487157
-235.69641553560893
-229.32150825659434
-223.97663202285767
-228.55330738226573
-231.83681308428447
-238.42971701224644
-239.07724901040396
-239.44523861408234
-240.2446644504865
-240.53309644858044
-241.15238849322
-240.5099703391393
-241.08606029748915
-240.84418729146321
-241.03282493750254
-241.02221628030142
-237.75749046007792
-237.29890824953716
-240.4660785675049
-241.31524734099705
-242.2714210430781
-241.94389340877532
-242.13671329021454
-242.33215462764105
-242.23580617904662
-242.6472585161527
-241.86347210407257
-242.30607541004818
-242.01201341946918
-241.68721409638724
-241.69526303609211
-241.60237475633622
-241.83786710898082
-241.63039041360219
-241.2997255285581
-240.18940635124844
-238.95083578824998
-240.64859200318654
-241.33247211376826
-242.94482733805975
-243.18765099843344
-241.06322361628216
-242.47379264036815
-241.32467788060507
-240.24242185354234
-241.93222817579905
-242.27565642595292
-242.7780659198761
-243.15107388099034
-242.7377829949061
-242.63685932954152
-242.0143044869105
-239.27324974536896
-239.2078466653824
-241.52327068249386
-242.0320074717204
-242.27429911295573
-242.43444532553355
-241.20464777151744
-240.88932542006174
-242.30575819810232
-241.7413076519966
-243.0827766140302
-244.07327036062875
-244.37087775866192
-244.49628977775575
-244.6074742078781
-244.91900862455367
-244.87145376205444
-245.12471292813618
-245.21182158788045
-245.19857890605925
-245.1977251092593
-245.29207735061647
-245.36884883244832
-245.37286222775776
-245.49125220775605
-245.50802459716797
-245.4918431997299
-245.40870385169984
-245.10152199268342
-244.75541104475658
-243.39875812927883
-243.57218294143678
-243.87990578015646
-243.82259497642517
-243.97773706118267
-244.8151542663574
-245.13430765072505
-245.2437356074651
-245.31612048943836
-245.37330091396967
-245.45407580534618
-245.4111374616623
-245.16803117990494
-245.07891539732614
-245.17783669233322
-245.37180852095287
-245.3655791401863
-245.59285418192545
-245.5343237320582
-245.49715470472972
-245.6754460732142
-245.6917499780655
-245.71096799373626
-245.7675625284513
-245.70885204474132
-245.73530985514324
-245.80478468736013
-245.8563931465149
-245.83633768558502
-245.86085727214814
-245.86535895665486
-245.7830294171969
-245.82819356918336
-245.83023840586344
-245.6497459014257
-245.39569125970203
-244.68466385602952
-242.0014934380849
-236.92178134123483
-239.89199244181316
-241.67534478505453
-242.19922494888306
-243.8384790579478
-244.45085906187694
-244.1553560972214
-244.50256949265798
-244.88344697952272
-244.96640458901723
-245.04775438308715
-245.0113187789917
-245.103781970342
-244.86280717055004
-244.86655312379202
-244.253404712677
-243.40164849758148
-244.51042190392812
-245.20690543254216
-245.3335661172867
-245.33625045220057
-245.3763070344925
-245.38041249116262
-245.4471296151479
-245.50150632063549
-245.57498585383098
-245.62600762844085
-245.66216390927633
-245.7218470255534
-245.7839886665344
-245.80743254820507
-245.8238456805547
-245.88131262461346
-245.84127860864004
-245.83566013971964
-245.85765690803527
-245.73184697628022
-245.7853466272354
-245.54920438130696
-245.19509838024774
-244.6994694073995
-243.94469145139058
-244.04635061422985
-244.8278954744339
-243.32148652076722
