-66.73415107528369
-93.0081706126531
-108.37424889802932
-108.52062679926554
-116.56130489508311
-119.05195966164271
-117.92723727226257
-124.22653428713481
-135.6737408320109
-131.57107404867807
-123.52142353057862
-123.25425469875336
-136.034006301562
-134.19844037294388
-130.45704933802287
-128.3047959804535
-122.72213265498479
-117.47381067276001
-116.97395118077596
-118.50293032725652
-112.41882750988006
-110.27163243691126
-105.6562051375707
-106.09126855532328
-120.83658301035562
-116.69502416451772
-115.05125430027644
-118.32130008538564
-117.99531613985697
-113.96060200532277
-105.71537384589513
-101.72649469176928
-102.34254617293676
-111.25134635368983
-114.31678944826126
-107.34015987912814
-109.28409498333932
-103.80965705315272
-110.1024510383606
-109.86438676118851
-110.68723561763764
-110.05281927982966
-107.3677080710729
-106.58762028217316
-104.97412961324056
-106.5343770980835
-106.61867930094401
-107.1005219022433
-107.05052168369293
-109.44245098829269
-106.27964752912521
-107.46148064931234
-107.58034766117731
-104.96089502771696
-103.25349512696266
-107.6258980512619
-103.25755987564723
-104.84192142486572
-105.99236405690512
-106.9682912627856
-105.91764076749483
-106.55316817164422
-105.13744818369547
-109.09615103205046
-104.62702657381693
-106.07179232438405
-104.87387970288594
-104.51777662436167
-101.70299052596093
-102.20643255710601
-103.76736080845197
-104.2743470509847
-104.53786190946897
-103.68349809646607
-102.40705610116323
-105.76107380191485
-108.59083335002263
-105.8352754731973
-104.888035150369
-106.13979484240214
-102.60934419631958
-101.12049037615458
-105.49506823619207
-107.30984605550766
-105.51135090390841
-105.38597099781036
-107.29314293662706
-106.23641449610392
-106.20361543099085
-103.72983180880547
-105.22307300170263
-105.37090821067493
-104.6637291610241
-104.58377314011256
-107.11663025220236
-105.97429696718852
-107.65684538284937
-103.09205338160197
-100.61108219226202
-103.90473224719365
-108.91890354951222
-98.59208699862162
-106.21255998214086
-102.63255747556687
-100.76833808024725
-99.79887413183847
-102.56222354571024
-98.05851977070172
-101.12134549220403
-100.93070168097815
-103.35021903912227
-103.30907737811407
-106.62111292680105
-103.51607723236084
-103.63092384934426
-101.33615628878276
-104.7707635184129
-103.38878531455994
-105.60552061597507
-103.37049210866293
-105.83691656986872
-105.12890323996544
-105.17855365475019
-101.27146910826364
-105.63892377217611
-107.45734427769979
-102.13378145893415
-99.78312206665674
-103.33438414335251
-107.97031581600507
-104.75360556840897
-104.13525877396266
-102.45542772809664
-102.8955285569032
-104.08585608800253
-104.27389055490494
-104.73897853692372
-99.55164479414621
-98.55845431486766
-103.58805986642838
-107.86901337305704
-104.57483514944713
-96.70500005880992
-105.9014805316925
-106.43999911149344
-103.28453868230184
-104.45796241760254
-101.90691794951756
-101.35419314304987
-101.56987869739532
-103.49785261948904
-101.78075393040974
-103.86975914239883
-98.44055122931799
-101.5794551452001
-104.0877145131429
-102.64644188284873
-99.33029777606329
-99.23407690525055
-99.30629611810049
-99.46240370869637
-100.09561304648717
-102.76459209720294
-101.90719433625539
-103.0822861234347
-102.9634308775266
-102.15903007586797
-103.83265418211619
-102.49401965141297
-102.40217750668526
-103.05315448045731
-103.29091684222222
-100.59216810862223
-104.26054818431537
-101.78574151396751
-104.40315062602362
-102.33407759666443
-102.68071667551995
-100.30248417655626
-100.86451267004013
-101.70427433252334
-99.63853338162104
-97.99203114509582
-98.0247134367625
-97.15239211916924
-96.63440139691035
-100.0502116461595
-102.76487696170807
-100.01750858227412
-104.63552775382996
-101.00286498467128
-96.44934700131417
-97.65792731046676
-98.28503926595052
-99.82952203154564
-97.29907313187917
-101.94885435700417
-101.41602408885956
-101.29798559745153
-99.01471982002258
