213.70182212056784
150.8213923326854
124.7232108691643
106.39516273860274
95.94313372209155
86.30615333647563
79.5518479285569
74.08405587385441
68.47755202753791
64.53018296073223
61.9119324961613
59.3785446666438
57.995702122819836
56.16395542847699
55.19279254099418
52.636947878475844
50.99632660068315
49.88712417565543
47.75502431957886
46.76991057241785
43.45033104666348
42.64611201450742
39.48894315803873
37.10040149195441
36.416027084506794
36.725637157929356
35.652815177009025
32.86311664046912
34.13285973154265
32.28612629041589
32.12744759537023
32.32710891705135
29.818448329793995
30.517876945179083
28.987081914112487
29.313027416323795
28.355719078203727
28.051504243036796
28.188011390381845
26.381916060016074
25.429505152435137
23.995775125663855
24.71745136482962
22.275257120872364
22.12850571809144
21.53097259124805
22.316899231281774
21.428162873818955
22.245135845295316
20.279275249175985
21.72277645612585
21.438127397720155
19.637770271506803
20.340692772433677
18.803488866393938
19.42215722645151
18.36325908709189
18.3678048402071
19.073147646312055
18.215362428334252
17.33331877735026
17.433601225244587
17.24085345042163
17.128554007873454
17.479282795612153
17.43373973770388
17.27285314608237
17.643791107782
15.958513415579137
15.392868134096778
16.33213767081756
15.5312412665065
15.66514661818229
15.16938051857568
14.92794052254537
14.703179345755228
16.250331622066682
15.366575932957169
14.81625618091945
15.252878160376486
14.268411356811251
14.728277796558265
13.136677901549586
14.450440508217133
13.693189574164691
13.249119196087122
13.610990166021832
14.222821110120877
13.409310017166467
13.632785899875733
13.315509679984173
11.293707031146463
13.050314021007768
12.757847970608493
12.988647247696745
12.324835457935416
13.439472231628566
12.174078350180181
12.038945614713533
11.941930770231732
11.072555549314309
11.421529804709657
11.550887280753974
10.523003701698677
10.195545120742814
11.103020715848382
11.22810559051818
11.336399310685952
10.821149560654986
9.527293874785817
10.74676949299615
9.859095573393178
10.466121319809865
10.36303763027335
9.21283410546964
10.462523837220566
10.456933749646977
9.85758861595291
10.1262492452716
7.760140432237551
9.229638549210183
10.114783989137102
10.191372032887463
8.657703502938665
9.586403742175678
9.360273260237841
9.5269908791986
8.10043026221081
10.218776337400978
8.894465626699143
8.258154736960243
8.295568435356534
8.618503142919007
8.531721892541853
8.416550805342608
8.020782932382206
8.519338763864903
9.476559799999512
7.8271994960719145
7.988089884920367
6.734317167951115
6.981208779945455
7.973925000763145
7.186893072878492
7.2377372694940405
7.620220426598499
7.887311918211394
7.88065179283249
6.614994125504946
7.506202154375356
7.045285803105297
7.19165362109398
6.9958269321841415
7.051690863124255
6.801110991373144
6.303574353456497
6.454734361152454
7.29906378468049
6.105635572032168
5.6837852543284155
6.356008778101411
6.378540162318226
6.079061824699928
6.355556263620484
5.260323080651719
6.680772745018375
6.520251668732742
6.011821872458376
5.967162385197549
6.186620257794857
6.000977908742839
5.604467481117824
5.191679132781152
6.485297710024591
5.354077406741422
5.557019629098218
5.242469382697139
4.900712429963309
5.449144959835143
5.485714226447302
5.016582574053057
5.598537629020625
6.4024226539607705
3.765868565067649
5.040572765058484
4.622959341468482
4.920190163984381
4.2937184364117424
4.576568538258815
4.091759355417613
3.7323069235888022
4.02602213364223
4.365223476342086
5.205651298679155
4.569062393030216
2.9728824208522666
4.512780317972446
5.526926746013864
3.693056279472236
4.498946350099969
