-53.23634938741552
-58.99730112634856
-59.206819907344624
-59.75933249962741
-59.71872310597321
-60.23636598217076
-60.20581903334322
-60.18265053835408
-60.46693338710686
-60.82454595689116
-60.62784281167491
-61.13143979269883
-61.462407815045324
-61.0002691016115
-61.01315391474757
-61.510113098498046
-61.33542259294411
-61.660705227276374
-61.65653457107215
-61.55862232323351
-61.42755081735808
-61.178767664679164
-61.10023300812162
-61.22583852759723
-61.331589836498786
-61.592262816840204
-61.672916833696696
-61.45517845297682
-61.81511004423273
-61.7624161356482
-61.515134216382584
-61.735036704046976
-61.82362779152805
-61.75545588032953
-61.738488139777346
-61.55819355105532
-61.81987872616998
-61.921752917355505
-61.86349196886194
-61.79662111196025
-61.76133920612006
-61.810244156368846
-62.04167619039272
-62.04852281870513
-62.13704552938198
-61.95786374704591
-62.05166008760189
-61.931830396939965
-61.885915213617785
-62.10051679816739
-61.99391246664113
-61.76448700140263
-61.983477841163506
-61.97160523718801
-62.15947969823048
-62.065042506004204
-61.92711910502664
-62.06908953395383
-62.0376187028556
-62.14733727430475
-62.218695519299345
-62.11398129216556
-62.234680802657685
-62.27442365473714
-62.21272067571508
-62.20107075469247
-62.16704769792228
-62.28256324036368
-62.15375474506411
-62.20424007752846
-62.207838496257516
-62.095135212972245
-62.038107736357325
-62.34842473885109
-62.279934157585274
-62.034127725609416
-62.192276944374214
-62.23269703470427
-62.044409992366
-62.11657898796016
-62.216859766121566
-62.28632606000736
-62.0388457559306
-62.210847306868125
-62.28283164213444
-62.16712625684409
-62.22794956688223
-62.23539732139686
-62.19671401689793
-62.156664924374944
-61.99018135769614
-62.057685859244444
-62.19553692793024
-62.28804640215019
-62.28658348116382
-62.269451567838935
-62.15996461901172
-62.181958061867746
-62.14526920071964
-62.073981620114424
-62.099295312988346
-62.0371199168008
-61.90004926406104
-62.00679195029982
-61.815215161134454
-61.9883297209082
-61.969347390635264
-61.81900571543595
-61.94301556924294
-61.93860827643296
-61.7976928127223
-61.70895684793078
-61.7803028431432
-61.70739072355731
-61.88408779995195
-61.83038484741901
-61.86194549552326
-61.808185534230596
-61.84312854142025
-62.09504364482288
-61.92963635613178
-61.983719316022146
-62.06950068884883
-62.23145785825006
-62.24158239056324
-62.2020819988744
-62.3145858100776
-62.43709263616595
-62.70535317679931
-62.28111665516064
-62.12354126058776
-62.12509288870055
-62.13906629743247
-62.347044848162554
-62.095421992499254
-61.98330999859448
-62.031367780833406
-62.69675828362333
-62.65675765481488
-62.613278183443796
-62.71446721718229
-62.952065929256634
-62.66646697808956
-62.83230761207383
-63.06799436232139
-63.081165067080796
-62.58796432100493
-62.178353986863435
-61.913697216017496
-62.27376925945282
-62.196428274286205
-62.454283054532674
-62.78533313397703
-62.33532646606709
-62.22520316674792
-62.378166139125824
-62.44937628713147
-62.060453278237375
-62.50943019883386
-62.4524144633063
-62.07096485022841
-62.28781219597521
-62.62004269299836
-62.81506361632511
-62.78804789329397
-62.53588914254616
-62.3734357788645
-62.28519439286199
-62.581279487445435
-62.78954912876261
-62.88433014216094
-62.92521234421894
-62.43189971816951
-62.35366151045109
-62.070644528701386
-62.66345954969012
-62.643966535042075
-62.89438917410785
-62.86135116527821
-62.44773072620918
-62.28284375215399
-62.249996958107786
-62.635167553507046
-62.394880767526296
-62.527739697489245
-62.74010734722532
-62.69334295700337
-62.510991342108824
-62.41879873029117
-62.28695732149585
-62.23108936178273
-62.574376254246154
-62.611112876185054
-62.70820664845664
-62.477653351323355
-62.57311727877321
-62.46360232295661
-62.52176641493008
-62.77192802367539
-62.65338165595614
