-43.946663548720295
-50.726048016342624
-52.246828422464176
-55.132325117958004
-56.13793559732108
-56.484845260093955
-57.02438068800959
-57.248947270985305
-57.303008632413274
-58.03177194040397
-58.09555311655176
-58.34989647618656
-58.243318658450555
-58.503846681323544
-58.90430054685165
-59.25614903918628
-59.6181169666093
-59.80091139982487
-59.93015446950649
-60.2589951733063
-59.61526846885681
-60.403150145349834
-60.4506491977593
-60.75273783042513
-60.524101931473304
-60.232826747770964
-60.64382611677564
-60.704712867736816
-60.91986327130219
-60.81015077130548
-60.66738249515665
-60.50243555574581
-60.793288936902734
-60.86281699558784
-60.8462929663987
-60.9116615807188
-61.42552624283166
-60.92028748989105
-60.594260462399184
-60.421261797691216
-60.17964756283267
-60.20337736092765
-60.95016189895827
-60.80964578431228
-60.721300542354584
-61.12031191792981
-60.945209373687874
-61.19277291462339
-61.13663395828214
-61.258267521858215
-61.22547898518628
-61.29025994189854
-61.303726311387685
-60.990157803584786
-61.001490530268896
-61.679502589949244
-61.509757888728174
-61.48940298372302
-61.625718668617054
-61.62329718367807
-61.651960399644125
-61.7027077757079
-61.78857534918292
-62.0039533520567
-62.30330999760792
-62.209336246909764
-62.10083634791703
-61.938922021923396
-61.946986612574804
-62.08427488187264
-62.227739513948045
-61.95018323947643
-62.07086094700057
-61.88327951061314
-61.99459242923506
-62.40776055126354
-62.467905634436114
-62.25672582716778
-62.492184554708416
-62.402219515422296
-62.23217746409877
-62.31949099384505
-62.375800972354824
-62.39123167046185
-62.30928599628909
-62.24185485675417
-62.22138401763193
-62.416304555432546
-62.53093700573362
-62.53209759449137
-62.34785439742023
-62.51790274833811
-62.37850642409818
-62.37534232180694
-62.46800584423131
-62.66461764944011
-62.47255060590547
-62.3649792568437
-62.51825937320446
-62.490910780840906
-62.33380640066903
-62.16434034088562
-61.90132035263653
-61.7602525528135
-61.87711465153201
-62.5821550488472
-62.681586551255194
-62.83153993096845
-62.632687350799294
-62.55508062757295
-62.695487417023756
-62.781700512458535
-62.8558267149432
-62.77295329241917
-62.69872141912066
-62.607803703382096
-62.80819249564204
-62.92672563524082
-62.804970638505345
-62.71966453256278
-62.70887514229479
-62.64826011863248
-62.61250808937796
-62.74831976664478
-62.74517918660723
-62.69272099692246
-62.77327471560445
-62.7904864241337
-62.531140656306825
-62.614214237394
-62.87426246034688
-62.8885068030193
-62.864593082460864
-62.81742053196348
-62.76430136376414
-62.896115058454974
-62.7666365771458
-62.64730122582666
-62.76192673526961
-62.710704974059404
-62.791002598302114
-62.38086421325289
-62.71930735481197
-62.62312467242109
-62.534310700564546
-62.744392501896826
-62.6748388060208
-62.584461009707944
-62.49713508219555
-62.610656915039854
-62.54749607526023
-62.49037760598906
-62.11849795436037
-62.43351431139584
-62.43035748395427
-62.424210766266135
-62.31575403336821
-62.751189474401805
-62.63394641054088
-62.93364871370381
-62.910922511898235
-62.90334308969563
-62.91461053387872
-62.839800385565596
-62.7767324930635
-62.65255622103297
-62.88029270953145
-62.857050760038966
-62.80478817738336
-62.71031314134598
-62.76474616239811
-62.67863612750481
-62.676478822683464
-62.682374080707284
-62.7845981676003
-62.861891300513825
-62.972122728824615
-62.85232016444206
-62.731754854835316
-62.831824317060665
-62.772617399692535
-62.75247969092994
-62.798942574139296
-62.73605451912716
-62.72662942471175
-62.81978800481763
-62.73768845303305
-62.83398260535865
-62.69778266035277
-62.947788838682506
-62.9772678726706
-62.90298210546888
-62.97986632688292
-62.96176038322778
-62.99380785740655
-62.860964405125586
-62.90261319587971
-62.79631512329496
-62.76553817041989
-62.80104498411047
