-49.35911653422076
-55.795565679155544
-56.58138844576375
-57.25051111805028
-56.68016763699466
-57.40530886321232
-57.83413722186253
-57.65595806158822
-58.46523207528838
-58.31703450967525
-57.93628349797479
-58.319500906714076
-58.05864804161006
-58.93285360418517
-58.90672494830756
-58.74558883083278
-58.23437410181966
-58.8528912807333
-58.54946368932724
-58.562937703625906
-58.38304713265649
-58.396637384233806
-58.043466475503195
-59.17857818973476
-58.525680359067586
-58.84611190906887
-58.7798216404586
-58.74908766869841
-59.24059147156518
-59.340795429616136
-59.55025825932108
-59.47235747657973
-59.0509794621632
-59.209574349995314
-59.18688715120842
-59.37568486045147
-59.33537254251283
-59.237223494669486
-58.8901099500985
-59.09206467044765
-59.497914029606456
-59.46753442492978
-60.01954999360545
-59.62102893714247
-59.33543303403361
-59.082452175946074
-59.3887001008823
-59.91671154622374
-59.83533321577927
-59.53885862950621
-59.36439002176811
-59.686802365656554
-59.52758196510118
-59.613807697748314
-60.170521253141864
-60.1253840933586
-60.01133330526023
-59.987918702692824
-59.67060138644843
-60.0545820378024
-60.16046043305561
-60.08699890868417
-60.0694027419748
-60.06689066311409
-60.18473814890302
-60.119374181689885
-60.013006781709606
-60.52176822876108
-60.34529867871054
-60.530949707688954
-60.22435102791622
-60.344127434081045
-60.37924044913259
-60.14454186682043
-60.19804872932105
-60.313249070068885
-59.98937449784115
-60.165714851741136
-60.159537528095576
-60.321332560531026
-60.344908778009746
-60.31533596227909
-60.434892724300255
-60.50436132940753
-60.6989253183891
-60.5703899099909
-60.594205215059475
-60.344103965266
-60.87597688621488
-60.66423873038128
-60.544393414053424
-60.36779786492216
-60.55998992714389
-60.43431189553491
-60.441562099703425
-60.51953523528987
-60.27763970966997
-60.24425025027374
-60.399221257916814
-60.317211987643404
-60.43846502283524
-60.41348125297448
-60.65926098618014
-60.559087551873304
-60.58134558899649
-60.86569625550303
-60.79865446995045
-60.75894692129102
-60.66278037737156
-60.603525859528574
-60.583081072774426
-60.59914277956403
-60.77814585587074
-60.9684443196346
-60.88974124912558
-60.45848214626312
-60.70942106740228
-60.67805840434699
-60.62976889055351
-60.883027036642204
-60.45895014857424
-60.93003161919528
-60.489357136446856
-60.9394164455348
-60.69274169617686
-60.70318007880244
-60.84783801539191
-60.70819544586642
-60.74638520643629
-60.86660751392101
-61.0115129988769
-61.08387661288525
-60.82223325145656
-60.70491497578292
-60.731845710811946
-60.72127609725656
-60.9108901198568
-60.898494812948954
-60.92107625254269
-60.81279325896296
-60.78435890119651
-60.82308680230174
-61.058408907775224
-60.910390475700645
-60.891925014298536
-60.92417960536891
-60.89515849434096
-61.03962374144587
-60.998664159199286
-60.97910857611689
-60.78726634691502
-60.92836797340163
-60.88953548464282
-60.80569754181237
-60.85430019682851
-60.80290721716552
-60.913778483867645
-60.806799685132916
-60.69830863948526
-60.73006420505458
-60.71660383713657
-60.601175955657304
-60.643279596649364
-60.777058070075924
-60.74596771289562
-60.67825640275561
-60.92659873797976
-60.969791558282125
-60.94975014801683
-61.113087390003535
-61.12734363099624
-60.89170287703646
-60.96307167719151
-60.826306998729706
-61.021156594671055
-60.84774711419796
-60.564173836132575
-60.831053968133595
-60.67265054275249
-60.66110452495772
-60.6554731952733
-60.84302757012433
-61.07621471429693
-61.0294000629721
-60.91638171056221
-60.81626189782702
-60.7817332025232
-60.77895096972071
-60.69592053109202
-60.87339099933361
-60.78211002308747
-60.67006476788685
-60.779750573224035
-61.12805747574773
-60.694789588451385
-60.62244372018452
-60.73245478909591
-60.42154323438118
-60.8047040074036
-60.77702215827745
