1212.4970741271973
978.6242517274002
883.426379417551
846.1427378325627
798.1827438617574
771.32467786197
752.2153030263967
742.7860186017792
722.5575759986351
703.3421142512354
695.8067146169728
681.6648496759349
669.6001369542089
662.8000235886409
652.5736246437862
638.6375177317652
628.1322493388735
625.3363013267517
615.5011870449987
609.3102224119779
595.3302073314272
590.601551697172
584.5011352670604
585.1146351222334
571.7494605327474
575.6228892392126
579.4304875998662
568.5837757176366
566.8946140881243
559.3892022823466
556.6124942056064
562.209152254565
570.8518551793592
550.0543382907736
552.1997441916631
541.4185624780326
539.1037604233314
544.0638266925154
539.0171281058213
534.6494684877067
540.5055651007027
541.2838194781336
540.4881463544123
528.5815820529543
522.7793951527826
523.9226465060793
526.2342404825933
521.3876403611282
523.975832741836
515.4472674008074
510.0833936395316
509.07026019589654
506.3956016014362
513.3272866545052
511.37652400444296
514.4679366637921
506.68873142373974
507.2214229846823
503.858507353684
503.3389581482986
499.0284852323861
505.6244114514055
501.05302330543253
494.3892774581909
499.16533425758627
495.5504695464825
499.17525368723375
494.6680173709475
488.0329114322005
493.1480488612734
485.19951787488213
484.1359048054136
486.0060060928608
485.1926268873544
482.7225026755497
482.1123394883912
480.04566981874666
484.5081844329834
482.9198726456741
485.2085955718468
484.33245027476346
478.96209389587926
478.27963789578143
479.23399047193857
476.6443604929694
472.88687375496175
476.7254378220131
477.4532479088882
472.61526709589464
466.7128052875913
463.74197055553566
469.8712248308905
467.8117804034003
466.8315416533371
463.54377332226983
465.23989082204884
457.78077280110324
460.90849320641877
463.40084271595396
469.74623780414976
459.70075858872514
463.7767485585706
458.5713054065047
458.3040155131241
454.79132030750145
453.98014445962576
463.00494330504847
453.75018364807653
453.4035624388991
449.2328423467176
452.96851689240026
455.8346457152531
451.5064892357793
450.9468928534409
454.79206711670446
449.32739266855964
452.630495367379
453.3298680042398
445.86522944220184
444.88832105439286
445.61858512615333
448.0163040407773
444.0440825922736
448.54023290502613
446.0498747661196
442.25303385175505
438.4271158843205
440.9386862968576
438.4937549706163
438.6643116638578
435.78323107752306
441.1505528154044
444.5462251038387
442.40865639982553
447.4136641601036
439.0868559541373
433.9782295227051
435.1082207087813
434.3819635489891
435.5084216594696
433.64938517274527
432.58902613870026
427.0680709049619
427.3936231382962
427.9860826031915
428.4569406838253
429.7449569866575
429.04865345461616
433.31013924500036
425.09317412869683
426.6284453622226
427.30136836808305
428.8752172322109
424.80874460318995
427.2787498605662
422.86523081516395
429.5850376096265
426.4466023938409
421.8008846989993
423.04527559773675
425.197349079724
424.01674827213947
420.6879128012164
417.6594296323842
418.75072161904694
418.6690453167619
414.42771616475335
418.3572834442402
419.9962962331443
416.8260812923826
414.4907883611219
417.8106183348031
422.5894498660647
413.48186866168317
418.70751888998626
414.4759593174375
412.7865777015686
413.5284440024146
411.7586907764961
412.7674188942745
412.66595974461785
411.20046614778454
411.63173465893186
410.4235789611422
409.3698513507843
408.5961118073299
409.3597042313937
408.6136145180669
409.1800308309752
403.1010637283325
401.6580877057437
405.17746529085883
407.2357696664744
407.04098144070855
402.58572344944395
404.2051490421953
403.907502511452
403.17587542533875
403.6908084277449
397.97694974932176
