-21.305394938536757
-26.05237385733374
-28.486236565071962
-29.741520585684942
-29.61069586975821
-30.467608217021514
-28.910918943840883
-27.688509514619565
-27.79730614505965
-32.18705163536401
-29.062417336579028
-27.904447939375352
-26.392939976063268
-27.60972205009954
-28.38488274761315
-29.580176806655423
-27.59369866293052
-26.890824522951554
-26.243720786838697
-26.506181977946184
-28.777521211011656
-26.83964558202645
-28.676587771752786
-29.183917603616056
-27.9773516418605
-28.89203086598166
-28.43278217007374
-26.93751384831708
-27.965062266793744
-28.145326295803333
-28.992082978117054
-27.060631747903496
-27.1611844568417
-27.03578646018587
-26.837560376216626
-27.398044717722925
-27.179939266936533
-28.072162947778043
-27.20197898046724
-25.769395522002515
-27.564061177187952
-28.343663442237624
-27.9027668638476
-27.375846564769745
-27.150885455567263
-26.09798038725195
-26.225311465818308
-26.221026952667483
-26.007443936734365
-26.91803560071978
-28.160296298306562
-27.853563200297028
-26.538455951830436
-26.925805952014596
-26.341807344864154
-26.28767898113563
-26.88004920040739
-27.654675563861584
-27.940626942905887
-27.997767963286105
-27.71058897725467
-27.119880229234695
-26.526675787465326
-25.808517532101995
-26.185816397954678
-26.723119506034358
-25.933058641080198
-25.70003344581045
-25.779820199670464
-26.239808768547814
-25.699746844583544
-25.101416383837833
-25.56990158095442
-25.624549886275982
-24.357214655341775
-25.64735816932958
-27.286411688759408
-25.029029730065115
-25.802955315544686
-26.452775911010544
-25.285505949423232
-24.9588910778021
-26.64745779695182
-26.730634316288192
-27.354151902527644
-29.234007806613526
-28.30544906649096
-26.47444016049648
-26.58615430881237
-27.92515289475178
-26.15323323268315
-25.751471536940542
-26.219507452742807
-26.807890164441076
-25.895956790138936
-26.12768178869938
-25.10165162744193
-26.800811745997134
-25.844431575002343
-25.56747377124326
-25.552501786371757
-26.044065133250992
-25.71900021053594
-26.42389491200447
-25.42785241891598
-26.201882048927505
-26.785716600459196
-25.88266611407543
-26.229251462837745
-28.815738264856666
-30.07102482842988
-29.188535939002858
-28.043256515058978
-27.32899622259469
-26.683996935856754
-26.283612441400003
-25.060177627308615
-26.48378369854442
-25.311539464983447
-26.631979518923266
-27.677892200905703
-26.308173068638506
-27.240461592016548
-26.636888429008682
-25.785750344395638
-26.024776849253424
-25.88881423812488
-25.220800873534433
-25.675582378588874
-25.506703487757978
-24.349545331864523
-26.865389961620856
-26.816108333653418
-25.488977513436613
-26.149762174178814
-25.955347671591003
-25.88893181959103
-26.080948324039063
-25.236667193215467
-25.615501967997385
-26.206424467522524
-26.260471946206586
-26.753098173388118
-26.19550740924375
-25.79475358847914
-25.713128763026205
-25.904162239411782
-26.75525815630781
-25.71945234105505
-27.65806935367913
-27.40046881396195
-27.17038149566486
-26.457758652752844
-25.933408737182617
-25.546157356993906
-26.00363353922449
-26.513023818361347
-25.575901182561086
-25.687283956799014
-25.553657916085474
-25.733973165010585
-25.58139453982485
-25.360171519476793
-25.55172253271629
-25.675543069839478
-25.64110363762954
-24.751549287088984
-25.199011377219495
-26.267565866996502
-24.894117584516263
-25.73790567291194
-24.762368126162166
-25.98375170909125
-24.514419566968392
-26.360444309382604
-25.15902219969651
-26.167765903061834
-26.274831119282492
-25.136259933997845
-25.249342983138973
-26.43758793740437
-25.169423117206016
-25.085306596653215
-25.872983010678457
-26.502871445540723
-25.95420725386718
-26.462723952429048
-26.420702477981305
-25.90042815126222
-25.75698439879664
-25.487072905075962
-26.347577110446732
-25.365392877110118
-25.617776832190053
-25.457981396851867
-26.02768751259508
-26.114381176644358
-25.95759878076356
-25.310675596368725
-24.39028124973692
