176.84480140949117
157.67351867001634
159.20017139665012
153.42472441032015
149.5256194924486
155.72449624538422
155.97111404353174
154.40185730621732
152.84142465015938
149.04394324483542
142.70969014743278
147.5022817850113
149.2649462921866
147.2693484898271
145.75558500043277
143.99384664667065
143.9601229799205
148.95492871054287
149.96976742662233
146.6429146199391
148.20241573761248
145.72280699014664
142.81448285333042
137.2063286304474
144.2470401936564
144.99665728108636
141.8017943727559
145.56024596197852
140.91404901907362
142.54577872465396
139.22503463153183
143.25691551175612
142.59111767801744
139.9263886418836
141.51154531692637
135.95103075997582
147.51568562408974
142.29707055256284
141.11563642271634
142.5972218965662
141.8530071480521
149.38702424641312
142.2329762413584
139.5939572515159
141.10169804507288
137.36402344703674
137.05744231980424
142.10979476879382
139.5064664256984
147.77415791873275
144.33102598478055
140.31904807995105
136.5474294547377
138.91953301018683
143.3568694468202
142.3518624223512
140.57756214922873
136.09839660545876
136.38812370958
136.37172851891353
141.45748722553253
142.52679430616314
134.45460682490776
140.07114687459222
144.2233973905958
142.50717290927625
140.53964817935022
135.92401492595673
137.79968190193176
134.8433378852647
132.14593093970726
136.3723298023487
135.83866521202285
139.30090922733834
134.1027489325096
132.96006623629867
138.4263553516618
138.7796811934175
138.12708439087046
142.66213588056894
137.4103317445722
143.48267035237674
136.0028356025959
148.18684239634152
140.7687553783943
138.911800770924
130.98496901577917
135.5022016681474
135.1133818133124
139.68739099338137
139.93103606125405
138.3439857178721
136.20534687823263
138.82927514766826
141.31500391302438
139.90240919589996
141.19368042205943
132.0146299518388
146.22815485041718
135.71225009704457
138.20834721779002
126.20627083860595
140.90801264910863
136.73779378677236
133.6143758523053
139.21251887288588
136.12108200994032
135.55610389956112
138.1925871125583
139.10291259453214
138.24344801491705
139.65303777826244
135.6492700371249
137.5260532971086
140.79496265690904
140.77917812610494
141.9132772848524
138.3654606301209
132.69080349083603
134.938554640474
137.8015829879662
143.75537146782054
138.87914921908543
137.33797335624695
140.1962162009601
140.15820052294896
138.7123909695395
139.9479400947176
144.83406482893844
138.1718052872296
133.04061572099553
134.5710483419484
136.11864552004585
137.33872669729692
138.96667331251604
138.23219781497428
137.96423649993437
133.06891403527095
135.32541204526507
132.25060967741342
135.61066902094873
138.68918538504633
140.72363452664737
134.76502230660668
139.49088053045602
141.72470199239666
137.47164528123264
136.41362248618026
133.77491702293528
142.38894341320827
135.81021541562575
137.79466411574134
132.40442316902096
133.23644275500857
135.91988981181177
136.1584171344494
133.39273910686887
138.1037148031695
135.4198920911756
142.1444912388407
138.01502935228677
138.29375775107022
134.6191856902221
136.20195831101518
134.95818954911726
133.27828482101702
132.91269864296092
130.95095802175587
137.50460505485535
141.99336428888913
131.0763054264003
134.40547008349978
133.70612342604275
132.2585017064522
132.41768255315978
134.6010584584598
135.57524345249965
140.59074470092511
132.68342039913966
141.5056715545983
135.37794160842896
141.6143199431485
140.52531929262753
135.39083659648895
135.77736129842955
137.0395130412332
131.39805108925393
138.60832842876172
133.99690090171222
135.9077781849894
133.61984529371918
135.60296496851691
130.32581964032403
136.51565777844397
128.3867553472519
137.18973527283504
137.8716296368632
134.34186098904445
144.9371216441023
131.56923143617038
