-40.9389604828481
-52.77551450811583
-54.14943570823505
-54.93320174258331
-55.056281957133066
-55.2634076722737
-55.31548297919076
-55.2054283464777
-55.496409198333474
-55.384633976837684
-55.39958440640877
-56.098713343513424
-55.82232056815049
-56.20942903284369
-56.55518463767808
-56.797160965615305
-56.8279772370026
-56.48370322379573
-57.00600889633442
-57.45275312251058
-57.54702653350501
-57.6121382250868
-57.34741140645126
-57.28505814897603
-57.218994413984234
-57.47854849798926
-58.2780524882777
-58.06736348004177
-57.856056801204026
-58.27549654861976
-58.03765299402434
-58.06894857719027
-57.97305411716987
-58.134972751140594
-58.489417451209036
-58.382177477252895
-58.81122534542248
-58.75975180905441
-58.835933136528936
-58.79152111143902
-58.87080036360642
-58.95845748843818
-59.08527786258993
-59.159662974291834
-59.491869550326776
-59.52903002295001
-59.50777858495712
-59.61636658886383
-59.58958042079005
-59.85578425177212
-59.90031814677962
-59.99224348931477
-60.051920021402424
-60.2881786052523
-60.12478632248681
-60.32347087819001
-60.47931452660725
-60.49829690312517
-60.408812494113526
-60.13137080546083
-60.41436264227177
-60.6812424721389
-60.78878349271314
-60.87297593930672
-60.447343274437145
-60.93895650732106
-61.2181862078864
-60.97874784366838
-60.997199625804505
-60.93910941276057
-60.71663347400468
-60.70708300327433
-60.844076830765296
-60.56853306601788
-60.81885324367161
-60.8233861368278
-60.76564343530556
-60.954504880411875
-61.00385690763079
-61.21935975346072
-61.223707283365314
-61.02361808357568
-60.95348772098278
-60.92075733583549
-61.054481489904994
-60.86062177193576
-61.02786031468161
-61.029792062167466
-61.092513213897575
-61.1628847348279
-60.972614181452784
-61.362257691292925
-61.3318920104668
-61.331934119093006
-61.337952973513765
-61.33703853241329
-61.33677598936804
-61.62764817887339
-61.71501239620406
-61.613568828023716
-61.63882035839146
-61.56107687950134
-61.341449934860755
-61.25667637175527
-61.436996157827046
-61.32547820642077
-61.39571896503712
-61.481265082441524
-61.45722998832834
-61.539517715059475
-61.39605879680864
-61.408256678745666
-61.518385261297226
-61.67780315670474
-61.523146315895275
-61.47014029580971
-61.39883745538777
-61.50584393945233
-61.56849895469074
-61.56204631924629
-61.47247264405777
-61.62423876441758
-61.520699858665466
-61.52389487726935
-61.49640838647711
-61.25570278948751
-61.109059555777186
-61.46318491060158
-61.84505051066135
-61.83820288551265
-61.70424828652678
-61.77256519424504
-61.80849930541269
-61.94425242933734
-61.96077364683151
-61.74905383278583
-61.96887409687042
-62.134673998273655
-62.05630651116371
-61.987259593503225
-61.86361726604659
-61.964621856294826
-62.0095134881036
-61.94235931388263
-61.94098557274917
-61.85691254303373
-61.75148619865549
-61.76372232930414
-61.78961549236857
-61.887243383917315
-62.01415652036667
-61.72107925702785
-61.80858932897962
-61.5781977094453
-61.64140248606945
-61.47811765917416
-61.51857017032032
-61.72644241308344
-61.835260076769465
-62.021850859296734
-61.970262046517995
-61.9075548504961
-61.82355260848999
-61.96794480701973
-61.89172637051549
-61.72855473181297
-61.82702301494007
-61.853481416044566
-62.0606722132913
-62.15844620712872
-61.94698249266065
-61.881639562804125
-61.81640964952008
-61.80741572380066
-61.87759325935923
-62.03403774623213
-62.222788546619746
-62.18184356134513
-62.235189412174556
-61.91660667287892
-61.957264768666235
-62.016625957242375
-62.077467568989455
-61.971587641485804
-62.23208017595883
-62.13559972828832
-62.167487049924915
-62.35233914852142
-62.196583476559866
-62.236694607241404
-62.26872191757992
-62.220771871764086
-62.25049420574616
-62.09500309413877
-61.97788623591949
-62.16860598736796
-62.11065519472648
-61.91288145246177
-62.01185777783394
-61.94426661113213
