36.084760819015834
15.36844243802901
13.317196668222033
11.586582323600506
10.700842513606466
9.797343763041086
9.20020823900042
8.481645255253232
7.99333039645491
7.523992152691915
7.185946383352937
6.654833389253452
6.666327607272001
6.1536715017824335
5.937113562791512
5.876685699255302
5.720472473265795
5.526860126390539
5.344561951684541
5.234435443092009
4.962567890897907
4.766511828734957
4.538770030670125
4.5485542489793795
4.464043126923257
4.3371326530288
4.2895354637555005
4.1350193416764
4.066324762743095
3.9430017296610207
3.819303916959927
3.7567992826345664
3.775680890499518
3.6655027887559144
3.605299980154839
3.5770535099095313
3.590099456752169
3.6212688150077033
3.6115327503146797
3.511042807122757
3.433414217470021
3.4820626753157584
3.5453372740283093
3.4043528584056886
3.475469508754282
3.399118638372627
3.39069548300628
3.46101591080941
3.4218174675158384
3.355527050793171
3.3207997183861404
3.291078908433174
3.3029975220561028
3.2371495181116563
3.3254740816251984
3.178973672590379
3.1898902914133567
3.1345943001837564
3.0845374224771716
2.9842115233427493
2.9417366616684815
3.020533079152991
2.9289380201491815
2.843245269923375
2.8301539591931064
2.8907080864341093
2.8031947168296782
2.796997371547181
2.7253431586612917
2.7163122696480873
2.716317616146186
2.6692518347810053
2.6306752421218773
2.5799911082561673
2.591907884026396
2.5973737686872482
2.517768462541802
2.5528303739325753
2.529428519693942
2.499894310367005
2.4827726519313353
2.4695299758479514
2.4441694110503485
2.4316184847005484
2.4193666062221446
2.4103107528182965
2.398436234942798
2.426754399299108
2.367325235607809
2.3576029054178247
2.3274553396321576
2.3299244214491597
2.317421095895356
2.272653619277066
2.316507572372412
2.2709280667376928
2.3273680249293305
2.2368285368871073
2.2721020262046108
2.25239789440971
2.240343631534227
2.210398744277913
2.256846251608483
2.210283757733374
2.1747058079545867
2.148772609002631
2.159111048191272
2.1096689435813962
2.1351901540083102
2.093418170794331
2.0675575783283544
2.0561508099580634
2.043173040038553
2.0407792792238038
2.02508852528087
2.006061046673306
1.9935025746837771
1.981108185289235
2.0077946252863983
1.9848229937769215
1.9529375290048534
1.9405540587573216
1.9641321162725318
1.90388006839002
1.9126180928072025
1.9238397516310215
1.9190076457272316
1.931585794764346
1.8998530968252956
1.8927756000053266
1.8292415703743183
1.844222409393767
1.86319780009317
1.829135865069412
1.8548740559610828
1.8468100607780547
1.8172115869820118
1.8179165794160859
1.8041308298707008
1.7928841872590369
1.7872418795937095
1.80899584704432
1.8024406815911163
1.7862198532655322
1.7486116678357637
1.8065247944845209
1.824107861660164
1.8041897033951406
1.7337457139430374
1.7471150141851655
1.7466412396651918
1.7335065709234312
1.733212974083064
1.773853882665521
1.7580792444019482
1.7387405075453992
1.7533833443604667
1.709967796915564
1.7339429522960865
1.7052515852104486
1.7026393874066656
1.6989976773359652
1.7120152573133338
1.705007403125537
1.6780214089386423
1.6860337264771605
1.6735886027073037
1.6677501773269012
1.6691206737646256
1.6745186392217875
1.664555961490962
1.6395837957167934
1.6396184140366727
1.6493270481326456
1.6299013719283815
1.635222666350932
1.6464072340649778
1.6447004052200194
1.6023110746052758
1.6121796654730007
1.629851450051727
1.5951112622459387
1.5892852679023455
1.6133782693409715
1.59508892646509
1.5742434619701113
1.5743742839529598
1.5751089542975714
1.5666725984613956
1.5488387461237867
1.5758249301399136
1.5487974121973946
1.54087139065538
1.556016855616251
1.5415741942566017
1.5266961120069027
1.5264759363670801
1.5367834624866474
1.5365291130568446
1.5360645630300558
