4258.949057388306
3952.6174368540446
3988.3834422429404
3929.4353843688964
3716.1578726450603
3876.3128480275473
3923.59660059611
3806.1389371871946
3791.3780234018964
3760.182544072469
3894.5074706395467
3627.476252746582
3647.881532096863
3670.643906656901
3525.911567560832
3706.4184188842773
3713.938016573588
3733.6453731536867
3616.9315621693927
3657.52539100647
3527.442151260376
3459.1920992533364
3517.6877688090008
3614.942675336202
3601.678492418925
3596.9504158020018
3519.089278157552
3659.8732948303223
3529.4989487330117
3524.894563039144
3469.9817033131917
3504.39602209727
3567.636492284139
3581.314418156942
3522.204487546285
3385.91528116862
3415.734210205078
3511.7565912882487
3667.9658255259196
3364.773285675049
3558.3950794219973
3499.8150802612304
3444.715053621928
3542.6140797932944
3644.9928011576335
3577.1999661763507
3626.105938212077
3468.6970342000327
3411.3364329020183
3484.7850540161135
3505.494697825114
3367.0954418818155
3491.062814203898
3557.7633674621584
3460.9622353871664
3486.650709279378
3556.1068636576333
3464.837708346049
3391.0046223958334
3515.986538251241
3558.9265290578205
3343.8225323994952
3433.2466606140138
3535.0387870788572
3238.3161663691203
3376.717901420593
3381.1722742080688
3541.403685887655
3435.808360862732
3486.1134456634522
3327.4835690816244
3531.7246639251707
3381.427210235596
3403.1933073679606
3476.176610692342
3398.0137016296385
3601.4452220916746
3321.0255292256675
3561.308946100871
3414.020541826884
3504.4315101623533
3379.0258885701496
3479.2393505096434
3510.829115041097
3492.961736170451
3259.898160807292
3371.9180372873943
3486.152305730184
3419.4560486475625
3427.130160268148
3361.4562260945636
3574.94237798055
3204.058839035034
3415.256771278381
3302.1152777989705
3384.5418949127197
3330.750958887736
3371.353476079305
3419.428757858276
3391.5402031580606
3353.9008651733398
3279.7520801544188
3447.6553728739423
3473.3642380396527
3397.787251663208
3463.6130575815837
3459.791567993164
3373.705299758911
3530.2157096862793
3363.592609914144
3532.0611539840697
3350.546512730916
3170.3776823679605
3371.388729095459
3355.063488896688
3433.7757508595782
3331.274903488159
3459.318241628011
3307.8039025624594
3294.4874654134114
3486.836483891805
3484.479457537333
3436.843702061971
3359.6176291147867
3454.1955160776774
3288.768364842733
3315.015590922038
3375.7437464396157
3378.460056177775
3221.9713192621866
3396.1217263539634
3452.779568608602
3458.1607163747153
3372.442714691162
3391.6194896698
3367.292388280233
3436.422931098938
3355.0414189656576
3320.370548693339
3216.1774792353312
3283.547521336873
3530.5801586151124
3580.3086800893147
3341.0843784332274
3385.1281377156574
3428.3893511454266
3400.7149663289388
3493.599716949463
3457.3558399200438
3375.8645459493
3324.0079893747966
3481.3054962793985
3335.05807056427
3473.9918581644692
3410.1709551493327
3410.7609972635905
3431.1736443201703
3271.987450536092
3337.38368250529
3223.7730807622274
3347.593143717448
3441.5186577479044
3533.0434916178388
3311.477955754598
3373.756959406535
3319.088553873698
3428.652924219767
3401.883588663737
3334.183824221293
3407.5080576578775
3468.928319040934
3353.321828842163
3427.310645421346
3472.9972244262694
3257.259532610575
3326.6414783477785
3292.3845509211224
3376.7033701578775
3267.648180516561
3250.181688117981
3423.450802612305
3415.108520380656
3299.9974135080975
3396.167924753825
3474.0995409647626
3509.4675066630048
3298.0230045954386
3258.3239665985107
3269.8630423227946
3355.6415519714355
3474.028942680359
3396.3503547032674
3302.6416767120363
3433.442555745443
3257.7199812571207
3428.9553915023803
3417.792823791504
3237.632346725464
3249.887971496582
3283.837351989746
