-54.649256121495675
-59.38780847500111
-60.382974562973814
-60.071914050085795
-59.76890045404434
-60.96302863030598
-61.226816315075446
-60.98524114592322
-60.57539961666897
-61.42510989924957
-61.06326058815266
-61.33352038983641
-61.46799857554765
-62.07384316571827
-61.764696770700915
-61.6561000696544
-61.63332731353825
-61.71367503754024
-62.2444060958665
-61.92319429640112
-62.17064865498707
-61.68100843039052
-62.2107493538281
-61.974102865005364
-61.99931703559284
-62.297201094956236
-62.02806035711848
-61.60836518324655
-61.65539870488232
-62.12603113260762
-62.32748236430103
-62.012979560884936
-62.226802825927734
-62.28374008166379
-62.4118185834638
-62.43365160144609
-62.23672143960821
-62.292701392338195
-62.051548275454294
-62.468481561233254
-62.20209435347853
-62.391674784750776
-62.32544446402583
-62.40421506659738
-62.26016412007397
-62.307744804127466
-62.28147161623527
-62.08401974521834
-62.25468365693914
-62.23478398446379
-62.43269583891178
-62.33866301384465
-62.10608703925692
-62.240261135430174
-62.50404222566506
-62.28411354484229
-62.30240281285911
-62.22729200535807
-62.331597040439476
-62.094174554635735
-62.53894880105709
-62.44924278608684
-62.338166723991264
-62.08608171241037
-62.17945487334811
-61.547748369389566
-62.220639634748984
-62.39467454573204
-62.08445304323887
-62.21425749412899
-61.986654590943765
-62.0778766068919
-62.07763198018074
-62.301441379662215
-62.051798773222956
-62.19686182511264
-62.115583660273714
-62.35015868935092
-62.38988872026575
-62.17880502137645
-62.481174481326136
-62.63703321177384
-62.67358153236324
-62.60164323346368
-62.518120979440624
-62.72262113053223
-62.61732223527185
-62.7435420648805
-62.789602587962975
-62.82356080515631
-62.869519371410895
-62.37393279527796
-62.560188305789026
-62.521761364977934
-62.27056481509373
-62.6243784848986
-62.410608129254705
-62.722362236729985
-62.70423616006457
-62.69707547796184
-62.48261225840141
-62.63645547628403
-62.49180616798072
-62.250322931799396
-62.18182651544439
-62.50123739037021
-62.396527750738734
-62.63301566551472
-62.565106706372625
-62.620371641783876
-62.78714624663879
-62.88095635586772
-62.73068508608588
-62.8158097842644
-62.95570633431961
-62.93826356427423
-62.87665105071561
-62.8109156253009
-62.83059953821117
-62.75128501859204
-62.7247631282642
-62.72639278605067
-62.6382685272858
-62.91079235076904
-62.82842800123938
-62.70142874943799
-62.68025050081056
-62.69635047378211
-62.71281401247814
-62.60918494750713
-62.509993450394994
-62.560316852454484
-62.50645859282592
-62.488143830463805
-62.32368775071769
-62.48596180821287
-62.75383609122243
-62.73289921160402
-62.21797714356718
-62.37853559337813
-62.72711883125634
-62.69742300181553
-62.5712648177969
-62.743033236470716
-62.68591731375661
-62.489005670465275
-62.56863847683216
-62.37540262937546
-62.6395947933197
-62.69208616840428
-62.54099373673571
-62.54180759705346
-62.61195621202732
-62.64712308809675
-62.51116997106322
-62.47364812986604
-62.41144051942332
-62.452469768195314
-62.52379877916698
-62.41604954312588
-62.27813231945038
-62.21164860396549
-62.04851404346269
-62.079490268024905
-62.071371104182866
-61.960568775390755
-61.71148404581793
-61.57647116225341
-61.66986313359491
-62.03968733960185
-61.96725115899382
-62.17569762982171
-61.758394474613254
-61.54596779264253
-61.594837749826496
-62.12356956868336
-62.25178455689858
-62.56430827132587
-62.25288166259897
-62.14734199643135
-62.036698655835515
-62.01024003686576
-61.77988054423496
-61.6272451024631
-61.71774845493251
-61.14036074177972
-61.74257307319805
-61.64040195736392
-61.843038208525755
-61.7816472320721
-61.870065475332325
-62.00164139990149
-62.06780532927349
-62.02888941353765
-62.041514178802224
-62.32154487124805
-62.408077988131296
-62.111579015337185
-62.3360242720308
-61.87432121100097
