-22.706162891896636
-27.31321052950004
-27.57980045162398
-30.04645943847196
-29.63383785917841
-29.817746568856567
-31.190496208338903
-28.604039549827576
-28.066412924178714
-27.687835200079554
-25.753143261732728
-25.76254262595341
-25.787697811578884
-25.59740571729068
-24.82011592850603
-25.977233656521502
-26.72822895954395
-25.609613087670557
-25.765271990463653
-24.177108680379803
-25.9161409632913
-25.435819102258517
-25.79671132770078
-25.912545117324797
-24.947605981908996
-25.91100699428854
-25.992954416521663
-26.61862387122779
-26.05003064459768
-26.15333218410097
-26.324956258823132
-26.323997046413094
-27.142120763145645
-27.833236427656537
-27.4046885926148
-26.373029075306036
-26.395526859780837
-25.122390726516986
-25.535857306472188
-25.990666222983393
-25.87978231444441
-24.720582949704138
-25.254276481681856
-25.20203789863093
-25.241872493563026
-24.967674615054296
-26.540956834266925
-24.887226227028616
-24.750420622784517
-26.92445894048132
-25.034641846500595
-26.519821629442017
-26.26973688396914
-26.287758366814977
-25.634873286403458
-25.844453709906546
-26.254175706156367
-25.184311061069884
-25.41876213047011
-25.575869853640423
-26.404277006099964
-26.25152269108542
-25.288067578755577
-25.993313480553955
-26.156199981940205
-24.53724921674564
-24.983100177912878
-25.42915781099221
-25.01897103776192
-26.210394371172477
-25.356525930351225
-24.64432301192448
-25.361474639382855
-25.844648921798015
-25.886390401371592
-26.099862296005774
-25.319900285581063
-26.244310576340247
-25.825553847797984
-25.67085603496124
-25.9529527364106
-26.102100586069042
-25.525049939237793
-25.503800342822895
-25.213035011599803
-24.836780311218625
-25.799469760779676
-25.177948339745917
-25.98979512370866
-25.75206878884085
-26.27183182588939
-25.81208302388931
-26.498255424458407
-25.704185778724735
-25.087235847423816
-26.367006576780614
-25.387361590204566
-25.515816434704025
-25.848405447499506
-25.615145737754887
-25.51722562826913
-24.883042941833363
-25.596925247332145
-24.751198636560606
-25.824584014456846
-25.044779866933823
-26.01112725816924
-26.1038247439368
-25.240344939560725
-26.091540915185007
-25.02619868825222
-25.900126576423645
-24.954383476027125
-25.16058328696366
-25.516412426685466
-25.250065822025825
-25.327779829502106
-25.34367795031646
-25.437221436664977
-26.297430989043466
-25.60090280144379
-26.551498446998924
-25.37452843476986
-26.356091960750778
-25.260720781211194
-26.83892847905899
-26.01690109587949
-26.135239501451625
-25.69423524983998
-25.607671013166165
-25.880204605131315
-25.991775578979787
-25.899865973098525
-26.222708119400615
-25.845144261573925
-25.668370658467556
-26.54907726727683
-25.715214839783208
-25.58620399853279
-25.34775459612238
-25.371167154661542
-25.69866673083141
-26.512147755972272
-25.607697997627586
-24.35438774166436
-25.925581708550453
-24.25513767733656
-25.486687152036303
-25.42222918313125
-25.514256260261455
-25.74719917363134
-25.679629429147163
-26.352914146822073
-26.248432476972713
-26.749850096887556
-25.28502276128736
-25.71236614214963
-25.871179879739366
-25.141250473671946
-24.68466740230034
-24.654303974118726
-26.00295805725558
-24.965510125817925
-25.476242752938436
-26.220207231825796
-25.764115025771076
-25.48377163040227
-26.234948126406504
-25.991478043383566
-26.00158816884304
-26.297528940028158
-26.614831872027494
-24.912623478420848
-25.76675264948401
-24.748310694406772
-26.29847176373005
-25.94582124773798
-25.611867355889288
-24.92831999423175
-26.107877730295577
-25.474919378243644
-25.326517524390386
-25.377218876419395
-27.343980535350997
-24.944875559930143
-24.83234617114067
-26.31814305638445
-26.304522779481164
-25.34216261886317
-25.913231978128696
-25.648927524172027
-25.53172754110961
-25.572901916914972
-25.269009689832554
-24.604238228551274
-26.200963698070623
-25.654147478013204
-25.934935909406892
-24.776622435142254
-25.653356205286652
