-169.86634267965954
-224.20704082647958
-222.94631552696228
-225.54130415121713
-224.67668525377908
-228.42105321089426
-224.67685823837917
-231.35048444271087
-232.4923189719518
-233.28423518339793
-232.2399821917216
-231.81018945376078
-226.04022744496663
-226.4460485378901
-230.82696298758188
-231.03829939365386
-233.54087619781495
-230.1375648657481
-235.333325445652
-232.94264492591222
-231.0411326567332
-235.39657304286956
-238.26528049707412
-238.61102584997812
-236.36723498503366
-234.96927969058353
-229.77081917126972
-231.70033183495204
-233.33719472885133
-233.89112204710642
-236.96627506017686
-238.89133497079214
-237.5626862446467
-234.84342745145162
-236.33607838153839
-237.27867921590806
-238.74897385438283
-236.3935394803683
-237.26834824879964
-236.6176885843277
-235.9465313911438
-238.86450237433115
-238.70225338141123
-239.2257150967916
-235.7685379187266
-236.7548688729604
-234.1628609339396
-236.19939683675767
-238.71830398241678
-239.4047443787257
-237.93258527119954
-238.84214294751484
-239.00087169011434
-232.69880658785502
-235.4828414360682
-238.51439241568247
-230.90954430898032
-233.96367148558298
-238.08269966840743
-240.52206485271455
-235.00737223625183
-233.00535457134248
-235.23982895215352
-235.5332803805669
-236.6415180683136
-239.37784951527914
-240.56459723711015
-239.5896042029063
-238.59937287966412
-238.73444790840148
-238.81012415885925
-235.28557538191478
-238.11683417956036
-239.44198514620464
-232.81995205084482
-235.94131266276042
-236.47233869234722
-238.2571019967397
-238.05482947826385
-239.6206336100896
-239.32520713011425
-240.772771803538
-240.73311429818472
-241.28577049970627
-242.1006226460139
-240.7200671752294
-240.01909260749818
-240.10859382947285
-240.7901215116183
-239.1649923443794
-237.45062091350556
-239.88733745416005
-241.23951191504796
-240.18404298623403
-239.2687774260839
-240.2224086682002
-241.1783309618632
-242.11214772462844
-241.91576486825943
-241.9658809741338
-241.2896177371343
-240.36526439984638
-239.2758450984955
-239.6148953040441
-239.24898904164633
-240.2375463763873
-241.68661809762318
-240.9066440343857
-239.95406997203827
-240.16614219745
-240.38951681852342
-240.6251043399175
-239.61976757446925
-241.121630748113
-240.91860846678415
-240.8421794096629
-240.48143145243327
-240.51472758054734
-239.62621452411017
-237.156933148702
-239.64326631625494
-240.87765619357427
-241.8830045223236
-242.3457501490911
-241.44094417889912
-241.56177877585094
-242.26816720167795
-242.44467918078104
-242.5215627034505
-241.26872888803481
-240.77085648377735
-242.02316716909408
-241.75608716011047
-237.8490438858668
-237.24478279749553
-236.29964849154155
-234.92666389147442
-237.48826709588369
-238.81521056493122
-241.0409743944804
-240.38051557938257
-239.14575847784678
-239.90121638774872
-237.31687583128613
-238.64381833871207
-240.34369339942933
-241.4163661956787
-241.5828351020813
-241.60493222872415
-241.40101224184036
-242.6285630305608
-243.1012798468272
-243.08871773084005
-242.0541266798973
-241.83828551769255
-239.92106544971466
-239.38627865314484
-237.58589723904927
-240.78559840520222
-242.97996822595596
-243.16558980147045
-243.1445565144221
-243.12682580947876
-243.3026258945465
-243.78126541376113
-243.66768494447072
-243.92717564503351
-243.12897664308548
-243.14594220320384
-243.7285033861796
-242.9622450431188
-242.1741516550382
-241.34734788338343
-242.25562861760457
-242.2058129588763
-243.41195962429046
-242.16120735406875
-241.19344129562378
-241.7947893222173
-242.67399311860402
-242.89790237744648
-242.18475569883984
-242.9780979792277
-240.70401320060094
-241.13859952290852
-242.56219276984532
-241.5507646282514
-241.18637567361196
-241.72523681322733
-242.79753677845002
-241.11867134571077
-240.51142496267954
-241.67976775566737
-242.87974883715313
-243.2662123044332
-243.85780991713207
-242.975937350591
-242.23786209424335
-242.38391389846802
-242.07185206413268
