631.0913977066676
529.5378818511963
483.80451079209644
461.2922513167063
441.106639178594
423.2821236054103
412.65638497670494
400.30157117446265
391.38188336292905
385.3229905088743
379.8437752962112
374.0407860438029
367.1699460109075
361.49522499640784
358.73564976851145
356.3384355346362
354.6209777832031
349.05762426455817
347.3447334249814
343.6822641968727
339.02953068415326
337.5697877128919
335.8771521449089
336.3318511803945
331.14192716677985
329.94026273091634
331.55216675599416
327.51510542233785
325.34766293764113
327.4570769151052
325.4724497358004
323.5014180143674
319.30171353022257
320.4556206623713
321.80376194318137
321.32619458436966
318.630807975928
315.28538782199223
314.52969244917233
314.5747033615907
314.9864892959595
313.445410545667
312.596239588658
313.21853169401487
312.485212546587
312.22063034176824
308.0405660311381
310.80469607710836
305.93682539463043
307.21448501149814
306.8203301091989
305.9571868101756
306.27898086508117
304.73800942699114
308.3444285770257
305.36832103331886
306.0788061618805
306.5906466523806
301.94980198542277
305.3640685697397
303.26045056581495
302.0935519695282
300.1049920817216
299.944938292106
300.9860559046268
298.8019915322463
299.2099916875362
300.0702989677588
299.7368411064148
301.25634789069494
299.3600781500339
299.5659945368767
297.7339308877786
300.5071480592092
298.6922159095605
298.7632128059864
296.0116008957227
296.6103332221508
296.4515209456285
296.1081201970577
297.41620421012243
293.67975217302643
293.8186948021253
294.53629094560944
293.2086818496386
294.28264655073485
295.68472435474393
293.3200988392035
293.83668267528213
292.8637993256251
296.9771607637405
293.5462723771731
293.6394372820854
293.2626781821251
295.38975939750674
292.25995427767435
292.3500323832035
290.1279012878736
293.86918330788615
291.14253577391304
289.25832822124164
289.96883091529213
288.2785811662674
291.8039224823316
293.1073938349883
291.0457630554835
291.06754918893176
289.1707879741987
289.6145668486754
288.304972700278
288.13254898190496
289.528879459699
288.6831190009912
287.85403312246007
286.2415742735068
289.1741919636726
288.48422286113106
288.5661288758119
287.8270666003227
289.6830719769001
288.2451558013757
286.95013728936516
288.9027061720689
287.0494576334953
284.3993520577749
286.52044622898103
284.80576639970144
286.42941905260085
287.3496522943179
285.26403709053994
284.99900189240776
284.30070478320124
287.29174383878706
283.90562147895497
286.31163984537125
284.7902768154939
285.0033695042133
282.3544019460678
284.45277484059335
283.03169089158376
283.7796725769838
284.6457955857118
284.68908524513245
283.7343362748623
284.70113017757734
284.81613581180574
282.82373793522515
282.42354171872137
283.7083231369654
283.11130477190017
283.8906049847603
281.0148926595847
281.0436687926451
283.94075409372647
283.7604577799638
282.9088726600011
283.9135099291801
281.51237291296326
282.51037838856377
281.0482695817947
283.4358702858289
280.56420433918635
279.17588472366333
281.3142480413119
282.39737511873244
280.8088209470113
282.1847425063451
281.5088350494703
280.8951117793719
279.78809031446775
281.2150033215682
278.92628872195877
280.59074948628745
279.50950297514595
279.7830094774564
279.8063889841239
281.02767298022906
283.18816298246384
283.973480117321
281.0354530433814
279.442317010959
280.87376099824905
279.8558608273665
281.54795132080716
278.5717997262875
279.22327814896903
277.4635369241238
279.23867468237876
279.1686752875646
280.22867670456566
282.386948488156
280.0270321806272
279.50339340567587
279.0088978032271
278.83106329639753
280.7645948429902
280.0934689680735
278.60634586413704
277.8175265530745
277.20479875206945
