72.61396300594012
42.382320739825566
33.26718902389209
28.97230116625627
26.757871717214584
24.045907570421697
22.255495411654312
21.351376422246297
19.756128784020742
18.617191729942956
17.969990325470764
16.9775316764911
16.22890413602193
15.793444535136222
15.20935194392999
14.564258155226707
14.200753844777743
13.63789359529813
13.218578407665094
12.768389968325694
12.424192116657894
12.09290198336045
11.707257677117983
11.537416206300259
11.335355325539906
10.9623415072759
10.766390729447206
10.677512337019046
10.20863390614589
10.213208781431119
9.976219495385886
9.763381738464037
9.730674535532792
9.341394033034643
9.214976899822553
9.119635239740212
9.025030156721671
8.773750604937474
8.700849889218807
8.65036737844348
8.44066346262892
8.419672256708145
8.320951223373413
8.178733653326828
8.156343685090542
8.039478406310081
8.01978454987208
7.878998754918575
7.725980907430252
7.665602291623752
7.682072394589583
7.3312868706882
7.343756927549839
7.317506251484156
7.43151226590077
7.194152820110321
7.167767680684725
7.080620443075896
7.233912382026514
7.0709329108397165
7.02041323731343
6.931662593533596
6.749279274046421
6.716430768370628
6.627881366759539
6.626589186489582
6.638884927084049
6.505393096059561
6.511581656833489
6.5971211212376755
6.43287290285031
6.454681038359801
6.3484752766788
6.389265783131123
6.184707084049781
6.181262910614411
6.266452194253604
6.106659559160471
5.9791358033816016
6.08474427908659
5.929679466784
5.975469166040421
5.939475903908412
6.0359052141507465
5.948984148601691
5.846219492455323
5.875770283738772
5.6936376313368475
5.665412498513858
5.66503777106603
5.650513709584872
5.713549513121446
5.637563241273165
5.659199798231324
5.620825916156173
5.558210098743439
5.634532402207454
5.494669339060783
5.477070227762064
5.534978564580282
5.393409822881222
5.417368352909883
5.348896799981594
5.29149471372366
5.277991510927677
5.273941509177288
5.412629706660907
5.315296147018671
5.320235772927602
5.2776648712654906
5.417414568612973
5.204926194250584
5.195936226968964
5.129511631031831
5.143645811577638
5.108081818247835
5.117431345582008
5.119044269124667
5.044134341925383
5.033916881059607
5.172282335907221
4.986307814717293
4.957917626698812
4.99286573206385
4.942373983065287
4.919569989045461
4.868822757154703
4.917441118508577
4.846586511035761
4.863474700599909
4.8064897615462545
4.869528574496508
4.9268385464946425
4.769505081201593
4.857159009824197
4.777839382613698
4.770247470214963
4.740802140161395
4.6815802998840805
4.725100596497456
4.642542564372222
4.699556144202749
4.668153958022595
4.663617294530074
4.6382194170107445
4.600549824784199
4.650274929900964
4.568391982962688
4.624929627900323
4.615695361544689
4.639446811253825
4.6265604193011916
4.58131150106589
4.51123364691933
4.5109621128688255
4.463758519291877
4.49806582480669
4.512031993394097
4.705131399258971
4.507288514574369
4.493874422460794
4.419756637513638
4.522596984356642
4.580443651229143
4.408676781008641
4.392430934309959
4.359561628227433
4.353892881795764
4.325786365692815
4.382273878281315
4.365616599470377
4.281733453646302
4.272370562205712
4.268449070056279
4.317687670638164
4.359297997628649
4.249729624142249
4.269807364791632
4.16382945527633
4.163888699188829
4.27516989732782
4.289169193804264
4.303250943745176
4.263359773655733
4.325815078491966
4.1611974085370695
4.171355687826872
4.11412520793577
4.1805659253150225
4.1173017462094625
4.151974915216367
4.065130906552076
4.141232721880078
4.20328328460455
4.165349284807841
4.030266608297825
4.07026954976221
3.9894687188168367
4.035369893039266
3.9852970567842325
