1326.7086818059286
1293.9963865915934
1288.4716447194417
1271.9707386334737
1271.8209058125815
1273.780650583903
1263.4214573860168
1261.148722743988
1256.999250125885
1254.7122150739035
1251.1760175387064
1248.0919858296713
1242.803216679891
1249.799956448873
1253.3819044113159
1244.7346377690633
1248.7915991783143
1242.634002272288
1239.879180431366
1233.0376442909242
1238.3415407180787
1234.279018942515
1241.426118850708
1232.606155459086
1233.1993169148764
1224.9372956911723
1233.7835639953614
1230.9619382222493
1236.0304231643677
1232.2876041094462
1235.219205760956
1230.0066268920898
1228.136809984843
1226.5110264778136
1231.081352519989
1228.1441317558288
1228.5857308705647
1225.3023094177247
1227.1858335812888
1222.4308025678
1219.0123178482056
1224.017640908559
1218.6460880597433
1217.9111756006876
1223.561265118917
1210.8951087633768
1223.0164732615153
1219.0286383310954
1215.0490254720053
1220.056070200602
1222.3822743097942
1214.5808072725931
1217.5302450180054
1219.2765021324158
1215.4654717763265
1214.319335301717
1217.0220479011537
1213.4333498954772
1220.6168489774068
1215.2698872566223
1225.946738020579
1216.9237277984619
1213.4130662600198
1218.9624980926515
1214.7279416720073
1212.8866770744323
1212.1082328478494
1214.5311822891235
1212.9960562547049
1222.63086531957
1210.1102337042491
1206.0113344192505
1209.2137419382732
1218.0984243392945
1214.3525106747945
1212.612816206614
1211.917551835378
1209.2072784900665
1210.1213667551676
1214.2902516047159
1208.5194241046906
1209.7654143015543
1220.6406048456827
1210.0918058713278
1212.8528376261393
1216.256153901418
1204.9960170110066
1204.9814935684203
1205.1132518132529
1214.1779406547546
1203.0121004899343
1210.3499711036682
1206.3912456353505
1216.56455672582
1209.0770368258159
1203.1140812555948
1211.7906424840291
1206.5828774293263
1212.2469998677573
1203.4993138313293
1202.5791036923727
1207.4269934336344
1205.788266436259
1204.661001110077
1204.7046898523965
1203.572962443034
1213.449085998535
1212.9348402023315
1206.3191255251566
1204.3632407506307
1204.3147426605224
1205.8046050389607
1210.5265919049582
1201.4778096199036
1204.4490828196208
1209.4808086395265
1205.1229423840841
1196.3390187899272
1207.7136074066161
1205.2398318290711
1206.995635954539
1204.9127796808878
1202.798336728414
1213.0693428993225
1207.8038606961568
1210.0397770881652
1207.9087702115378
1208.3325673103332
1204.1217608451843
1210.251714547475
1204.7542006810506
1204.713614432017
1203.118040116628
1202.726126352946
1205.5683534940083
1203.9257599671682
1206.1598649660746
1201.847388823827
1209.867584546407
1200.1961141904196
1205.5517753601075
1202.7665557225546
1202.34286403656
1211.710219446818
1207.0226237297059
1199.4715302149455
1197.5432211240134
1200.524010070165
1197.311707909902
1202.4217672983805
1197.6615507761637
1201.2917736053466
1203.1898935953775
1198.3521780490876
1205.1924671490988
1206.5119039853414
1195.0332531611125
1198.9130588849387
1200.32383406957
1200.1368997732798
1199.5132837613423
1198.2819454828898
1196.7494591077168
1205.2540751934052
1204.8908253351847
1199.6817766507468
1197.398152256012
1194.1750174204508
1200.1000160535177
1196.9916872342428
1199.1652656555175
1191.4861563046773
1207.7895195643107
1204.3659984588624
1195.3244473457337
1207.1153312206268
1197.39129708608
1198.1214795748392
1194.6447721163431
1201.4055343945822
1204.5316067377726
1201.1100636323292
1199.6725468317668
1200.20912566185
1200.4936919530232
1197.020844300588
1200.7000032424926
1199.6142377853394
1205.8287165959675
1195.7340947786968
1200.3255897839865
1198.7527883847554
1194.74131081899
1197.9125599225363
1208.7227311134338
1202.679002380371
1200.474178345998
1196.4130040168761
1205.0677873929342
1193.7522218704223
