955.3755579312642
779.9878580729167
706.8117505073548
658.6092742443085
619.1534638086955
587.1653825521469
569.8081686814626
549.6085775375366
530.2383823712667
516.9743333180745
494.7862282594045
482.21014186541237
468.68124608198804
462.5029850800832
444.86025031805036
433.142902358373
428.44774408737817
423.4902328213056
417.47847913106284
408.9294754823049
402.7730542222659
401.1084521452586
393.50076371828715
390.2972343881925
380.8552747329076
379.77087173461916
374.83486002286276
368.09324814478555
362.26935444672904
359.1922228137652
362.44383661349616
354.64799698193866
350.0555125832558
346.2758331298828
345.3601241072019
344.4814018646876
341.6282429277897
341.09173469146094
341.41553035974505
335.2796970248222
333.8723830242952
330.63275666236876
331.575835476319
329.3460443377495
327.7281176467737
327.78059152762097
326.1166237036387
320.1725688278675
321.6679661333561
321.34889355897906
316.8048271417618
315.5662192841371
314.0443576713403
313.8606281201045
310.9384621719519
308.3643766880035
306.97593952814736
304.2918609082699
305.17160137295724
303.6422708054384
300.144717613856
300.2771226982276
299.52125998735426
297.7236981193225
299.01648514866827
296.1298521300157
298.2764285564423
297.2965070327123
294.6066654443741
294.33564019997914
291.4711139857769
294.9569147010644
296.98792976935704
292.6719241698583
290.8073370138804
287.77494139472645
287.46365031401314
285.4778706610203
283.77396583755814
281.6261119186878
284.6309469282627
281.77943605979283
282.38314053614937
282.70535884102185
282.347961105903
281.09984622498354
280.2305343359709
277.61197784245013
276.0665512959162
276.68724149862925
273.7031090090672
274.42777699530126
275.30493219296136
277.6562894920508
274.3084123333295
274.26190354824064
272.81558807094893
271.7923966884613
272.6397828638554
271.5085448036591
270.2542155255874
270.1689341296752
268.24772870838643
268.0645954956611
268.02762185831864
268.532415942351
265.10821865101656
264.43465745349727
265.02201313773793
263.09031951725484
266.51208093265694
264.45093759695686
262.94204743007816
261.60980380078155
259.69450924694536
260.745942084988
261.32973270813625
260.40147498945396
259.3647568618258
257.2263729204734
257.2818658878406
257.7547174791495
257.05769522041084
252.15384741475185
254.94898647964
259.6289044479529
256.8998771538337
256.3336946825186
254.93322039544583
254.0729233990113
251.87158993979295
251.44549522896608
250.5898616184791
249.8076642950376
246.72549704213938
247.03129273752373
245.81812690595785
252.5988778481881
249.69240930775803
246.86135384639104
245.09796966363987
248.27083194702863
249.0333959877491
247.81622614910205
247.49060993542273
245.15999261140823
251.41217681964238
248.20470720728238
249.4419055327773
247.5598894437154
244.19010084271432
243.5344445479413
240.99030734201273
240.03659676089882
243.88636764834325
239.55101805254816
238.92225528632602
238.49072586285573
238.22241576444358
238.97762049461406
236.8535630946358
236.39080871740978
236.35719767206658
235.32757600992917
233.58612131997944
231.7694256854554
230.40229443907737
233.7374936086436
233.1444874520103
230.80059991205732
230.0765176385641
227.7331901655843
226.83224480965097
231.8244796787699
236.25403960893553
230.85577469989659
228.57777604609728
231.76439499308665
236.81650432174405
231.49968892826388
228.53420532535918
227.9041842720161
226.4304538790447
226.427022040387
230.3320564677318
227.26161758185674
223.8239199243486
224.02606008696992
221.6512890700872
221.19069614758095
220.83323572129012
224.6590375341475
220.72906414717437
219.20557109639049
219.44424556959422
218.67865659346182
217.99592979177834
218.6527375638485
216.79551927099627
216.12980263829232
