259.9902350244851
253.5355287132592
247.29640084710616
243.41206655420106
243.60762150123202
239.34278648064054
241.04600715637207
239.32576653464088
235.28558204091829
237.0261681367611
237.90609409891326
234.88220535064565
237.158819449359
233.91880986197242
233.01607096606287
233.28222607744152
233.02068970532252
233.1781006229335
232.56756552745557
233.98791594340884
231.44352976207077
232.10088700672677
231.3399064170903
231.54086445528884
232.32108798109252
232.00663488486717
232.12345525725135
229.72802138739618
231.09157014304193
232.9334393205314
231.3829807577462
231.4109936705951
231.595625980147
232.05175181503952
229.41920905688713
229.70224025331694
228.59829166839862
229.95409098575854
231.3562498750358
229.91517411840374
229.67833010492654
227.95451213162522
228.1705259619088
228.37995493412018
229.001319663278
229.82806467598883
227.42786928703046
230.80538846706523
230.1047679679147
227.24126250168374
227.26369983163374
227.46015122841143
227.52576788951612
228.87252605783527
227.8831514120102
227.46651464906233
228.50835613135635
228.42176716081028
229.17156998042404
228.3160240896817
227.87254045338466
227.430934548378
229.47053607167868
226.49855514230399
229.4320713569378
228.20733527068435
228.95254560996747
227.327784636925
226.54565403379243
225.0198468380961
226.9351507671948
227.12657377637666
227.05768486549115
228.69752617951096
225.71525168418884
227.07019451979934
226.56221363051185
226.61892559610564
224.95992581186624
225.7551568129967
227.6034490979951
226.9437661212066
226.1048948065988
227.5718337133013
226.06347112409
227.46180044782574
227.82209901563053
228.16565428931136
227.5294939690623
226.81965850139485
225.98973558688985
227.01184916496277
227.10391041328168
225.9633587105521
224.73597862802703
226.1791088375552
224.5175358879155
225.35815501213074
227.19474098189124
227.10424074222303
224.42936709009368
226.69868771783237
225.088563113377
226.52757070804464
224.60852184788934
223.4962855330829
225.4698195416352
224.45077859533245
226.49900968321438
225.44767472661775
226.95535975078056
226.80136180335077
226.58718477446456
224.21963281055977
225.6550118717654
225.36071700885378
226.45277344769445
223.78597951757496
223.59562440165158
223.54171683459447
225.24999711431306
225.2658274461483
223.6767547089478
224.28987561012136
224.4772116192456
224.42625164985657
227.1080162155217
225.05462498089364
226.05919952228152
224.39057369889883
223.10569360338408
224.23734494324387
225.09432036712252
224.30641967263716
225.07728220676555
222.47680491414565
223.65258289205616
223.34119181386356
227.34016526978593
223.66664891818473
223.03433479111771
224.42378895447172
225.04453522583535
223.49079251700434
224.07560907150136
224.80671197381514
222.7721208950569
222.35089419216945
222.78396858840154
223.27625201077296
225.6576147285001
223.18568631287278
221.54041110647137
223.93955660688465
223.02532426242172
224.45405090677326
222.63329473446154
223.2643238963752
223.74218313036295
224.29339062756506
223.5840383357015
223.56347287523334
221.0901020970838
224.48463608889745
222.7537584263703
222.99206610383658
224.86908964042007
222.8443149163805
223.51128427324625
222.59206577005057
223.86163313224398
221.1476135418333
222.1076019550192
224.10331163735225
222.28365197263915
223.46048246169912
221.90371339074497
221.50607667298152
223.71624851637873
221.77246875598513
221.09106411605046
222.83134871104667
222.53784555402297
225.3302781664092
222.4797908684303
224.14546314190173
224.0643790014859
221.11187384457423
223.29732553301187
221.85100216290047
222.78512535013002
223.28930539509346
223.4083924786798
221.7073346294206
220.1540509996743
220.9500675201416
223.62808686700362
223.53249745533384
222.79916658072636
222.1853046581663
