254.04618232825706
250.08296261162593
245.4621080776741
241.97535586357117
241.14698488547884
240.581341476276
239.02088733377127
238.7724512856582
235.5184616508155
237.1646490097046
235.47164009768386
237.18771079079858
238.91702522491588
235.2988896863214
236.23002681238899
233.7574379361909
235.6154927549691
235.31181140192624
234.73318443627193
235.4833845516731
233.9960855040057
233.62373863417525
233.6155423295909
233.06552972875792
232.0505784955518
231.55146936712595
233.23583335712038
230.953109556231
231.79878118531457
231.64377503559507
230.16868347957217
231.39940918314045
231.17240858900135
232.57528828341384
230.01614686127365
231.7102610489418
231.2133195153598
227.46077893520223
230.34194475617903
229.62025244482632
229.554802787715
229.93306541853937
230.11276703045286
231.07611758955593
230.49293992437165
230.4865789783412
230.59071407646968
227.09204594431253
229.70760549759044
229.61473514293803
228.78282999581305
231.65245793194606
230.18933557641918
230.80017188499713
229.8659053300989
230.10429132395777
229.54608240620843
227.83890839691819
228.9571215366495
231.22747689280015
229.03440052065355
226.0940031676457
228.76678144931793
229.70045566969904
228.13648335687046
228.31761809464157
227.7845429140946
229.8139481256748
227.07728142573916
230.3958310793186
226.08601069039312
228.0580298695071
229.85471477590758
228.18410396986994
227.9566309452057
227.9009355101092
226.45638656205145
225.16835250114573
226.77349439160577
227.10677890942014
229.3064973888726
227.85301550914502
226.31221669706804
227.03047320349464
227.5041839089887
225.6010434997493
227.6878917874961
227.22258084806901
226.80886586781205
225.6087243968043
226.68233841863173
226.0414369311826
226.85057393846841
225.73451815802474
226.21247213051237
228.84599075646236
226.36302053928375
226.05124786393395
227.28521604784603
228.1566530548293
224.9600066522072
226.44907194581526
227.75457557727552
227.1486302285359
226.5163940273482
228.61260337665163
226.37298147431736
224.54141964172496
228.41835974002706
225.9454351622483
225.12107801026312
225.21621532686825
225.94559798158448
226.32117899121909
225.82263976952126
226.6120794230494
227.43220324762936
225.29078159661128
224.32902425322038
225.88710368501728
224.1324351162746
225.99037111216578
223.016892893561
225.80706621038502
225.29104719901906
224.6093009217032
226.32110025553868
225.70235985723036
226.92991867969775
225.4527786559072
225.07148454107087
224.01799174423874
225.25217180005436
225.38519104184775
225.10903548372204
225.23661683345662
225.49546052258592
226.56519316393752
224.5718474100376
225.08204058532058
225.14508926046307
226.59578976137885
225.99845735369058
225.76661053197137
225.84924345180906
224.34861905410372
225.24285949098652
224.18914805609603
222.42695266213912
223.1079082324587
227.0615951891603
221.60629577061226
225.3311476296392
226.5399197874398
223.54310819609412
224.82124435901642
223.73828024288704
223.9315646475759
225.79680564896813
223.83247538681687
224.22550368720087
224.40644750101814
222.0988713585097
225.07670896628807
222.12363570311973
220.71738354090988
223.6210967713389
224.13509512769764
222.15403738926196
224.7623791119148
222.95524258860226
223.60004913806915
224.77885335067222
222.61819917169112
223.79555811553166
222.4487486831073
224.39867301233883
224.1562494943882
222.4141507230956
223.82968350936628
225.1262262607443
223.7481663391508
224.74122178554535
224.0536894880492
223.05989454943557
222.6883052135336
223.99565599293544
221.89967522127876
223.6793726312703
224.5542377726785
223.76012962028898
222.28929947162496
222.38844781497428
222.2759670800176
222.57898662419154
222.4426636819182
223.9418247362663
222.51310414692452
221.46272579554855
224.38818793872306
