399.7485568324725
185.01807437737781
161.69186343749365
143.81642706394194
134.02897050380707
121.93972197373708
115.26657764911651
107.41876328786215
101.76476431290308
96.02323183218638
94.80596032937368
89.26736775239308
86.77846451997758
81.04809298912684
79.5462639451027
74.98670694430669
73.91637770930926
72.68199792106947
70.16215905547142
66.43215771516164
65.39417175253233
63.49693044622739
61.528222902615866
60.63021597067515
59.67550581097603
57.990621928373976
55.43144845167796
54.70349216361841
54.12860955198606
53.44692440827688
52.12027027805646
51.230729482571284
48.876815271377566
48.870218503475186
48.55902845263481
47.12554612159729
46.48099372982979
46.2970804810524
44.16700983643532
43.948246290286384
43.03690651555856
41.54808685680231
41.31945743163427
39.55383229255676
40.18754253486792
37.7655534863472
37.441761034727094
36.970498992999396
36.09249106645584
36.196386098861694
35.116490162412326
35.14040253957113
34.26886042455832
33.156851225097974
33.08042549987634
31.315365613500276
30.673551072676975
30.174455518523853
30.508386756976446
30.37491533358892
29.91742811401685
28.392878967523576
28.570863453547158
27.616587135195733
27.495124790569147
26.781731801231704
26.728769551217557
26.365112122893333
25.85881331562996
25.322393802801766
24.95466699699561
24.711493372917175
24.150523420174917
23.286563670635225
24.092918375134467
22.877449119091033
22.96018076489369
21.837912521262965
22.414418436090152
21.631007438898088
20.974311059713365
21.15581135650476
21.211886402467886
20.792644416789212
20.443278089662392
20.371617350478967
20.083079514404137
19.666845547159514
19.40549546132485
19.744000317653022
19.425804049770036
19.24654410382112
18.558494501312573
18.48922517945369
18.080859153469405
18.202665070195994
17.574408508340518
17.82832005918026
17.792535414298374
17.663206575314202
16.979910244544346
17.016987684369088
16.91610833754142
16.856081077456473
16.56804141600927
16.1773235420386
16.207945001125335
15.676459204653899
15.364658251404762
15.564070635537307
15.43458938697974
15.173731071253618
15.0570114766558
14.82660284290711
14.826454330980777
14.626672578851382
14.476093410452206
14.288507568836213
14.335132185121378
14.469634103278318
14.226324237386386
13.950169842441877
13.630230496327082
13.296855247517426
13.297728741665681
13.325917305548986
13.237115156153838
12.945010176301002
12.92708604435126
12.777779049177964
12.379173693060874
12.61994078606367
12.16325201690197
12.064732892314593
11.869904476900896
11.99296578640739
11.746622575819492
11.868166183431944
11.599438083171844
11.460448584208885
11.42907479678591
11.313010082642238
11.161103474597136
11.145663787424564
11.022150770326455
10.965886976073186
10.711824490129947
10.587051941206058
10.522632026672364
10.507248455534379
10.434690861403942
10.255652052660784
10.167272427181404
10.160051946590345
10.238500207662582
10.009417574107648
10.06346057554086
10.040473943203688
9.870575091739495
9.694562360147636
9.726877567917109
9.687325754513344
9.63167251671354
9.51232068836689
9.468513966600101
9.495481635630131
9.405046355475982
9.378902605672677
9.294062114755313
9.292992645998796
9.148018137117226
9.029273393253485
9.008488800128301
8.894679771115383
9.02216403633356
8.831688192486762
8.850413917998473
8.900119351098935
8.854592770089706
8.688888172556956
8.661648138115803
8.703243924677372
8.7075192724665
8.770938867082199
8.658305191000302
8.506625038137038
8.280437474946181
8.310398555795352
8.163086553414663
8.08615650907159
8.021156942596038
8.07450149655342
8.037960960219303
7.944526315977176
7.871031998594602
7.952703178673983
7.939210330446561
7.804239914317926
7.791456769406795
7.8443345795075095
