945.9749627590179
767.0185645580292
702.1620922247569
649.1051181475322
605.3338737805684
578.3944896777471
555.9579927285512
534.4660028775533
511.47097974618276
485.07451742490133
466.966072066625
442.46506022612255
420.0857854604721
406.61409020026525
387.3797678112984
377.21192952791847
364.30533108711245
351.7747221668561
338.2437937895457
329.6832731882731
322.48046463330587
315.16539449890456
307.9704370458921
299.33851714730264
293.208593728145
287.6332097232342
282.6820176998774
278.28574911355975
277.0618166168531
274.0369022051493
279.6502293229103
271.8710039635499
264.5419844200214
256.9026305615902
252.96422988722722
253.60346219638984
249.67517389456432
245.49095239390928
244.61343754728634
242.21067632585763
237.9410309240222
234.38462504247823
234.14314760838946
233.494863803188
230.24575352960576
226.72249304475264
227.35039692949505
225.24341305820272
226.43093382463945
225.84806487567258
220.29538361281158
218.1959685370326
216.23333007885765
216.69236617212493
214.0109990229209
210.98883008758227
209.37501624772946
209.44983738238614
207.2860172788302
204.95105414589247
202.15481705218554
199.97103082786003
199.72595524291197
199.7548217530052
199.1940010537704
204.25618567516406
201.5626908838749
197.00968110164007
196.15148264567057
194.12197993695736
193.58160377542177
192.4985457782944
191.86342317461967
188.96329653759798
187.41688344975313
186.69666576782862
185.18452456891538
185.79691425959268
184.7595682879289
183.87856273949146
184.08511149485906
183.36192810038725
182.72195029755434
182.1990301847458
181.33589213788508
180.6376264899969
180.36372280319532
180.9503466576338
180.64228801627954
178.55385034581025
177.3483018785715
176.2312999208768
176.2804426352183
174.89840990106265
174.6106745839119
173.7917668789625
174.08086524109046
173.55003231068451
173.28304658432802
172.2016144345204
171.16443175872166
171.12267339428266
170.55348186890285
169.57979757686456
169.4358897060156
168.80448098679383
168.66272390286127
167.35545560717583
167.66999897360802
168.54747109413148
167.7568209518989
166.362569497029
165.71060026586056
165.03307263652485
164.89126631319522
164.32077316641806
163.94316512942314
163.55496330360572
162.9900313059489
163.26295919418334
162.75201724966368
162.0667785892884
162.06597789824008
161.16785077949365
160.78239902853966
160.1189093073209
160.51684555808703
159.95583239396413
159.756867535909
159.69668488502504
161.0547097792228
160.7495415886243
160.10634489953517
158.9882159193357
158.34156071941058
157.5596148053805
157.88028670549392
157.0956719537576
156.80678214331468
156.35943714479606
155.8228834370772
155.0844053030014
154.90023156007132
154.8832540978988
155.38080920179684
155.61256262660027
155.22480601370336
154.4123200794061
154.32707679172356
154.23395515084266
153.6361560622851
153.46270127793153
153.75567306081453
154.14478384157022
154.81070224742095
154.4694076995055
154.3976517558098
154.6226271231969
153.0979006210963
151.95200886925062
151.97520101467768
151.74922866622606
151.8422760585944
151.5541126747926
151.22351851463318
151.1637847661972
150.72078085939089
150.0756153146426
150.0251487592856
150.20530566573143
150.35363430976867
150.41091243426004
150.17605836391448
150.1773503144582
149.73036428491275
149.7603971819083
149.81534708539644
150.06918748815855
149.50705908934276
149.1339319686095
149.25518141388892
148.7148642162482
148.42514688571293
147.63760445515314
147.34040075937907
146.9455679754416
146.82086859544117
147.11909519433976
146.90039312442144
147.0162676890691
147.72500234444936
146.8250985264778
146.7134738445282
146.51388682126998
146.29560611446698
146.42742493748665
146.30055671334267
146.71694508194923
146.90661168893178
146.67633376320202
