-46.61664681037267
-92.29512325922649
-97.44658203125
-99.8269490480423
-99.29092988769213
-100.60979404052098
-93.7567447423935
-99.62754687666893
-101.06634726921718
-93.71464277505875
-96.5121808707714
-92.07657230099042
-97.52308988173803
-95.53255464831987
-96.64682809909185
-96.51160175005595
-95.544662296772
-97.96821400721868
-94.4352223277092
-96.1252294520537
-92.48456133206686
-93.21802723010381
-96.76282023787499
-95.64305025339127
-93.51223194996516
-97.74103896816571
-97.1767005165418
-98.32193696101507
-96.77857287327448
-100.0618375301361
-100.48158969481786
-96.20286236604055
-95.16976337035497
-95.8209793051084
-98.07160429358483
-93.1547878185908
-95.57505920728047
-94.28199405074119
-93.87518699963887
-91.2082681298256
-91.79454276164373
-96.07700448036194
-94.24007165233294
-93.62364182472228
-97.43420958518982
-97.58053367535273
-92.686823062102
-93.75634266734123
-93.6283940633138
-97.84811251163482
-94.17214788198471
-93.01188207467398
-95.23237062692642
-95.95203684965769
-94.41273316542308
-92.78877087831498
-93.90220452745756
-96.03839099407196
-95.9926664630572
-99.50628150701523
-97.42893936236699
-94.25630751053492
-97.86656160354615
-101.3989199201266
-100.28676085074743
-95.59240695635478
-98.51473601460457
-97.17720696131389
-97.3461409330368
-98.63336568673452
-100.81928581396738
-95.32371084690094
-96.99995562235515
-95.68738624652227
-91.51897684335708
-95.25737714370092
-100.15450559457143
-96.65336421728134
-94.76537127892176
-97.95917855501175
-98.58613034288088
-99.48927779595057
-94.97885637482007
-96.31433136264484
-93.61207067370415
-93.47412361502647
-96.70871388912201
-92.99917664925258
-95.14987035393715
-92.39767953157425
-95.02779568632444
-98.85720260540644
-96.3294735232989
-94.7733839948972
-94.70158612728119
-96.30220606923103
-90.67292582988739
-94.87522141933441
-91.69046196540197
-93.82210046847662
-92.87391273975372
-95.06580844720204
-97.45008176763852
-98.86140894492468
-92.4013312002023
-93.92071062723795
-91.52694781223933
-95.1829321583112
-92.4106459458669
-95.29402565956116
-95.22668434977531
-94.3637926141421
-96.24768919348716
-97.08983885844549
-92.02935714324316
-92.61414928634962
-94.74309764901797
-96.5982409397761
-93.81967662175497
-97.63376952211063
-96.60827393333118
-93.585975253582
-94.36754352251688
-95.70289974212646
-92.46236094633738
-92.83274921178818
-93.68451526959737
-96.87489865819613
-93.70663336515426
-92.70554180145264
-92.67346808115641
-88.80587386290232
-92.78645331660907
-95.2179241379102
-95.89043357372285
-90.96294419169426
-92.31526706417402
-96.57284379402796
-94.78797889550528
-98.35403878291449
-95.21443094412486
-91.7132752776146
-94.3462898294131
-98.37170883814494
-93.7223174492518
-98.41282730897268
-96.78380219539007
-93.79432002305984
-95.68980063597361
-93.51857015689214
-93.36876147190729
-94.56611576080323
-93.6400228103002
-89.28582154909769
-97.8338084578514
-96.9389766852061
-94.51868506272633
-96.99860282341639
-95.63033030033111
-95.67791382471721
-97.92876271208128
-91.9109823167324
-94.84567305843035
-97.17092316945394
-96.7103054801623
-94.96467321515084
-95.57591701745987
-93.27211378614108
-92.01101227601369
-97.76688711643219
-93.15031534234683
-94.41187898119291
-94.69183928966523
-94.81549835006396
-99.47064163684846
-95.40002011458078
-95.8886690656344
-96.63131516178449
-99.37433135509491
-96.56923776865005
-96.64985636075338
-90.79815574685732
-94.5821085691452
-93.79317529598872
-98.86912008921306
-96.00583654642105
-94.78810506661733
-95.45728378693262
-96.00385191440583
-94.14787261684735
-95.72041401863098
-92.78957556883493
-97.99952923854192
-99.46460748910904
-95.32158273259799
-99.22074333031972
-95.10059084494908
-96.44200600385666
-95.51620108683905
-92.8674167116483
