3963.0792861938476
3036.557021013896
2642.9481307983397
2407.2068635304768
2253.4710408528645
2114.4198944091795
1976.6980785369874
1899.9657615661622
1884.7540751139322
1844.1851965586345
1759.1564582824708
1725.6491938273111
1657.144353802999
1620.0299096425374
1596.3514250437418
1555.7300546646118
1553.8245390574136
1526.282495625814
1522.3873798688253
1469.4727066040039
1448.1749059995016
1419.728358745575
1399.9353468894958
1403.5130827267965
1401.2967097600301
1371.0390696843465
1348.7536678949991
1359.0309175491334
1327.4224366505941
1315.9366996765136
1272.7423363685607
1270.7278059323628
1281.2193880081177
1273.628984705607
1270.285426489512
1249.6243644396463
1226.519036324819
1246.2413469950359
1231.3022444407145
1200.412094116211
1195.3561350504558
1197.6953325907389
1182.369339021047
1174.849075380961
1155.5444954554239
1166.9949589411417
1166.0935034751892
1154.7791238149007
1151.7866070429484
1150.1119657834372
1162.3271631240846
1140.494179058075
1122.6809235890707
1129.7564591725668
1117.7024316151937
1112.94190270106
1104.88262163798
1127.1866494814556
1102.570806535085
1096.22018477122
1101.3396250406902
1112.9601086298624
1119.4187573750814
1090.457556851705
1098.6677232742309
1091.9028643925985
1077.0846184412637
1070.7036906560263
1048.2393047968546
1045.826165485382
1065.7393252690633
1054.374327055613
1040.039602470398
1035.5875991185505
1032.0939684549967
1061.8982622146607
1064.9572056770326
1050.100403213501
1037.020444393158
1043.5100872357687
1052.7421156247458
1039.3774562835692
1019.7091248194376
1018.4937426884969
1029.6381295204162
1024.1112913767497
1021.6142931938172
1027.1611349423727
1010.1639965057373
993.061971728007
1014.1876660029094
993.5465643882751
991.2599292119344
985.5050015449524
994.2003693898519
994.582770061493
986.8554056803385
987.8285257339478
1004.6539578755696
1010.4488222122193
991.4675203323364
987.2801192601522
1004.7483089764913
973.2164087931316
997.8704558054607
987.6642040252685
961.5068710962931
976.1920269012451
974.4683431625366
969.9194040616353
977.2153755823771
968.2590330759684
977.1681980133056
955.4577185630799
958.3798961957295
959.1504393895467
955.692829322815
956.9472776095073
947.9417141596476
956.4230332692464
945.560103448232
964.5385046958924
962.8860857009888
962.9177266756693
942.8560257593791
960.5147939682007
943.0557587941488
954.9930093129476
923.7254148801168
943.6183685938518
926.5145013173421
931.6079566001893
932.0356013298035
929.5861253420512
939.0480744043986
933.6814194361369
929.5095146814982
924.6070602416992
912.6703888575236
908.1079089164734
917.5480518976848
927.7272552172343
935.3423577626546
928.6095230738322
923.2453533490499
897.5991907755534
906.1743939717611
896.6262389500936
893.4078528086344
906.5906668663025
922.0266110420228
912.4044335047404
900.8946809450786
910.0505219141643
909.2385406494141
887.6578726450603
891.3076728185018
898.0775000254313
911.3429569880168
906.6365629196167
888.518429629008
918.987864335378
892.7077433268229
883.6685287475586
901.9730368932088
897.7186453501383
885.4961618741353
878.9174978256226
885.8154160499573
880.5976414998372
878.9087205886841
880.0218554814656
870.1483146031698
875.3466012954711
865.3858923594157
875.0605347951254
893.004217561086
879.4536092122396
871.8731061935425
872.6945794105529
878.819099108378
875.9324675877889
869.7790779749553
854.7945245107015
885.4748724619548
864.493737856547
878.8377469380697
865.4977318763733
850.5011227607727
854.2141351064046
869.807019297282
862.4635853449504
861.1459765752156
855.0039728482565
860.2985749880473
855.0734183947245
846.7556489626567
852.7615969340006
875.6726756413777
854.4468504587809
