527.2243281443914
417.5939065774282
385.56350987354915
361.9255838314692
342.8624943971634
333.73730144500735
323.4610416571299
319.70597867568335
309.1871918996175
303.41390982667605
296.44987938404086
292.9376133918762
291.1421877423922
286.04175092776615
283.24206941922506
279.35478903253875
277.2945723295212
272.9991539200147
271.3112605949243
267.186292681098
267.02271656294664
268.9124006638924
264.868443975846
261.78373378415904
260.5028052697579
257.90505175093807
257.62827628850937
256.98358058929443
256.92307172119615
255.11557836532592
256.5131695886453
252.58127311865488
252.7044124186039
250.63540036628643
250.05836560825506
249.2954965819915
249.17808197041353
246.80134643067916
243.81415252586206
244.78158406515917
242.4127813383937
243.10677795509497
242.16983336110908
243.50045660883188
242.66490502506494
242.770623772343
242.14441769222418
238.76803223143023
239.57626416906714
238.84617535273233
238.380982388556
237.63878763094544
237.21847241620222
237.15606557925543
236.86258152325948
236.46265720576048
235.05063763906557
233.67066251734892
234.80459378237526
233.7146779735883
233.80132939169803
232.94556792527436
232.74152047410607
232.04723118295271
230.0362254301707
231.65459199051062
231.04606639196476
227.3811647196611
229.62157315829148
231.3862649856756
231.70120674173037
229.00434154470761
230.59092447112005
228.34511600087086
228.86484875585884
227.02074218218524
228.76741352528333
228.7002961633106
227.9622899884979
226.65372304957128
224.17655365342895
225.53501866670948
226.31292285335562
227.75869606981675
225.61847215580443
224.98923043447238
222.27968745709708
225.57037092472117
224.92323254818717
222.08158384636045
222.98906400464475
222.55437136376275
222.43004674414794
221.94951726036768
221.57189991498987
223.34390191013614
223.54034125587592
221.27979771966736
222.3031695842743
222.5932477403432
220.19540164526552
220.49500795776646
220.817203574876
221.01604931081334
219.7999463222921
219.63172728394468
221.3731541176637
218.77885033003986
217.04157320521773
217.71545231404403
218.03268400589005
219.67829473391174
219.3458533503736
217.19156786836683
218.58186052174617
219.11353967773417
218.98208023589103
220.09442395816248
217.93062231019138
219.16080465515455
216.18266950075824
216.24674663518866
217.6083181856142
216.42316840651134
218.39252156900864
217.40809838001925
217.07355504147708
218.3061416272074
215.6112690170606
216.05721490282255
215.7378627213339
216.3538819241027
215.83486277610064
213.73626734173547
216.45193078983576
214.97085389251976
215.73814661453167
215.64597982453805
214.14297312473258
213.3510858155787
214.77367642497023
213.82856619556745
212.62627263410639
213.9276800232629
212.2990392630299
214.0494109551112
215.08853363680342
213.48839588363964
214.56899061078826
215.10955344775383
213.30095439466336
211.26969911381602
213.78373169694095
215.45476470341285
211.38647887917855
212.94239605348557
214.92469743161152
213.54056553294262
211.89213764220477
211.85577132900556
214.42517061121762
210.8581615480284
210.77827780917286
211.2001245200634
211.25451387365658
208.69279658198357
212.68240803858887
212.43065765996775
212.69017248253027
210.63614606559275
209.04429486840962
210.2734920017421
211.11802411327758
210.46093371982377
209.67912034934076
210.55517968324324
210.77137737025816
209.54561786055564
211.07512457072735
211.0800527356565
209.65083709259827
209.11651643713316
207.61141905859114
208.94870210147153
208.29235761662324
207.4715556638936
208.35938892960547
208.0956536921362
208.8462100322048
208.93284736226002
208.3539192982018
209.55337126577894
206.83135766213138
207.37281395494938
207.49043366598588
208.7163318845133
206.85060126880805
208.28689692070085
208.37615119318167
207.93962817465265
