1428.049865659078
903.14378379186
743.468469842275
654.913762664795
596.5304642041524
554.5575760046642
523.265208530426
494.12256008783976
473.38173926671345
454.1678378582001
438.89128907521564
424.57528597513834
414.28874751726784
402.2692783355713
394.2681539217631
387.0868216832479
377.43094820976256
370.8966958204905
369.6002180417379
358.6767816066742
350.7843892733256
347.42238931655885
340.18966880639397
336.13889332612354
331.05727347532905
325.52504682540894
323.49120819568634
320.92261231740315
315.30814672311146
313.2040726264318
306.6483588854472
307.40389103889464
302.96849323908486
298.7858199278514
294.8435503164927
293.1629268725713
291.0097066958745
287.77484742800397
287.5985811074575
284.8237058957418
280.4256301403046
278.60886533260344
276.2143768231074
275.7510764439901
276.3455675760905
276.7954992691676
274.1604076464971
269.77162478764853
269.91686743100485
267.9886142730713
267.441681321462
263.33758583068845
260.30691126187645
261.9264315446218
258.1746171951294
259.1560269355774
257.3935442050298
257.64197888374326
256.13350168069206
254.06904418468474
251.93129450480143
251.2221624771754
249.69872597058614
249.39203719298044
247.29956516424815
246.97044650713602
248.52359143892923
245.9330035686493
244.7318663040797
244.69425137042998
242.21742213567097
241.0969895998637
239.40193881988526
239.99712578455606
241.93033660252888
241.33972969055176
238.07110679944356
236.4488124926885
235.14177765051525
238.46802425384521
236.54914509455364
236.61631150245665
233.82390796343486
235.89982515970866
230.6690441052119
231.97206925551097
230.92020514806111
231.3592509508133
227.56137766838074
229.2424462080002
231.80465105374654
230.15651875336965
227.11216383775076
228.4472017288208
227.36025067170462
228.84831387996672
224.894496067365
223.07856376965842
226.13614253203073
224.53660419782003
224.45391667683919
222.2277156829834
220.9984940926234
222.56881626447043
221.5542559782664
221.43724559942882
225.24726243813834
222.62779977321625
220.26086954275766
219.66527775128682
218.85540301005045
220.4260969877243
217.9818866332372
218.44106730620067
219.04291666348774
218.31127138137816
216.97452046076458
216.6388887564341
213.4624581416448
216.22637434005736
214.97244225343067
214.45142556031544
215.14674781958263
212.82206409772238
211.8435773531596
213.1570741812388
212.41763004461924
213.07245114644368
211.78772780100505
212.6069177309672
211.7364871819814
212.3497142235438
210.81785141626995
211.30424109299977
211.19699199994406
210.56894516944885
208.62510622342427
210.86835187276205
213.13585085868834
211.80987807909648
208.45800840854645
208.31742785771686
209.32045090993245
207.09311001300813
205.12277150948842
207.3995887438456
206.05551789601643
206.5675946076711
205.71639875570932
204.03785412311555
205.69573010603588
204.73482925891875
204.43405604362488
204.42618786493938
204.05279097557067
203.92608573436738
203.75260501702627
202.56984673341114
202.6143573999405
202.0566769917806
206.22449072202048
203.70611285368602
202.024187986056
202.45208247502646
204.11586750348408
202.72800521055856
201.86998959382376
200.88161268234253
198.62816987037658
199.7087096532186
201.49209048748017
200.4599873224894
200.2715518395106
200.83997095425923
200.2525605916977
199.103830798467
198.20953882535298
198.90644834041595
197.4720879952113
197.6496006965637
197.16600693861645
198.01224393049876
197.07271350224812
199.49973612626394
197.532031361262
197.13951114813486
198.86002303759258
195.18494976361592
198.15825831095378
197.52296254634857
195.43732005755106
196.33466705481212
195.3753494977951
194.6741102218628
195.17622176011403
193.95263965924582
195.6750177224477
193.6895823955536
195.5185675938924
193.77438542842864
