3534.9561774571735
2408.3677275975547
1972.2216928482055
1726.8198758443198
1547.2716877937316
1408.8980848312378
1307.5243105570476
1221.5458026568094
1159.089178021749
1110.672676563263
1065.8468378702798
1029.0386001904806
1000.7829877217611
966.7437813440959
938.8555924097697
909.5199543952942
891.5319152832031
869.2402076721191
851.3403532663981
832.1168290774027
816.7798102378845
801.5243823687235
789.8154757181803
772.5684630393982
754.668687582016
741.8661933581035
737.3721859614054
727.3368094126383
716.3010208129883
707.7345555941264
700.909639151891
689.1235570430756
681.6875968615215
674.1883207321167
670.8302179654439
659.0331615924836
652.234312359492
644.3654845873515
639.885626077652
630.8427935600281
627.3378481705984
624.5590311368306
617.9988722801208
612.7157351811727
611.874894618988
609.3408055623372
607.8660268147786
597.3053530693054
598.646854686737
599.1520384311676
582.8669815063477
582.5092327435812
578.0485468864441
578.6250709533691
574.1751251061758
567.5786553700765
567.1470469156901
560.5445117632548
558.8089062372843
554.1500383694967
554.8820802052816
553.258509572347
546.1151292641957
542.2235132217407
542.8833967685699
538.3773479302724
540.4333194255829
534.9944946924845
537.4895386060078
531.6910167376201
528.3474948247274
530.1678405125936
526.7530902226766
524.7205970923106
522.2002366542816
516.6153876940409
516.7958981513978
513.9298750400543
515.4500768502553
507.210444243749
507.8091811021169
504.0994740327199
504.1083609898885
501.1885832150777
499.4300934632619
499.783758242925
498.862109375
497.76964999834695
494.76935888926187
493.57241878509524
490.2224988301595
491.2417647520701
489.1897564093272
489.05330724716185
487.8368690172831
491.2227136770884
486.3236248970032
485.16951354344684
488.2597856203715
484.48171542485557
481.15647269884744
482.04014608065285
479.3137177944183
477.61308466593425
475.8819175084432
478.77337754567463
473.8186099052429
477.1906655629476
472.9495798746745
470.06159237225853
472.36340996424354
470.9156777381897
476.3084600925446
472.11471134821574
467.80393452644347
471.6246442476908
464.2937293211619
462.18288504282634
458.3817259788513
460.0823149840037
465.18074717521665
462.159543689092
462.22398945490517
459.5421732266744
458.1861629486084
452.81211992899574
457.11347646713256
453.99993788401287
457.5592159907023
455.2715297381083
451.0493042945862
450.54664675394696
446.73031271298726
451.3407216389974
448.3148740609487
447.099221499761
442.226922750473
445.60275286038717
446.0067719777425
445.3266960144043
444.873970190684
442.9250630060832
441.7285290400187
446.119269212087
440.7035028298696
438.7836796124776
438.75315772692363
439.519034465154
443.51302889188133
438.64030005137124
434.8941008249919
437.59631911913556
435.7825514157613
433.1763294537862
437.212929725647
436.44973134994507
436.53120641708375
435.0070504029592
429.1120586236318
429.2552227338155
428.9191762924194
430.1740944226583
428.3005138397217
429.50301392873126
427.4869908809662
425.5195682525635
428.7292727470398
424.65212965011597
426.1217447916667
423.5218430042267
423.2429949124654
420.3553981145223
424.27502776781716
423.0913148721059
426.1401079336802
421.5016654491425
423.19169092178345
424.297796758016
424.39371132850647
418.26982701619465
419.90512329737345
419.27700813611347
421.28316796620686
419.0690070470174
419.94842858314513
421.41826663017275
421.31557358105977
422.4680961926778
421.1892690976461
421.2256205240885
425.44557112058004
426.17416281700133
421.672478834788
419.87616370519004
421.83921270370485
417.37917806307473
416.63440238634746
417.19143263498944
410.93952185312907
412.56792910893756
