28.455150039545423
18.170614721446203
16.10586247413323
15.156763060853399
13.867372588864688
12.888655866271463
12.105445003201222
11.839951103103571
11.608624114044781
10.796480997369207
10.221012838698666
10.548728374314718
10.12749284814144
10.01347897021935
9.521175385549151
9.369834043856326
9.353840757289838
9.142050304289523
8.993479992808966
9.221768461681645
8.700480252504349
8.544219326356362
8.657109807020632
8.529122567639268
8.512645311653614
8.548003175135317
8.344775956766359
8.209449891129445
8.387234450928096
8.059089968430586
8.182375114539575
8.184463084257882
8.02960899446545
7.885052238558901
8.022120819266501
7.925000783184479
7.854234180573759
8.118767528184529
7.718980369896724
7.927589798924224
7.697938778277101
7.486424777014502
7.7778230169466855
7.429514671707976
7.487425400779165
7.439639056165671
7.511688503211942
7.407799730141615
7.278323785498224
7.214112347698417
7.446125816682289
7.404905780122198
7.212363225118867
7.102166061771327
7.035563983793916
7.109661689863123
7.123329072676856
7.109167293227952
6.932781154739446
6.865014734710085
6.925406275124385
7.054969066689754
6.987713698940031
6.888378093468732
7.024138858349159
6.801394319739835
6.867020854919121
6.906622477646532
6.877151552716206
6.830033484204062
6.909982938961736
6.899976014705567
6.724883549814594
6.84838942887968
6.737865554618424
6.943585548678349
6.668369816166574
6.810011095399487
6.91347002700485
6.834207661449909
6.7578166733528
6.678035921063916
6.708091009793611
6.843225919224065
6.88362313331715
6.825368065772386
6.634966488028395
6.821082812188001
6.645750154066702
6.613583520697109
6.735439465734466
6.500424894150989
6.613527566836826
6.6286427395354055
6.484138201536803
6.459940649825951
6.549812862328414
6.3702447325761975
6.620964126083358
6.613393810031743
6.7398784411107675
6.7079568340860565
6.471641769696927
6.337538272013952
6.370353617416374
6.499481883285375
6.310464782319192
6.393705058329064
6.501803084694106
6.3480672671877105
6.461968200987783
6.4354043258675215
6.393203918533079
6.450677600785576
6.469886629488961
6.354303890261157
6.448773333867049
6.354849319519667
6.430785202003759
6.284810186331642
6.332129978542698
6.428084908888258
6.239666432142258
6.300287779035239
6.189891795916804
6.360513948032568
6.398602852662062
6.1404753433990065
6.248787910003086
6.314674898211298
6.264490256792512
6.1082194763524775
6.27068786657062
6.164809941474734
6.2848252329076155
6.122203699859051
6.160032534393771
6.232118573938978
6.2717134567170305
6.161800823463448
6.063441490047965
6.061582362343525
6.1307323653379395
6.236130473043384
6.187134831244576
6.170012302696705
6.208599177285515
6.14300213009119
6.002942621065625
6.262401531225648
6.063601130298499
6.051878967804128
6.093045694689298
6.0553278478568995
6.091710888876997
6.100597647500449
6.0546774850066365
6.041753433644772
6.059406587532882
5.989217884838581
6.093361937794192
6.112238092669125
6.043889824172546
5.979524038732052
6.03360305212695
6.0733878075562675
6.051895141986938
5.9367981312860705
6.162660103933565
5.960272360721539
5.994147729257057
5.955072814405992
5.995316240294226
5.787507807643249
5.950375137015663
5.897545651500595
5.865439625649617
5.932493863177711
5.8249522385926085
5.951303805770545
5.870065006459582
5.834607268330352
6.050964033680743
5.8582401542828
5.947269051881699
5.745434660464525
6.026320896528918
5.877177205964409
5.851682421205373
5.932394040041957
6.023908594045146
5.91772676952954
5.785960417626233
5.838026839083638
5.841432897823638
5.808834118832802
5.787237586646245
5.739996393179071
5.9155830430059595
5.923235667548303
