-1.4085748729606469
-4.475536522765954
-7.7560412883758545
-11.746824796001116
-14.091094781955084
-15.691931436459223
-20.4701300462087
-23.828896870215733
-28.163834532101948
-28.50067714850108
-30.532002727190655
-30.45925720532735
-28.639322578907013
-32.51163955529531
-32.646422266960144
-30.497493108113606
-36.30314369996389
-34.562522888183594
-30.703092455863953
-31.83902406692505
-33.88214063644409
-32.8747633099556
-33.48502800861994
-34.57190668582916
-37.79185312986374
-36.75674331188202
-35.433079520861305
-36.58932904402415
-37.22965627908707
-39.54990430672964
-37.87796107927958
-36.78887037436167
-39.69471824169159
-38.22563201189041
-39.42623962958654
-41.687087655067444
-37.2888965010643
-39.76349266370138
-40.34798967838287
-40.41500572363535
-39.55972764889399
-40.69683782259623
-42.85270977020264
-43.49349743127823
-43.22974145412445
-44.89682604869207
-42.112294018268585
-42.76416873931885
-44.78381089369456
-42.8756112853686
-45.95484399795532
-45.49000704288483
-44.85053821404775
-45.9140210946401
-46.56990953286489
-45.669028878211975
-45.960142274697624
-45.5630669593811
-45.732623636722565
-47.06892955303192
-45.28444888194402
-44.909555435180664
-44.11148722966512
-46.26981500784556
-45.82898064454397
-47.45237805445989
-47.291259706020355
-46.55206382274628
-47.18653925259908
-47.27056894699732
-47.14171769221624
-48.312510907649994
-48.52672072251638
-48.050331930319466
-47.706593334674835
-48.116272707780205
-47.72594439983368
-46.69895672798157
-47.32976643244425
-48.29157360394796
-47.426124115784965
-48.63418813546499
-48.826055566469826
-47.10642413298289
-48.39780596892039
-47.19471995035807
-48.23905599117279
-47.88288841644923
-49.38906709353129
-49.6131542523702
-49.70036701361338
-49.868005315462746
-48.76409959793091
-49.01488308111826
-49.92254459857941
-49.36161663134893
-49.74696300427119
-50.736714601516724
-49.479261100292206
-49.904860417048134
-49.823710878690086
-50.03818825880686
-50.37460615237554
-49.57465932766596
-49.977571268876396
-50.48963590463003
-50.11493090788523
-50.210934360822044
-49.79510893424352
-50.15112125873566
-50.106911500295006
-50.13085367282232
-51.1797758936882
-50.48490993181864
-50.4798159400622
-51.15821800629298
-51.20079833269119
-50.19080766042074
-51.0992556810379
-50.30120573441187
-50.66626173257828
-50.71633982658386
-49.90342855453491
-50.15460995833079
-50.810205241044365
-51.038149336973824
-51.528233687082924
-51.419362823168434
-50.97356836001078
-51.33130808671316
-51.15722815195719
-50.80669963359833
-50.60453794399897
-51.073079347610474
-51.67798258860906
-51.44335073232651
-50.885288417339325
-50.84171875317892
-50.80475970109304
-51.96090706189474
-51.07574866215388
-51.50618956486384
-51.17994370063146
-51.41571122407913
-51.3105905453364
-51.9277862906456
-51.58570392926534
-51.88629066944122
-50.51523035764694
-51.40471227963766
-50.91374961535136
-52.049091617266335
-49.86680555343628
-51.42032519976298
-50.498111387093864
-51.82658660411835
-51.430262982845306
-50.833420832951866
-51.40730208158493
-52.18195621172587
-51.497544626394905
-51.50481792291006
-51.7607026497523
-52.01584402720133
-51.59402358531952
-51.528869688510895
-51.15303246180216
-51.225546876589455
-51.506208757559456
-51.25742212931315
-52.341365257898964
-51.21971978743871
-51.39841894308726
-51.316543658574425
-51.2890887260437
-51.198970238367714
-51.80502446492513
-52.21878435214361
-51.611070354779564
-51.724079390366875
-51.99249587456385
-51.63075600067774
-51.86222096284231
-51.31440540154775
-51.84216539065043
-51.80157438913981
-50.6116331020991
-51.858324110507965
-51.56139439344406
-51.0961138010025
-51.13417069117228
-50.3824876944224
-50.98723920186361
-51.39779317378998
-51.383181730906166
-52.047394593556724
-51.13749635219574
-51.829927921295166
-52.14014883836111
-51.64527197678884
