806.0807590484619
781.6112198829651
740.5890202522278
751.1921353340149
708.0119371414185
716.1994218826294
693.756688117981
702.7032880783081
691.7401976585388
661.5495729446411
659.0945363044739
680.1762619018555
681.024827003479
646.8808801174164
600.3892230987549
595.6061928272247
615.3753824234009
632.5601150989532
602.3347177505493
624.7677006721497
596.1090059280396
596.8187222480774
585.954066991806
586.4234774112701
591.945919752121
554.5339496135712
589.7177715301514
586.6811091899872
539.5013327598572
562.7282841205597
539.7230234146118
540.8493666648865
531.3969719409943
546.8577797412872
538.6486175060272
523.2589263916016
552.6640844345093
526.4893968105316
529.400386095047
526.837405204773
521.3438124656677
515.0866723060608
520.6425979137421
507.27737522125244
511.6978917121887
518.925281047821
496.8651671409607
515.6955761909485
487.1129138469696
496.3333029747009
494.9879686832428
500.93110752105713
481.8126859664917
487.63228726387024
505.5428533554077
489.4366364479065
480.97858595848083
463.2642455101013
471.88507866859436
466.67546916007996
467.3665702342987
473.35894680023193
459.4289810657501
460.62559485435486
461.51155161857605
467.66759729385376
463.2441394329071
452.2647304534912
452.50290083885193
439.72059321403503
458.1289358139038
445.02070021629333
435.41080117225647
459.10962080955505
447.91468596458435
450.9264876842499
447.3499026298523
454.3306601047516
447.25718903541565
449.0517067909241
433.2207295894623
436.41054463386536
430.4023733139038
447.9677515029907
421.5627908706665
438.6786229610443
428.5179624557495
430.20425391197205
437.4510643482208
432.5580348968506
437.78895926475525
420.24787759780884
418.0425350666046
429.6939060688019
440.4475145339966
419.3018443584442
395.5554389953613
414.2254829406738
418.61090445518494
408.8611090183258
422.5022563934326
414.31404638290405
414.73425936698914
423.38309597969055
408.7247986793518
421.7341558933258
405.61012959480286
415.0673997402191
407.63302659988403
414.64895963668823
410.14656829833984
409.12506675720215
406.28205132484436
400.9808564186096
416.04099321365356
415.4459500312805
399.02694058418274
398.5860574245453
421.47136664390564
403.2072720527649
413.10155725479126
428.14642310142517
403.0220866203308
398.354777097702
422.3293602466583
399.4334943294525
405.3769152164459
404.64814043045044
397.42018699645996
395.8627517223358
402.81941413879395
394.45190143585205
402.0537312030792
384.28072452545166
388.63048696517944
390.38769364356995
391.6572775840759
388.8074526786804
389.77854800224304
375.4751088619232
380.09108543395996
389.41780710220337
374.7658760547638
374.1607596874237
379.17188715934753
368.7881660461426
393.1618890762329
402.17694640159607
382.0633747577667
387.60165214538574
389.73603916168213
369.4762451648712
362.5572564601898
361.6903178691864
368.0956950187683
381.2480914592743
375.0479655265808
386.39045238494873
367.6993353366852
376.7116930484772
373.5864269733429
370.9112710952759
366.41879177093506
384.4797303676605
374.1977081298828
373.16008949279785
368.24602723121643
362.7645626068115
356.77831053733826
370.7311625480652
376.981614112854
347.3383662700653
375.6572723388672
357.89865016937256
362.5757508277893
369.47229647636414
367.91264510154724
365.05302906036377
363.0819888114929
350.87639117240906
360.3435733318329
371.9211280345917
350.7280333042145
351.3148970603943
358.79121494293213
363.6243290901184
344.35799288749695
347.7763080596924
353.187864780426
347.62359857559204
343.45329999923706
361.33143043518066
346.3702929019928
352.1205503940582
347.17767882347107
347.92212748527527
358.4116976261139
358.92256927490234
350.99396538734436
344.3009786605835
