0.4703995590098202
-5.6741583570837975
-10.345390126109123
-16.657848440110683
-21.88185127079487
-28.747545272111893
-32.43682408332825
-39.571514934301376
-43.95524415373802
-43.62279883027077
-54.40521156787872
-53.253660172224045
-62.19760584831238
-62.610183358192444
-62.93169927597046
-70.29435133934021
-73.12508755922318
-77.80139243602753
-81.81766194105148
-85.70157986879349
-83.71198481321335
-88.48967629671097
-88.30758333206177
-98.19957184791565
-88.7908343076706
-91.59179419279099
-96.36539596319199
-96.49230802059174
-92.05883741378784
-94.06657427549362
-98.60282158851624
-101.66753774881363
-93.77689969539642
-104.92449057102203
-105.50257050991058
-105.58913946151733
-105.42049419879913
-106.9352594614029
-103.68440091609955
-100.440633893013
-107.80676120519638
-106.07037580013275
-102.92602103948593
-107.72733414173126
-111.85935461521149
-111.74171996116638
-111.87785905599594
-118.16581308841705
-113.00376915931702
-110.3276059627533
-116.28821170330048
-113.12815284729004
-114.07184910774231
-113.88905102014542
-112.26127469539642
-115.14508652687073
-117.27381241321564
-117.07121044397354
-114.35301184654236
-116.9032199382782
-113.89241546392441
-114.86646223068237
-121.11471784114838
-118.72218531370163
-120.65316450595856
-117.79443490505219
-121.71149361133575
-119.83151495456696
-118.19036144018173
-124.14654505252838
-118.58584475517273
-116.64633357524872
-122.1065034866333
-128.81157803535461
-125.62630599737167
-129.98325061798096
-130.29630506038666
-129.33338916301727
-128.76548314094543
-131.6904137134552
-126.8897352218628
-131.70379090309143
-125.91660511493683
-130.002490401268
-128.38322591781616
-127.67486947774887
-129.1853939294815
-128.96664464473724
-130.3443642258644
-129.36481750011444
-132.126300573349
-132.90630757808685
-131.42959880828857
-132.96036028862
-134.26091927289963
-136.92289942502975
-136.68931233882904
-137.99535113573074
-134.2593377828598
-134.19691425561905
-138.28336364030838
-136.95450907945633
-139.93306928873062
-136.652041554451
-137.62634015083313
-137.3561168909073
-133.29730832576752
-133.7138546705246
-137.7932830452919
-136.08615016937256
-139.26927661895752
-139.88951283693314
-135.49321228265762
-139.03156960010529
-142.37209963798523
-144.81236898899078
-140.86845517158508
-140.00195980072021
-141.6240246295929
-144.63981533050537
-137.836648106575
-141.25309973955154
-141.46698367595673
-140.81491619348526
-140.8969622850418
-139.96005535125732
-140.16530656814575
-140.20672750473022
-141.2588313817978
-142.01539808511734
-145.07674980163574
-146.97824478149414
-141.0403037071228
-144.95300072431564
-144.71081113815308
-142.95376563072205
-144.20942842960358
-144.32442390918732
-144.868234872818
-145.4889948964119
-145.20691549777985
-143.1616660952568
-140.45742893218994
-143.83581399917603
-145.973686337471
-144.3198103904724
-144.60983753204346
-144.6216231584549
-144.56313824653625
-147.46870815753937
-147.32576966285706
-143.5523847937584
-149.82198548316956
-146.17345774173737
-142.6019092798233
-141.4262779355049
-145.19765824079514
-148.82554602622986
-140.70834189653397
-147.24169886112213
-147.7144535779953
-148.40485960245132
-147.08239144086838
-149.27821481227875
-149.66959834098816
-147.7880180478096
-150.9195395708084
-144.99523758888245
-148.69810009002686
-147.62889194488525
-147.08419454097748
-146.59489965438843
-145.6257585287094
-149.81719064712524
-149.4391440153122
-151.93533968925476
-147.6832770705223
-145.90486633777618
-149.20560729503632
-145.67193400859833
-151.2202845811844
-150.16264045238495
-151.07037544250488
-149.28554809093475
-150.08558058738708
-150.1147626042366
-148.82335007190704
-149.53264331817627
-145.26728409528732
-150.9410256743431
-147.22319442033768
-147.49118143320084
-149.06555980443954
-151.00457739830017
-150.69693225622177
-151.47357481718063
-147.2752022743225
-151.38818442821503
-147.86534988880157
-152.76597452163696
