-3.005358969171842
-11.39231671889623
-14.816304306189219
-19.464344908793766
-16.326799114545185
-18.830874423185985
-15.469612260659536
-19.441765904426575
-19.860805362462997
-22.027400761842728
-21.377673308054607
-22.426307410001755
-19.696700712045033
-23.36232700943947
-24.508174786965053
-19.67085047562917
-23.679405450820923
-23.25167727470398
-21.921773612499237
-18.065300563971203
-20.89521137873332
-15.903773466746012
-22.27664528290431
-18.01353148619334
-24.591111540794373
-16.701369603474934
-20.357596178849537
-21.14658333857854
-22.105184882879257
-22.732123603423435
-16.70831173658371
-22.447730561097462
-23.7087820370992
-22.440380295117695
-24.47168703873952
-26.09148171544075
-20.87617003917694
-25.31929139296214
-23.51563088099162
-25.98089849948883
-23.776594777901966
-22.825092216332752
-22.031183918317158
-26.507081945737202
-24.950178931156795
-25.53249540925026
-23.52842988570531
-23.750113526980083
-21.903721650441486
-23.588061292966206
-23.61856875816981
-25.473254203796387
-20.92987600962321
-22.372866372267406
-23.39946695168813
-19.342805842558544
-22.34758746623993
-21.998542487621307
-22.65004004041354
-22.303268988927204
-19.52727558215459
-22.057894110679626
-22.5024573802948
-26.438874900341034
-27.6996595064799
-21.787505090236664
-27.633034348487854
-17.579221775134403
-18.40735751390457
-28.230027476946514
-24.530860980351765
-26.366614043712616
-21.19207137823105
-23.717896163463593
-22.462031175692875
-22.637242327133816
-27.6873306731383
-26.68439879020055
-26.875459214051563
-27.549422303835552
-27.88510062297185
-26.229047179222107
-26.866699387629826
-25.023364226023357
-20.935023148854572
-24.46776868899663
-21.967512647310894
-23.712206502755482
-24.086063514153164
-24.4420529405276
-26.626008212566376
-20.490515823165577
-24.994556496540707
-23.401042352120083
-23.165181080500286
-18.01600392659505
-21.010039965311687
-22.516674439112347
-25.282827993233997
-23.57138353586197
-24.12616749604543
-24.133003304402035
-24.267328043778736
-26.909620602925617
-26.90532688299815
-29.312716364860535
-26.057580252488453
-29.23731807867686
-27.233240842819214
-29.30600694815318
-24.027868390083313
-24.372349669535954
-25.131855378548305
-24.24839123090108
-27.860055526097614
-24.227230270703632
-25.95305734872818
-27.344599783420563
-26.597604235013325
-20.58086606860161
-23.560587028662365
-21.402785380681355
-24.43600594997406
-19.945344189802807
-27.785369674364727
-27.68207510312398
-27.32331790526708
-26.261243720849354
-22.383422414461773
-24.022397756576538
-25.845139145851135
-21.628270367781322
-23.473437974850338
-28.835548798243206
-26.80709570646286
-27.77341838677724
-26.05263348420461
-30.101739803949993
-26.027865668137867
-29.735213836034138
-29.498337785402935
-27.03888402382533
-25.422387917836506
-28.874630351861317
-27.791275531053543
-27.633523046970367
-31.372525811195374
-29.045236865679424
-28.120217084884644
-27.19737532734871
-26.394291877746582
-26.89798754453659
-24.86904623111089
-24.677017986774445
-26.79737428824107
-26.381329973538715
-28.170219709475834
-26.469416201114655
-23.30041076739629
-27.52904196580251
-29.810094515482586
-31.46716405948003
-29.835975845654804
-28.380183041095734
-31.305348475774128
-25.437435468037922
-28.514567494392395
-28.228789061307907
-25.121916631857555
-24.91656396786372
-29.56069670120875
-25.047505776087444
-27.052817692359287
-26.15839218099912
-24.024941086769104
-22.28969834248225
-23.34882644812266
-22.08182766040166
-21.635746280352276
-22.941030899683636
-22.517835577329
-19.625588357448578
-22.09495582183202
-19.68943052490552
-17.543991963068645
-22.726741542418797
-25.659566700458527
-19.273752609888714
-22.82952932516734
-24.22792285680771
-30.99009422461192
-26.530811935663223
-26.872459292411804
-29.489006916681927
-31.54154489437739
-30.37200007836024
-32.14854371547699
-29.61726403236389
-28.046702961126964
-27.766933798789978
