132.52219760417938
122.06511362393697
112.70312126477559
106.21852552890778
98.80418515205383
88.8854771455129
93.47449354330699
94.92269508043925
86.19535811742146
88.03351895014445
86.21141469478607
87.78216417630513
80.36987713972728
76.02879005670547
75.13849453131358
75.35992920398712
73.22756123542786
70.30861834685008
64.48947580655415
64.75319029887517
60.88937137524287
62.625115831693016
65.27761373917262
59.59453525145849
54.35055104891459
56.74498701095581
59.121289590994515
52.228919307390846
58.120940844217934
56.31578757365545
51.506047109762825
51.74321687221527
49.80305008093516
49.05640015999476
49.16959170500437
50.83270277579626
48.30032477776209
49.231266498565674
47.53460458914439
44.210178236166634
44.09209562341372
41.633977929751076
43.6068057914575
45.50234406193098
43.606015741825104
44.29372902711233
42.846861749887466
46.32268307606379
41.80845190087954
40.28631234169006
43.537375976641975
39.93189493815104
40.67794389526049
35.582258055607475
33.99959874649843
38.6403752019008
38.268669694662094
35.092273573080696
39.37224385142326
35.2356178710858
35.43235072493553
39.358695179224014
35.316106125712395
33.83794183532397
31.080461723109085
33.28251326084137
35.71985504031181
38.90044432878494
32.89651144544283
32.85585494836172
36.29196788370609
33.41288656617204
36.81925165653229
34.45286667346954
31.4519162774086
34.86057496070862
33.99029398957888
36.00301072994868
29.467066911359627
30.531625263392925
33.31184035539627
29.92575843135516
28.717151472965877
28.693307454387348
34.3520411302646
34.0091052899758
28.158088266849518
29.185687315960724
31.816253771384556
33.078969376782574
27.998849372069042
28.540160723030567
27.07730515797933
28.399131014943123
27.80087338636319
28.623998522758484
26.813274373610813
27.32979458588913
28.77948115269343
28.916670283923548
25.098544222613175
29.881727047264576
27.119349538038175
25.140066779529054
28.66559446354707
25.82063307923575
24.865876640814047
28.695304890473682
23.954803137729566
27.129006897409756
25.029903069138527
24.837533115913782
25.654585368931293
24.90167876581351
28.61749602854252
29.30294479802251
20.801148779690266
27.115960145990055
21.072394949694473
22.17907412846883
27.441724608341854
23.241251478592556
24.0984256627659
29.474214216073353
20.844037767189246
29.15975449855129
24.26223575944702
31.07453340291977
20.8275508878675
23.0926677385966
21.53228250083824
21.8170782700181
25.47522807866335
24.46035419901212
24.014918985466164
21.191007232293487
24.012445670242112
22.47866063689192
23.270710224906605
22.51943930859367
22.121294738724828
24.09233371835823
19.127838499844074
20.988415556649368
21.955692720909912
23.101207247003913
20.610619217157364
19.144879291454952
19.960558727383614
20.87712780549191
16.729879813889664
23.697082976500194
21.11745406128466
19.201918779561918
19.022345555325348
23.561827504696947
17.71488955616951
22.77617071568966
18.076812299589317
18.044884855548542
17.75351347029209
17.71972115834554
21.84695201056699
23.289042479669053
23.037232351799805
19.010153745611508
19.610579525430996
16.412131369113922
19.558869760483503
18.98847226604509
20.04301143810153
18.18662803247571
21.642184920608997
22.948471898833912
20.958358849088352
23.459685660898685
19.70462839305401
17.44939602414767
18.159223278363545
20.160860468943913
20.32147767394781
22.467253254105646
20.60219200445863
20.344901802483946
18.463423252183322
14.780448046823343
23.019295847664278
20.47855171809594
21.301600666095812
18.57697155699134
17.5019850730896
19.99451011667649
20.979155938335072
21.69587067266305
19.28007864455382
19.87853940327962
15.879912263403336
19.826126898328464
16.391989792386692
17.951202057301998
