-3.634459356466929
-9.804883112510046
-15.782245695590973
-16.397596548000973
-16.459584772586823
-20.258475124835968
-17.088530997435253
-19.038406789302826
-20.325762381156284
-17.59138677517573
-21.43214883406957
-21.109098454316456
-23.22373202443123
-21.542575548092525
-19.80908473332723
-22.04063053925832
-21.88566102584203
-19.737180670102436
-24.143915792306263
-20.879896958669026
-21.327835500240326
-23.240436534086864
-24.188826580842335
-22.407315582036972
-23.546824117501576
-23.005477994680405
-23.807650248209637
-24.176569660504658
-24.353830536206562
-23.545701096455257
-22.52258445819219
-22.97419983148575
-21.816100398699444
-24.6884459455808
-23.95047738154729
-23.247138053178787
-24.3726709485054
-25.229487657546997
-23.608687619368236
-23.111016790072124
-22.26578876376152
-23.008992969989777
-26.411754965782166
-23.586747308572132
-25.081071197986603
-24.644757608572643
-23.77274685104688
-22.660574942827225
-22.519475708405178
-22.152169446150463
-21.747313976287842
-24.93513308962186
-24.661078015963238
-21.716317514578503
-23.25966356197993
-23.95449274778366
-22.023550629615784
-23.121938983599346
-23.979078382253647
-22.50508349140485
-23.873402039210003
-21.549995442231495
-22.100257019201916
-24.9195636510849
-24.101726472377777
-26.692064225673676
-25.29090730349223
-22.999758859475453
-23.338548123836517
-22.402831832567852
-17.92886769771576
-20.769345859686535
-20.175284961859386
-23.27534963687261
-22.61487317085266
-22.192618906497955
-21.879310657580692
-21.573805262645084
-21.734370181957882
-20.612578719854355
-18.710063964128494
-18.58032966653506
-22.47310443719228
-20.868423144022625
-20.84306255976359
-22.335779468218487
-22.126388669013977
-22.75445106625557
-21.85521759589513
-25.922360320885975
-22.68022294839223
-22.858208258946735
-19.8757530550162
-21.421245237191517
-23.372455567121506
-22.190584123134613
-22.3432520031929
-25.89958854516347
-24.228424787521362
-22.840714593728382
-24.097403287887573
-21.55760603149732
-20.911233852307003
-23.238380471865337
-20.99422421058019
-21.834373871485393
-21.503954470157623
-22.320823748906452
-21.949717621008556
-22.39506318171819
-20.799283802509308
-21.72564862171809
-21.904393702745438
-21.557976404825848
-19.539955248435337
-21.450221439202625
-22.497806678215664
-22.999794721603394
-22.54105578859647
-22.80732075373332
-18.41089342037837
-22.73070953289668
-22.49242812395096
-21.95448265473048
-16.243996322155
-21.391823609670002
-22.9810866912206
-22.848033169905346
-20.540336559216183
-22.964738349119823
-25.63477861881256
-22.422391613324482
-27.219985951979954
-25.34765362739563
-22.495544751485188
-28.45706743001938
-25.904796948035557
-27.5274604956309
-24.89166969060898
-26.019282350937527
-23.436107238133747
-29.657878200213116
-28.059438745180767
-23.514941056569416
-20.47606415549914
-21.735959629217785
-23.935738066832226
-22.408143639564514
-19.757541596889496
-22.250029106934864
-25.125801225503285
-17.764286895593006
-22.610000431537628
-21.33053372303645
-22.705868085225422
-17.603350241978962
-21.010066330432892
-19.360648468136787
-20.535503923892975
-21.35873681306839
-21.278677622477215
-21.519171863794327
-24.071107268333435
-23.194577753543854
-20.76358977953593
-22.35399204492569
-25.586078594128292
-22.939393401145935
-25.53645610809326
-22.9198863307635
-24.648438970247906
-28.376695841550827
-25.05188285311063
-19.89329570531845
-26.46978799502055
-22.99808730681737
-25.414308349291485
-23.944949607054394
-23.780906230211258
-19.466296513875324
-23.144264300664265
-24.588665862878162
-22.326245208581287
-22.976983298858006
-22.84572885433833
-23.739548921585083
-24.206556061903637
-22.246424108743668
-21.238600889841717
-23.37217406431834
-22.616581906874973
-21.373968521753948
-21.498565236727398
-24.598655492067337
-26.10932458440463
-20.782172948122025
-20.348927716414135
-23.332095464070637
-24.589094916979473
-22.381202419598896
