-0.1885016744490713
-21.198582097887993
-58.855877101421356
-89.65228301286697
-113.10534715652466
-125.67218935489655
-135.72483509778976
-139.97001773118973
-140.48671168088913
-143.29188215732574
-145.9202380180359
-148.47593599557877
-148.17077893018723
-151.99809563159943
-150.64510571956635
-151.28086471557617
-151.575847864151
-152.71570932865143
-152.94302082061768
-152.50696271657944
-153.32713150978088
-154.43830454349518
-155.51623606681824
-154.19683015346527
-155.7307344675064
-154.232368350029
-153.3442760705948
-153.72536480426788
-151.65353226661682
-152.38109827041626
-152.1012853384018
-149.42849665880203
-149.40663784742355
-149.79120182991028
-150.474667429924
-152.57871401309967
-153.69105553627014
-154.3501238822937
-156.31309551000595
-155.2146852016449
-154.4724324941635
-154.15460336208344
-154.70351135730743
-152.93657398223877
-154.03853005170822
-152.1163548231125
-150.1051024198532
-145.67376732826233
-142.99163073301315
-144.94152736663818
-146.60904240608215
-148.09070718288422
-149.97479569911957
-149.68216967582703
-151.61471021175385
-153.51223635673523
-154.40162807703018
-152.34146028757095
-154.27169406414032
-155.3970199227333
-155.8694019317627
-156.59192126989365
-156.63657569885254
-157.7215383052826
-157.67675292491913
-157.72228372097015
-156.8668487071991
-155.37005400657654
-156.88095116615295
-155.10615670681
-155.73419964313507
-156.97923523187637
-157.95450085401535
-157.73577171564102
-156.55697739124298
-156.31941139698029
-157.64780259132385
-158.42843413352966
-158.0798213481903
-157.80818784236908
-156.9899228811264
-154.40335059165955
-153.05543756484985
-150.46493673324585
-151.17176204919815
-153.06357669830322
-151.91190946102142
-152.8497632741928
-153.49353045225143
-155.88050258159637
-156.21526473760605
-156.86123794317245
-157.34424716234207
-157.56157612800598
-156.74139726161957
-156.94997262954712
-157.86700516939163
-158.392271399498
-158.38093906641006
-157.96887528896332
-157.7941861152649
-158.60693097114563
-158.83381938934326
-158.62923300266266
-158.8139147758484
-158.2345051765442
-157.99878257513046
-156.44656521081924
-156.63506472110748
-160.1095278263092
-158.34374886751175
-158.4075826406479
-157.28542983531952
-158.17151755094528
-157.527951836586
-159.56378281116486
-157.82326740026474
-157.5911509990692
-158.63491427898407
-159.02330607175827
-160.64177477359772
-156.73505115509033
-159.58608484268188
-159.25882720947266
-156.81112384796143
-155.56200861930847
-155.44378972053528
-155.7906396985054
-155.9243511557579
-156.30273020267487
-155.14769852161407
-155.46518516540527
-156.32807433605194
-156.4438253045082
-155.75877821445465
-152.45668745040894
-154.46274209022522
-154.78938525915146
-155.55123031139374
-153.2564378976822
-155.8474826812744
-154.6738458275795
-152.45769476890564
-154.39762902259827
-152.25345087051392
-155.0629427433014
-155.45888942480087
-156.99712520837784
-155.57161843776703
-159.25669169425964
-159.14489948749542
-159.38679695129395
-158.43286633491516
-158.08843392133713
-158.03608357906342
-157.85232853889465
-158.1041783094406
-157.6102296113968
-157.09130948781967
-157.14859569072723
-156.99954277276993
-159.64352214336395
-158.92505222558975
-158.72676157951355
-158.98910760879517
-159.88024199008942
-159.72316074371338
-158.35655188560486
-158.9416024684906
-159.56793296337128
-159.8978801369667
-157.5851675271988
-158.67391765117645
-158.05443692207336
-157.95862078666687
-156.73501086235046
-158.6025390625
-158.48418921232224
-159.203706741333
-159.13310378789902
-159.2674297094345
-160.87710452079773
-161.3058797121048
-160.92533493041992
-160.44709032773972
-160.3216691017151
-161.22092247009277
-161.211070895195
-161.64637351036072
-161.10818338394165
-160.53024446964264
-157.52543354034424
-158.43842673301697
-161.55320662260056
-160.23503971099854
-161.5475354194641
-161.1265367269516
-159.70596581697464
-161.41847777366638
-160.41227740049362
