2768.3916664123535
2166.7696466445923
1959.6491689682007
1782.1996202468872
1665.7766494750977
1523.8862495422363
1511.179531097412
1418.0301303863525
1382.6540718078613
1329.302535533905
1340.701835155487
1310.3996801376343
1259.5379128456116
1222.4405484199524
1191.7775316238403
1197.0004377365112
1144.534294128418
1148.6601095199585
1137.7258687019348
1182.5139083862305
1134.60688829422
1060.6230516433716
1080.5142073631287
1053.253026008606
1019.7001333236694
1018.6694450378418
1006.2951416969299
1060.864646911621
1029.755428314209
979.4812097549438
953.7157754898071
945.8106622695923
969.4178562164307
950.1829080581665
1015.6731157302856
923.5913920402527
923.3772764205933
929.2982139587402
882.886860370636
928.288477897644
896.952169418335
924.9548177719116
866.2506327629089
863.2791237831116
861.2378129959106
854.3628239631653
833.2396774291992
894.1445713043213
842.1321239471436
872.3764991760254
831.9188814163208
854.3314762115479
839.8628368377686
809.7262849807739
837.1825637817383
819.6137204170227
798.4448013305664
783.8653569221497
779.6504945755005
767.8100700378418
752.8426065444946
747.5230784416199
747.1130595207214
771.0379214286804
758.2076654434204
778.4392142295837
728.2102847099304
732.1940279006958
706.2387342453003
732.6773796081543
701.8959021568298
706.0448455810547
738.3217477798462
703.7001304626465
695.700168132782
679.9600510597229
707.9235348701477
681.1456246376038
680.7028074264526
664.464672088623
666.4873676300049
664.9962542057037
691.5572686195374
663.2164835929871
643.2266509532928
680.0494203567505
631.1977369785309
636.9840564727783
627.3638021945953
629.2331435680389
654.0279257297516
632.2361211776733
623.0593690872192
618.0436079502106
616.840224981308
623.1214601993561
651.6865146160126
605.5483860969543
614.0682053565979
615.135116815567
605.2524359226227
631.0934190750122
605.4096179008484
601.5890200138092
599.0205190181732
675.2280313968658
632.1792278289795
598.0480134487152
587.5480074882507
603.5616316795349
590.1196916103363
608.3955919742584
622.8718466758728
579.7403221130371
583.0967073440552
591.1533212661743
586.8075881004333
570.180627822876
606.0496277809143
601.3592305183411
556.0095906257629
570.8254325389862
566.8020412921906
561.9608283042908
555.4122910499573
576.5785508155823
553.801105260849
543.9753580093384
535.5605819225311
540.0730464458466
573.2117700576782
568.2067670822144
539.0920794010162
552.9095478057861
547.939156293869
572.6803894042969
558.3290019035339
546.056478023529
529.1220841407776
526.8714928627014
521.2591977119446
537.4156596660614
550.5199465751648
539.7519536018372
514.07528424263
516.472017288208
526.4105842113495
522.1052646636963
510.82684326171875
512.3980183601379
506.3632538318634
504.6771638393402
508.4329307079315
554.0183234214783
513.6121191978455
496.06986904144287
509.60021138191223
517.5384855270386
506.13475370407104
497.2685377597809
518.9594492912292
502.1450068950653
501.9792425632477
484.1194050312042
506.6768522262573
535.0497102737427
482.5425889492035
484.4711203575134
481.49445390701294
473.93291687965393
496.0325176715851
510.36146211624146
486.86769223213196
477.53919768333435
472.10672903060913
474.60455656051636
472.0524950027466
477.23873472213745
474.35373425483704
484.8150591850281
468.2273440361023
499.3828589916229
511.7883086204529
462.67899346351624
466.0597960948944
463.9544198513031
474.33121061325073
473.2265045642853
471.238783121109
457.2552683353424
495.4243793487549
455.8619050979614
457.9763069152832
443.9572539329529
452.53577971458435
447.8653676509857
445.89726877212524
444.1556553840637
439.6425461769104
443.93614053726196
