650.8761067390442
605.7747910022736
548.3646879196167
544.6450233459473
534.576189994812
512.042555809021
510.2570233345032
498.11682081222534
476.10308384895325
472.1405346393585
476.73777508735657
464.7834026813507
474.474773645401
454.8175172805786
456.4775378704071
449.8080418109894
448.3991255760193
452.54943895339966
424.88641810417175
420.7825219631195
427.57793283462524
418.8453276157379
432.96209049224854
424.47978377342224
415.34199476242065
416.9248547554016
406.1041991710663
407.7439525127411
404.1747410297394
411.97058033943176
392.0934867858887
394.7995069026947
389.32001662254333
384.381174325943
379.9100501537323
386.20945739746094
391.4201548099518
381.7881350517273
372.7994694709778
374.1864261627197
364.9317479133606
377.1256203651428
381.34648633003235
363.49962306022644
361.4331293106079
367.6074275970459
365.62965846061707
368.38914704322815
369.2707521915436
364.4877219200134
366.2683789730072
359.2535741329193
342.8581762313843
361.5442969799042
358.1416153907776
358.9992866516113
366.133358001709
351.1311218738556
350.673476934433
339.9583077430725
353.0724663734436
348.35144662857056
352.8655631542206
342.9504466056824
353.1234769821167
350.63008165359497
345.6112985610962
339.6923756599426
346.6340491771698
342.96732926368713
332.57059359550476
342.0582847595215
341.5073218345642
327.51117527484894
330.2622628211975
330.4347560405731
324.04559671878815
329.7099299430847
340.21340107917786
324.8837260007858
331.7981011867523
328.1707875728607
321.3914132118225
333.6020474433899
328.24740421772003
322.5486408472061
325.8630813360214
333.7555627822876
332.87033128738403
311.95370519161224
317.17737686634064
312.2050311565399
318.4402117729187
316.29230654239655
313.0571621656418
316.363382935524
311.3486089706421
321.52834808826447
321.8626972436905
314.72330725193024
321.5137016773224
313.24240803718567
318.6752997636795
309.78851437568665
314.10572028160095
322.5559741258621
321.8858051300049
307.563428401947
315.5028508901596
298.9824044704437
303.3867837190628
300.30301916599274
305.7327882051468
308.05643022060394
316.4632283449173
307.5971735715866
296.3465541601181
305.25265991687775
302.14197981357574
301.64484798908234
305.02438139915466
293.2790880203247
299.42935168743134
299.2550654411316
289.88611698150635
303.3303940296173
297.93326210975647
298.5778452157974
296.83725929260254
294.2069089412689
311.50311148166656
298.5836876630783
291.4367024898529
302.0240832567215
294.7474763393402
294.7856537103653
297.84375178813934
295.8039519786835
286.27411460876465
287.645357131958
284.4464157819748
290.3768422603607
296.6875113248825
294.40198624134064
285.18830585479736
287.31920754909515
286.6897543668747
291.49762511253357
278.41479408741
305.5977873802185
283.7961513996124
276.13946306705475
292.06686079502106
285.9923071861267
288.8992671966553
285.5440706014633
293.44936513900757
287.48470997810364
280.06681656837463
279.62426126003265
285.41239392757416
281.27956759929657
293.4186419248581
296.1906212568283
281.4555461406708
287.03228294849396
279.744575381279
288.7952917814255
286.1402621269226
290.30552411079407
287.1761280298233
281.8860539197922
275.1370804309845
273.9240070581436
272.20453453063965
284.0770320892334
277.2443302869797
285.4109836816788
282.1346802711487
284.0719350576401
281.36083805561066
283.3404002189636
285.44323801994324
275.2880573272705
281.07993721961975
276.4190946817398
280.283390045166
276.0660698413849
280.5497452020645
278.50982451438904
276.33051109313965
271.45690274238586
268.63822412490845
272.48998844623566
264.79326927661896
275.8289269208908
268.988307595253
267.2199196815491
278.72305369377136
272.6015590429306
