23.197536905606587
9.053165872891745
7.070980787277222
6.285440156857173
5.950163508454959
6.273453801870346
5.691648726662
5.623318215211232
5.585970863699913
5.361983187496662
5.103153434892495
5.032791867852211
5.139785421391328
4.76365710546573
4.727289281785488
4.598651543259621
4.6470691959063215
4.585044426222642
4.555489028493564
3.978733149667581
4.463023543357849
3.9355945015947023
4.018683565159638
3.916053647796313
4.075474143028259
3.777000278234482
3.8577176754673324
3.8048071513573327
4.113005581001441
3.4616851483782134
3.4826557089885077
3.815439688662688
3.5944031476974487
3.6213071594635644
3.66341703136762
3.491988887389501
3.734305366873741
3.2548729007442794
3.5184303000569344
3.333910675098499
4.260180126875639
3.3248990575472512
3.299681007862091
3.2390253146489463
3.6073404364287853
3.2866099861760936
3.124633837491274
3.1287056331833205
3.196102235466242
3.055388634403547
3.3726010931034884
3.125575788319111
2.9129589622219405
2.934825174510479
2.855430024365584
2.925441129753987
2.8049312184254327
2.93094494442145
2.6905149978895984
2.7341597651441893
2.9528923196097216
2.710531812161207
2.8806515807906785
2.7906116818388305
2.6497464204827943
2.7816341084738574
2.7587244287133217
3.069745001693567
2.678457163274288
2.727880120277405
2.560563905785481
2.622680346171061
3.165789123624563
2.8164663848777614
2.5711168634394803
2.950122872988383
2.777287074675163
2.5378094166517258
2.651059905687968
2.6704999481638274
2.5805948227643967
2.6794033733507
2.5596566647291183
2.5512147272626557
2.588440256814162
2.4156131433943906
2.3812860821684203
2.3904407173395157
2.3195006797711053
2.3835020512342453
2.4771000059942403
2.296773267289003
2.3242547611395517
2.3154006401697793
2.246017910540104
2.293150412539641
2.2484463527798653
2.346994233628114
2.753232017159462
2.2565951198339462
2.227695776770512
2.189444343249003
2.311878375709057
2.240877610941728
2.2234558649361134
2.309530814488729
2.190583529571692
2.447597657640775
2.1602779974540076
2.1986897786458335
2.364582267900308
2.3939356865982213
2.1502372920513153
2.1087368925412497
2.158778083821138
2.174514419088761
2.1449507822593055
2.197718563179175
2.242111824452877
2.349455195168654
2.0310219240685305
2.0770124966899552
1.9442016693452995
2.3218187441428504
2.1489592095216117
1.9406261034309864
2.030334214369456
2.2858847454190254
2.0516361445188522
2.1526539313296476
2.041218834618727
2.0372635076443353
1.90464157735308
1.8980468871692817
2.046769785384337
1.937524704883496
2.1695131758848825
1.8534257759650548
2.008556536088387
1.9284497511883576
1.8769512176513672
1.8859124978383381
1.817576530079047
1.9496197489400704
1.8838404317696889
1.7360683381557465
1.8960948636134465
1.8081927200158436
1.7904501284162204
1.7915610273679097
1.869626246392727
2.1288498863577843
1.8528970790406067
1.8075467435022194
1.829941422988971
1.795625073214372
1.9838338010013103
1.984032265841961
1.7770412489771843
1.7842838255067666
1.8610195082922776
1.7844723351299763
1.6828423005839188
1.8178567911187808
1.780652475853761
1.7044792771339417
1.7183387726545334
1.6092486567795277
1.6565553185840447
1.7140860222280025
1.9962357928355534
1.7760870431860287
1.7466311951478322
1.7037505234281223
1.7523023436466854
1.6394199927647908
1.6894003562629223
1.7112218663096428
1.71476166198651
1.8454643314083417
1.7518336276213329
1.7576857892175515
1.7867781569560368
1.7093509652962287
1.6576270088553429
1.685416693488757
1.6738070659339428
1.986455390850703
1.5813839336236317
1.7250260288516681
1.5554636754095554
1.6155930111805599
1.5970998990039031
1.6332932996253173
1.5343623763571184
1.5697165615856647
1.5701917658249538
1.7239747047424316
1.6624029949307442
1.691738483806451
