4311.487560272217
3259.3313026428223
3691.9789485931396
3593.5637702941895
3452.099506378174
3646.92618560791
3397.7807025909424
3273.2803268432617
3097.2555294036865
3117.3435554504395
3061.5129680633545
3057.3151092529297
3404.8525619506836
3544.450466156006
3231.984781265259
3225.7045936584473
2999.1233673095703
3426.954580307007
3040.7889614105225
3390.4403324127197
3159.447856903076
3295.611207962036
2888.655824661255
3142.574224472046
3288.6611938476562
3068.8752574920654
3024.6812133789062
2868.7060832977295
3168.9640350341797
3339.0741806030273
2943.1280632019043
3229.1343116760254
2903.9541721343994
2889.2885818481445
2862.025547027588
2924.9505577087402
2856.3468494415283
2930.226650238037
2985.219470977783
2873.384231567383
2862.949378967285
3053.1904220581055
2804.798252105713
3338.274772644043
2918.356086730957
2790.503355026245
2756.123977661133
2895.1842155456543
2862.148036956787
2854.2123012542725
2891.625238418579
2943.9771118164062
3016.3283672332764
3322.7694816589355
2769.4660320281982
3413.544834136963
3055.1225395202637
3212.9243812561035
3248.103488922119
2848.609031677246
3343.6891498565674
2907.246894836426
3142.2115898132324
2931.263624191284
2926.124849319458
2746.391830444336
2801.797248840332
2777.7592449188232
2932.1861667633057
2933.0697059631348
3135.459171295166
3080.129180908203
3122.555824279785
2794.3559856414795
2834.4491958618164
2639.625901222229
3067.4891872406006
2983.841459274292
2964.0870571136475
3237.1973724365234
2586.575674057007
2675.5336627960205
2820.5485229492188
2544.7090997695923
2572.135884284973
2842.6708488464355
2902.8291988372803
2667.137622833252
2641.255500793457
2532.2375297546387
2933.888454437256
2448.9340629577637
3035.929656982422
3461.2598190307617
3015.7894115448
2813.4173526763916
2708.254590988159
2701.060402870178
2645.1600284576416
2968.9550647735596
3177.8758220672607
2546.9318084716797
2768.7152976989746
2632.478452682495
2783.7061309814453
3034.006887435913
2780.13490486145
2879.7327556610107
2880.366802215576
2722.424741744995
2744.1834659576416
2921.7200469970703
2939.4607791900635
2823.541145324707
3096.947048187256
2869.9213123321533
3054.932680130005
3185.0098934173584
2976.7779808044434
2577.521089553833
2862.9326171875
2518.3055896759033
3096.1660137176514
2602.9699840545654
2549.794204711914
2606.8364753723145
2526.534656524658
2598.332773208618
2501.6875743865967
3282.026107788086
3052.0216102600098
2713.4855556488037
2609.7576990127563
2782.0789489746094
2865.7163619995117
3344.670036315918
2498.4511003494263
3173.5751361846924
2921.7074756622314
2845.76243019104
2552.4888219833374
3180.608636856079
2814.032703399658
2742.377061843872
2706.5787353515625
2991.9122562408447
3445.226531982422
2663.760124206543
2960.2956714630127
2685.3599338531494
2564.4975090026855
2846.304609298706
3003.9088554382324
2679.327949523926
3200.6592712402344
2469.7776584625244
2766.62007522583
3085.569023132324
2619.965139389038
2841.6741676330566
2843.027359008789
3080.6626567840576
2576.512159347534
2786.0572929382324
3133.7011184692383
2782.3790493011475
3033.2899990081787
2841.4517517089844
2645.787628173828
2738.1827487945557
2623.1514892578125
2721.034803390503
2647.0586223602295
2829.9151344299316
3153.0448570251465
3008.1476516723633
3019.235569000244
2843.5618019104004
2626.6885471343994
2729.747060775757
2814.424026489258
2850.3986740112305
2470.940668106079
2940.683099746704
2519.2410259246826
2836.0696086883545
3009.882495880127
2879.606719970703
2664.6425352096558
2689.147129058838
2787.8088989257812
2569.5540866851807
2725.80352973938
2663.387496948242
2588.232189178467
2693.3291931152344
2733.6519107818604
3009.228786468506
2832.883581161499
2479.4886922836304
