-5.842995737989743
-28.064847985903423
-37.09632841746012
-39.75649136304855
-43.52001368999481
-42.85081374645233
-43.78920763731003
-45.69577765464783
-45.316732009251915
-45.72304501136144
-45.49086129665375
-46.424212038517
-47.49280047416687
-45.70073636372884
-46.470820903778076
-46.26158332824707
-46.059641102949776
-46.03751468658447
-46.04723689953486
-48.33169436454773
-46.239957888921104
-48.407153924306236
-47.61614525318146
-49.45986064275106
-48.626569390296936
-49.61370801925659
-49.43435569604238
-47.96077915032705
-50.42251545190811
-49.60510230064392
-48.840207596619926
-49.78485389550527
-49.970123410224915
-49.554922580718994
-51.49449145793915
-50.591496070226036
-49.45093842347463
-48.51399850845337
-50.92186522483826
-50.28847630818685
-50.22078247865041
-50.09546806414922
-50.29847967624664
-49.513936042785645
-51.457924127578735
-51.03425939877828
-51.57860799630483
-49.98441378275553
-51.093224465847015
-50.86535465717316
-50.856302281220756
-51.858903547128044
-51.69293244679769
-51.2737652460734
-52.18063429991404
-50.552937150001526
-50.90246272087097
-51.8815081914266
-51.369037767251335
-52.326515197753906
-50.87080212434133
-50.09741350015005
-50.75255080064138
-51.142929434776306
-51.310182412465416
-50.47997502485911
-51.19529249270757
-50.1909881234169
-51.57846172650655
-51.0121838649114
-51.95929487546285
-50.72164658705393
-51.371647814909615
-51.166188677152
-51.5306151509285
-51.813987930615745
-51.86230558156967
-51.29295778274536
-52.67055916786194
-51.636157830556236
-51.277313788731895
-52.80823040008545
-52.19619286060333
-51.52341596285502
-52.657285948594414
-51.83443502585093
-51.74687912066778
-50.842788100242615
-48.98203504085541
-49.6426815589269
-50.32713174819946
-49.26100913683573
-50.8570108016332
-50.26472238699595
-51.326144794623055
-50.237346371014915
-51.11882732311884
-51.630555272102356
-50.40117359161377
-50.7402072151502
-50.81691284974416
-51.45692537228266
-51.23705609639486
-51.405970414479576
-51.27749649683634
-51.463512202103935
-51.97154583533605
-49.067667285601296
-51.14313747485479
-50.939603646596275
-51.629103779792786
-51.861945728460945
-50.743759512901306
-52.08430023988088
-51.7606786886851
-51.292487700780235
-52.28573671976725
-50.691969553629555
-52.553533832232155
-51.3652575413386
-52.861777087052666
-52.684382478396095
-51.94098703066508
-52.50084322690964
-51.59752744436264
-52.06825067599615
-52.285138527552284
-52.672821601231895
-52.28250237305959
-52.60674079259237
-51.58404791355133
-51.89155979951223
-51.50456519921621
-50.84908517201742
-50.62963799635569
-50.7701423962911
-51.20198627312978
-50.73484714825948
-48.59804491202036
-51.12217450141907
-50.9997775554657
-50.72059138615926
-49.92750736077627
-50.362801710764565
-49.73249431451162
-50.48428259293238
-51.64368335405985
-51.55454126993815
-50.42837256193161
-51.138033191363014
-49.93435978889465
-51.0718337893486
-50.7507396141688
-50.99514389038086
-50.96191197633743
-51.02937477827072
-50.28379476070404
-52.466763178507485
-49.91456735134125
-51.89779090881348
-51.642106691996254
-52.0975067615509
-51.49221354722977
-51.56337614854177
-52.09684121608734
-52.40332911411921
-51.846822102864586
-52.255378325780235
-51.75132566690445
-51.8835879166921
-52.36022331317266
-51.18615686893463
-51.87607936064402
-52.63800569375356
-51.66878092288971
-50.86488835016886
-50.35078948736191
-51.53699171543121
-51.22125554084778
-52.85850326220194
-52.412424087524414
-52.271134634812675
-52.64000391960144
-52.0133788784345
-52.994789242744446
-53.19183363517126
-52.264424562454224
-52.61195892095566
-53.0431923866272
-52.62045907974243
-51.72387981414795
-51.627657214800514
-52.231103579203285
-50.283997893333435
-51.84688550233841
-52.48135224978129
-52.21904820203781
-52.59635732571284
-52.37690011660258
-53.006728410720825
