242.70276061693826
245.48206957181296
256.2267959912618
231.90155911445618
236.82217645645142
237.35847798983255
220.16525038083395
227.22030568122864
236.56888564427695
234.44799741109213
233.76138186454773
237.16816592216492
231.35142262776694
225.3582582473755
222.02574531237283
224.53542931874594
222.68719363212585
223.4759860833486
226.10358126958212
211.41296299298605
224.62595907847086
223.3947319984436
223.1756772994995
225.8590210278829
221.5900184313456
224.97710092862448
217.42781821886697
210.10765862464905
215.47610902786255
218.5045449733734
219.8756184577942
222.0639921029409
217.48049680391946
218.03398569424948
211.96633116404215
225.69046958287558
219.75681447982788
216.5413072903951
224.15968624750772
213.51668540636697
221.66197156906128
215.30426502227783
215.80245169003805
215.44023044904074
220.46791036923727
209.92272424697876
217.54402589797974
217.45452292760214
212.71220350265503
212.11729216575623
212.22724374135336
220.5467345714569
210.88508049647012
216.47972551981607
214.76679277420044
216.10933605829874
213.77419455846152
225.95355033874512
219.7919081846873
213.15615820884705
215.24822227160135
219.23252121607462
225.07110373179117
210.6353690624237
217.18788981437683
217.1916434764862
212.58302251497904
217.5883923371633
208.6294276714325
219.78386203447977
219.39854200681052
220.53996141751608
218.77607504526773
219.43742847442627
214.63641047477722
213.4332147439321
214.71884950002035
212.53858677546182
214.52797134717306
212.86707758903503
214.5609663327535
212.5347425142924
213.2138028939565
210.99043703079224
216.28363426526388
207.59043590227762
216.09776202837625
210.2736692428589
208.09370851516724
209.1347247759501
218.16453488667807
219.01854713757834
211.98239556948343
214.16939616203308
211.4782706896464
212.36677877108255
208.6024353504181
224.59418058395386
213.85092131296793
207.36843260129294
212.13341530164084
206.1248116493225
207.73550383249918
217.23474462827048
215.64570307731628
208.9189248085022
210.50750962893167
208.0402410030365
220.16487940152487
212.52232782046
215.4770541191101
217.48708073298135
211.19740533828735
222.39185444513956
204.92881512641907
216.9029266834259
216.95147625605264
211.14452282587686
217.25099555651346
207.35173296928406
212.17411152521768
211.9895055294037
218.74127546946207
214.33900904655457
207.42240707079569
214.95797499020895
214.38334004084268
211.02204298973083
221.93716096878052
212.08441042900085
210.52037421862283
220.94862580299377
211.16706307729086
209.34622383117676
208.79561122258505
217.4254732131958
210.34658662478128
212.54262773195902
215.23773924509683
206.5397742589315
214.03230992952982
207.68710732460022
212.0751539071401
214.1689382394155
210.63285263379416
210.61420392990112
214.7410151163737
211.3593872388204
212.31092262268066
207.14234328269958
213.491473197937
214.6304357846578
213.40813978513083
207.06170074144998
216.4554948012034
216.08610924084982
207.0840646425883
218.141939163208
209.26815716425577
212.25448942184448
211.45407962799072
209.9250111579895
213.99529965718588
211.82338253657022
214.6792027950287
204.78810063997904
211.68451873461404
216.73871262868246
217.2361076672872
207.68964417775473
213.63306005795798
206.39784653981528
211.81391874949136
215.45880031585693
207.5658698876699
207.95718574523926
214.20489819844565
213.33183121681213
211.55196857452393
212.2039680480957
205.84976609547934
206.129301071167
211.45916493733725
214.3566160996755
211.62425112724304
211.95779871940613
209.33931215604147
210.1364633242289
209.48412760098776
213.45638728141785
204.25878326098123
203.55997689565024
208.55712191263834
207.81040660540262
210.1802852153778
208.99501689275107
210.2270278930664
213.6530491511027
209.89481401443481
217.84597754478455
