937.4277019500732
774.786190032959
792.0000890096029
703.6087684631348
659.3746229807535
666.6750103632609
657.2641264597574
632.6566206614176
598.1079425811768
642.0463701883951
588.1928965250651
627.957680384318
571.2280038197836
632.9330472946167
597.1997057596842
591.7579803466797
591.7782039642334
567.0333868662516
553.075033823649
576.102248509725
553.3487288157145
549.4054288864136
528.0784762700399
541.7630666097006
536.6459096272787
565.2913487752279
539.0742467244467
525.2259000142416
519.9624614715576
516.8529898325602
527.7382316589355
509.3510004679362
489.8254435857137
498.31860160827637
485.76285457611084
487.7621701558431
484.3607533772786
521.597380956014
485.4809201558431
468.7564500172933
472.18926493326825
462.5753574371338
467.3409999211629
459.0381358464559
471.2797082265218
446.4959882100423
470.76143074035645
466.1939169565837
438.6352319717407
475.2234026590983
432.2387835184733
460.84702555338544
459.5928382873535
456.1690724690755
453.21305592854816
429.1027790705363
460.805508295695
437.68981615702313
467.161504427592
449.20508670806885
459.74327850341797
441.064250310262
497.98150030771893
436.5981108347575
442.34789244333905
438.2557423909505
427.4304955800374
446.2214298248291
421.3406289418538
422.89299456278485
411.1450138092041
416.06180572509766
429.8144785563151
427.9234285354614
422.5991660753886
403.553058942159
413.55265188217163
399.43051703770954
403.5794331232707
399.65079975128174
415.66960112253827
385.51045910517377
422.97187010447186
395.2238612174988
403.55480639139813
399.6920568148295
399.58656215667725
380.96863174438477
398.873504002889
403.0455684661865
401.3237312634786
390.00502904256183
389.1853485107422
395.36803992589313
383.35477606455487
395.9331652323405
404.233402411143
379.52703825632733
387.497610727946
407.57034571965534
376.3379602432251
384.92592604955036
397.39220333099365
396.4754904111226
371.63841279347736
385.2105779647827
399.22793912887573
410.7688522338867
372.56594467163086
397.226779460907
411.34996668497723
373.01699447631836
384.06738090515137
380.3485363324483
396.8511880238851
379.46582619349164
384.77167081832886
372.2317822774251
389.086106300354
373.7348925272624
373.967645963033
375.0872440338135
385.8993117014567
378.3894904454549
378.8872272173564
388.16450293858844
358.31365664800006
359.0279211997986
367.6950014432271
377.6130100886027
368.8489929835002
370.5329357783
370.6870587666829
357.0916515986125
349.8858064015706
395.0086530049642
357.60445133845013
355.41024176279706
366.29289722442627
359.90020593007404
370.0512002309163
371.4680716196696
383.9503739674886
357.9685680071513
360.21658674875897
387.3954048156738
357.1018392244975
355.6462319691976
360.366174697876
355.25222810109454
350.74205191930133
364.8435281117757
351.43399810791016
358.4765981038411
356.3634977340698
358.55848201115924
342.718629360199
345.97579288482666
347.8806420962016
361.49906571706134
351.88486607869464
337.77394167582196
346.27520449956256
346.00708707173663
347.6367022196452
337.98335615793866
337.3850386937459
332.26543045043945
329.05083688100177
329.9046106338501
337.9370557467143
333.1346394220988
356.4958686828613
346.79604991277057
329.4448715845744
357.8879168828328
343.48595333099365
348.54913489023846
338.6649691263835
344.8075710932414
333.21784512201947
347.6710645357768
337.6013032595317
351.8490784962972
332.54106934865314
333.3155469894409
350.0573747952779
339.9238160451253
333.92312892278034
346.4959298769633
347.37787167231244
330.659592628479
330.51517248153687
338.8171814282735
355.99944655100506
341.0708522796631
331.72768274943036
351.2450256347656
315.3290187517802
325.1277995109558
