177.49825270970663
167.84050265947977
159.1028677622477
151.58626143137613
153.81581115722656
143.13385423024496
147.05787626902261
130.7819528579712
123.95903114477794
136.67063275973
124.07288014888763
131.36103598276773
128.61529779434204
127.07766103744507
122.61907188097636
129.45326658089957
122.84145490328471
120.23031342029572
116.21099595228831
122.70409067471822
116.96678586800893
118.14742910861969
119.36828986803691
112.92748932043712
112.06435549259186
107.48400243123372
107.75793186823527
111.15126725037892
99.35995690027873
114.93934039274852
102.34200894832611
100.07347897688548
98.98308253288269
96.63165577252705
96.73009630044301
104.16541667779286
98.04945333798726
94.6780370871226
96.78033169110616
96.80915701389313
94.27105164527893
92.56065368652344
91.42221454779308
93.81960014502208
94.8920613527298
84.3981221516927
90.30790503819783
91.1029634475708
86.37582643826802
82.9046094417572
90.47049903869629
89.47694337368011
82.6745069026947
78.89989225069682
82.5462771654129
78.31998193264008
85.3268787463506
85.66300563017528
80.92526179552078
84.17340977986653
83.26240448156993
78.71943114201228
79.26220774650574
78.55235544840495
83.73130544026692
78.76755746205647
71.39570544163387
80.23488946755727
80.1301137606303
77.14302817980449
74.84490428368251
75.98077364762624
74.95106204350789
78.26394013563792
67.69552546739578
74.71247150500615
73.60291500886281
73.83935467402141
77.37533926963806
75.93355415264766
73.5330805182457
76.08872439463933
72.57932736476262
74.02937537431717
65.16513635714848
76.76259543498357
73.96851042906444
80.2991634408633
69.69373552004497
74.44488386313121
66.55521325270335
73.90906596183777
75.02818059921265
67.81342713038127
75.82974423964818
73.77959616978963
72.86629678805669
73.47599494457245
71.2323475877444
70.24385817845662
69.50951091448466
66.7266064286232
62.10406959056854
70.48158222436905
67.33724894126256
66.19826692342758
69.69484055042267
63.19252828756968
71.4556360244751
65.07136277357738
69.36054426431656
67.1759866476059
66.31635902325313
61.46416805187861
61.58733097712199
63.29863611857096
63.97805472215017
62.624619702498116
63.78226943810781
65.84956300258636
70.0060804883639
57.49676090478897
65.60407469669978
65.75220483541489
65.28233782450359
61.018401980400085
69.34523522853851
62.743500451246895
64.18042409420013
68.39145749807358
68.95282793045044
66.33805950482686
60.79804962873459
61.87149224678675
60.39005861679713
60.91529816389084
64.81964347759883
60.000848869482674
68.01750906308492
61.556442062060036
63.47967584927877
51.4774614473184
64.1384626030922
64.1478700041771
68.15810964504878
56.9930447836717
62.39314091205597
61.94139804442724
62.09835489590963
63.201266745726265
62.11151818434397
61.46699492136637
62.55572481950124
64.48175487915675
61.861166179180145
64.07602918148041
59.958593805631004
63.545880913734436
60.56253117322922
59.51315645376841
67.23262232542038
64.33973157405853
61.270212948322296
61.90231537818909
65.76300364732742
64.62780046463013
57.573889096577965
57.03041304151217
65.62957499424617
59.3432482679685
58.28219334284464
53.37271321813265
58.5007868607839
51.400350987911224
58.549281537532806
61.44885313510895
59.47884531815847
54.41772549351057
61.74707410732905
59.3135059873263
59.7320307691892
61.37589063247045
61.81084928909937
63.399221996466316
57.88813058535258
57.53984332084656
57.20947815974554
58.55064459641775
58.14130103588104
61.09964299201965
61.85881678263346
63.890948712825775
57.48979014158249
59.51555569966634
57.76972460746765
59.11281190315882
55.65065815051397
55.68703309694926
61.866481284300484
59.65702430407206
