250.93751541773477
235.58670862515768
235.68730314572653
241.03304545084634
227.24917483329773
226.58759236335754
231.96537478764853
218.06568257013956
225.9628643989563
211.51682424545288
225.15460062026978
224.76512622833252
225.92688830693564
225.1944976647695
229.45446681976318
229.91931104660034
211.91394980748495
221.87523754437765
226.50684555371603
225.710569302241
218.33764489491782
215.46623706817627
208.7568704287211
219.76337464650473
222.2941681543986
225.6694217522939
215.2626669406891
216.9227786064148
220.05620002746582
218.58209975560507
222.15944385528564
216.6835203965505
226.03867506980896
217.16312527656555
221.01426005363464
223.96428775787354
222.37073930104575
214.8679076830546
221.82085037231445
216.9109431107839
212.37297423680624
220.42964871724448
216.7502822081248
222.22874172528586
212.99350762367249
219.01535892486572
214.92705154418945
217.04407636324564
213.1505580743154
218.0335263411204
214.69660154978433
214.55559508005777
216.9274981021881
216.68490807215372
217.56876595815024
226.59030946095785
214.1271398862203
212.3395810921987
218.423624197642
215.9623804887136
222.79471651713052
222.81824000676474
215.98032355308533
209.77687549591064
217.4340487321218
215.51450514793396
207.13401206334433
217.9162372748057
212.98652839660645
213.51314266522726
211.6213211218516
223.78546039263406
214.85014629364014
217.41842921574911
212.69630360603333
214.13768887519836
215.09018421173096
209.36780563990274
210.23045579592386
217.662300268809
216.47616338729858
210.77265810966492
210.50796262423196
216.66151889165243
213.6504863103231
215.1040719350179
208.50070651372275
214.25174125035605
215.56516289710999
212.85296392440796
216.91651209195456
222.60513273874918
219.80754550298056
210.40604376792908
212.75367705027261
216.6129998366038
221.91192881266275
213.22136704126993
218.89252106348673
213.75297236442566
208.85611788431802
214.9013151327769
210.78211871782938
206.96647127469382
210.58137798309326
219.79410163561502
215.2232129573822
213.33624259630838
211.40521653493246
214.16998680432638
212.84586548805237
213.84894140561423
212.01626332600912
212.5075212319692
211.3829940954844
216.75946283340454
213.9694551626841
212.20668816566467
205.2149804433187
215.05956705411276
211.71165657043457
206.85424224535623
216.02220447858176
222.53231525421143
205.1857945919037
220.4116863409678
214.30947152773538
208.12867124875388
213.28207381566367
203.54662903149924
213.56013218561807
213.10200730959573
218.53683423995972
216.1103811264038
207.17897963523865
207.84142390886942
207.50011936823526
210.6805210908254
209.6814966996511
211.58124589920044
219.5722115834554
211.25283090273538
214.62190206845602
214.48320897420248
215.70403520266214
203.21706581115723
213.9751459757487
211.86692627271017
210.91795722643533
213.02310379346213
210.7828652858734
213.51490036646524
217.38976271947226
213.81389689445496
208.5053302447001
212.65670005480447
209.58184234301248
207.9093767007192
214.17675550778708
209.50122570991516
214.81082359949747
217.59476518630981
213.4077144463857
204.48592019081116
217.36743927001953
215.09908771514893
210.6221865018209
209.25260837872824
214.40433716773987
214.1966093381246
211.12145749727884
206.41358844439188
214.7565302848816
221.1354653040568
215.31836899121603
211.31542674700418
210.11452643076578
214.31041765213013
205.25017023086548
207.37970797220865
214.7742505868276
207.6259787082672
214.1459272702535
207.3446842034658
213.82567286491394
210.32692861557007
213.97719605763754
206.96352593104044
220.36970726648966
208.9424528280894
220.05321661631265
208.02209758758545
208.5554473400116
211.9680211544037
213.80189808209738
209.7729480266571
213.4350451628367
211.77044550577799
215.38249119122824
212.13647182782492
