241.95619400342306
227.0135726928711
236.5746111869812
227.38709211349487
218.70831171671549
224.72150564193726
221.4971787929535
218.5544512271881
223.54928382237753
222.46014761924744
219.74683944384256
218.71863039334616
222.10071635246277
215.26832405726114
219.37660670280457
215.70487292607626
209.59009583791098
215.24899633725485
209.1143995920817
220.75475335121155
224.76518972714743
223.47892967859903
220.9063048362732
220.97068659464517
217.82376408576965
225.8558750152588
216.13203104337057
212.64417719841003
220.55706683794656
228.9471559524536
221.5879511833191
216.00340739885965
217.02614196141562
221.50348830223083
212.4193569024404
217.46335220336914
218.79273343086243
217.84784841537476
213.3370546499888
224.70090635617575
221.73500291506448
218.30558482805887
220.16574017206827
216.32492852210999
218.17137463887533
213.1039100488027
217.8577811717987
219.16965548197427
217.277942498525
221.53073024749756
209.3697884877523
219.61705287297568
216.49280079205832
206.2064644495646
213.14805285135904
213.47344326972961
220.29835430781046
224.44879984855652
220.94637457529703
217.08138744036356
214.518780708313
212.54654709498087
212.1284867922465
214.50162641207376
219.5944189230601
213.5178049405416
217.6038179397583
208.62149937947592
208.57918032010397
218.12557744979858
208.65186293919882
213.95034551620483
212.98207839330038
214.46879879633585
218.51206835110983
215.5231138865153
220.41160933176675
211.85190518697104
217.89220627148947
212.31342045466104
213.33517940839133
211.70595773061117
212.4062537352244
211.39316471417746
218.2121980190277
219.41621581713358
215.6773146788279
209.89607691764832
204.70753931999207
216.97958326339722
206.6101864973704
217.00946807861328
223.83389099438986
209.95312428474426
208.4959101676941
213.97386066118875
215.4639170964559
215.4745581150055
216.60988791783652
212.67656668027243
209.4412273565928
219.3366527557373
220.6745236714681
212.58182191848755
210.07727471987405
215.98761908213297
202.58085441589355
216.87447889645895
204.52920293807983
208.6924435297648
213.33266401290894
208.51060954729715
207.96882422765097
208.60341254870096
213.68770011266074
211.2711280186971
210.65388329823813
208.12448517481485
206.62213937441507
206.37492171923319
213.9374282360077
217.76337146759033
217.96086041132608
215.23534814516702
213.7123818397522
207.50828774770102
213.94825434684753
211.0364874204
211.45115359624228
208.81793983777365
211.98942438761392
206.99613316853842
212.2031685511271
215.6798484325409
211.33052428563437
211.73092103004456
209.11887303988138
211.93370525042215
215.90986053148904
213.69174615542093
212.56232603391013
212.60635105768839
205.49443888664246
207.67408061027527
215.67295662562051
207.10857963562012
219.5481039683024
206.1172784169515
204.51080656051636
213.18482748667398
206.51303839683533
208.61088387171426
208.18612575531006
209.13744846979776
213.570290962855
220.55724795659384
215.96208651860556
211.47364004453024
216.0248098373413
211.19273591041565
210.6234933535258
205.3388557434082
207.8202243645986
209.87846612930298
208.88084904352823
206.29905573527017
207.97307149569193
213.41322549184164
209.9888685544332
217.00834488868713
211.94524057706198
221.9402788480123
214.10892550150552
201.65908296902975
210.47455279032388
212.66528582572937
214.53897412618002
208.01743276913962
207.80140582720438
209.62213071187338
209.3996363480886
217.13787269592285
205.24453179041544
209.13010501861572
217.5914647579193
207.61776717503867
212.37111822764078
209.97169184684753
215.89411322275797
213.80435419082642
212.90862782796225
203.0692311922709
206.78056621551514
216.87944213549295
208.80098207791647
208.42240579922995
206.3458744684855
207.59290766716003
212.83079282442728
207.0271042982737
