245.68300700187683
224.92704820632935
188.0542755126953
151.4581527709961
186.2494226694107
126.11953949928284
124.948934674263
116.82677453756332
116.54664933681488
120.8945986032486
117.16567677259445
151.26968348026276
109.63221371173859
101.2198954820633
87.39489233493805
100.025286257267
149.48714274168015
101.90347188711166
116.22763156890869
153.99916404485703
88.35068649053574
85.85889279842377
115.32463097572327
99.23686814308167
126.03290003538132
90.98171174526215
92.02197962999344
160.04713451862335
191.93454694747925
95.14317613840103
86.53949761390686
68.38514029979706
65.24317792057991
76.11349430680275
116.56108421087265
87.26820188760757
81.94349616765976
99.14316737651825
89.32982021570206
129.4265056848526
98.38526093959808
110.92999249696732
102.65654319524765
60.57811975479126
76.59507817029953
79.8817771077156
113.47344148159027
64.53778299689293
74.83025112748146
111.38683158159256
72.12198469042778
150.32942217588425
131.2007662653923
81.01892384886742
67.11649316549301
76.06475016474724
87.37445384263992
73.04593247175217
82.0253005027771
81.6486439704895
117.69450891017914
80.48895344138145
54.86620584130287
65.01678812503815
105.45365512371063
159.7481523156166
92.3366357088089
68.19722503423691
62.73798185586929
65.90434148907661
130.81884145736694
159.705240547657
144.43473535776138
70.59183767437935
109.76242977380753
128.9630182981491
129.0451751947403
67.82262343168259
123.32239735126495
94.09619951248169
105.79279911518097
76.30969476699829
86.94287830591202
80.33177146315575
80.29464673995972
89.56196683645248
81.28110367059708
73.14522889256477
71.42908555269241
59.31536039710045
121.64933198690414
89.71882647275925
50.32715314626694
56.92126652598381
109.34142100811005
69.95110756158829
90.2080911397934
63.377195954322815
152.97624218463898
72.1647352874279
74.42698627710342
76.24703451991081
104.76553571224213
124.95116084814072
101.232517182827
111.53702276945114
88.48937410116196
108.89368808269501
85.99129474163055
136.55397909879684
78.40461504459381
80.21530026197433
85.59917587041855
56.39814084768295
54.07160782814026
74.40366685390472
104.66301083564758
96.83275145292282
91.62031137943268
55.63308748602867
91.97319519519806
129.19778394699097
99.99366652965546
55.38064843416214
66.33381173014641
148.53779542446136
102.7539911866188
69.57064336538315
140.83106350898743
163.0740863084793
107.18236476182938
82.4434585571289
124.52845978736877
82.78697431087494
77.45711615681648
76.75186729431152
83.43571764230728
55.28727000951767
77.94523751735687
79.57995426654816
102.18002110719681
76.65778878331184
112.52750897407532
151.25246840715408
102.89085555076599
64.88995665311813
65.22310709953308
68.57799142599106
70.95956432819366
118.7401659488678
78.13844120502472
89.48108923435211
67.95330286026001
129.12761414051056
65.42561841011047
86.61839079856873
64.85638272762299
135.3126806616783
91.20231449604034
67.17818135023117
75.87915676832199
69.89554387331009
60.00834012031555
86.84476548433304
78.52324190735817
82.81600019335747
87.77668619155884
72.30558863282204
79.44966265559196
93.1555957198143
72.75850421190262
74.67882597446442
64.76132208108902
104.25449281930923
70.43982827663422
69.94818130135536
78.6318509876728
109.34884494543076
85.5881558060646
73.44917213916779
67.83265632390976
86.12897503376007
79.7432053387165
71.72057834267616
59.00706049799919
62.735594511032104
57.234225273132324
102.98664146661758
80.02064603567123
69.87740206718445
66.051384806633
77.50102517008781
151.64492976665497
64.84109163284302
85.85747247934341
86.33279585838318
108.48737609386444
81.86623987555504
115.11001169681549
57.100161254405975
