168.22184646129608
90.66122329235077
70.15388077497482
72.75177532434464
56.608060985803604
55.13754218816757
55.77206218242645
53.93049257993698
47.31940084695816
45.42768692970276
48.611120611429214
64.71544879674911
43.48101371526718
42.56592530012131
41.89489504694939
41.73565310239792
56.49699908494949
40.97390626370907
42.671331107616425
51.170485228300095
39.89488431811333
39.42461012303829
40.643294259905815
38.74225760996342
38.2075200676918
37.494703724980354
37.403100699186325
40.03933630883694
38.20489600300789
36.582153752446175
35.796442806720734
38.71641989052296
41.75902792811394
35.48260013759136
35.502849757671356
51.41148114204407
35.01971714198589
34.71287029981613
34.25452023744583
35.05482974648476
34.306543201208115
33.255834460258484
33.662854090332985
49.691887736320496
43.69474655389786
32.78378738462925
31.64038771390915
31.499823972582817
30.828806310892105
31.641883581876755
32.36783787608147
30.749910607933998
30.695880562067032
32.00130741298199
30.207766756415367
29.528479009866714
29.584062844514847
30.562151476740837
28.06508195400238
28.965037927031517
27.689974173903465
29.3935184776783
27.870223745703697
28.632713481783867
28.81527988612652
38.56304305791855
27.87311726808548
33.963203728199005
27.662391275167465
26.301473766565323
27.544716328382492
26.428499147295952
26.170562654733658
27.042064398527145
26.734258085489273
26.321416154503822
26.80566941201687
26.75422565639019
28.06124658882618
29.746427476406097
26.323498785495758
25.9351397305727
24.897125720977783
26.03233841061592
32.36495442688465
29.863936215639114
24.72484403848648
25.326218217611313
28.36018094420433
25.88566780090332
29.163920372724533
24.421024188399315
25.9683308750391
25.18303292989731
23.858421698212624
23.925448670983315
24.715546488761902
23.85113374888897
23.692440792918205
24.752522632479668
23.318612307310104
24.256299912929535
23.601754426956177
23.137002855539322
26.8374452739954
23.91602772474289
21.96836230158806
23.360718220472336
27.275827765464783
22.340485900640488
21.882118210196495
23.74724143743515
21.722269356250763
23.289981797337532
22.322402015328407
25.38458225131035
26.148230403661728
24.243995517492294
22.13379170000553
21.451162174344063
21.7111334502697
21.19977828860283
22.41654348373413
21.969397321343422
22.69376005232334
21.645317777991295
20.196188129484653
21.1626837849617
20.304461017251015
20.456398643553257
21.032231003046036
20.028614401817322
21.031153172254562
20.498756386339664
20.322960421442986
21.174003526568413
21.085319206118584
20.513234071433544
19.79192477464676
20.144428327679634
21.083086736500263
19.347135737538338
20.3256147056818
19.900492303073406
20.71522031724453
20.006919279694557
30.770016685128212
19.393029168248177
19.69575985521078
23.87116427719593
23.171901404857635
20.013295605778694
19.716713339090347
20.09238899499178
19.780373349785805
21.029294669628143
20.269653126597404
20.01841026544571
25.161554381251335
21.277185678482056
21.095936343073845
19.944528490304947
20.17506466060877
20.38384023308754
19.057201772928238
19.781400814652443
19.715406343340874
19.392885625362396
18.72390526533127
18.402273505926132
18.58888555318117
19.168591052293777
19.639970779418945
18.76387818157673
19.638235673308372
18.765643507242203
17.944447249174118
19.107329718768597
19.147933468222618
23.476567402482033
17.815884448587894
18.240739911794662
18.218852140009403
18.05582393705845
18.190789505839348
17.934628412127495
17.674711279571056
18.042242765426636
19.938132017850876
18.546503886580467
17.164738662540913
19.886758774518967
18.631793543696404
17.553109049797058
17.63352580368519
16.986697636544704
17.925202429294586
16.56648465245962
16.862186774611473
17.25613644719124
