-6.5452538679043455
-22.10381390651067
-33.42254936695099
-39.349668184916176
-41.14519464969635
-41.725036561489105
-43.13981028397878
-45.108923733234406
-42.778759916623436
-44.52019075552622
-44.825112183888756
-46.09336539109548
-46.78317697842916
-45.82265190283457
-45.27248275279999
-46.26039735476176
-47.19095114866892
-47.67010579506556
-47.34340224663416
-48.0923125743866
-48.03020576635996
-47.73968120416006
-47.76761392752329
-49.322605311870575
-48.97450419267019
-49.4368399977684
-49.41638481616974
-49.995338678359985
-50.10602994759878
-50.22569982210795
-49.684553702672325
-49.428842981656395
-49.27040151755015
-50.51652902364731
-49.689597606658936
-50.88563279310862
-50.579965790112816
-50.43153953552246
-50.22263544797897
-51.00724991162618
-50.28911256790161
-49.665813982486725
-51.154159903526306
-50.38997491200765
-50.72249746322632
-51.59994359811147
-49.81340003013611
-50.717638889948525
-50.03719627857208
-49.59779425462087
-50.15139846007029
-50.11193188031515
-50.46817942460378
-49.40920062859853
-50.97176476319631
-49.837819496790566
-49.711467961470284
-49.9854496717453
-50.169988214969635
-50.25671867529551
-49.6634814341863
-49.84767609834671
-51.182181318600975
-51.16965123017629
-50.794709940751396
-50.719016313552856
-51.07477621237437
-51.24146161476771
-50.4577659368515
-51.097859819730125
-50.85671458641688
-51.378820180892944
-52.671905398368835
-51.8208136955897
-50.92442814509074
-50.554378728071846
-51.68091607093811
-51.239824096361794
-51.35970918337504
-51.62983123461405
-51.171246806780495
-52.03348559141159
-51.33797939618429
-50.428442319234215
-51.10777227083842
-51.66563798983892
-51.473779360453285
-51.54037855068842
-51.46619518597921
-52.302962720394135
-51.47297648588816
-52.05133100350698
-50.61616885662079
-50.981072187423706
-50.950804352760315
-51.165123184521995
-50.72368256251017
-49.95541059970856
-49.8150198062261
-51.336523254712425
-51.48898506164551
-49.74279344081879
-51.06831284364065
-50.79262514909109
-51.17357701063156
-52.04062259197235
-51.79326148827871
-51.93425190448761
-52.14065353075663
-51.06984567642212
-51.666681389013924
-52.102593302726746
-51.821578661600746
-51.96374581257502
-52.24267407258352
-52.38651247819265
-51.27225557963053
-51.82983342806498
-51.533232728640236
-52.35024495919546
-51.670873721440636
-52.184630274772644
-51.904905915260315
-51.819912592569985
-52.71098554134369
-52.25571463505427
-52.84065912167231
-52.10393216212591
-52.17285362879435
-51.24430616696676
-51.648473620414734
-51.98013631502787
-51.68925621112188
-52.2267773548762
-51.45716951290766
-51.049465795358024
-50.93793968359629
-51.777693490187325
-51.97862629095713
-52.23429230848948
-52.28179156780243
-51.213770508766174
-52.593859354654946
-52.416856010754906
-52.457856476306915
-51.997506618499756
-51.77726364135742
-51.700659811496735
-52.1784774462382
-51.0869011481603
-51.84175819158554
-52.27930382887522
-51.48218309879303
-52.176018158594765
-51.64303278923035
-51.89657723903656
-51.54596463839213
-51.90239107608795
-51.41858867804209
-52.092099944750466
-51.68981305758158
-51.33232400814692
-51.88415086269379
-51.42801811297735
-51.24170184135437
-51.724198738733925
-52.420376578966774
-51.91541035970052
-52.32464994986852
-52.47612452507019
-51.32288348674774
-51.627230763435364
-51.97245834271113
-51.6297105550766
-51.41729350884756
-51.286291559537254
-51.58005257447561
-51.28759767611822
-50.495725651582084
-51.58852924903234
-51.50710570812225
-52.22879238923391
-52.646566887696586
-52.54685286680857
-51.916657288869224
-52.977579871813454
-52.422783513863884
-52.609775384267174
-53.24585461616516
-52.04285774628321
-51.95931460460027
-52.54071432352066
-52.12968031565348
-51.44633390506109
-52.79415798187256
-52.608784914016724
-51.739212354024254
-52.02265860637029
-51.802351454893746
-51.299037198225655
