188.97948916753134
124.46434593200684
127.96176815032959
103.87161835034688
103.75477731227875
99.68483352661133
87.3086432615916
81.6050447622935
87.11188699801762
71.76022942860921
97.59525696436565
77.64637931187947
98.82338611284892
101.92436440785725
76.13534998893738
71.87770108381908
84.26195192337036
72.41322394212087
87.69350890318553
88.9864171743393
77.18713919321696
98.74752239386241
78.10495960712433
74.16930812597275
91.8835056622823
78.92360456784566
70.7590538462003
90.05352465311687
99.22202054659526
67.45568100611369
99.92314493656158
81.95801695187886
55.987505873044334
91.18332362174988
83.16526067256927
67.25817958513896
77.4393626054128
70.13395818074544
86.0475336710612
95.38297565778096
69.67604978879292
60.62781127293905
83.0616401831309
86.22823238372803
72.93909541765849
88.30241576830547
71.87691549460094
77.16901302337646
74.71029961109161
71.58045478661855
75.21510004997253
65.42289066314697
85.61585386594136
65.48513559500377
89.82107136646907
87.73449969291687
80.27993528048198
71.06509947776794
84.93617868423462
75.41002790133159
99.5509262084961
74.77130893866222
83.83164346218109
73.49577009677887
83.51632781823476
70.59265418847401
101.6213944753011
68.34852433204651
62.76723337173462
75.9871468146642
75.60713462034862
61.48555147647858
87.3533508380254
93.80961426099141
56.414287527402244
62.837762316068016
74.1488055785497
82.69587715466817
62.18339419364929
64.33089230457942
67.22147178649902
66.69786429405212
65.08504911263783
62.554136534531914
83.24116583665212
79.46880714098613
61.44381946325302
86.73043660322826
75.5129005908966
61.89717344443003
55.09992400805155
67.91010737419128
71.28629378477733
61.22302269935608
102.51858123143514
71.78559017181396
67.16044296820958
81.96892778078715
92.11187247435252
58.921220660209656
67.86758315563202
88.49334156513214
70.82725433508556
116.72597161928813
75.03665777047475
64.0242262283961
62.53750212987264
53.81812620162964
74.9278114636739
70.0983879963557
88.36546170711517
66.38785147666931
96.01279195149739
78.0152987241745
85.58460398515065
60.95971934000651
70.54190286000569
61.38358267148336
93.43286069234212
87.78661608695984
77.84324717521667
70.4543783267339
71.94490575790405
111.34941506385803
85.60936637719472
78.35185130437215
102.35019973913829
71.83746989568074
71.42963218688965
77.13216849168141
94.36338484287262
68.57624161243439
86.825452486674
67.66526393095653
62.84636330604553
87.01755261421204
60.351078589757286
85.00691548983256
97.0593330860138
57.74510955810547
67.83337541421254
93.38893802960713
53.079245726267494
80.95665017763774
94.81854216257732
85.25230650107066
74.11756193637848
94.00251066684723
75.75842499732971
67.22790670394897
85.33307552337646
84.14181451002757
74.47970966498058
106.18580023447673
57.746797601381935
78.73735813299815
85.39708964029948
76.10590489705403
79.00739216804504
67.52674762407939
63.40129407246908
90.55082805951436
68.5574820836385
81.38187102476756
64.62885208924611
83.76425011952718
75.74971687793732
68.10835687319438
98.9363710085551
71.52716557184856
61.181225061416626
90.94786318143208
90.64969499905904
78.5498720606168
68.46306844552358
93.09717337290446
58.32570958137512
70.91313147544861
81.90856349468231
69.46407349904378
71.26977030436198
66.86346133550008
81.51182611783345
72.67851277192433
73.18773333231609
67.84965713818868
89.4943950176239
58.66274638970693
74.28746406237285
73.08164278666179
75.57800209522247
73.94737927118938
70.8880279858907
67.33232394854228
57.943055947621666
86.36172040303548
80.0678573846817
74.0741142431895
65.87843604882558
59.67490482330322
