0.5839256743590037
-4.268692344427109
-6.867206037044525
-9.836780339479446
-11.081709802150726
-14.233796695868174
-16.739887674649555
-16.895147283871967
-14.118932594855627
-18.696404268344242
-18.44312181075414
-18.269595702489216
-16.632156948248547
-18.088233490784962
-19.826708177725475
-17.277491350968678
-16.10337322950363
-19.853977024555206
-18.364899108807247
-21.705693185329437
-20.79474586248398
-19.876970946788788
-19.701307624578476
-20.141023695468903
-18.91593607266744
-20.052341898282368
-14.744051684935888
-19.042137304941814
-19.93568817774455
-20.971908221642177
-17.11024671792984
-23.10768602291743
-21.48620382944743
-22.612543155749638
-20.657336751619976
-19.207302088538807
-20.975598235925037
-21.40934185187022
-23.363871306180954
-21.22769288221995
-21.25561821460724
-22.342645823955536
-21.637274126211803
-18.73725797732671
-19.805113712946575
-21.04379106561343
-21.745876610279083
-21.38315902153651
-24.246157944202423
-21.19581401348114
-22.99726225932439
-18.746107389529545
-20.6261252562205
-22.801896552244823
-22.287003815174103
-20.491915464401245
-22.233855803807575
-20.8661270737648
-22.10807267824809
-22.03025672833125
-19.680838217337925
-20.734486440817516
-21.570737540721893
-23.277574489514034
-23.732404987017315
-23.352966209252674
-21.858107924461365
-24.235559741655987
-20.567292988300323
-24.138829946517944
-22.2558467288812
-21.867768734693527
-26.042482058207195
-23.343375225861866
-18.593885789314907
-18.817358295122784
-22.57488278547923
-24.89903070529302
-18.988331894079845
-23.43072626988093
-18.379858285188675
-18.38057471315066
-18.1229829788208
-19.22770728667577
-22.08142578601837
-21.63377395272255
-20.867209871610005
-21.981995195150375
-22.13669874270757
-21.823137084643047
-22.596593936284382
-21.490589539210003
-22.902568876743317
-22.695416808128357
-22.269043137629826
-25.610808114210766
-22.78934673468272
-22.577552338441212
-23.472410569588344
-24.1626638174057
-22.34759908914566
-22.01914130647977
-22.84595141808192
-22.727780361970265
-21.24055641889572
-25.351401954889297
-23.096332132816315
-22.63631980617841
-24.824036061763763
-23.46202849348386
-22.19761461019516
-22.459231336911518
-19.197876393795013
-21.9159598449866
-20.943306108315785
-21.722609728574753
-21.223498155673344
-24.677626957496006
-22.172529498736065
-20.48648464679718
-22.803119122982025
-24.597334374984104
-18.763843198617298
-21.242129405339558
-24.474761734406155
-21.562596827745438
-23.775748272736866
-22.210457682609558
-18.3680220246315
-21.61171491940816
-21.389604796965916
-24.183458983898163
-19.76806378364563
-24.763687988122303
-23.359028031428654
-20.777029434839886
-20.477068414290745
-26.49671419461568
-23.802965223789215
-21.013170739014942
-24.002392172813416
-19.17303181687991
-24.125683784484863
-21.228126525878906
-22.041356553634007
-20.809365729490917
-23.13367211818695
-23.246938705444336
-25.636331290006638
-24.791525026162464
-26.545490662256878
-22.509753078222275
-21.78669822216034
-22.361660848061245
-20.146103978157043
-19.83811832467715
-25.801808416843414
-18.963576545317967
-22.25611687699954
-26.601893484592438
-23.219886352618534
-20.49016346534093
-24.25395812590917
-24.84806387623151
-26.710679292678833
-24.60593092441559
-20.512685428063076
-24.160015086332958
-25.59573096036911
-23.518110156059265
-24.072491606076557
-25.011979182561237
-22.611881176630657
-23.029768407344818
-23.67994576692581
-23.34346640110016
-21.937416811784107
-19.778447916110355
-21.97685690720876
-24.95584789911906
-21.710552871227264
-23.097312023242313
-21.833791097005207
-20.80161166191101
-22.526070316632588
-23.408178746700287
-21.907180309295654
-24.026801615953445
-21.084388275941212
-21.235085129737854
-25.184339702129364
-22.714707384506863
-22.141045063734055
-21.93024765451749
-22.26834597190221
-22.051406274239223
-23.617845336596172
-23.296999603509903
-17.5470069249471
-22.243505309025448
