1060.3144898414612
862.5094518661499
744.4039368629456
716.5682616233826
658.8522157669067
654.7481181621552
646.0035057067871
612.8278336524963
613.8770565986633
598.6939463615417
648.6737055778503
611.6324286460876
573.5037312507629
561.6347391605377
556.001612663269
553.8175044059753
533.9391214847565
508.2806644439697
522.9650311470032
547.1021552085876
530.8553166389465
491.69359397888184
510.66889572143555
506.94173669815063
518.7952160835266
469.4175109863281
494.8264350891113
487.4825191497803
466.7531132698059
474.8260054588318
477.3646092414856
457.7130341529846
461.78683161735535
446.5223300457001
442.3868041038513
465.03229093551636
428.40921235084534
439.4331851005554
439.44200921058655
438.298823595047
447.76951122283936
432.55658435821533
448.8444812297821
408.2585713863373
410.0584077835083
407.47644901275635
406.96424770355225
397.15643072128296
413.7380213737488
390.5974576473236
407.076180934906
415.07243633270264
408.552668094635
400.23294258117676
390.89493894577026
394.8777151107788
388.6858491897583
387.4850449562073
376.297926902771
380.6190412044525
366.75950717926025
367.73491382598877
391.55888271331787
371.50881242752075
358.3424746990204
348.08261346817017
353.01863527297974
404.28196001052856
364.6044499874115
391.33461332321167
377.8705928325653
342.1124382019043
343.2861657142639
373.18817353248596
382.97205662727356
332.8765162229538
338.1998519897461
345.84838104248047
332.27544927597046
322.4347735643387
332.0363118648529
330.27707040309906
351.344633102417
336.947714805603
346.5539472103119
333.8522855043411
328.560378074646
312.90139043331146
328.4858566522598
349.4470868110657
326.9942798614502
327.6518976688385
366.43877696990967
319.69506871700287
317.4661750793457
317.35690116882324
318.22105956077576
295.2437217235565
339.03246116638184
322.97608637809753
293.9745407104492
304.3516538143158
310.05291533470154
287.7872278690338
328.4419174194336
313.61946749687195
288.66677808761597
304.4351806640625
302.14659333229065
313.32132136821747
301.49820256233215
295.82357454299927
313.7430856227875
309.18658113479614
299.7776219844818
310.2578845024109
300.18510246276855
338.949579000473
297.84139466285706
307.3407505750656
287.55093109607697
300.6269929409027
303.686843752861
310.3918981552124
282.72784984111786
312.12619841098785
293.2598885297775
309.7613570690155
301.55868196487427
279.32410049438477
293.3323550224304
263.47130477428436
276.7803190946579
287.0850462913513
292.63398110866547
312.1304090023041
291.2569968700409
287.62529134750366
293.0653350353241
294.6855262517929
311.12709963321686
296.3734495639801
279.47618544101715
276.5013120174408
271.09452998638153
277.73991084098816
247.0303760766983
287.37174928188324
280.2583682537079
262.9617829322815
292.91179955005646
296.51334595680237
248.10518491268158
267.3798415660858
242.68996155261993
262.8960453271866
279.0159819126129
254.2073793411255
263.2533210515976
286.164901137352
273.81858110427856
254.52426159381866
262.2047629356384
269.5018587112427
271.4278919696808
252.15738546848297
257.1340425014496
273.8015775680542
273.50758159160614
265.9970954656601
257.0804531574249
243.0156477689743
254.73378384113312
244.47775042057037
255.65598392486572
248.40723943710327
258.141562461853
237.36549758911133
244.66605854034424
261.76492738723755
236.22791266441345
254.7221795320511
275.16584944725037
278.55712819099426
245.63300371170044
252.80740809440613
254.60885620117188
257.24976325035095
231.59166884422302
245.06777715682983
233.6202471256256
250.7877345085144
287.0337133407593
247.70280146598816
269.60452461242676
278.9259477853775
238.57730174064636
244.8451396226883
238.67174792289734
239.97437191009521
