258.20192098617554
149.6540251970291
111.78454107046127
106.52423322200775
143.1559243798256
93.74865448474884
90.64493495225906
91.8021525144577
85.97511720657349
89.52758705615997
79.90904521942139
85.14671862125397
76.8556059896946
73.20813089609146
71.94974833726883
67.34688705205917
67.56158691644669
63.06343135237694
67.45093297958374
67.58392924070358
60.6994714140892
74.7667598426342
58.86622226238251
66.30405050516129
61.08253449201584
61.64630547165871
68.47081273794174
60.42540019750595
78.702851831913
61.56301534175873
59.46518391370773
66.26389375329018
60.67769318819046
66.7636496424675
64.43148067593575
66.84295582771301
52.67328354716301
52.73218649625778
57.24986892938614
55.14198446273804
56.22873505949974
53.63573607802391
56.41523504257202
52.90144622325897
55.62015351653099
55.3496079146862
49.93019914627075
66.77043896913528
52.39149123430252
56.58988896012306
54.78038230538368
50.255361557006836
58.05697280168533
51.368599593639374
58.2583005130291
56.15355384349823
50.52885860204697
52.634678065776825
50.42411258816719
51.96232318878174
52.91629409790039
51.802371084690094
57.30419361591339
49.223293244838715
58.89282554388046
59.48387974500656
49.857370018959045
48.91749653220177
57.861865282058716
48.98195484280586
58.72162672877312
56.2630090713501
47.93703818321228
51.4842095375061
49.31144368648529
53.53853487968445
52.511271476745605
52.2609326839447
51.98790404200554
49.10812148451805
47.731862515211105
50.50485923886299
47.70723357796669
49.7059146463871
53.03928264975548
48.50844967365265
48.575743585824966
46.031926929950714
49.46535187959671
47.09830954670906
45.91826111078262
51.235764503479004
51.400390565395355
45.8131323158741
46.912288039922714
48.13124918937683
46.601837515830994
48.67997586727142
44.24956750869751
45.234674632549286
47.538684010505676
47.642447888851166
47.023405343294144
42.015110954642296
40.872338339686394
50.966417610645294
46.02582761645317
40.6943224966526
46.677003622055054
44.186413675546646
43.9407639503479
46.58875244855881
49.8795108795166
48.76252058148384
43.3437816798687
40.37674771249294
41.92203724384308
44.829873621463776
43.94093015789986
43.02393287420273
44.020815551280975
53.58415633440018
41.34874710440636
40.97702643275261
42.65606015920639
40.9754096865654
40.4546814262867
45.5315263569355
38.438614040613174
45.10588392615318
40.76193371415138
43.469787150621414
42.8976554274559
56.61190390586853
41.61392369866371
37.25349375605583
45.63154301047325
40.77972799539566
44.781315833330154
41.20809018611908
41.69888345897198
38.40472784638405
37.58265018463135
39.276086047291756
39.85764878988266
39.065392792224884
37.95205654203892
39.734562024474144
36.84665796160698
35.15139129757881
37.310565903782845
42.48461455106735
37.050811201334
37.251181960105896
33.845261842012405
38.1939212679863
36.53808104991913
35.75385841727257
32.57657441496849
32.91593497991562
32.42146751284599
35.89962999522686
43.053971111774445
35.453060522675514
38.399258106946945
36.41055452823639
34.63103070855141
34.07310217618942
34.07275968790054
36.46174897253513
33.50810478627682
34.10334691405296
34.0647187680006
36.8168690353632
32.21804961562157
30.859610110521317
33.30743686854839
34.02872979640961
32.27668562531471
36.34054085612297
33.16267009079456
37.950092270970345
33.20521166920662
36.97416937351227
31.69003088772297
31.71594163775444
31.274950191378593
32.284713953733444
31.577145740389824
31.678063943982124
34.74410220980644
38.417155638337135
33.191887363791466
38.44419710338116
35.637356996536255
30.81651198863983
32.06189762055874
30.43668995797634
35.19699512422085
31.464222818613052
