229.69079192479452
233.73808654149374
230.289813041687
227.4000839392344
219.65372427304587
223.0505162080129
222.72451718648276
219.09086577097574
211.46501421928406
210.33823998769125
224.36704436937967
225.83193159103394
219.94816835721335
216.16339015960693
216.77256727218628
219.3852621714274
217.30269050598145
223.67736633618674
216.78231191635132
221.32688800493875
223.91123326619467
215.65768750508627
218.40202697118124
224.5807624657949
215.28609665234885
227.5678371588389
218.79888359705606
214.5763420263926
217.53696958223978
226.02205157279968
218.04410568873087
216.9379359881083
216.13831861813864
212.4268694718679
215.42747775713602
211.43634867668152
211.48754715919495
213.85977379480997
216.64182329177856
214.488609790802
217.33254702885947
217.03908252716064
217.93754442532858
220.70631273587546
216.5706755320231
218.68386133511862
215.76791302363077
213.7519963582357
214.7733050187429
211.4038383960724
219.26586174964905
218.73247718811035
214.14979966481528
211.70643043518066
214.8128583431244
217.18466472625732
214.84562619527182
214.40418855349222
207.93073455492654
217.5634860197703
219.17307241757712
210.04759963353476
215.44194491704306
216.45381569862366
207.33018334706625
212.04783376057944
213.23099144299826
217.39163025220236
207.78368004163107
219.31879528363547
216.71499061584473
214.90434185663858
216.57398335138956
220.39771993954977
217.25450364748636
214.21474051475525
221.58771959940592
208.54096404711404
209.6718543370565
210.18215640385947
216.8620682557424
212.23713890711466
217.58006676038107
220.06156611442566
211.1412491798401
208.9600354830424
205.57650701204935
221.05000042915344
213.69363355636597
213.677432457606
214.70555877685547
212.5251149336497
206.7738982041677
218.72714964548746
206.2441806793213
208.40820288658142
212.4050466219584
220.03352626164755
218.74323360125223
215.40539360046387
211.0043052037557
216.27553613980612
204.3298838933309
210.7788896560669
209.34109433492026
211.08781790733337
212.28206610679626
211.23734243710837
215.2075080871582
209.08965277671814
207.94709165891013
215.44352014859518
219.11547660827637
205.15069937705994
214.84951194127402
209.2004772822062
214.87312547365823
211.4638857046763
205.10906902949014
210.3779955705007
210.46337882677713
211.84546693166098
209.94940479596457
206.3704092502594
215.2381227016449
209.89641753832498
209.5706469217936
210.93115011850992
208.4876651763916
209.5308120250702
210.11843752861023
210.17953157424927
210.4595101674398
215.64760239919028
212.53160897890726
210.49877365430197
205.9943415323893
207.50819198290506
205.96268049875894
211.37449034055075
213.03560868899027
206.36626466115317
209.00467864672342
207.27857931454977
209.8510123093923
210.32295529047647
206.8316181500753
207.34833081563315
215.59267059961954
205.8880352973938
214.6063710053762
214.87396597862244
215.26743841171265
202.98060433069864
212.31917158762613
211.496640364329
210.0196929772695
214.96454739570618
203.35953625043234
215.54750967025757
206.8087284564972
210.67983722686768
209.24080856641135
215.50019240379333
211.48856465021768
213.0765617688497
210.06101894378662
212.39860844612122
209.09230907758078
211.6276112397512
215.74400186538696
213.15162905057272
213.91240286827087
205.7351172765096
214.36794352531433
208.1660394668579
206.91602047284445
215.41300336519876
211.0862467288971
209.782838900884
208.44402360916138
215.10475341478983
215.30309963226318
210.58804059028625
209.82829197247824
200.75171168645224
211.90842922528586
209.89089210828146
211.37312014897665
209.88724621136984
211.06797981262207
209.88962697982788
212.99584682782492
207.44532616933188
203.30527464548746
211.25587757428488
213.14053829511008
205.29121192296347
208.74856567382812
208.01908802986145
