2352.789377848307
1909.1105473836262
1815.7356592814128
1736.5628484090169
1850.2860145568848
1670.0487302144368
1676.0045407613118
1699.9551264444988
1612.8488451639812
1578.6532395680745
1587.5723921457927
1550.0903797149658
1582.528710047404
1449.8935737609863
1495.954444885254
1398.7867596944172
1503.8828474680583
1444.1252632141113
1439.3191967010498
1387.9406782786052
1390.1927947998047
1373.8921597798665
1365.2671610514324
1349.708568572998
1344.4923044840496
1444.8721872965496
1409.3367411295574
1380.3835334777832
1343.3597660064697
1365.8296508789062
1353.474068959554
1363.2540995279949
1325.7750307718914
1482.2125542958577
1333.2097295125325
1361.419174194336
1414.836690266927
1353.0166320800781
1403.787188212077
1384.1271718343098
1370.583314259847
1345.2655811309814
1300.5838839213054
1304.3299077351887
1334.5080903371174
1284.6053371429443
1406.558562596639
1256.897181193034
1327.3615455627441
1283.9161987304688
1395.1043713887532
1240.4715156555176
1314.1539084116619
1269.092608133952
1236.5089639027913
1272.1650072733562
1252.0955924987793
1178.9560152689617
1247.3436431884766
1267.2528762817383
1192.0075658162434
1208.6032218933105
1211.2325795491536
1175.6624851226807
1202.0501200358074
1202.1102752685547
1223.562931696574
1210.3856239318848
1153.0976969401042
1168.0130316416423
1179.600077311198
1175.7845757802327
1168.459061940511
1132.0525658925374
1097.5767809549968
1178.2762718200684
1142.9937178293865
1182.020674387614
1133.3450342814128
1170.215326309204
1148.1497421264648
1151.641933441162
1146.3825308481853
1141.474422454834
1156.3756484985352
1108.1353041330974
1074.3543014526367
1128.412929534912
1085.0898056030273
1110.6182041168213
1064.072873433431
1121.461748758952
1128.8079172770183
1049.9956868489583
1043.1606197357178
1075.977783203125
1065.4696413675945
1024.6981239318848
1047.5758158365886
1066.684441248576
1026.2681528727214
1078.8304557800293
1050.5568726857502
1100.5099360148113
1015.3971182505289
1044.2787526448567
1005.1192220052084
1012.640604019165
1020.9381802876791
998.2180442810059
1045.5589968363445
1038.1504764556885
1025.310032526652
980.6604207356771
1065.0255235036213
997.0468845367432
987.9092547098795
1030.5206419626873
1000.743490854899
984.3606306711832
1028.461109161377
1018.2555910746256
1005.3048292795817
997.4656016031901
1062.9394709269206
1004.2384128570557
1016.8777154286703
998.4509372711182
977.6182645161947
954.2995084126791
940.9276733398438
972.3065961201986
1002.0914630889893
976.6668841044108
952.0732536315918
955.2572091420492
965.1937535603842
934.672955195109
964.1164296468099
929.6258036295573
938.023743947347
944.5478922526041
1011.5571467081705
920.2381025950114
908.6504465738932
968.506529490153
905.0566775004069
972.2586008707682
960.7388464609782
902.4090334574381
889.9703369140625
922.4101607004801
916.0989303588867
932.0280011494955
884.6698373158773
879.1826108296713
904.9368759791056
903.5084648132324
904.5022068023682
872.9522743225098
898.9055163065592
895.6077206929525
883.6386311848959
888.2194156646729
920.6807963053385
905.8896522521973
927.8431383768717
949.7721932729086
906.186606725057
930.7076733907064
941.8550580342611
910.4295272827148
900.4489555358887
926.5066426595052
879.2862529754639
864.3819799423218
894.8850962320963
877.1422112782797
858.1453533172607
847.3916168212891
863.8520040512085
873.0523544947306
848.8954464594523
860.9313977559408
852.0571715037028
881.9676224390665
849.8356126149496
872.5424747467041
875.381430943807
836.4088490804037
843.8125279744467
834.6985346476237
839.4262234369913
836.9281730651855
833.8203652699789
839.0748119354248
858.8165868123373
840.3673861821493
835.8186690012614
854.6572341918945
