7069.8286056518555
5795.282855987549
5603.878803253174
5600.15446472168
5186.490501403809
4920.090700149536
5014.784118652344
4892.655212402344
5003.422855377197
4831.469236373901
5347.04868888855
4922.956642150879
4758.044904708862
4849.992292404175
5773.876129150391
5426.439247131348
5479.211132049561
5143.52490234375
5458.683109283447
4944.903614044189
5145.081169128418
4839.272167205811
4831.892471313477
5393.697044372559
4801.405372619629
5251.883361816406
4754.817939758301
5558.563331604004
4999.841314315796
4990.155261993408
5046.788158416748
4597.7023639678955
4585.211936950684
4880.920677185059
4666.216138839722
4676.035640716553
4623.871047973633
5034.266786575317
5083.103843688965
4646.391143798828
5352.622947692871
4637.75044631958
4902.200723648071
5166.516262054443
4686.33317565918
4817.5521240234375
4999.6611251831055
4765.154155731201
4524.739948272705
5334.362600326538
4538.986171722412
5305.754432678223
4822.103591918945
4377.735916137695
4781.326372146606
4570.114730834961
4352.899471282959
4622.974937438965
4761.796964645386
4735.810081481934
4853.604778289795
4709.924091339111
4482.590518951416
4842.383411407471
4399.967193603516
4626.048789978027
4805.472682952881
4850.795246124268
4413.160648345947
4428.192096710205
5282.104206085205
5259.245651245117
4684.663122177124
5252.540939331055
6127.022331237793
4768.302791595459
5068.584274291992
5196.898599624634
4921.619245529175
4958.39684677124
5000.874420166016
5185.524765014648
4831.282278060913
4933.276741027832
4827.79292678833
5051.071437835693
4591.085651397705
5189.304546356201
4996.961833953857
4612.653871536255
4925.98504447937
4741.98486328125
4433.962017059326
4997.664216995239
4814.45538520813
5269.53835105896
4683.539115905762
4388.068264007568
4402.114635467529
5037.505355834961
4272.686618804932
5602.048545837402
4371.118881225586
4353.823303222656
4389.418876647949
5234.827606201172
4482.771030426025
4527.937580108643
4917.403335571289
4780.117267608643
4626.2425174713135
4476.890869140625
5227.010814666748
5163.026588439941
4568.197763442993
4411.447401046753
4873.118713378906
4709.0918045043945
4842.184526443481
4758.784679412842
4817.782276153564
4644.121856689453
4771.00433921814
4870.592197418213
4696.642959594727
5083.952247619629
4875.749990463257
4775.643161773682
4920.319885253906
5043.14440536499
4655.050537109375
4584.012825012207
4504.586809158325
5096.346939086914
5311.700996398926
4776.599872589111
5089.956832885742
5329.283458709717
4488.281143188477
4952.081846237183
5006.971195220947
5136.612602233887
4688.571517944336
5209.750049591064
4308.947505950928
4605.054660797119
4729.962154388428
4947.048477172852
4566.213104248047
4442.584985733032
4951.604780197144
4634.784255981445
4918.808101654053
5078.712579727173
5336.052961349487
4383.568370819092
4376.835615158081
4913.670938491821
4838.700332641602
4927.659610748291
4818.293832778931
4486.813520431519
4308.846935272217
4383.867181777954
4549.624099731445
4413.1355056762695
4487.156169891357
4370.43616104126
5337.838735580444
4414.022590637207
4745.839427947998
4711.759506225586
4490.301904678345
4754.024978637695
4756.659156799316
4849.224151611328
4589.781455993652
5105.71258354187
4608.287105560303
4784.363477706909
4264.205158233643
4345.656448364258
4929.777074813843
4699.594966888428
4881.301685333252
4615.015993118286
4400.725986480713
5390.391750335693
5205.104135513306
4472.780364990234
4636.218677520752
4893.345346450806
5518.552963256836
4727.563285827637
4382.260307312012
4346.585437774658
4536.177928924561
4554.662948608398
5122.309968948364
4615.533029556274
