2920.6350440979004
2259.0743503570557
2145.635298728943
2161.6203956604004
2062.282835960388
2172.926538467407
1886.7428407669067
1832.5162267684937
1867.3091688156128
1784.9951305389404
1723.9044065475464
1673.98508644104
1693.1976318359375
1684.6133441925049
1654.7261238098145
1603.9640407562256
1589.0035076141357
1541.0570812225342
1579.5055418014526
1792.4086723327637
1542.8098154067993
1517.0242347717285
1712.586498260498
1582.265272140503
1476.3756294250488
1594.324405670166
1471.0089588165283
1576.2855072021484
1493.3680448532104
1456.9068222045898
1460.1665048599243
1551.2872467041016
1442.547456741333
1395.8958778381348
1445.5036544799805
1377.6460065841675
1458.724669456482
1422.1907587051392
1389.3481464385986
1331.0570425987244
1471.3777179718018
1333.5472950935364
1335.364336490631
1297.0384464263916
1305.3845233917236
1344.0076932907104
1339.461624622345
1321.3567266464233
1299.1572804450989
1364.584873199463
1323.788071155548
1348.2956466674805
1279.8477907180786
1262.068055152893
1334.8182892799377
1260.7039847373962
1209.4241399765015
1233.5168614387512
1316.2593727111816
1185.2895946502686
1197.9065408706665
1177.0055685043335
1189.1116833686829
1172.4052658081055
1150.845507144928
1174.4936385154724
1204.9134483337402
1160.8969340324402
1127.4610514640808
1164.5775146484375
1234.8461995124817
1119.7589330673218
1121.6233587265015
1166.7900695800781
1174.5496454238892
1182.531476020813
1127.1467680931091
1139.6904621124268
1158.8244366645813
1197.6003160476685
1188.9794425964355
1126.6381931304932
1079.746388912201
1167.0521335601807
1035.891529083252
1096.5312161445618
1088.7631788253784
1137.1990814208984
1045.6168265342712
1080.6700596809387
1077.3412346839905
1212.2371373176575
1031.3165302276611
1207.0276889801025
1016.8572387695312
1109.2354364395142
1042.295657157898
1026.4951009750366
1090.9744443893433
1043.9282383918762
1017.4133591651917
1063.7251091003418
1164.5510020256042
1056.0826239585876
1086.955485343933
1038.8113827705383
1027.0624227523804
1106.4448418617249
1126.0576553344727
1035.7902331352234
1061.6801719665527
1077.4591312408447
1079.1502981185913
1031.4408736228943
1029.9496393203735
988.9029417037964
1077.2198729515076
1112.8906326293945
1069.392605304718
1064.3629431724548
994.5340938568115
1001.0492687225342
1076.5340099334717
1047.0624494552612
1018.3463778495789
996.206967830658
1018.302619934082
946.9539284706116
978.7420797348022
1028.2378425598145
1062.1181540489197
979.4011077880859
1019.6854667663574
978.3193283081055
987.6003580093384
1100.6230244636536
1036.6391205787659
956.0366373062134
979.7780060768127
981.6957793235779
974.775420665741
946.0948066711426
933.8434767723083
980.9847736358643
1024.6411514282227
946.6560845375061
944.1155467033386
933.0628452301025
950.1584906578064
965.27068567276
1005.335126876831
938.8382453918457
900.8480744361877
967.4995994567871
941.0725584030151
992.4179997444153
916.6465353965759
950.7141275405884
918.4579358100891
910.9559917449951
885.5717267990112
939.1310930252075
925.868818283081
917.4368371963501
1007.8663167953491
931.5683069229126
935.9079961776733
943.1803522109985
880.4044246673584
902.167097568512
884.8691825866699
872.2693204879761
895.0559124946594
876.7983856201172
944.7300915718079
933.9416298866272
944.8469405174255
894.2174205780029
849.1519250869751
867.3484487533569
832.9314379692078
869.4575319290161
857.1281952857971
903.5859661102295
868.2239294052124
864.7934055328369
900.6213874816895
835.3622989654541
938.2672166824341
824.980149269104
899.4331545829773
862.7990760803223
829.5686864852905
846.9263153076172
851.0529365539551
912.6068658828735
830.047767162323
919.8007316589355
864.7387685775757
884.5511116981506
