701.5870180130005
686.6814441680908
651.1139144897461
637.1657767295837
593.3770775794983
615.8007125854492
552.5327301025391
604.4735369682312
583.2048530578613
582.140157699585
588.9001109600067
552.4997706413269
575.3113441467285
581.9936532974243
549.3537538051605
561.4616012573242
556.819474697113
543.5861704349518
556.2144389152527
533.9189348220825
538.6986207962036
543.266125202179
520.2341504096985
514.5892987251282
514.7176713943481
520.1620666980743
513.5605444908142
513.9651641845703
512.719836473465
496.1023449897766
497.9915506839752
503.4398946762085
478.1874272823334
483.68122148513794
494.18815779685974
484.87860083580017
483.25025033950806
486.6201739311218
483.06482315063477
474.65520453453064
484.45778346061707
475.9049644470215
470.910840511322
474.28499484062195
482.1937344074249
474.91630148887634
486.4261643886566
450.97044706344604
466.54790234565735
468.6671795845032
461.07082962989807
463.0403790473938
454.4033079147339
463.24659729003906
440.84633207321167
425.680064201355
439.6936776638031
461.61973762512207
449.2243208885193
438.90172386169434
429.1292839050293
448.7723572254181
435.933881521225
450.84211468696594
466.7658860683441
447.2474784851074
450.7291338443756
437.0584921836853
429.0195264816284
440.81599164009094
433.41808342933655
443.5661725997925
444.1954243183136
451.2037823200226
426.6775109767914
436.9703719615936
427.6425623893738
422.5313880443573
418.465407371521
432.6064667701721
421.6330614089966
418.5750036239624
426.2560489177704
431.54124760627747
421.127427816391
416.57398557662964
402.86482405662537
428.09303522109985
422.04521584510803
433.49480080604553
418.7179219722748
404.56550002098083
412.07691287994385
414.1579523086548
428.5384714603424
405.47051525115967
428.2495322227478
416.09051299095154
414.5811469554901
412.6867434978485
420.9426050186157
406.3891091346741
412.723571062088
431.15612959861755
406.1454589366913
424.8478579521179
398.6570129394531
409.91480445861816
418.2568521499634
402.0289511680603
427.19998693466187
403.62446308135986
393.4170227050781
402.39452719688416
400.5798227787018
413.54481768608093
406.56164264678955
403.3182382583618
414.2168200016022
411.64582085609436
407.1136531829834
404.0548298358917
388.8649504184723
402.998797416687
403.47828102111816
404.0323061943054
397.7681953907013
409.0137379169464
396.3975169658661
392.4234037399292
416.5633080005646
402.50525164604187
402.5278961658478
412.3864014148712
400.38508796691895
391.8111152648926
395.1238634586334
402.2780408859253
396.1122443675995
396.3097996711731
408.51374530792236
403.2054588794708
397.9795711040497
398.1618151664734
394.9239308834076
403.15203070640564
400.90421962738037
398.6640238761902
392.8175070285797
397.695547580719
391.6746437549591
381.78652334213257
406.8731861114502
395.74751448631287
386.2939512729645
391.3581039905548
383.3273983001709
389.45910716056824
398.79151010513306
392.5563294887543
393.98829317092896
399.1743314266205
406.82842087745667
403.883908033371
393.07868456840515
397.26340794563293
389.88790249824524
386.6735088825226
373.8845126628876
384.9773859977722
376.73590898513794
365.30074882507324
377.3598017692566
392.77681136131287
392.29096150398254
382.99244475364685
386.98336005210876
380.6351180076599
379.88200640678406
369.2560453414917
380.3167247772217
382.62122774124146
377.9604456424713
384.6921536922455
363.6209042072296
394.14043855667114
393.1583433151245
370.56842017173767
391.9587881565094
397.25361680984497
390.99458289146423
389.1037654876709
388.9761986732483
393.50510263442993
384.1134693622589
381.75856018066406
396.67058086395264
388.0173523426056
373.12007880210876
389.3255367279053
