0.16780153510626405
-13.356252521276474
-22.84998507797718
-31.20882225036621
-40.5941396355629
-41.87839516997337
-50.326448023319244
-47.53397983312607
-58.019178211688995
-51.186335384845734
-44.003676027059555
-63.61271205544472
-55.599901378154755
-55.05460461974144
-56.28311514854431
-56.83851531147957
-58.688017547130585
-53.63108730316162
-54.47413229942322
-64.1606177687645
-64.53891623020172
-65.17765688896179
-71.28439432382584
-61.17674395442009
-57.73452007770538
-68.56885504722595
-69.38851010799408
-66.67117780447006
-50.08907341957092
-66.81707781553268
-65.18105658888817
-64.21031886339188
-58.51908519864082
-70.12131920456886
-51.47933915257454
-70.90708303451538
-80.27932542562485
-55.60095402598381
-69.11325025558472
-50.04963690042496
-55.984485507011414
-70.50329437851906
-56.7986204624176
-54.55396229028702
-50.00180941820145
-63.583394050598145
-70.77716916799545
-65.38470113277435
-75.30818346142769
-62.17581754922867
-45.36124923825264
-59.711302042007446
-67.86981630325317
-67.66664016246796
-68.1682847738266
-73.94879204034805
-48.80448043346405
-71.29655265808105
-57.35251468420029
-56.913706600666046
-70.2479290664196
-66.12983477115631
-62.364115595817566
-60.10040903091431
-65.18794161081314
-62.936413526535034
-56.789096266031265
-69.7405880689621
-69.98318058252335
-55.501874178647995
-67.42335763573647
-56.903361439704895
-58.406497210264206
-57.172924906015396
-60.492114901542664
-62.6929597556591
-59.46480616927147
-61.189713180065155
-58.1314035654068
-55.13812643289566
-60.87067526578903
-65.97008413076401
-64.33072364330292
-66.15980249643326
-64.49514824151993
-69.130888402462
-55.2413866519928
-77.99491846561432
-63.189467042684555
-63.85499230027199
-66.66347181797028
-57.10100236535072
-64.70914298295975
-68.88649278879166
-61.63392049074173
-57.00539273023605
-63.30275511741638
-60.12021291255951
-43.35663002729416
-60.71194705367088
-50.433233857154846
-67.86166709661484
-59.590695798397064
-52.080874502658844
-61.112416595220566
-57.82858347892761
-66.95085978507996
-57.315274119377136
-56.955364257097244
-58.946535766124725
-61.567130237817764
-53.77444887161255
-63.463734686374664
-55.13381510972977
-61.634857296943665
-58.74594843387604
-48.48819249868393
-72.27593317627907
-69.18549513816833
-69.56773221492767
-67.00281223654747
-69.69785761833191
-62.127828896045685
-71.41951602697372
-58.58075827360153
-63.70576310157776
-61.47545921802521
-68.00920903682709
-71.39017787575722
-58.726346015930176
-74.05672118067741
-57.19394260644913
-59.42499190568924
-65.01987051963806
-60.52002266049385
-55.3077387213707
-57.02144435048103
-66.67179730534554
-56.99738958477974
-61.554926574230194
-64.00018215179443
-58.083112716674805
-61.496915102005005
-58.74197959899902
-61.81199425458908
-62.42214721441269
-56.57829976081848
-58.03625226020813
-64.5896548628807
-59.145838767290115
-62.55537012219429
-64.09601843357086
-58.36367106437683
-60.162938326597214
-59.61931371688843
-58.28266754746437
-66.61317136883736
-58.38029181957245
-67.7681879401207
-64.07657718658447
-65.83403569459915
-65.09657782316208
-78.8223198056221
-72.02231052517891
-74.27012160420418
-71.65417087078094
-69.67104279994965
-83.50064939260483
-64.6043566763401
-66.91318607330322
-65.5279670059681
-70.62291848659515
-63.96295166015625
-76.26998627185822
-70.67075604200363
-72.1470417380333
-72.34098076820374
-71.77595567703247
-74.49159568548203
-75.3333311676979
-75.97091341018677
-67.9965822994709
-75.51526296138763
-67.15812060236931
-71.60200184583664
-77.43434572219849
-69.62232384085655
-72.9564020037651
-68.48742341995239
-74.54989928007126
-69.51172026991844
-71.37699711322784
-68.13549655675888
-65.44442504644394
-74.976785749197
-79.16836392879486
-76.40724349021912
-64.89444929361343
-77.00229674577713
-76.20352339744568
