-2.9601974735657373
-14.749892761309942
-26.029048681259155
-34.353087246418
-40.51067888736725
-43.97393218676249
-46.27369582653046
-47.098913629849754
-48.31368378798167
-48.824335197607674
-49.274507323900856
-48.81339285771052
-49.70394444465637
-49.115824143091835
-50.07558520634969
-49.9730863571167
-49.48607357343038
-50.36838026841482
-50.81258634726206
-50.44951415061951
-50.74656436840693
-50.59793299436569
-50.98118654886881
-51.354660173257194
-51.11273241043091
-50.71131304899851
-50.738982836405434
-51.17718726396561
-50.999589463075004
-50.903729140758514
-50.33418154716492
-50.38082675139109
-50.88586823145548
-51.05962932109833
-51.28787620862325
-51.613138337930046
-51.728459199269615
-51.80890198548635
-51.93399053812027
-51.57095487912496
-51.165094673633575
-51.971448500951134
-51.425063053766884
-52.03813103834788
-52.24502718448639
-51.492675145467125
-51.86817353963852
-51.77707386016846
-50.73945109049479
-51.43472548325857
-51.7547270655632
-50.743155002593994
-51.78387371699015
-52.28843889633814
-51.306474228700004
-51.68816582361857
-51.782341519991554
-50.632080475489296
-50.540825506051384
-51.865960001945496
-52.030263801415764
-52.34227303663889
-51.78717346986135
-51.78678939739863
-52.452771047751106
-51.455803751945496
-52.34065544605255
-51.73255634307861
-52.40466696023941
-53.25262705485026
-52.46861026684443
-52.97126797835032
-52.21509317557017
-51.417288382848106
-52.00907254219055
-51.49642024437586
-51.880744417508446
-51.92271649837494
-51.52661029497782
-52.08904314041138
-52.54604695240656
-52.47550813357035
-52.41686109701792
-52.22365299860636
-52.20441687107086
-52.85926926136017
-52.146913727124534
-52.373818476994835
-52.42125676075617
-52.127463618914284
-51.050935208797455
-51.19758423169454
-51.761549989382424
-51.572064320246376
-52.34766133626302
-53.08804086844126
-52.94481488068899
-52.2752161026001
-52.206146359443665
-52.189897656440735
-52.94894790649414
-52.676068464914955
-52.668076276779175
-52.181834081808724
-52.93778955936432
-53.03919154405594
-52.68191810448965
-53.22336868445078
-53.56285436948141
-53.79399859905243
-52.90252973635992
-53.47730487585068
-53.36677676439285
-53.282684882481895
-52.27893382310867
-53.13888943195343
-52.9182265996933
-52.69955134391785
-52.18207859992981
-52.67830749352773
-53.183740655581154
-53.25580974419912
-52.653111577034
-53.56916016340256
-53.83230642477671
-53.7625097433726
-53.52963682015737
-53.43447651465734
-53.73918569087982
-53.88848429918289
-53.417011777559914
-53.076293687025704
-53.137722174326576
-53.705219407876335
-53.25110272566477
-53.51009929180145
-53.807848612467446
-53.93115848302841
-54.0045291185379
-52.97508645057678
-53.383013705412544
-53.33304007848104
-53.62589734792709
-53.97102292378744
-53.76751265923182
-53.552395741144814
-53.32606863975525
-52.17562528451284
-52.39663348595301
-52.528315464655556
-53.255213816960655
-53.177989880243935
-53.14041841030121
-53.55358004570007
-53.3678187529246
-53.161100228627525
-52.915706853071846
-52.98254062732061
-52.86438421408335
-52.958980679512024
-52.340208530426025
-52.42618411779404
-53.11929420630137
-52.83152735233307
-52.89644732077917
-52.05602498849233
-53.087138613065086
-52.866159439086914
-52.848732709884644
-53.45509270826975
-53.77345383167267
-53.26069676876068
-53.19992736975352
-53.46627668539683
-53.8827288945516
-54.07409075895945
-53.384472370147705
-53.94740662972132
-53.96626295646032
-53.84994840621948
-54.0602397720019
-54.1382048924764
-54.090903083483376
-54.191251715024315
-53.71273805697759
-54.16331891218821
-53.85849998394648
-53.65595634778341
-54.253071347872414
-54.15847301483154
-53.79958285888036
-54.275823871294655
-53.96767536799113
-54.25183661778768
-53.79442244768143
-53.15988794962565
-53.215824802716575
-53.43432072798411
-53.622674544652305
-53.59121678272883
