925.7480206489563
911.1633381843567
895.5557036399841
837.9547338485718
875.3946671485901
872.553867816925
842.4435868263245
852.7357225418091
830.010778427124
851.3742308616638
849.0605411529541
848.1561303138733
849.1491851806641
846.958468914032
830.6621508598328
845.9874138832092
858.8623948097229
840.5567584037781
850.7248730659485
824.2176494598389
827.5186724662781
834.9808073043823
853.1098809242249
859.4360022544861
858.6207189559937
834.7744278907776
832.2131795883179
830.0880599021912
844.2534561157227
832.197546005249
829.4576396942139
819.3615684509277
845.8886966705322
823.8647656440735
818.4706959724426
832.1985936164856
836.4021739959717
821.434549331665
820.6635880470276
822.2200965881348
845.7879648208618
809.1274542808533
821.8993663787842
830.5871257781982
847.0261607170105
822.8841209411621
834.1323227882385
829.6105909347534
825.3280367851257
845.5537028312683
816.7984666824341
836.4423055648804
816.5205273628235
843.364598274231
822.6300349235535
827.0818991661072
832.4733095169067
834.8737897872925
837.3705697059631
835.1326303482056
827.6535725593567
825.9079298973083
833.3590245246887
801.1664147377014
830.7482161521912
841.2871851921082
814.5528717041016
828.519947052002
805.5634002685547
813.2502880096436
836.0652461051941
836.6048464775085
824.7308177947998
816.9315938949585
818.6454858779907
839.7359952926636
830.1446309089661
810.5733995437622
833.2699775695801
826.7658429145813
828.0822067260742
829.6491913795471
821.2708802223206
816.1927862167358
815.3738765716553
830.4393320083618
851.1056394577026
827.3908638954163
823.3289527893066
828.2343521118164
821.508526802063
815.1573433876038
824.5496616363525
835.2412595748901
821.3182644844055
812.1299080848694
815.1119737625122
838.502956867218
825.5756759643555
849.5967569351196
816.3299427032471
825.922999382019
826.7394108772278
804.7386078834534
816.4132680892944
828.0680236816406
837.3674268722534
826.1423530578613
820.6534342765808
804.0268769264221
811.7246437072754
823.8787875175476
809.9623198509216
818.5677208900452
830.8951234817505
833.0827775001526
823.0461783409119
839.9352025985718
819.929937839508
833.1872968673706
820.0664496421814
820.2898325920105
827.4501748085022
813.4281401634216
822.8615570068359
815.7169289588928
812.9259314537048
829.399537563324
817.1045303344727
829.0314230918884
822.1999502182007
839.5105977058411
808.2065234184265
821.8274035453796
831.345757484436
805.2305016517639
816.2418627738953
808.6832671165466
818.6354126930237
826.1492028236389
816.1441931724548
810.7975077629089
827.9265961647034
817.4386377334595
817.9256157875061
828.279721736908
829.1554441452026
832.4263281822205
797.4306330680847
845.9680733680725
839.4736089706421
835.0286750793457
811.810950756073
832.978419303894
814.5305495262146
805.1769123077393
818.8585538864136
825.7719821929932
814.4279642105103
827.2314658164978
818.8258361816406
798.0218887329102
834.1116123199463
818.8555722236633
815.4785571098328
837.813145160675
833.837863445282
820.6930017471313
820.964816570282
801.6768431663513
817.5138239860535
816.9369125366211
824.8506484031677
835.550304889679
833.3545923233032
827.8343257904053
803.0218954086304
815.3746018409729
811.0521578788757
819.3608431816101
827.9327206611633
826.8046045303345
826.3701682090759
817.2184782028198
834.204930305481
813.7284822463989
816.134684085846
835.713490486145
831.5666422843933
798.3978199958801
818.6106729507446
809.2048969268799
826.7494034767151
835.1348061561584
831.7219305038452
817.8353600502014
812.2626323699951
810.7772808074951
805.8078966140747
824.2689018249512
