-1.7670626603066921
-10.509066790342331
-15.383538916707039
-23.936622351408005
-26.50096060335636
-32.32749477028847
-38.48556263744831
-38.96671587228775
-44.406044363975525
-43.958079755306244
-43.18408140540123
-49.136653780937195
-46.80436897277832
-44.10157227516174
-56.26073756814003
-50.53010767698288
-57.77796572446823
-59.80503302812576
-55.039263159036636
-70.18242818117142
-53.70213347673416
-57.48721331357956
-63.175933718681335
-68.86521822214127
-64.31618803739548
-67.0794540643692
-65.20509624481201
-72.09446474909782
-65.15165799856186
-71.81022465229034
-66.71192383766174
-73.88502877950668
-64.0629380941391
-65.83819591999054
-74.49870735406876
-66.033656001091
-72.14980682730675
-65.75599873065948
-77.14822193980217
-74.32199347019196
-73.09838354587555
-67.10739707946777
-84.71045905351639
-74.35334122180939
-75.28057789802551
-79.92732301354408
-75.8088006079197
-73.39672610163689
-76.28600263595581
-71.74647650122643
-72.78477507829666
-76.26459711790085
-78.78911355137825
-61.302835047245026
-77.54002350568771
-76.25355187058449
-75.61231809854507
-69.1898467540741
-68.34064704179764
-67.5861251950264
-76.65341198444366
-74.26236525177956
-72.62033033370972
-69.23261246085167
-75.39588564634323
-80.99233567714691
-74.18210715055466
-81.54547944664955
-78.2437059879303
-73.37394055724144
-80.40334647893906
-75.9106656908989
-78.48880672454834
-77.85776197910309
-73.74952933192253
-68.47234386205673
-80.76171010732651
-78.55596968531609
-77.56714051961899
-76.62766996026039
-77.8733451962471
-76.08687591552734
-80.08212268352509
-78.50900849699974
-69.11162847280502
-76.32286041975021
-84.87249630689621
-71.99655842781067
-68.21136778593063
-70.5534034371376
-78.77573636174202
-78.73949807882309
-75.74691599607468
-74.56701362133026
-75.09033572673798
-80.30344566702843
-77.81558555364609
-75.17426046729088
-77.17799827456474
-78.04890066385269
-83.84923195838928
-78.80069267749786
-73.91144570708275
-67.1821149289608
-65.8715532720089
-74.77230513095856
-69.65914636850357
-74.46314397454262
-72.91877865791321
-75.3527119755745
-76.21035301685333
-67.83222317695618
-72.6095772087574
-68.55067294836044
-67.93379110097885
-73.10574704408646
-71.53800186514854
-66.63880762457848
-68.01740860939026
-69.40915510058403
-69.0032007098198
-75.01416230201721
-69.28543120622635
-73.53616416454315
-69.13335633277893
-70.76107221841812
-70.56899672746658
-71.37827640771866
-68.09148681163788
-69.32773354649544
-79.15944916009903
-70.58324524760246
-76.22140330076218
-76.46556723117828
-68.2473492026329
-76.55047410726547
-77.1539888381958
-81.87805572152138
-73.66081982851028
-78.49191933870316
-72.65119960904121
-77.04110872745514
-65.53974759578705
-68.62503319978714
-73.74600875377655
-76.37134265899658
-74.12938410043716
-78.95187103748322
-69.28426271677017
-72.50363248586655
-69.47853416204453
-78.49334973096848
-76.63273173570633
-67.6014968752861
-75.2400232553482
-64.40527528524399
-75.59505265951157
-70.10812333226204
-75.1392611861229
-69.23820811510086
-73.33600997924805
-79.2268488407135
-73.63213139772415
-77.72030833363533
-71.21368056535721
-68.00047558546066
-72.66250675916672
-73.1949148774147
-68.04482781887054
-72.32882243394852
-74.87097197771072
-78.87210148572922
-73.67118513584137
-75.32833486795425
-81.0152924656868
-73.64057272672653
-70.73269605636597
-78.27797496318817
-69.14380222558975
-69.73375844955444
-74.13359469175339
-73.34716099500656
-67.2310756444931
-62.95226871967316
-78.26252269744873
-74.70368659496307
-72.9478146135807
-63.94617980718613
-84.02104020118713
-78.8363769352436
-87.19250190258026
-69.03367209434509
-68.11542069911957
-79.3791755437851
-85.06426960229874
-79.58230131864548
-80.69497525691986
-80.03281444311142
-77.96128410100937
-73.12075608968735
