193.58741148312888
183.26679849624634
181.1620320479075
182.3373613357544
166.0998548666636
177.43207025527954
159.59699924786887
175.6549506187439
162.64346305529276
151.93737689654031
150.926238934199
139.66255044937134
144.01761094729105
135.39393277963003
132.01135023434958
136.78472224871317
120.25299270947774
132.60089047749838
122.37382920583089
114.54013935724895
111.78255689144135
117.91576302051544
106.48976023991902
112.80786617596944
107.85100317001343
98.93554178873698
101.6411171356837
102.76747051874797
103.6336841583252
100.42820688088734
101.25927340984344
93.87986691792806
94.4514962832133
87.52166763941447
89.25857798258464
90.34723778565724
81.30324447154999
84.09548646211624
81.56550192832947
85.67892928918202
86.42946807543437
81.13795842727025
80.87381784121196
77.58358709017436
77.50254662831624
75.89890207846959
83.1558514436086
81.88027707735698
78.2518595457077
80.43638221422832
78.44729568560918
76.09765124320984
78.37036834160487
79.80953176816304
82.80230828126271
78.39256225029628
78.19368759791057
75.29596563180287
76.50499661763509
79.3585713704427
67.86979905764262
79.44683001438777
70.65638554096222
73.49323219060898
69.89516921838124
69.73760956525803
69.8904618024826
69.8900596300761
67.23419016599655
69.68252795934677
62.005685130755104
65.74107219775517
61.93325980504354
65.38722032308578
62.33968528111776
62.47416263818741
59.30398269494375
66.08975662787755
60.549066603183746
66.41529391209285
60.79421933492025
58.116120517253876
65.93876095612843
62.350038607915245
65.32023604710896
59.17016373078028
58.39413390556971
62.44594130913416
56.487024982770286
65.73332301775615
59.985114892323814
55.26293019453684
51.36014278729757
58.33803433179855
52.217995385328926
55.971131106217705
56.48269283771515
57.936358173688255
56.43373554944992
50.59665811061859
54.092807153860726
50.633416493733726
51.060220301151276
51.749261458714805
55.01863247156143
53.90058877070745
54.070798337459564
51.9840734799703
54.00127923488617
56.499002516269684
54.08788994948069
52.15688695510229
45.71868429581324
53.02819671233495
48.345253666241966
52.4797959625721
46.6811418334643
43.736568401257195
47.311823228995
44.53243567546209
45.93636893232664
46.085089971621834
42.13005232810974
41.83970548709234
43.17021485169729
44.595294654369354
46.589893132448196
44.88308745622635
40.58871641755104
47.719088047742844
43.66539932290713
40.85815918445587
43.73200282454491
44.61997830867767
43.64947788914045
46.47554063796997
47.76257381836573
41.57300196091334
43.56233845154444
40.838913559913635
39.590689331293106
40.463429083426796
39.812226255734764
42.65860480070114
40.705298433701195
36.75469248493513
36.45736089348793
38.35676571726799
41.891075164079666
37.074841782450676
36.94799682497978
37.5636506130298
39.21604451537132
36.74851465721925
33.45593295494715
38.60277862350146
38.186892787615456
38.468311776717506
33.79495372374853
37.793079336484276
43.22937622666359
37.537104999025665
36.90817268689474
35.58433664838473
36.457597057024635
37.151352355877556
39.27175306280454
35.854418774445854
36.126150687535606
38.03195415933927
36.20083397130171
32.381723932921886
35.889754235744476
33.141992911696434
31.07916343708833
32.33789665997028
32.80457556247711
31.84187849362691
32.632721710950136
31.546636899312336
27.81485125174125
29.3305465678374
34.64378288388252
29.801329548160236
34.37223081539074
33.0070045987765
30.875610545277596
39.50450510780016
33.42891083161036
35.377707451581955
33.56386794646581
29.53061371544997
33.69608607888222
35.03162409861883
37.26155303915342
31.725393066803615
33.55858009060224
33.110161155462265
34.55440446982781
33.92000798881054
