1.9776243343949318
-18.669190242886543
-31.900698959827423
-43.56206256151199
-54.371567130088806
-63.18371021747589
-71.02160507440567
-82.03613924980164
-89.4351555109024
-95.88600301742554
-100.6343412399292
-107.83809888362885
-112.42411780357361
-116.37223213911057
-122.15594267845154
-122.86570936441422
-126.76323616504669
-127.09387838840485
-131.97209018468857
-133.001922249794
-135.7656214237213
-136.600084066391
-137.56740194559097
-140.10374933481216
-141.47733891010284
-142.11732864379883
-142.54106724262238
-142.75514256954193
-146.40872704982758
-145.1170425415039
-147.76429569721222
-146.50180327892303
-148.15966820716858
-149.5673555135727
-148.71861916780472
-147.59842056035995
-150.24515998363495
-148.3917241692543
-152.39488846063614
-152.08819019794464
-151.50655442476273
-151.00514149665833
-152.25153696537018
-153.54113632440567
-153.73399752378464
-152.27931880950928
-153.07699418067932
-153.16292852163315
-153.03689283132553
-154.12345707416534
-152.53916668891907
-155.99887257814407
-155.37696421146393
-154.38803935050964
-154.15822970867157
-154.471364736557
-154.41292011737823
-155.28505647182465
-154.4552879333496
-155.38113451004028
-153.55452358722687
-156.73623979091644
-155.44153332710266
-155.78225880861282
-155.94728779792786
-153.49382257461548
-156.0670781135559
-155.96116864681244
-155.04890072345734
-154.4664490222931
-156.47651278972626
-154.70365238189697
-155.94133454561234
-155.41689431667328
-156.54807269573212
-154.64711159467697
-154.51069045066833
-155.9051012992859
-155.20455157756805
-155.19280624389648
-155.16102534532547
-154.11444157361984
-154.8210956454277
-155.5308522582054
-153.26690393686295
-153.18659043312073
-150.25466907024384
-154.10975754261017
-152.88914942741394
-153.60141426324844
-153.04965555667877
-154.05975425243378
-155.13886433839798
-152.8061262369156
-153.94102162122726
-153.99057161808014
-154.41451168060303
-155.42461037635803
-156.87752628326416
-156.19672000408173
-155.71042692661285
-154.6773009300232
-156.3102045059204
-157.32323449850082
-154.92608845233917
-156.29237496852875
-156.32783257961273
-155.10968232154846
-156.58052849769592
-156.14842915534973
-155.40623688697815
-157.04277688264847
-157.33021521568298
-156.45612466335297
-155.5723034143448
-155.0952474474907
-156.19025301933289
-155.7970865368843
-155.9966665506363
-155.01090466976166
-155.49554574489594
-156.43080067634583
-156.3697471022606
-153.60802227258682
-155.8820538520813
-156.66429710388184
-156.2743238210678
-156.77069008350372
-156.20175659656525
-156.8379688858986
-156.27623772621155
-156.43754971027374
-156.46966302394867
-155.51085698604584
-156.39314711093903
-155.30854713916779
-153.93595480918884
-155.84169059991837
-155.13154113292694
-155.46318060159683
-155.32690048217773
-154.44736033678055
-151.7531762123108
-154.08812034130096
-154.0312975049019
-154.37929582595825
-152.94662702083588
-154.85851752758026
-154.40375351905823
-154.98844146728516
-153.85301220417023
-154.56248676776886
-153.66742384433746
-155.15775156021118
-153.70759570598602
-155.36632692813873
-155.7597452402115
-155.26476907730103
-156.49972140789032
-156.92661291360855
-156.3448965549469
-154.83716237545013
-154.93648397922516
-155.60274457931519
-156.23797976970673
-156.2333461046219
-155.74227833747864
-157.35382676124573
-153.39690846204758
-154.53911697864532
-156.28955447673798
-156.24932217597961
-154.6128123998642
-155.9684817790985
-154.8552941083908
-156.70261549949646
-155.211905002594
-156.2033280134201
-156.42318534851074
-156.3513131737709
-157.27126693725586
-158.06921428442
-157.06835269927979
-158.88990688323975
-157.95131772756577
-157.35326266288757
-158.74400687217712
-159.04453027248383
-159.24152147769928
-157.06468605995178
-158.09053921699524
-158.22632575035095
-157.52699488401413
-158.14320182800293
-158.3828227519989
-156.74824702739716
-158.23146307468414
-157.60176813602448
-158.1891758441925
-158.85964703559875
