573.7001583576202
497.5636820793152
473.0272972583771
468.0466310977936
445.69423365592957
435.0819721221924
434.1736125946045
434.25161933898926
413.96700501441956
410.956734418869
397.40334463119507
410.9626977443695
400.94979071617126
395.6913061141968
393.6768705844879
376.93547892570496
380.64595675468445
382.1398503780365
359.752156496048
372.1332290172577
375.3304982185364
383.88017439842224
379.75734066963196
377.11711859703064
374.0620827674866
371.2890558242798
363.2846612930298
362.0440881252289
359.74623346328735
357.4912099838257
364.0909593105316
345.8943953514099
365.7795877456665
354.56623911857605
353.4750714302063
346.1184229850769
353.18532633781433
350.13004875183105
356.3049111366272
345.7305247783661
348.3527762889862
335.30969405174255
333.4233491420746
339.5291497707367
327.0775851011276
341.3695206642151
334.44299721717834
334.0857013463974
325.4907361268997
342.2958507537842
322.7155132293701
323.25851833820343
328.34984850883484
328.1605935096741
320.9055835008621
314.3575096130371
311.2579301595688
325.67596185207367
331.9605816602707
312.3083618879318
319.59262442588806
315.9046903848648
324.7239451408386
306.1449829339981
317.0550481081009
306.82728004455566
318.28649497032166
312.521026968956
317.2672498226166
319.94415843486786
316.96920442581177
303.9415341615677
308.8448181152344
298.61823868751526
305.46748065948486
310.5893325805664
306.67700827121735
292.85220658779144
297.1639528274536
306.36691534519196
296.8735429048538
298.507977604866
300.87179148197174
291.1709315776825
300.90271615982056
310.90063428878784
300.4596571922302
308.3057214021683
307.59866440296173
290.2546948194504
292.1005858182907
291.41248655319214
282.31400310993195
301.61541414260864
292.3490711450577
285.9727249145508
286.45966267585754
294.87842774391174
284.5107431411743
294.41894948482513
287.3650002479553
284.03786754608154
279.24424028396606
293.9232279062271
297.191654086113
286.7973359823227
287.2967242002487
293.78103482723236
292.1148091554642
283.42370545864105
290.8146027326584
289.03970754146576
278.1004099845886
284.34636890888214
309.2364031076431
283.005003452301
271.7893178462982
284.12115263938904
273.83228063583374
276.3900234699249
279.06411159038544
285.32602643966675
276.4414370059967
289.7284917831421
271.25769543647766
274.8986279964447
297.24679470062256
279.63080883026123
281.7181339263916
275.9457355737686
277.38239336013794
276.45844054222107
270.46038269996643
276.35791015625
267.0182545185089
269.58133614063263
275.5885605812073
278.5817873477936
272.2350159883499
272.24148297309875
263.5764285326004
270.1688244342804
272.71862959861755
266.2244271039963
266.257205247879
268.7440530061722
284.68561363220215
269.431467294693
267.1217061281204
270.300662279129
275.2044095993042
263.7605059146881
265.0152016878128
267.0183149576187
276.6521680355072
274.6530236005783
276.495751619339
269.7057601213455
269.34254121780396
271.058931350708
265.6727993488312
270.6488116979599
269.8817789554596
289.572337269783
269.10809791088104
266.23937571048737
264.89865493774414
261.9642354249954
275.5365023612976
285.32064735889435
288.63047432899475
268.06189692020416
263.24792182445526
277.996374130249
265.5865527391434
272.8579216003418
265.79136073589325
274.4836530685425
276.65927970409393
264.0306485891342
270.82499170303345
278.10609126091003
261.79879343509674
263.66938388347626
264.4546893835068
261.16784942150116
270.4758954048157
271.7157634496689
270.7728327512741
259.98650658130646
272.41024911403656
266.5978400707245
265.73450767993927
264.67627930641174
271.7022452354431
272.57415997982025
261.6680032014847
265.6596437692642
266.61431980133057
267.0925946235657
