-7.867223960657914
-36.69427537918091
-47.01222495237986
-48.97191830476125
-49.969414015611015
-51.18476517995199
-51.52810871601105
-51.56269337733587
-51.92278685172399
-51.30554805199305
-50.88178392251333
-51.00245386362076
-51.03103152910868
-52.44215218226115
-52.19716235001882
-51.10177493095398
-50.702956120173134
-50.826981822649635
-51.213697830835976
-52.111991345882416
-52.1391570965449
-51.74584821859995
-50.884895622730255
-49.842917342980705
-50.8302016655604
-50.954818745454155
-51.47505080699921
-51.855087757110596
-51.235503236452736
-52.677030523618065
-51.71619133154551
-51.89862382411957
-51.46913226445516
-50.5777784983317
-50.62466379006704
-50.400745034217834
-51.40250551700592
-52.05252758661906
-52.31469865640005
-52.517017563184105
-52.40673812230428
-51.068377216657005
-51.38579752047857
-51.66515286763509
-52.509578466415405
-52.647458016872406
-52.81100312868754
-53.25399221976598
-53.255893071492515
-53.319064339001976
-53.44699360926946
-53.753101209799446
-53.533843437830605
-53.43245414892832
-53.17457207043966
-53.011121114095054
-52.295254011948906
-51.872816960016884
-50.966242591540016
-51.107487897078194
-50.97116357088089
-51.961636344591774
-51.80163065592448
-52.208255092302956
-52.54325520992279
-52.60423666238785
-53.653092781702675
-53.806734005610146
-53.75189151366552
-54.27611925204595
-54.288779854774475
-54.43781999746958
-54.24573961893717
-54.755160331726074
-54.65093809366226
-54.756629606088005
-54.414235949516296
-54.60040509700775
-54.39954813321432
-54.7633189757665
-54.90473767121633
-54.4960409005483
-54.64050247271856
-54.94290784994761
-55.17659777402878
-55.15036161740621
-54.97093788782755
-54.763023336728416
-54.60486048460007
-54.556258857250214
-54.41945413748423
-54.133997519811
-54.31753873825073
-54.27676232655843
-54.04434531927109
-53.630918423334755
-54.476359367370605
-54.33250081539154
-54.36512152353922
-54.41606116294861
-54.0741730928421
-54.21706553300222
-54.037346402804054
-54.63152249654134
-54.02731545766195
-54.35596680641174
-54.5235987106959
-54.661262571811676
-54.503055930137634
-54.71918718020121
-54.40467337767283
-54.577684581279755
-54.57847638924917
-54.698311825593315
-54.53600279490153
-54.789538184801735
-54.937029341856636
-55.11376001437505
-54.76662429173788
-55.02191629012426
-54.796054681142174
-54.611540953318276
-54.447115103403725
-54.752639969189964
-54.629528085390724
-54.305713415145874
-53.96534764766693
-54.524896105130516
-54.20489148298899
-53.948401272296906
-54.23095420996348
-54.25430885950724
-54.368118941783905
-53.99317715565363
-54.63668100039164
-54.22097134590149
-54.56523370742798
-54.65215941270193
-54.60511581103007
-54.86694872379303
-55.00961150725683
-54.49600992600123
-54.28584146499634
-53.51893103122711
-53.49007868766785
-53.871385395526886
-54.276036183039345
-54.21062364180883
-54.70426917076111
-54.57476129134496
-54.40412630637487
-54.69245167573293
-54.49832707643509
-54.431245525678
-54.52972221374512
-54.646012008190155
-54.524954398473106
-54.73747477928797
-54.612799326578774
-54.69260048866272
-54.40801930427551
-54.534489591916405
-54.66541870435079
-54.55144576231638
-54.41596062978109
-54.72488268216451
-54.784344255924225
-54.96523400147756
-55.064044992129006
-54.98529124259949
-54.8164244890213
-54.825754245122276
-54.71113379796346
-54.49607515335083
-54.90370845794678
-55.08167552947998
-54.63465144236883
-54.983338157335915
-54.70924721161524
-53.91763559977213
-54.241047064463295
-53.92509216070175
-54.0417670806249
-53.69002993901571
-53.675581177075706
-53.711787501970925
-53.81479322910309
-53.92242983977
-53.524715542793274
-54.240580240885414
-54.36729129155477
-54.40796701113383
-54.56083623568217
-54.62911921739578
-54.98475440343221
-55.174071967601776
-54.72696967919668
-54.781325817108154
-54.50646952788035
-54.60208527247111
