739.763744354248
653.4242196083069
601.5769724845886
582.3908188343048
593.0009851455688
587.423220872879
635.6047956943512
594.9161393642426
568.3950147628784
548.273505449295
562.0710692405701
573.8892924785614
611.963634967804
552.3331198692322
548.7052018642426
546.5299580097198
552.0992608070374
521.3880136013031
523.1618208885193
552.6059017181396
520.629784822464
548.4225080013275
513.1817524433136
535.5278239250183
516.1973819732666
506.6058564186096
520.3292412757874
494.4985327720642
482.28838205337524
522.6476049423218
488.7734179496765
500.7228343486786
491.98241233825684
476.54590106010437
475.31423258781433
483.97596287727356
485.6306245326996
492.9605588912964
488.0701081752777
493.0678584575653
468.594491481781
467.1187698841095
485.6616096496582
461.72836685180664
457.35092329978943
466.58601927757263
474.1469922065735
459.49526262283325
457.07838320732117
469.0675685405731
461.9724199771881
446.18483805656433
469.95727252960205
454.80696058273315
461.336439371109
463.97295451164246
448.8198220729828
451.9634213447571
467.2363440990448
439.92064666748047
451.1861743927002
446.76892161369324
448.1263437271118
454.5427610874176
430.9694130420685
453.08847522735596
445.80435371398926
439.52388405799866
448.7896831035614
438.55351400375366
434.9731011390686
428.7118511199951
439.389306306839
454.04079413414
442.8624196052551
424.4469048976898
445.02537417411804
428.22656536102295
420.1861491203308
436.15009236335754
424.5784204006195
443.12283158302307
433.2146453857422
433.0496869087219
424.9816298484802
416.98352098464966
434.0163903236389
441.35047483444214
426.9837760925293
416.3618040084839
434.638631105423
452.5511312484741
458.8116157054901
454.00606179237366
434.6987478733063
433.5676500797272
431.210081577301
430.54662132263184
433.84522676467896
430.64618468284607
420.91673707962036
403.2636013031006
427.03498816490173
438.7706515789032
435.54497599601746
415.2291750907898
432.70651364326477
406.09158754348755
415.3887343406677
427.22194647789
444.79526233673096
407.33558559417725
416.09047269821167
419.6846253871918
419.85397577285767
417.53343629837036
407.393728017807
420.64351201057434
416.25011253356934
436.4850056171417
405.0891444683075
411.0806748867035
442.5922164916992
412.4042510986328
423.74609327316284
401.8838973045349
425.47090458869934
410.6599380970001
396.6010355949402
415.20290422439575
429.0059881210327
411.2401132583618
411.11653542518616
405.67266392707825
410.2988748550415
409.94188117980957
405.5176577568054
404.3892192840576
392.99745440483093
407.4363577365875
397.27049946784973
397.97493743896484
413.36571645736694
403.3271026611328
386.3282403945923
400.38444328308105
387.12386083602905
408.489408493042
413.6142017841339
404.48652625083923
398.24562406539917
397.4846956729889
399.0308892726898
409.1540775299072
401.161972284317
403.63663148880005
395.59766578674316
408.39544582366943
406.047749042511
407.65704107284546
398.2183861732483
404.0419361591339
388.9368326663971
394.4285316467285
386.90273427963257
389.56753492355347
394.7900381088257
395.3019976615906
394.20031356811523
381.17765974998474
387.45103788375854
390.31911540031433
390.9652900695801
392.42703008651733
398.64190316200256
391.616904258728
388.8916645050049
395.3983778953552
389.26062512397766
388.3691885471344
383.08850264549255
382.7332012653351
389.8285915851593
389.6214063167572
387.2622663974762
391.0782709121704
386.2340762615204
398.28539299964905
377.0036542415619
392.4441545009613
382.2392122745514
386.8843607902527
396.4539268016815
393.1035854816437
386.77911615371704
391.12174677848816
373.3722710609436
390.2771706581116
377.76841044425964
384.81484508514404
