798.8316922187805
745.1711106300354
697.8992652893066
687.0380349159241
701.8380417823792
673.2437348365784
646.72389960289
651.0599625110626
643.1485636234283
617.1744532585144
646.1957423686981
626.1127932071686
643.0199089050293
636.3076219558716
616.5969777107239
592.8747479915619
579.6850807666779
599.7114186286926
595.0631272792816
594.0347356796265
571.1835947036743
596.1089656352997
594.9194836616516
573.4965188503265
560.1710247993469
594.1127827167511
574.0370056629181
579.8091421127319
563.3788506984711
560.577175617218
551.152220249176
561.807635307312
552.8668777942657
557.4335360527039
542.72789478302
554.68101811409
545.2693996429443
550.7293076515198
558.647757768631
548.0325951576233
563.6049735546112
534.3947920799255
525.9885983467102
548.8499736785889
546.2069311141968
552.9234890937805
529.3770163059235
539.2032470703125
524.8923537731171
520.0341372489929
533.3124887943268
511.35487961769104
526.5719163417816
513.5090503692627
525.9161922931671
498.41954016685486
507.3129940032959
511.38703322410583
530.3628587722778
499.62191581726074
484.92977261543274
493.54609298706055
508.7854115962982
491.7504470348358
501.8330202102661
496.0826418399811
507.1344165802002
504.0631024837494
503.5295057296753
498.34346747398376
503.2038598060608
498.701589345932
501.53618359565735
488.85194849967957
507.4886703491211
498.01113295555115
490.67825722694397
487.43432903289795
492.82215332984924
493.6440043449402
478.9343740940094
478.7007567882538
479.45080614089966
479.8909640312195
466.49056577682495
464.22901487350464
476.8691294193268
478.4370810985565
474.37799048423767
487.7407956123352
487.5557310581207
473.8891589641571
446.2590572834015
470.1452784538269
459.2615647315979
466.27794098854065
461.0001964569092
477.84179615974426
441.29555583000183
467.9146320819855
456.7907736301422
443.12085723876953
468.7086408138275
455.0943284034729
465.10695338249207
464.3695156574249
469.48774123191833
440.80321884155273
449.9109091758728
465.1955168247223
455.9918088912964
466.94353675842285
457.9193732738495
461.0486283302307
442.9158880710602
443.3958148956299
457.05170941352844
442.05769300460815
446.13709115982056
432.3850178718567
456.6320605278015
444.4418144226074
428.7018988132477
452.92444348335266
445.7263469696045
433.43694043159485
455.23664236068726
444.3144087791443
448.42906308174133
455.2426862716675
445.4568691253662
443.75135803222656
444.4727592468262
434.24037766456604
435.3059594631195
440.0051808357239
426.2688217163086
434.1242136955261
443.2256989479065
447.3251225948334
434.30299258232117
434.7679305076599
427.227144241333
444.47203397750854
433.47908663749695
428.37311005592346
425.08397340774536
424.8740885257721
453.90674018859863
438.55988025665283
433.11443734169006
434.1265103816986
438.49114084243774
443.5981650352478
446.88661670684814
432.4676179885864
439.6377513408661
438.2314944267273
435.5075843334198
436.46143436431885
437.7113151550293
442.94300508499146
433.3797650337219
434.09721755981445
439.70475816726685
427.3329932689667
428.5424201488495
430.4376697540283
430.3514029979706
435.2148575782776
424.0918049812317
429.37438464164734
432.7114293575287
428.59383368492126
435.8329482078552
450.1788558959961
420.8124997615814
445.5895531177521
428.9367651939392
428.9228239059448
422.63179755210876
423.20681524276733
420.11241340637207
422.5573365688324
415.48261642456055
429.4059338569641
429.00292587280273
415.11204409599304
413.51874828338623
431.76007747650146
426.18610072135925
420.9496965408325
429.88416838645935
409.700608253479
416.9770338535309
426.3969929218292
415.5258102416992
431.0931923389435
412.33204650878906
400.9731605052948
