262.3009834289551
207.91251015663147
133.53283961613974
118.55704506238301
103.46883082389832
99.42995448907216
92.61499937375386
95.77508282661438
83.09451035658519
75.77514290809631
76.16521449883778
75.01041718324025
82.497798204422
73.04064520200093
75.11475880940755
71.36524490515392
71.15814185142517
69.69113183021545
71.52475237846375
74.55197175343831
65.42658007144928
71.48293081919353
69.81541689236958
67.10322006543477
68.50591838359833
63.16053946812948
70.1706022421519
70.8850900332133
65.0749553044637
62.2155792315801
63.2313115199407
65.08804821968079
59.432310461997986
58.44014420111974
57.98630094528198
63.011917074521385
68.00161675612132
61.164159615834556
62.083380142847695
58.97440258661906
55.75580314795176
60.847800493240356
55.31284719705582
55.900917053222656
62.53609011570612
57.30754033724467
55.309757669766746
58.39051282405853
60.731531063715614
54.49192235867182
55.0105330546697
54.690801660219826
53.29324185848236
60.39843861262003
50.2989607055982
55.251388470331825
50.01403601964315
50.10319320360819
53.34297776222229
51.34144107500712
50.5528252919515
48.63897713025411
49.100544929504395
52.68166859944662
52.54194255669912
47.67376512289047
50.194815715154014
49.572857995827995
47.78342938423157
49.99468992153803
46.603789707024895
47.33154275019964
45.32987582683563
47.548866748809814
51.06564801931381
47.08940460284551
45.62629655996958
46.07286834716797
49.01788338025411
48.01037202278773
44.578210274378456
47.05381592114767
44.54217127958933
42.609612464904785
42.34183154503504
44.965652108192444
40.21014271179835
45.15141169230143
42.72314455111822
44.878448247909546
40.02585426966349
42.48985799153646
41.11404357353846
38.70409439007441
39.08926792939504
43.28950091203054
40.257606625556946
39.28350540002187
38.548989713191986
41.32985548178355
39.388807694117226
41.91448404391607
39.99061892429987
37.94606186946233
39.25319862365723
38.48784273862839
40.81136631965637
38.900721629460655
36.69754709800085
36.53232902288437
38.98288504282633
37.43868958950043
38.96640257040659
36.053295969963074
37.43207061290741
36.97016708056132
36.42134139935175
36.9095852971077
35.13128022352854
35.84762374560038
34.30302494764328
37.277080277601875
34.58995079994202
35.390454848607384
34.48223755757014
33.44354724884033
36.01762082179388
33.9243833621343
33.34499543905258
34.77278478940328
35.55906095107397
34.232497811317444
38.12181240320206
35.74254467089971
34.380215068658195
34.39486312866211
35.47992420196533
34.25732123851776
34.306041638056435
33.396635472774506
33.83941622575124
35.21186772982279
35.48135085900625
32.06294985612234
32.61213723818461
31.35981458425522
34.98822075128555
31.71496234337489
31.81561291217804
31.992420812447865
33.9282793601354
36.70337732632955
30.603215992450714
31.504921038945515
31.04485732316971
32.811461329460144
31.23929838339488
29.971286018689472
31.433153609434765
31.378542860349018
34.73733194669088
30.688144703706104
31.653143922487896
30.726422389348347
29.824850579102833
29.94628397623698
32.71653016408285
30.826110005378723
31.734254896640778
30.64542406797409
30.733495950698853
30.679797927538555
29.372662524382275
30.00356646378835
29.657180567582447
30.40483691294988
29.45880850156148
30.016371607780457
28.494708557923634
29.279466489950817
28.816479067007702
30.497225085894268
27.595514168341953
31.853818635145824
31.896395703156788
27.266470690568287
28.52188289165497
29.571499824523926
28.062294721603394
28.516611019770306
28.479830702145893
30.22717825571696
27.35533352692922
28.17376701037089
26.140386650959652
26.86243651310603
32.27681334813436
28.68218766649564
27.611913243929546
27.09388107061386
