133.2552124261856
106.56965390841167
98.2708117167155
91.39871215820312
89.19204088052113
74.77282810211182
67.97407080729802
59.86427519718806
66.2364877263705
58.73864624897639
60.163015604019165
58.98474305868149
55.481113374233246
51.154506454865135
50.51624753077825
47.766836921374
44.66581459840139
45.800731192032494
48.75104075670242
43.72855791449547
42.62917639811834
41.31760120391846
39.42071228226026
41.640664875507355
41.31683535377184
39.998732517162956
40.926174730062485
35.213910395900406
35.6137011051178
42.87598580121994
37.75112855434418
37.94266244272391
37.85952233274778
35.419349352518715
31.06015035013358
33.14232053856055
30.762510530650616
31.628124997019768
33.60249978303909
32.84399355947971
34.82648821671804
30.167788938929636
31.31476539125045
30.187715110679466
34.353067964315414
30.82242305825154
32.366352240244545
30.786781271298725
29.376557211081188
29.878021200497944
30.074841027458508
25.556098113457363
26.78866203719129
25.777377601712942
24.66112929582596
25.743451700856287
24.718381789823372
24.949942631026108
26.296645695964497
28.67560877899329
27.70142489175002
25.263484194874763
26.453414765497048
27.007745660220582
28.514658734202385
25.584655985236168
21.329590868204832
27.76099455853303
21.084330576161545
22.385713425464928
19.702525143822033
25.02669641872247
23.329373603065807
20.891674406826496
21.783834944168728
22.98717571174105
20.428229831159115
23.454333045830328
23.610788742468383
22.085468639930088
18.842518949260313
22.550682116299868
17.471392177045345
19.32538747849564
18.01252304886778
18.14034900193413
17.28042608499527
14.9394292285045
13.369153435031572
13.82930629948775
14.964442918697992
19.71433389559388
17.095423569281895
19.785795646409195
16.315011834104855
15.317694425582886
15.119087040424347
15.639044048885504
18.855134228865307
18.80114317809542
15.65770386904478
17.768335978190105
15.656011665860811
14.04608346025149
16.288188611467678
14.652717605233192
21.896251745522022
17.06401072939237
17.017182892809313
15.772161724045873
18.854041253527004
19.110265985131264
15.773460614184538
20.321174785494804
14.012404326349497
16.417853718002636
15.425324405233065
16.20498363301158
15.507534747322401
11.47378301123778
11.565361162026724
12.928975577155748
10.838237027327219
11.897209505240122
12.684948027133942
12.639916231234869
10.110578949252764
13.529444231962165
15.179124894241491
13.289882183074951
13.181998108824095
18.421133359273274
12.834006120761236
13.198659613728523
13.629094163576761
12.317488543689251
13.328073273102442
11.762053221464157
13.584909598032633
11.561667437354723
11.581388421356678
15.643480582783619
10.991514330108961
11.739940822124481
11.518746236960093
11.961947644750277
7.9514544407526655
11.127956146995226
13.205396642287573
9.679106871287027
11.203888607521852
14.36367310086886
9.744287307063738
9.560384958982468
13.825489193201065
12.873352463046709
9.737911716103554
14.432173763712248
15.401559789975485
14.291568319002787
14.176334967215857
9.436329086621603
10.512357910474142
10.556113501389822
11.959465136130651
8.194211711486181
15.158713628848394
9.75201259056727
9.09931068122387
10.649385273456573
9.381494869788488
10.639429867267609
8.801147098342577
10.575233474373817
7.4317202518383665
8.984880472222963
9.192899018526077
7.7360416154066725
7.4861119389534
11.681299299001694
12.703075168033441
8.574936717748642
12.89467382361181
9.430644219120344
11.667930454015732
11.50701156258583
10.783674915631613
10.949730088313421
14.196486527721087
13.84319973985354
11.475463996330896
11.447442462046942
9.200733217100302
12.848734058750173
8.41080412765344
8.620768129825592
12.481109842658043
11.016689444581667
11.06372976799806
14.8664707193772
