-2.97108847896258
-18.15892919898033
-31.544747332731884
-31.07543635368347
-31.97276920080185
-38.22294976313909
-34.53864872455597
-34.135438640912376
-38.69890942176183
-37.326610684394836
-38.080592493216194
-37.85656499862671
-43.2565279006958
-42.50066387653351
-43.39381388823191
-44.570145765940346
-42.657069424788155
-45.0130774974823
-42.34106842676798
-45.970609962940216
-48.11479171117147
-46.49303795893987
-45.399045487244926
-43.56653424104055
-45.92473814884821
-48.457126220067344
-48.43015567461649
-46.9980890750885
-46.477940122286476
-48.883799274762474
-46.87621319293976
-49.00836080312729
-47.07027359803518
-46.30663009484609
-47.640106201171875
-47.19841706752777
-47.4076399008433
-46.15563201904297
-47.656537771224976
-47.67322345574697
-48.756590048472084
-51.02690509955088
-50.807037591934204
-50.795808593432106
-51.154409090677895
-50.2644788424174
-51.666375041007996
-50.99797769387563
-51.06989316145579
-51.04333786169688
-52.46590759356817
-51.94401474793752
-50.971746842066445
-52.450523138046265
-52.66698412100474
-52.50150074561437
-51.58167843023936
-52.44741070270538
-53.034789423147835
-53.88254358371099
-52.787240743637085
-53.92922588189443
-54.3350963195165
-54.409756620725
-53.592174450556435
-52.226308127244316
-52.88284397125244
-53.40084606409073
-52.50302185614904
-53.33360536893209
-52.95284432172775
-52.39726479848226
-51.88584427038828
-51.61850361029307
-51.54352960983912
-52.146931171417236
-52.90519364674886
-52.528372168540955
-53.121795078118645
-53.77776070435842
-52.13509555657705
-53.38694083690643
-53.25424857934316
-53.147546927134194
-53.295733412106834
-53.25771309932073
-54.09271059433619
-53.98074265321096
-53.74755495786667
-53.889823158582054
-53.78397363424301
-54.00910598039627
-54.26987761259079
-53.96499749024709
-54.159807006518044
-54.326882123947144
-54.41008619467417
-54.5435156027476
-53.17644250392914
-54.24692432085673
-53.68499779701233
-54.141377210617065
-54.056503335634865
-54.69447604815165
-54.960328340530396
-54.63903534412384
-54.08921158313751
-54.5069051583608
-54.51731661955515
-54.6582183043162
-55.21149857838949
-54.620741844177246
-54.829355458418526
-54.742122173309326
-55.24483939011892
-55.318170150121055
-54.89804104963938
-55.144216020902
-55.19749971230825
-55.55926767985026
-55.45438394943873
-55.391251961390175
-55.351391315460205
-55.305684308211006
-55.04283797740936
-54.77997136116028
-54.757744352022804
-55.383272548516594
-55.034575502077736
-55.025148351987205
-54.38483997186025
-54.79843791325887
-54.79101538658142
-54.59808588027954
-55.05476834376653
-54.80303267637888
-53.43155254920324
-55.224168399969734
-54.816457748413086
-54.8790131409963
-55.0788085659345
-55.529493729273476
-55.571615636348724
-55.50511793295542
-55.631966869036354
-55.675653417905174
-55.187230904897056
-55.56633452574412
-55.602564771970115
-55.558299799760185
-55.49924075603485
-55.24664733807246
-55.46742592255274
-55.73578155040741
-55.64102065563202
-55.487491726875305
-55.7822235027949
-55.75853818655014
-55.63003806273142
-55.61542695760727
-55.51989404360453
-55.73138749599457
-55.76570556561152
-55.81904093424479
-55.85188380877177
-55.926695346832275
-55.56233855088552
-55.744006077448525
-55.826841374238334
-55.848343908786774
-55.943838477134705
-55.876469135284424
-55.89867778619131
-55.93181570370992
-56.07265226046244
-56.08523817857107
-56.0246129433314
-55.97903674840927
-56.12338900566101
-56.04678531487783
-56.0729746222496
-56.00690885384878
-56.01390399535497
-55.89818298816681
-55.82206668456396
-56.00613238414129
-56.08100382486979
-56.12201849619547
-56.09614169597626
-56.08277714252472
-56.07068614164988
-55.99565974871317
-56.068861961364746
-56.111823995908104
-55.9180893500646
-55.922391732533775
-56.02602628866831
-56.03178640206655
-56.071834882100426
-56.044291734695435
