158.85148572921753
144.45129958788553
130.88564475377402
143.6589895884196
135.02286672592163
132.22558001677194
122.98469146092732
119.79973272482555
114.53966887791951
115.34728892644246
114.55231698354085
109.29463299115498
105.78096242745717
120.76521921157837
105.13304531574249
108.11675524711609
109.28698456287384
96.53929841518402
92.65045857429504
92.63585944970448
86.53191276391347
89.7788519859314
82.44445359706879
83.34540442625682
86.85948061943054
85.95979209740956
88.90396622816722
87.32216807206471
83.58752568562825
86.66339910030365
86.09503066539764
80.35177085796992
74.6919118364652
80.90564866860707
80.20146592458089
80.47949208815892
77.59536719322205
75.83889498313268
82.23884542783101
79.02996997038524
76.10890225569408
80.66183960437775
78.33035723368327
76.75261946519215
73.60538065433502
70.61336938540141
74.25418541828792
78.05635730425517
74.75336444377899
67.7074590921402
69.95900197823842
63.69264304637909
73.865984360377
66.91698320706685
75.70068846146266
73.45306066672008
73.41171864668529
68.53275042772293
66.34153338273366
67.26149106025696
69.28421302636464
69.52210954825084
69.89757996797562
69.44003007809322
67.77188952763875
66.65277481079102
70.66938267151515
69.42544492085774
68.01410625378291
68.83938747644424
61.75454364220301
67.95651372273763
61.0255157550176
60.870460410912834
70.94247158368428
63.75922397772471
64.45983086029689
63.98605912923813
68.03572905063629
67.2332376440366
69.38654828071594
65.68412518501282
62.24156173070272
61.340230921904244
57.84806636969248
59.84067517518997
59.93696482976278
60.31553888320923
60.93599307537079
60.58188102642695
62.669493873914085
64.9253700574239
64.0945433775584
61.836081981658936
57.69316426912943
65.90776230891545
63.84015234311422
61.516846338907875
63.94283845027288
61.652434806029
54.26719739039739
60.678658286730446
63.88613243897756
58.966123362382255
60.28771674633026
56.95898713668188
56.895934422810875
67.13838801781337
59.157345155874886
57.71662757794062
58.494957188765206
62.22092745701472
57.58264379700025
60.59669363498688
53.74825624624888
64.8226570089658
57.58219383160273
61.69256639480591
56.63432184855143
54.37210810184479
57.016263534625374
51.69038405021032
53.21753811836243
50.488720178604126
59.228042443593345
56.079213321208954
59.67735215028127
60.2258709470431
48.645922223726906
60.19069731235504
57.3561865290006
56.259121557076774
58.32418692111969
64.52246284484863
60.809765895207725
60.12075994412104
55.37822576363882
53.588501354058586
59.56890098253886
57.9922730922699
54.64727385838827
54.36734861135483
57.076578517754875
53.4700212876002
52.40470810731252
56.649696032206215
57.15945414702097
58.897581338882446
58.021232624848686
58.08700993657112
53.07435099283854
54.63248884677887
52.00116086999575
58.94256959358851
52.34882106383642
51.58068720499674
58.06015672286352
52.83224209149679
58.42132822672526
60.40934671958288
57.332222719987236
50.0693973104159
54.8353226184845
58.09102956453959
53.345026791095734
51.69328171014786
58.88488254944483
54.61716560522715
52.27167250712713
56.063743551572166
58.29726789395014
57.48726121584574
59.77533187468847
56.873810946941376
50.93171489238739
53.3137113849322
56.34477633237839
52.276212900877
53.81590213378271
55.44385691483816
52.54155043760935
57.10512159268061
57.859644244114556
54.709118723869324
52.03505553801855
55.82127226392428
54.21136946479479
54.63412447770437
54.51094680031141
57.189130783081055
49.15826402107874
52.89717517296473
52.43215083082517
56.331784546375275
55.85362750291824
56.65393706162771
49.56640230615934
53.977003306150436
54.547584434350334
54.67915674050649
