2377.9914309183755
2225.7949155171714
2071.205633799235
2139.7358067830405
2302.0530726114907
2252.9584732055664
2269.8138224283853
2127.843465169271
2066.4638392130532
2143.040570576986
2322.855598449707
2140.4816652933755
2117.11651357015
2025.7028681437175
2237.1863746643066
2118.618532816569
2013.0158144632976
2082.5310262044272
2397.5522804260254
2244.4291801452637
1907.516471862793
2161.405190785726
2119.4934005737305
1961.2894147237141
1977.217918395996
2023.8953704833984
1920.8777758280437
1954.7493909200032
2017.6217575073242
2186.3432413736978
1892.5686798095703
1957.6205469767253
2000.0001742045085
1948.7856521606445
2001.188850402832
2081.8868103027344
1961.783711751302
2058.007261912028
2158.0386072794595
2250.7173182169595
2015.0158055623372
2364.4663276672363
1955.131591796875
2130.44944636027
1994.7541160583496
2255.5026206970215
1994.9794235229492
1807.6127802530925
2017.82240041097
2139.189509073893
2011.3712844848633
1838.7772776285808
1993.0676434834797
1992.850336710612
2163.731890360514
1987.355017344157
1954.528163909912
2020.5277366638184
2162.0939127604165
2017.551062266032
1971.8463846842449
1992.6885375976562
2463.8528162638345
2150.215171813965
1957.7534993489583
1938.6260248819988
2032.7903849283855
2083.479695638021
1937.1083119710286
2285.0643920898438
1937.0455729166667
2086.1483840942383
1909.0519777933757
1862.6410446166992
1864.3446731567383
1965.7927373250325
1909.1663703918457
1918.5358225504558
1883.0548108418782
2082.345171610514
1932.577465057373
1951.5316772460938
1884.7416966756184
1968.181947072347
2185.8807474772134
2054.8845723470054
2232.5641860961914
2084.46954981486
1917.262690226237
2141.7542470296225
1903.0195185343425
1959.7038332621257
1911.294261932373
2095.8262685139975
1911.6558380126953
1967.5789591471355
1966.6529191335042
1994.6601969401042
1998.8889643351238
2022.2178700764973
1989.8051312764485
2072.627155303955
2120.205711364746
2196.0550537109375
1922.1372324625652
1910.2507858276367
1962.998146057129
1916.1987368265789
1843.8703854878743
1816.5055847167969
1981.9808362325032
1906.124880472819
1964.499137878418
2119.7098108927407
1924.2565523783367
2045.684290568034
1908.3552678426106
1890.2466786702473
2293.0718383789062
2082.390480041504
2173.635445912679
2038.23499806722
1944.7267354329426
1996.7288068135579
2147.398348490397
2016.2121518452961
2076.2230809529624
1883.9850769042969
1975.6337000528972
2213.215902964274
1987.2561505635579
2084.779614766439
2080.770253499349
1885.197873433431
1973.9141680399578
1826.935375213623
1862.9422187805176
1909.1172917683919
1997.1674677530925
1958.8524468739827
1943.6363779703777
2121.4867223103843
1930.774735768636
2051.413906097412
2032.5386047363281
2004.7602971394856
2048.2761192321777
1842.0543365478516
1937.8274586995442
2109.272429148356
1994.3685709635417
1880.4637260437012
2029.968017578125
1895.2856318155925
1884.514175415039
2062.810634613037
1989.5951817830403
2036.6216684977214
1810.204875946045
1991.9138997395833
1939.5262667338054
1827.2729593912761
1881.3361256917317
1961.2663485209148
1877.4400857289631
1817.9952850341797
1942.2358805338542
1846.4591878255208
1924.7663904825847
2112.29296875
1899.4112612406414
1833.2403208414714
2067.3786595662436
1833.1169026692708
1921.8793055216472
1943.993590037028
2060.152628580729
2155.860413869222
1959.5342330932617
1924.7660077412922
1847.9039866129558
2082.3571408589683
1905.6064758300781
1927.345984141032
1966.6050694783528
2028.613934834798
1816.0370839436848
1848.0536524454753
2025.4806264241536
1825.9854049682617
2001.5289344787598
2021.6393280029297
1918.4656524658203
2178.250498453776
2101.1129926045737
2079.8742752075195
1927.7964413960774
2025.0066947937012
1864.296443939209
1928.1546325683594
