4552.001049041748
3864.850597381592
3070.157211303711
2774.270215988159
2859.654399871826
2665.6985273361206
2765.531204223633
2558.8608770370483
2663.7435235977173
2495.781464576721
2598.775671005249
2371.817304611206
2396.680503845215
2207.497709274292
2447.150061607361
2165.7518520355225
2216.0110816955566
2254.6094312667847
2139.8486166000366
2110.9851541519165
2049.1474027633667
2029.8583011627197
2109.9580116271973
1989.2006702423096
1936.9506568908691
2034.1489944458008
2008.9017248153687
1997.4116859436035
1948.0105304718018
1924.5330791473389
1917.8759126663208
1900.341962814331
1873.994701385498
1821.7641897201538
1992.0809564590454
1792.3232517242432
1872.361717224121
1838.229253768921
1777.8175430297852
1788.5291261672974
1792.5447006225586
1768.80002784729
1719.3455247879028
1702.336347579956
1718.3303089141846
1712.2934894561768
1754.308985710144
1664.976113319397
1665.4946002960205
1592.9309215545654
1685.5819816589355
1710.367335319519
1610.0277757644653
1647.478910446167
1619.7275276184082
1650.166275024414
1612.8155498504639
1688.3654041290283
1609.2733345031738
1719.9503993988037
1591.2157402038574
1614.4785118103027
1562.1047191619873
1596.7909660339355
1558.3855381011963
1552.9809923171997
1594.5355396270752
1634.2313022613525
1552.8011255264282
1553.75719165802
1539.6207256317139
1510.4188041687012
1542.4631366729736
1539.3918628692627
1482.6463079452515
1583.8018760681152
1501.3393993377686
1552.1556358337402
1464.6359367370605
1484.3722877502441
1503.587734222412
1474.0994119644165
1464.8061332702637
1475.4305229187012
1432.013967514038
1463.5014543533325
1500.1107931137085
1434.5627250671387
1392.8350801467896
1367.4670934677124
1431.1336517333984
1360.998013496399
1383.1794891357422
1359.7740812301636
1330.4855303764343
1344.6435933113098
1366.1430740356445
1324.241042137146
1395.7205238342285
1409.981252670288
1330.584328174591
1324.3134078979492
1293.8705506324768
1295.3770961761475
1347.8807120323181
1264.7335810661316
1319.0858278274536
1262.6945266723633
1322.5086960792542
1234.4439973831177
1311.426661491394
1264.9382681846619
1225.3961820602417
1259.4324264526367
1196.44762134552
1207.5081396102905
1277.1944332122803
1184.5175051689148
1186.2263202667236
1184.3834915161133
1215.4419412612915
1211.3826894760132
1141.6209678649902
1266.0977320671082
1194.4796433448792
1129.8155980110168
1209.1025233268738
1127.8780813217163
1197.2818422317505
1164.5408482551575
1171.9330348968506
1169.290475845337
1141.1795206069946
1152.0748386383057
1088.2619371414185
1097.156478881836
1150.4880299568176
1159.5287537574768
1098.1655702590942
1100.4454140663147
1125.009560585022
1084.3433876037598
1138.6320524215698
1119.1308498382568
1039.365569114685
1127.4786190986633
1060.7179007530212
1074.8377661705017
1053.9346179962158
1119.6371684074402
1153.4955606460571
1134.8331723213196
1028.7079782485962
1087.0687885284424
1060.4895215034485
1097.6388635635376
1070.1143288612366
1054.940969467163
1024.0919613838196
1094.6397943496704
1094.752694606781
1088.3489694595337
1001.6036968231201
1000.9731960296631
1013.7866096496582
999.1424551010132
1038.676724433899
995.8802742958069
1028.8656840324402
982.6863360404968
1012.6909694671631
992.9057836532593
1019.1563425064087
1030.8565483093262
1008.6889333724976
1019.081075668335
985.6687240600586
973.1404218673706
953.5937690734863
1034.7252960205078
1023.050555229187
992.6709575653076
963.2338876724243
960.7302579879761
974.3633065223694
939.2190117835999
924.858115196228
938.6875505447388
975.8354420661926
928.6572370529175
1018.8963737487793
931.9778423309326
973.1312351226807
929.4301323890686
934.5029077529907
923.9952058792114
894.7375998497009
951.6767210960388
897.9890627861023
1012.3183422088623
