895.228123664856
895.8508076667786
895.451828956604
953.5505752563477
910.2306418418884
881.4351935386658
873.055431842804
839.5863480567932
877.1586833000183
875.8340191841125
877.6680641174316
839.796676158905
864.8170170783997
846.8487114906311
854.0831117630005
843.8739790916443
849.3450884819031
844.2162256240845
845.6567716598511
853.3938641548157
843.2303428649902
866.2832698822021
868.4319205284119
862.7848930358887
842.0218024253845
827.6949934959412
837.7927570343018
842.2806429862976
827.0769834518433
831.8810062408447
847.5832481384277
841.3390822410583
855.3998785018921
830.9965000152588
840.1501240730286
855.8914499282837
848.2846641540527
834.4794850349426
839.8066687583923
846.5801200866699
827.651960849762
817.2136430740356
843.2125334739685
844.6482443809509
825.836208820343
836.313449382782
822.1778697967529
810.5491433143616
844.1636838912964
844.1422481536865
837.9950265884399
838.634069442749
823.8105316162109
819.7198514938354
827.9253873825073
837.4460783004761
846.328854560852
806.6722564697266
817.2694888114929
823.5367827415466
836.7142815589905
830.4717273712158
845.4759378433228
842.6209554672241
817.2421703338623
831.7150001525879
815.3936200141907
824.5316104888916
840.745973110199
828.3118753433228
810.9494919776917
831.8489332199097
828.1891436576843
830.4950971603394
820.0101203918457
827.5565476417542
829.1926746368408
829.9891815185547
848.5152997970581
839.3478150367737
833.7247214317322
808.0011110305786
823.0958995819092
821.794605255127
819.7620782852173
817.1204056739807
825.4971857070923
828.4747385978699
829.7377548217773
825.6700415611267
818.203474521637
810.0715937614441
827.1885943412781
830.2608351707458
827.4250321388245
834.4555511474609
805.0071187019348
830.4212808609009
822.2476568222046
836.8084859848022
829.1032247543335
827.902581691742
817.6406655311584
815.6365852355957
823.2633562088013
839.7874088287354
820.8050961494446
835.5084004402161
830.737256526947
833.6148834228516
846.8561253547668
845.5632119178772
826.2330923080444
813.8475069999695
829.4350757598877
824.6008334159851
829.3618235588074
831.0745067596436
814.9894032478333
822.3348503112793
821.8812346458435
831.776406288147
832.0301699638367
819.9890875816345
816.2740969657898
815.4456782341003
827.0301632881165
829.1368288993835
821.142991065979
826.9499001502991
819.5003366470337
841.61363697052
820.2166609764099
822.1966462135315
827.6096534729004
834.3811707496643
804.6424694061279
803.6038837432861
810.9378876686096
831.2865271568298
823.4183220863342
809.60524559021
802.2375569343567
827.2508869171143
827.9808301925659
821.7418217658997
822.7721877098083
829.9052920341492
819.317165851593
818.4905200004578
824.2026605606079
834.1138687133789
808.8243722915649
825.7911615371704
816.6526875495911
804.9536099433899
835.7402448654175
816.1075267791748
802.008855342865
803.0370454788208
822.9745378494263
819.5942187309265
809.2656583786011
827.6229500770569
820.2552614212036
823.4382266998291
820.3642129898071
819.3182134628296
813.7313027381897
837.5513229370117
827.9775261878967
820.919285774231
814.6954274177551
833.1038908958435
822.0441784858704
833.0367631912231
812.354983329773
810.7389221191406
829.509859085083
820.5849366188049
813.8691844940186
826.7838134765625
817.4723224639893
819.8995571136475
815.45494556427
818.9749999046326
808.1431832313538
827.5750017166138
798.4786472320557
817.1268525123596
827.6436605453491
815.0599155426025
834.432906627655
822.1706976890564
819.8633742332458
811.5592017173767
821.8164439201355
818.5391936302185
828.7887802124023
819.7335510253906
