83.41209789117177
39.93745974699656
38.92600933710734
39.95555706818899
33.46159207820892
29.884100198745728
32.2732167840004
29.19946352640788
27.684917430082958
26.600701997677486
25.02674816052119
26.375649968783062
27.654118875662487
24.579541981220245
25.519885232051212
24.77967534462611
22.972268124421436
24.81833749016126
21.099474261204403
22.504944841066997
20.20431939760844
20.617273837327957
22.436082541942596
20.60066556930542
19.33006630341212
20.56692659854889
21.444353938102722
20.59113848209381
23.574789663155872
20.685330281654995
19.229182442029316
20.58090004324913
20.249995638926823
18.30369210243225
20.203688601652782
18.00023490190506
19.914392918348312
19.595292568206787
19.22736797730128
18.87122482061386
21.535144090652466
19.650700867176056
18.419568806886673
17.820584257443745
18.8087155520916
19.127683122952778
17.689048836628597
18.200233658154804
17.807618618011475
17.104937334855396
17.428680678208668
19.76615273952484
17.171103994051617
16.911244014898937
18.81683514515559
15.844311515490213
16.406935294469196
16.80632018049558
16.590787788232166
16.874371697505314
17.121541291475296
16.761508027712505
16.129170894622803
16.842217753330868
15.791768362124762
14.306781282027563
15.13624765475591
15.898540372649828
14.64509242773056
14.72162506977717
17.089383453130722
16.389462848504383
17.319512863953907
16.934441596269608
14.81885384519895
15.399335622787476
14.575336386760076
15.309671183427175
15.929469128449758
13.855776210625967
14.8758136232694
14.630236466725668
14.802959342797598
14.066411425669989
15.764484663804373
15.304134955008825
14.195446113745371
13.46453826626142
15.00997926791509
15.082928319772085
13.630475133657455
13.773635745048523
13.389335016409555
15.400964419047037
13.334220369656881
14.327915479739508
14.14821171760559
12.893966813882193
13.544378871719042
13.30843477944533
13.975222935279211
12.010482460260391
12.35349934299787
11.617383360862732
13.259708245595297
14.356454710165659
15.56455984711647
14.362074156602224
12.788943409919739
12.534150252739588
13.676171024640402
12.594883650541306
13.554953356583914
12.85679210225741
12.804849242170652
12.798986504475275
11.89996001124382
12.633723338445028
11.168016369144121
12.350739995638529
11.762877265612284
11.035780976215998
12.902899796764055
11.363537440697351
12.190541714429855
11.848188618818918
11.616561333338419
11.261541202664375
12.11179655790329
11.586699192722639
11.30548166235288
10.626879250009855
12.713565468788147
10.954870909452438
11.516105060776075
10.867094814777374
10.73634541531404
11.491162771979967
11.208021769920984
11.143174846967062
11.839681088924408
10.803458054860434
11.685395702719688
11.00036626557509
10.667331079641977
10.578607628742853
11.410706500212351
10.316410059730211
11.501102030277252
10.720512757698694
11.679711709419886
10.07810058693091
10.36843973894914
11.302847901980082
10.372087518374125
12.236344466606775
11.768636604150137
11.84805695215861
10.942952305078506
12.098690221707026
10.29228906830152
10.533044358094534
11.180770625670752
11.221051717797915
11.323720385630926
10.601689090331396
10.148420453071594
11.498884310324987
10.230833441019058
10.043087820212046
10.517041727900505
10.718277364969254
9.591878692309061
11.215098838011423
9.667406360308329
10.436255464951197
10.539965565005938
10.196675509214401
9.874175548553467
10.147351423899332
9.838092664877573
10.985255271196365
11.237904946009317
10.236663609743118
11.18971598148346
9.977037211259207
9.512330477436384
10.222388431429863
9.78615606824557
10.496557344992956
9.239640841881434
9.976770867904028
9.961141854524612
10.360387548804283
10.408091535170874
9.878346463044485
10.906010319789251
9.972157587607702
10.31032481789589
10.943982208768526
