-1.0131352134048939
-5.4955821832021075
-10.249445180098215
-14.975586106379827
-19.349324107170105
-23.421876778205235
-26.21474180618922
-27.31532006462415
-28.965874155362446
-31.240671932697296
-32.92496411005656
-32.73418664932251
-35.36644152800242
-34.599510153134666
-34.62448547283808
-36.03981860478719
-34.90080336729685
-38.868780414263405
-35.49046770731608
-38.489281137784324
-38.7131094733874
-38.662919203440346
-39.94225617249807
-37.681130051612854
-39.93334233760834
-39.69460789362589
-39.40483923753103
-40.54122122128805
-42.374412178993225
-41.18026544650396
-41.517656087875366
-42.50626713037491
-41.770373702049255
-43.451874574025474
-42.63891367117564
-45.70334339141846
-43.71392345428467
-44.824500958124794
-44.1059684753418
-43.209562400976814
-44.392146706581116
-43.85337537527084
-45.55268486340841
-46.46850957473119
-44.7825825214386
-45.40421938896179
-46.39826285839081
-45.56166696548462
-45.81947954495748
-44.97983384132385
-46.202433824539185
-46.01489216089249
-47.961640099684395
-47.918662091096245
-46.51185840368271
-47.49573826789856
-46.89076272646586
-47.17661480108897
-47.665552953879036
-49.41348812977473
-48.588340719540916
-48.39041328430176
-48.341398457686104
-48.79960662126541
-48.37386659781138
-49.08882546424866
-48.56211630503336
-49.235785365104675
-49.673525273799896
-49.91748388608297
-47.458956023057304
-49.6634836991628
-49.55365546544393
-49.23818689584732
-50.0178249279658
-49.82875637213389
-50.21442464987437
-48.884104212125145
-49.85219860076904
-49.344279408454895
-50.39157009124756
-50.13217941919962
-50.512603084246315
-50.3145235379537
-51.62265237172445
-50.599656422932945
-51.360931038856506
-50.658844351768494
-49.729244669278465
-51.15119743347168
-50.83090297381083
-50.601031601428986
-51.07840486367544
-50.5754728714625
-50.231034795443215
-50.975762049357094
-50.855290273825325
-51.16316862901052
-51.31585212548574
-51.05856156349182
-51.142914613087974
-51.26302615801493
-50.81245328982671
-51.5908433397611
-51.044042805830635
-51.21858696142832
-50.539494593938194
-51.22756318251292
-51.68029244740804
-51.874062856038414
-51.69079327583313
-51.429820438226066
-51.63364287217458
-52.304275234540306
-51.755675872166954
-50.21434712409973
-51.17768484354019
-52.242870012919106
-51.268561700979866
-51.37212554613749
-51.36846907933553
-50.66965250174204
-51.514628648757935
-51.38597186406454
-51.96768377224604
-51.85086750984192
-51.300095081329346
-50.993414878845215
-51.69178410371145
-50.63882724444071
-51.74360922972361
-52.16655254364014
-51.44510209560394
-51.858557303746544
-50.94309504826864
-52.210094372431435
-52.08946883678436
-50.90059514840444
-52.55743018786112
-51.9728909333547
-52.749968111515045
-51.59979406992594
-52.14089188973109
-52.414923230806984
-52.52322371800741
-51.95730765660604
-52.775538285573326
-52.00582412878672
-51.58827877044678
-52.36782701810201
-52.40412173668543
-52.638761599858604
-52.020939429601036
-52.56064657370249
-51.79986461003622
-51.53059834241867
-52.063563446203865
-52.70955381790797
-52.52131982644399
-52.09021602074305
-52.747443993886314
-52.715669790903725
-52.94907454649607
-52.4116043249766
-52.490835428237915
-52.23466936747233
-52.59142895539602
-51.28114938735962
-52.765034993489586
-52.69137307008108
-51.795112768809
-52.26489474376043
-52.559313694636025
-52.93798214197159
-52.704226771990456
-52.51643840471903
-52.02884340286255
-53.0471046368281
-52.56769460439682
-52.49900837739309
-51.762221574783325
-52.204109032948814
-52.191986322402954
-52.14563592274984
-51.42181750138601
-52.04710408051809
-52.26471642653147
-52.21676500638326
-52.632766366004944
-52.462047259012856
-52.46308422088623
-52.50495970249176
-52.7355759938558
-52.06558390458425
-51.99955598513285
-51.94340558846792
-51.86824917793274
-51.58072586854299
-52.100722789764404
-52.38298078378042
