866.8845987319946
883.4782772064209
900.585446357727
1010.5770511627197
917.1827511787415
950.1073994636536
911.9858741760254
907.2235140800476
904.5585522651672
931.7868547439575
845.928505897522
919.7799406051636
880.1804776191711
821.4408349990845
863.3124861717224
871.263210773468
881.3006963729858
849.0718231201172
880.8657765388489
907.710572719574
860.1271839141846
845.3345909118652
853.6161189079285
835.470202922821
864.6853404045105
863.2621202468872
835.1824321746826
852.2451181411743
833.0016279220581
857.6983375549316
839.9389095306396
841.1977353096008
821.5206146240234
821.6924228668213
823.6374340057373
837.8492474555969
848.0986728668213
872.1282153129578
832.2618532180786
864.6081395149231
841.1845998764038
846.6316947937012
833.2601461410522
834.0536713600159
814.245599269867
821.9563403129578
832.8471455574036
844.8555102348328
836.8784341812134
821.7256240844727
837.2179408073425
832.9672179222107
838.3702325820923
831.5149869918823
840.6586184501648
820.0342960357666
850.4699811935425
825.8409633636475
820.9963254928589
817.3060746192932
832.0688509941101
834.4958438873291
842.3908033370972
838.8961334228516
826.9169406890869
838.9942059516907
840.443696975708
848.8858318328857
833.1114659309387
825.4448857307434
824.510416507721
830.3074135780334
829.733564376831
854.4138345718384
833.7850799560547
815.3813710212708
806.7144026756287
843.2841739654541
821.785740852356
838.2841672897339
819.6780276298523
821.0716729164124
827.4309148788452
828.6729788780212
797.0190830230713
828.1191148757935
833.3571710586548
814.3231225013733
823.7085909843445
824.0597019195557
851.8292164802551
820.2717814445496
821.1848149299622
811.2662734985352
833.3324313163757
840.6683692932129
824.2880005836487
822.3910989761353
819.9841718673706
816.9548025131226
824.537896156311
803.2739667892456
819.6689214706421
845.5161499977112
830.871753692627
832.8822808265686
821.6893606185913
824.8205900192261
825.0838627815247
833.6246342658997
824.8701500892639
825.9311385154724
827.5144820213318
823.8160920143127
830.3373107910156
820.7776970863342
827.3819994926453
819.7238807678223
816.6924967765808
794.6827487945557
802.5863308906555
829.8897390365601
835.6992268562317
844.378041267395
822.3935971260071
815.1738634109497
806.4412178993225
814.0630731582642
827.2575755119324
829.9242296218872
812.4791655540466
791.9149599075317
824.3690695762634
826.3852376937866
821.5357646942139
812.9189205169678
832.9895401000977
830.0880599021912
810.2464642524719
827.1673197746277
802.5131592750549
834.0212759971619
806.3752989768982
832.9000096321106
817.0731019973755
803.6131510734558
825.6374850273132
822.1150937080383
816.6147317886353
811.3797378540039
814.9313011169434
806.1233887672424
812.5327548980713
808.5229825973511
815.9630370140076
818.6376690864563
816.2111597061157
826.6758289337158
805.4589614868164
819.1796064376831
817.2084050178528
811.0200042724609
814.7911629676819
817.2641701698303
810.7904968261719
813.8130970001221
828.1706895828247
825.0122222900391
817.0849480628967
829.0666389465332
822.162558555603
819.8513669967651
819.3813924789429
813.0678424835205
818.0716366767883
829.1588287353516
821.9190292358398
826.4468855857849
811.6293110847473
834.3589291572571
837.4951548576355
821.4149670600891
821.6889576911926
834.2580361366272
807.7645120620728
790.2179908752441
814.3871073722839
807.574330329895
811.7530903816223
821.6941957473755
829.866530418396
821.1620092391968
800.0187163352966
826.1617741584778
821.9069414138794
819.9612050056458
810.3900675773621
811.6476039886475
829.6038217544556
813.6611127853394
