147.64636182785034
93.80602804819743
66.88188441594441
62.17141258716583
60.30078570048014
54.95380743344625
54.354751785596214
55.2335577805837
54.94108454386393
47.656388322512306
48.34252200524012
45.67884004116058
42.237876892089844
47.891741037368774
42.15297452608744
44.76802148421606
43.45633407433828
38.74049707253774
40.01716262102127
39.52064937353134
41.32869875431061
40.75487689177195
37.64826265970866
41.403655548890434
40.18822328249613
39.46199347575506
43.14389141400655
38.17156712214152
38.377825339635216
38.52814573049545
46.035375555356346
40.813083012898765
38.700345277786255
37.72366148233414
39.37948739528656
37.95169874032339
37.02288750807444
40.289551655451454
35.7145148118337
36.121103048324585
39.92586515347163
35.259486536184944
36.124624033768974
34.24915222326914
34.230916261672974
32.24503946304321
35.27471649646759
34.18660759925842
37.14812990029653
35.042194962501526
33.815402726332344
38.33338006337484
33.06140355269114
32.641294519106545
35.28999447822571
30.687718868255615
33.656404773394264
33.98891323804855
30.636921644210815
29.74388736486435
30.97653090953827
34.27735221385956
33.40585505962372
29.17426935831706
34.33560276031494
28.07464000582695
32.69340467453003
29.508384148279827
29.12094283103943
29.212939540545147
28.433751304944355
31.688275814056396
34.05871538321177
26.860501805941265
31.013212203979492
30.09928898016612
27.88239312171936
29.993226488431294
33.11311260859171
31.55822863181432
27.2550184627374
31.59801044066747
29.175550023714703
30.707525928815205
26.036238809426624
28.458632588386536
27.384580651919048
27.354583501815796
27.303228080272675
29.98376178741455
29.930588722229004
27.41174844900767
28.000739643971126
27.470706860224407
26.411274512608845
26.856253653764725
29.925365765889484
27.205018281936646
26.514919181664784
25.543640504280727
26.593733429908752
25.531845847765606
27.977344652016956
26.716778695583344
27.55529334147771
24.61609121163686
26.681920220454533
25.63800396521886
25.316427618265152
24.598124255736668
26.36293963591258
24.584444453318913
26.981034735838573
26.684824148813885
25.330932080745697
27.355374375979107
25.297437300284702
25.07888913154602
23.98886850476265
24.270397464434307
23.781406392653782
23.48986295859019
23.274942984183628
23.6378457347552
22.644809067249298
24.30799339214961
26.99202311038971
23.950321753819782
23.528454770644505
22.707116802533466
23.965576310952503
22.950750907262165
24.447775582472485
23.774688849846523
25.398510416348774
23.900022586186726
24.141668250163395
23.753251989682514
24.631160378456116
24.82181019584338
21.729617794354755
22.612469057242077
25.195186614990234
24.333715816338856
24.354920784632366
28.584752569595974
23.199081252018612
23.663339684406917
23.29192038377126
23.40336807568868
24.210353702306747
23.155074795087177
23.644888152678806
25.83504448334376
23.989991704622906
22.687703450520832
22.134416828552883
21.332432836294174
22.77947513262431
24.526848018169403
22.42250156402588
20.525391280651093
20.71334300438563
21.180765221516292
21.83771300315857
21.924387633800507
24.623517274856567
22.15480450789134
20.570250550905865
21.586392899354298
21.112732877333958
20.977015395959217
23.615221858024597
21.74551972746849
21.60870188474655
21.453741510709126
23.015126049518585
22.20885642369588
21.361055552959442
20.09085528055827
21.729978283246357
22.069779445727665
20.611466656128567
21.54716968536377
21.187567164500553
19.66694688796997
22.54725554585457
22.008284489313763
25.22386085987091
20.631592323382694
21.63304791847865
22.781298965215683
20.990818093220394
20.497733285029728
22.00607132911682
20.57328109939893
24.33090791106224
19.835774183273315
21.545042673746746
19.179337521394093
