-0.6321032561827451
-19.70206944644451
-41.70870481431484
-61.75718605518341
-78.76646399497986
-89.91651272773743
-105.64222514629364
-106.60209894180298
-112.40738624334335
-118.77544224262238
-117.52454406023026
-127.34225291013718
-121.53182828426361
-130.13958644866943
-125.05432033538818
-131.95968002080917
-131.65741395950317
-130.45336616039276
-133.84746539592743
-129.75696659088135
-135.56998002529144
-135.2117372751236
-137.05942130088806
-132.2633764743805
-131.06648063659668
-134.832945227623
-131.7755321264267
-136.49737787246704
-134.38450717926025
-138.12784373760223
-136.7937309741974
-136.41901856660843
-138.98585748672485
-137.58201813697815
-136.84358316659927
-135.12819027900696
-135.84688180685043
-140.55253994464874
-141.04995381832123
-141.34530967473984
-138.26896905899048
-139.38221716880798
-137.8507404923439
-136.6162213087082
-138.8453768491745
-138.59824132919312
-139.05207860469818
-139.6232886314392
-140.96402955055237
-136.34269404411316
-134.36689925193787
-134.7644475698471
-132.62727028131485
-141.1416500210762
-142.14666175842285
-143.66693705320358
-145.02166962623596
-143.70246517658234
-143.49136143922806
-142.42300951480865
-142.26643192768097
-147.00520062446594
-143.4784778356552
-144.6065838932991
-146.73477590084076
-144.65399837493896
-145.16877841949463
-148.3061826825142
-146.4866532087326
-147.98868596553802
-149.73549711704254
-147.3837307691574
-148.6835342645645
-147.97724282741547
-150.1812959909439
-148.20139133930206
-149.85353469848633
-149.066949903965
-144.52016603946686
-147.988383769989
-147.01952469348907
-148.30681729316711
-149.6013122200966
-148.81192708015442
-148.72777569293976
-148.62139278650284
-147.25322258472443
-150.31338566541672
-151.44636714458466
-144.61350417137146
-145.94387978315353
-151.20944583415985
-149.48790830373764
-149.04447662830353
-150.12620574235916
-153.38414573669434
-149.00734686851501
-144.02212762832642
-148.1110953092575
-152.13164591789246
-149.95869874954224
-149.94304502010345
-149.22352749109268
-149.52825140953064
-147.48979133367538
-151.8602642416954
-150.5342402458191
-152.57900613546371
-149.70410907268524
-149.07531064748764
-149.08680415153503
-146.5720133781433
-148.13512992858887
-149.36522698402405
-144.90437746047974
-151.3060678243637
-147.3684195280075
-149.6003955602646
-149.1882209777832
-146.13858437538147
-145.4831222295761
-148.08164131641388
-152.21319842338562
-149.0281681418419
-148.62774896621704
-150.13463699817657
-151.724991440773
-150.0527822971344
-148.0622000694275
-147.40162074565887
-148.80830073356628
-151.7634105682373
-149.14035320281982
-150.0115829706192
-150.89614963531494
-148.06334841251373
-151.14691150188446
-151.4672287106514
-153.59354710578918
-149.48014187812805
-149.28558838367462
-153.13492506742477
-152.70561599731445
-152.83410954475403
-149.6715122461319
-150.15347385406494
-151.55789744853973
-149.16458928585052
-151.14481627941132
-152.47403347492218
-152.89598912000656
-152.62243163585663
-149.14732384681702
-149.2066851258278
-152.88044619560242
-150.43708437681198
-148.05511862039566
-151.1585762500763
-149.37064635753632
-151.9060770869255
-152.09145390987396
-151.82506853342056
-150.0149474143982
-152.0195011496544
-150.5695064663887
-149.66751319169998
-151.86151331663132
-150.6706110239029
-153.42345130443573
-150.79118704795837
-147.52463448047638
-144.09521865844727
-150.61988246440887
-148.54327523708344
-151.52491784095764
-145.82079553604126
-151.43609249591827
-150.88212776184082
-147.38252198696136
-152.41175097227097
-151.24487322568893
-150.92713475227356
-150.06611919403076
-148.9635889530182
-148.2312684059143
-145.07475531101227
-147.13882142305374
-148.60568869113922
-151.05399644374847
-148.0672971010208
-149.58970791101456
-148.5256471633911
-147.841073513031
-152.71053171157837
-150.40560567378998
-149.22539103031158
-144.80896425247192
-149.44839119911194
-150.49382662773132
-148.52071130275726
