-1.0944290393963456
-15.11954340338707
-44.27234297990799
-76.33104991912842
-97.65209424495697
-108.49994742870331
-111.5414046049118
-116.11461043357849
-120.44732904434204
-117.76966494321823
-123.5040773153305
-129.09622609615326
-132.79259139299393
-131.71821570396423
-128.96089285612106
-131.12021100521088
-137.98052340745926
-139.7316358089447
-136.0443867444992
-139.66324895620346
-132.91730749607086
-135.41858005523682
-135.4409223794937
-135.55797278881073
-137.04774647951126
-140.19595927000046
-137.30038195848465
-132.47876131534576
-139.85261476039886
-138.13886380195618
-140.38042950630188
-140.16150897741318
-135.24280297756195
-136.3590931892395
-143.5003668665886
-137.01515972614288
-138.5599833726883
-142.08295893669128
-143.98814070224762
-137.9011064171791
-138.9171382188797
-137.1625908613205
-144.49236404895782
-140.30070024728775
-146.04222428798676
-139.8818874359131
-139.7854266166687
-140.52078926563263
-142.02193558216095
-140.20001876354218
-139.8643399477005
-143.21456038951874
-141.04072678089142
-139.1628030538559
-145.59811770915985
-149.81929594278336
-147.93580174446106
-143.42344802618027
-143.69021618366241
-146.5922201871872
-141.6727687716484
-144.24847209453583
-141.8699916601181
-144.52173745632172
-142.11194956302643
-143.24893009662628
-140.36445343494415
-143.00779819488525
-143.83111989498138
-143.8276950120926
-143.8672121167183
-143.50835490226746
-145.57140362262726
-146.14305686950684
-147.53722596168518
-146.5574072599411
-150.6448438167572
-146.205047249794
-144.30510354042053
-143.51562774181366
-143.9744512438774
-148.2838705778122
-151.47693926095963
-149.74121868610382
-146.32459580898285
-148.44760012626648
-146.6990966796875
-149.3185075521469
-151.92094510793686
-150.678216278553
-148.85574543476105
-150.36360049247742
-149.4085215330124
-150.49968922138214
-152.3408055305481
-147.33030259609222
-150.9406328201294
-149.869833111763
-151.98012506961823
-149.14375793933868
-151.89470446109772
-147.77953642606735
-148.3772389292717
-145.68381029367447
-144.67309713363647
-148.48203027248383
-145.11214697360992
-144.4766297340393
-147.07009208202362
-145.2616632580757
-144.07545506954193
-146.1601812839508
-143.17644345760345
-147.20177882909775
-149.46529400348663
-142.185121178627
-147.05024790763855
-144.3516013622284
-148.01652824878693
-151.40043342113495
-149.56870532035828
-147.82147109508514
-150.18709814548492
-152.2690441608429
-149.812375664711
-151.68570601940155
-152.56255662441254
-154.15498614311218
-151.63723385334015
-150.13123226165771
-152.1625303030014
-153.39040118455887
-152.55710703134537
-153.08942449092865
-153.45679354667664
-152.70643192529678
-154.33867067098618
-153.30057859420776
-156.0615781545639
-154.5592029094696
-156.4056580066681
-157.68688654899597
-156.10828751325607
-155.11184805631638
-156.7357965707779
-157.1235134601593
-157.33587634563446
-156.97497427463531
-154.19619554281235
-159.64473092556
-157.00121492147446
-156.64550054073334
-156.27424323558807
-156.98933863639832
-155.82929050922394
-158.7875028848648
-155.79067999124527
-157.38284760713577
-155.8442794084549
-156.20405328273773
-154.16246044635773
-155.5249594449997
-152.71560859680176
-157.57682693004608
-155.55113965272903
-157.03030627965927
-155.30876874923706
-157.4412720799446
-157.08058154582977
-157.91447001695633
-156.37948787212372
-155.33538210391998
-157.35363537073135
-157.10696321725845
-157.94035810232162
-156.47192949056625
-153.43346405029297
-158.26812946796417
-155.71651113033295
-153.38771164417267
-154.64891469478607
-154.85950469970703
-153.7529854774475
-152.4665390253067
-154.7215222120285
-151.87629067897797
-152.23354625701904
-150.2454218864441
-151.44070601463318
-153.90083968639374
-153.57170844078064
-153.48637849092484
-155.2686573266983
-152.5675529241562
-155.98203021287918
-153.92702996730804
-153.70942902565002
-151.7856622338295
-154.7626610994339
-152.455448448658
