0.18512377352453768
-12.698440805077553
-30.198597639799118
-45.02132457494736
-60.82866504788399
-71.1980671286583
-82.01001444458961
-91.92713052034378
-90.98187291622162
-97.96549117565155
-92.32839584350586
-99.28378903865814
-94.48691821098328
-106.63486701250076
-105.1982192993164
-102.06986075639725
-101.87652611732483
-109.71520668268204
-108.18920981884003
-111.86458259820938
-100.82113838195801
-115.7738648056984
-115.86044383049011
-111.64471518993378
-109.68449354171753
-110.56181758642197
-117.9866111278534
-121.29899668693542
-114.8233288526535
-116.9158416390419
-119.24547719955444
-120.46886551380157
-117.53699451684952
-118.023408472538
-123.47144019603729
-118.76391851902008
-120.94589126110077
-119.06442177295685
-124.10550689697266
-129.21670138835907
-122.72149157524109
-128.12875711917877
-130.16779136657715
-125.87808525562286
-127.97904944419861
-129.02510941028595
-132.32464158535004
-131.3851256966591
-130.48763513565063
-132.36775481700897
-131.51566410064697
-136.62637507915497
-131.74241149425507
-135.26389622688293
-136.2162755727768
-137.47057849168777
-138.97130173444748
-137.69136255979538
-132.4862053990364
-141.57253050804138
-137.99806082248688
-140.5318596959114
-140.20022022724152
-141.88274431228638
-139.26764476299286
-142.0429482460022
-141.06036949157715
-145.91189742088318
-143.66311931610107
-144.35844105482101
-140.75288552045822
-143.56109809875488
-142.44336742162704
-145.14535826444626
-142.2931057214737
-142.3064325451851
-142.80153965950012
-143.8389669060707
-141.28256380558014
-144.43132054805756
-144.79545611143112
-145.38227957487106
-140.29434406757355
-148.4610075354576
-143.1644462943077
-146.74438571929932
-143.68072724342346
-141.47550559043884
-143.2084258198738
-142.789653301239
-146.14724731445312
-140.89376908540726
-144.17159354686737
-146.115194439888
-142.9667398929596
-143.55591040849686
-144.76467245817184
-140.95424848794937
-141.24644136428833
-141.7287656068802
-139.31617736816406
-143.1569316983223
-142.2369577884674
-145.24160754680634
-145.93467289209366
-143.5290049314499
-145.81098425388336
-144.7900266647339
-145.92831671237946
-144.9895361661911
-151.3532304763794
-145.0780190229416
-146.56844747066498
-146.99085640907288
-149.33607518672943
-150.08938825130463
-148.96848452091217
-149.27805364131927
-151.0996178984642
-151.29823088645935
-150.61242830753326
-150.16677045822144
-148.5003433227539
-150.09060710668564
-148.06834471225739
-150.35683131217957
-150.588061273098
-146.76042222976685
-149.83689379692078
-150.17646086215973
-147.92911314964294
-151.37005269527435
-146.9411553144455
-147.73234355449677
-146.6679503917694
-144.99537861347198
-144.49113512039185
-143.63629442453384
-145.087064743042
-146.5792257785797
-144.33786153793335
-147.28392565250397
-147.49011367559433
-146.5066081881523
-147.7434844970703
-144.20399898290634
-147.04168570041656
-139.8962517976761
-148.39699244499207
-147.09706807136536
-150.2214879989624
-146.20353627204895
-148.36630952358246
-148.15579003095627
-150.32955312728882
-148.2067905664444
-150.1138157248497
-149.9268674850464
-151.9661636352539
-152.00051319599152
-151.52813118696213
-150.30096542835236
-148.8781280517578
-149.40847116708755
-149.2476326227188
-152.39225935935974
-149.65458929538727
-145.32363349199295
-150.68741309642792
-146.7827444076538
-149.8341639637947
-147.63927739858627
-150.34718120098114
-146.75225287675858
-149.9481621980667
-148.3136670589447
-147.7754567861557
-150.60432946681976
-149.16946470737457
-149.95136547088623
-148.89727717638016
-148.12951916456223
-152.46035408973694
-150.53818893432617
-151.8837649822235
-152.94899421930313
-151.15654146671295
-150.95479571819305
-151.39493346214294
-150.5075261592865
-150.10280573368073
-147.28966736793518
-145.91570508480072
-149.09079313278198
-151.71894752979279
-149.62458127737045
-150.45088464021683
-150.0624727010727
-147.95946365594864
-145.83580458164215
