-3.2885338440537453
-13.22181929151217
-18.31759548187256
-27.535238683223724
-32.152758280436196
-32.91157042980194
-37.9325065612793
-37.13601760069529
-40.27045144637426
-38.67960433165232
-42.78920555114746
-42.01888384421667
-43.644382079442344
-43.20640824238459
-43.7539803981781
-44.646261970202126
-44.198509534200035
-45.73044780890147
-44.75458073616028
-44.45784040292104
-45.85561325152715
-45.58957439661026
-46.31104165315628
-46.317087848981224
-45.97197570403417
-46.23708395163218
-46.79323677221934
-47.46624994277954
-44.51954666773478
-45.0225080649058
-44.9809277455012
-46.74679374694824
-48.33372815450033
-47.43907445669174
-47.136472165584564
-46.67708206176758
-47.17705923318863
-47.468294064203896
-48.40184195836385
-48.089905778566994
-47.79710566997528
-46.82836361726125
-46.4564879933993
-47.76860702037811
-47.64874988794327
-46.59564177195231
-47.99030315876007
-47.49302260080973
-49.20005216201147
-48.00224514802297
-48.3955092827479
-49.0055384238561
-48.21200307210287
-48.86354744434357
-48.035635471343994
-49.061362504959106
-49.03672420978546
-47.45007681846619
-49.43043625354767
-49.10252137978872
-47.86212786038717
-48.98048118750254
-49.30023638407389
-48.34191509087881
-49.17397518952688
-48.835065603256226
-48.41638867060343
-49.24937001864115
-48.73547168572744
-49.55976935227712
-50.238843520482384
-49.48795868953069
-48.948735217253365
-49.43086324135462
-49.89680872360865
-48.74654654661814
-49.10157974561056
-49.209310392538704
-50.02355579535166
-51.01163903872172
-50.93437751134237
-49.79440134763718
-49.79614237944285
-49.292547504107155
-49.79074966907501
-50.815759003162384
-49.84082555770874
-49.94671928882599
-51.018488665421806
-48.99154722690582
-50.610633512338005
-49.50942305723826
-48.980625689029694
-49.38228424390157
-49.79771703481674
-49.48400477568308
-49.456892569859825
-50.03289186954498
-50.04381823539734
-50.51189295450846
-50.815368394056954
-49.023286859194435
-50.0845232407252
-50.25251297156016
-49.83258410294851
-48.974921544392906
-50.63886600732803
-50.23890173435211
-48.77417695522308
-50.32074224948883
-49.96237802505493
-49.81362271308899
-49.45970745881399
-49.022119204203285
-48.92189065615336
-48.98319880167643
-49.69401870171229
-50.29727272192637
-48.51852399110794
-50.463428934415184
-50.46239495277405
-50.67532434066137
-51.18980856736501
-50.49703276157379
-51.01310382286707
-50.199019273122154
-50.63346823056539
-50.567538817723594
-49.57014741500219
-49.38962399959564
-49.75570424397787
-50.06265318393707
-51.004501700401306
-50.129727145036064
-48.43443673849106
-49.81748596827189
-50.290335615475975
-50.20903994639715
-49.5419913927714
-50.19833652178446
-50.03579789400101
-50.008580605189
-49.62589557965597
-50.39487854639689
-49.52338437239329
-50.08279081185659
-49.628352065881096
-50.6532252629598
-51.61313863595327
-51.199763695398964
-49.40172344446182
-50.38177078962326
-50.53245302041372
-49.70300112167994
-50.26038312911987
-50.2093280951182
-50.80870282649994
-49.99502182006836
-50.84435421228409
-51.16772172848383
-49.78609001636505
-50.804868837197624
-50.821606834729515
-51.56502254803976
-50.686328291893005
-51.20348318417867
-51.35926159222921
-51.314093907674156
-50.99434085687002
-50.195561250050865
-50.19733784596125
-50.59579970439275
-51.21621469656626
-51.224778850873314
-51.152339378992714
-49.98768516381582
-49.49589612086614
-50.43274863560995
-49.4255108833313
-50.483635783195496
-50.45053440332413
-51.09802536169688
-49.8639098405838
-50.9906884431839
-50.92773016293844
-50.478952288627625
-50.17941117286682
-48.92088522513708
-49.4750539859136
-50.750301440556846
-50.430863420168556
-49.668042838573456
-49.8517613808314
-49.32357809940974
-50.470529317855835
-50.029661079247795
-50.68977121512095
-51.21817417939504
-51.688652674357094
-51.171704173088074
