-2.981608542303244
-11.700016732017199
-19.07440848151843
-26.002931594848633
-30.244108219941456
-34.82304072380066
-37.28244904677073
-39.503953417142235
-41.81244999170303
-41.6521999835968
-41.389072020848594
-44.28705028692881
-43.83907594283422
-43.96710443496704
-43.56790371735891
-44.28014202912649
-44.639654676119484
-47.04422418276469
-45.783348182837166
-45.471414387226105
-47.977043191591896
-46.4724889198939
-46.399385929107666
-46.336455980936684
-45.05047011375427
-47.15150626500448
-44.8373327255249
-46.17881351709366
-45.937284549077354
-47.71016456683477
-47.69698770840963
-45.65793263912201
-47.59952966372172
-47.81479662656784
-46.39762423435847
-46.61534905433655
-46.964872320493065
-46.64546972513199
-47.16868495941162
-45.91694096724192
-47.5567174355189
-48.19261427720388
-46.23076458772024
-47.64249666531881
-47.07794704039892
-47.452987809975944
-48.09845777352651
-47.57352348168691
-46.85206286112467
-47.741042375564575
-47.783765037854515
-49.15555860598882
-47.65889283021291
-48.34882668654124
-48.731813748677574
-48.45946788787842
-49.45120767752329
-49.506802002588906
-49.63420748710632
-49.00615789492925
-49.10193131367365
-48.84373406569163
-48.99731457233429
-48.543241699536644
-48.79624032974243
-48.4773736000061
-49.397018353144325
-48.97740046183268
-48.074437975883484
-48.74096484978994
-49.341362516085304
-49.24918246269226
-50.413166205088295
-48.82034748792648
-48.7512037952741
-49.15846739212672
-49.94579263528188
-50.83247057596842
-49.57041503985723
-50.99344138304392
-49.767385840415955
-48.88544271389643
-48.77769354979197
-50.68663283189138
-50.211069186528526
-49.699457248051964
-49.75028284390768
-49.98244829972585
-50.85927538077036
-51.1328901052475
-50.868685801823936
-49.78785612185796
-49.00306145350138
-49.427688002586365
-51.45303020874659
-49.28517665465673
-49.66876455148061
-49.22058312098185
-49.8305279413859
-49.81928942600886
-49.96890779336294
-49.84137852986654
-50.20140926043192
-49.83990355332693
-50.36878899733225
-50.13314082225164
-49.79556506872177
-48.82241026560465
-49.967518289883934
-51.19857907295227
-49.788761377334595
-50.99589365720749
-49.398108184337616
-49.663697163263954
-50.752176682154335
-49.15600164731344
-50.96017609039942
-50.377349972724915
-50.73915429910024
-50.34285314877828
-50.59415463606516
-50.56002779801687
-51.17680577437083
-51.11245985825857
-51.116243402163185
-50.76645831267039
-50.97099014123281
-50.89334179957708
-51.30679678916931
-51.157127022743225
-50.47695525487264
-50.235839545726776
-49.82785073916117
-50.32430752118429
-51.58730538686117
-50.98213197787603
-51.54361093044281
-50.657357931137085
-50.48632939656576
-51.473359862963356
-51.00034260749817
-50.75425656636556
-50.851879020531975
-49.99493829409281
-50.8220611612002
-49.679518699645996
-50.45901437600454
-50.506855964660645
-50.43558051188787
-51.07998047272364
-49.898403922716774
-50.36066657304764
-51.07961515585581
-51.372034668922424
-51.351290345191956
-50.799813548723854
-50.25223561127981
-50.745550791422524
-49.5764102935791
-50.4615443944931
-49.55227677027384
-50.290951589743294
-50.775286634763084
-50.48250814278921
-50.68301777044932
-50.88307958841324
-51.32329912980398
-50.62100831667582
-49.88906840483347
-51.24855617682139
-50.9812648097674
-49.494892597198486
-49.94843236605326
-50.270629485448204
-50.04007240136465
-50.66857179005941
-49.936975717544556
-50.59891394774119
-49.78121809164683
-49.74604304631551
-50.021983901659645
-49.78805490334829
-49.157957355181374
-49.584871431191765
-49.10440727074941
-50.10895365476608
-49.16230467955271
-51.06348466873169
-50.19533407688141
-49.21927420298258
-49.752036809921265
-49.800283789634705
-49.90054134527842
-50.119525949160256
-50.851685643196106
-50.69347840547562
-49.85446870326996
-49.34894847869873
-50.35625569025675
-50.525660494963326
