4.4738511722534895
-8.48719347268343
-22.373732447624207
-33.43036246299744
-43.39561325311661
-51.319643914699554
-60.15805786848068
-67.38616240024567
-75.61971685290337
-79.99326711893082
-87.16700667142868
-90.67204189300537
-95.13190424442291
-97.93772947788239
-103.99000120162964
-105.95729422569275
-107.75649601221085
-112.84132897853851
-117.70583117008209
-121.36756485700607
-121.6543585062027
-124.56010973453522
-128.36142754554749
-128.5782024860382
-131.3081665635109
-134.383358836174
-135.27880454063416
-137.93670505285263
-137.04636645317078
-140.97118151187897
-140.85276114940643
-141.08341693878174
-142.9935748577118
-144.33009511232376
-146.29792201519012
-146.9350106716156
-145.426007270813
-145.94949054718018
-147.1646591424942
-147.77198153734207
-146.46463322639465
-147.27949345111847
-149.56290316581726
-148.5944167971611
-151.58326172828674
-150.63618087768555
-151.41391134262085
-152.3264411687851
-152.43388175964355
-152.9711350798607
-152.43028563261032
-152.65087831020355
-151.54296898841858
-151.72116363048553
-153.27549636363983
-153.41128289699554
-153.81110775470734
-152.86144816875458
-152.73867619037628
-153.50433897972107
-154.0900040268898
-153.21684020757675
-155.3092119693756
-156.0650030374527
-156.78390610218048
-154.10484182834625
-153.8856896162033
-156.18698930740356
-155.9469050168991
-155.88936698436737
-155.8020123243332
-154.75250732898712
-156.35013461112976
-156.87811052799225
-156.08529043197632
-155.427672624588
-156.34965109825134
-153.37173557281494
-155.34454870224
-157.06831240653992
-157.19454956054688
-157.59127187728882
-156.93262660503387
-157.86651158332825
-158.39247286319733
-158.2673236131668
-157.81259989738464
-158.26039326190948
-156.10080313682556
-157.73973047733307
-157.30935364961624
-157.39927697181702
-159.0146129131317
-158.45313358306885
-158.91517043113708
-158.11671942472458
-157.83077192306519
-157.76504439115524
-158.23952162265778
-158.1004814505577
-156.88761961460114
-156.73376178741455
-157.5706822872162
-157.4293555021286
-159.06448525190353
-158.23732566833496
-159.5128527879715
-155.84758341312408
-158.01635020971298
-157.8577579855919
-158.85503351688385
-155.76327085494995
-159.03218054771423
-158.7415389418602
-157.17367792129517
-159.93610787391663
-159.68570864200592
-157.80801659822464
-158.59748232364655
-157.37937235832214
-159.60115432739258
-159.2455205321312
-158.78881239891052
-159.46345388889313
-158.16715586185455
-158.69225084781647
-157.43588292598724
-155.18006366491318
-157.62756556272507
-158.9898933172226
-158.4189451932907
-159.23847937583923
-159.2587566971779
-159.26614034175873
-158.03165137767792
-158.122088432312
-159.11901140213013
-158.08362901210785
-159.01829969882965
-158.0832462310791
-157.77559101581573
-156.98715275526047
-156.77009576559067
-156.90865242481232
-159.27492415905
-159.17982321977615
-159.052427649498
-159.48425501585007
-159.5415512919426
-158.20706582069397
-158.5794916152954
-159.8068084716797
-159.1055133342743
-159.84371662139893
-159.38290870189667
-158.42440485954285
-160.00184547901154
-156.8163316845894
-158.6049566268921
-157.96988260746002
-158.56478476524353
-158.70354288816452
-157.88514697551727
-159.58798867464066
-159.50142979621887
-158.78736186027527
-160.06966823339462
-158.12458658218384
-159.17352747917175
-160.06606203317642
-159.21244019269943
-159.60000598430634
-159.57629370689392
-159.75646269321442
-160.24523377418518
-159.4548110961914
-158.58191925287247
-159.97174680233002
-160.8685826063156
-160.82905542850494
-160.2845594882965
-159.18486988544464
-160.60842245817184
-159.39501667022705
-159.90886998176575
-159.3802090883255
-159.4400840997696
-159.82298600673676
-158.50829434394836
-160.14677846431732
-159.06893759965897
-159.40801107883453
-160.40837907791138
-159.7873067855835
-160.15197622776031
-160.19472682476044
-159.8445526957512
-159.37954425811768
-160.7021131515503
-160.6791865825653
