163.42445317904154
148.38459674517313
138.652041276296
135.5891089439392
142.18716541926065
136.57361872990927
133.3666731119156
119.86521236101787
125.78036244710286
114.47003642717998
115.01676066716512
113.02477375666301
111.91857945919037
106.82318552335103
110.66140743096669
104.7638422648112
110.53212467829387
102.37998648484547
105.44285043080647
94.22584517796834
91.8771036863327
94.19551289081573
89.90387988090515
90.16157233715057
90.77445940176646
90.85015273094177
89.54981180032094
83.78932293256123
85.37060487270355
80.88560664653778
89.92529038588206
87.2000162601471
80.53735546271007
85.8555595477422
82.78344599405925
77.13307170073192
77.63689903418224
79.91897535324097
76.77598023414612
81.608851313591
85.34277790784836
72.73830598592758
76.72852830092113
74.6837427218755
77.74816572666168
73.50220717986424
77.44573390483856
79.15355920791626
75.44651506344478
81.49289838473003
72.50257178147633
77.02356551090877
81.89864873886108
72.88666460911433
76.28226172924042
77.00502463181813
76.99118208885193
69.68850926558177
75.44674483935039
75.09925973415375
69.73728773991267
76.00969274838765
67.29063789049785
78.00783157348633
69.23345679044724
74.0039696296056
70.93737890323003
68.70619436105092
73.08805827299754
62.40416292349497
69.31701755523682
62.17535392443339
67.68430332342784
70.28808792432149
71.83717779318492
66.6024328271548
69.64331110318501
66.48365211486816
62.42127595345179
66.37991585334142
60.824274361133575
65.24762843052547
68.01752070585887
64.25675857067108
65.45767901341121
63.80737968285879
65.5370706319809
71.67292090257008
67.91760508219402
62.28764081001282
66.74863245089848
61.02170077959696
67.56297771135966
64.59734026590984
69.20672843853633
68.80740253130595
62.51976470152537
64.8015569249789
65.30416593949
59.04660922288895
61.532898445924125
59.53420754273733
59.30299687385559
60.38545455535253
62.030080020427704
61.99246539672216
64.02277344465256
61.56457841396332
61.73467562596003
57.63098074992498
57.56847761074702
58.1631164153417
56.379320542017616
61.03070374329885
61.57147238651911
59.245758851369224
62.69924668471018
64.12542986869812
59.230849454800286
64.01898004611333
65.38506762186687
64.16365526119868
62.635858515898384
58.36661573251089
69.55371570587158
63.1639092763265
63.698144207398094
54.62343170245489
62.795374075571694
56.68821952740351
59.16912951072057
54.30478034416834
56.44075882434845
66.24030605951945
56.72321039438248
61.84775449832281
61.20164978504181
56.49708686272303
56.82406749327978
55.55910493930181
51.75937005877495
58.79028127590815
64.81509443124135
59.75606596469879
60.87115925550461
59.58237155278524
56.82987833023071
61.298367043336235
56.198714097340904
57.22740286588669
60.99471473693848
58.786246637503304
59.40170838435491
52.347385247548424
56.97674643993378
53.882603665192924
53.77738029758135
54.69954288005829
57.3731115659078
56.50050073862076
55.39531304438909
56.50841631491979
53.75802536805471
57.77350455522537
56.89174111684164
55.338824927806854
60.14200168848038
56.670389672120415
57.80419534444809
53.15253875652949
57.10917307933172
50.03543039162954
53.88764468828837
61.89210375150045
55.480378448963165
57.35231786966324
56.39156458775202
51.50514415899912
55.149115731318794
48.771519194046654
57.43665840228399
57.691962480545044
55.13960073391596
65.44251159826915
52.011347353458405
58.62458763519923
64.87623862425487
54.17571545640627
50.34200913707415
50.7507251004378
53.25789471467336
54.62729472915331
56.39906758069992
58.34610012173653
56.453694661458336
50.229401648044586
59.73765381177267
50.212172746658325
56.72793513536453
51.87477549910545
