5198.107704162598
4724.299573898315
4240.3985958099365
3974.77628326416
3504.5081119537354
3569.034839630127
3083.089569091797
3368.943672180176
3157.8000450134277
2954.5428352355957
2918.432481765747
2914.2210845947266
2735.7194118499756
2751.7923469543457
2809.053165435791
2719.8108711242676
2783.059513092041
2549.919595718384
2669.488140106201
2473.454129219055
2460.7343559265137
2475.3235511779785
2440.310127258301
2411.593008041382
2411.2535820007324
2355.6041507720947
2347.164755821228
2447.460476875305
2294.46781539917
2285.7376680374146
2329.1005535125732
2202.3963260650635
2231.0749254226685
2208.0709943771362
2189.778896331787
2131.9298038482666
2128.4718809127808
2173.4387397766113
2144.1004676818848
2207.4807863235474
2113.97616481781
2113.409487724304
2054.9953298568726
2052.8232288360596
2024.7596578598022
2085.412480354309
2179.89089679718
2087.6867637634277
2009.1184997558594
2118.5787239074707
2022.0482788085938
1982.7064476013184
2011.490291595459
2004.5509147644043
2029.698097229004
1974.4306411743164
1957.0233716964722
1953.817358970642
1966.1865854263306
1960.4453535079956
1939.1906108856201
1986.4198265075684
1965.698398590088
1922.4328603744507
1907.5045614242554
1911.223581314087
1886.0689849853516
1939.8975067138672
1900.5099029541016
1885.07923412323
1886.0351390838623
1842.9381856918335
1887.495186805725
1819.691692352295
1902.6447734832764
1794.9762868881226
1808.6819429397583
1750.932454109192
1784.4236183166504
1819.7282781600952
1762.3151531219482
1764.7929954528809
1740.5867290496826
1765.6509084701538
1682.6360988616943
1755.6346168518066
1725.30917263031
1783.966537475586
1701.027639389038
1648.0734701156616
1653.939287185669
1627.8553791046143
1673.15376663208
1688.736258506775
1615.3523807525635
1635.306957244873
1592.662410736084
1605.2861261367798
1588.1194849014282
1618.3292083740234
1562.4697713851929
1574.2811851501465
1585.3797397613525
1556.2435760498047
1544.1622009277344
1622.3644456863403
1605.3757371902466
1578.5731678009033
1548.3887481689453
1563.356050491333
1596.287467956543
1553.7555799484253
1580.3989124298096
1539.094985961914
1581.2934112548828
1542.3100242614746
1519.332525253296
1526.8814506530762
1502.4545412063599
1486.046531677246
1541.7730026245117
1487.137659072876
1479.0741147994995
1588.8618383407593
1473.6779499053955
1491.051856994629
1463.6102447509766
1452.4214344024658
1503.8609189987183
1504.548957824707
1457.4638290405273
1438.892421722412
1409.0786952972412
1417.8858823776245
1533.9890899658203
1428.2380542755127
1399.03000831604
1421.602807044983
1425.2866916656494
1434.4740810394287
1383.731499671936
1437.224946975708
1405.3135805130005
1443.5156106948853
1379.7189874649048
1450.563777923584
1372.1052713394165
1383.8976669311523
1381.7755289077759
1342.1348867416382
1350.0794868469238
1387.5797786712646
1360.2266492843628
1329.5738668441772
1332.0441341400146
1382.8992128372192
1351.1719036102295
1314.6931133270264
1359.7173490524292
1299.733950138092
1327.1448593139648
1337.5644812583923
1310.7953548431396
1297.0703582763672
1319.590615272522
1289.623454093933
1339.2711205482483
1331.3298244476318
1267.375576019287
1267.6979985237122
1269.3250999450684
1268.1570134162903
1253.6705646514893
1274.6004672050476
1281.4859323501587
1307.0523204803467
1250.6942205429077
1264.4806232452393
1236.0280661582947
1316.7249956130981
1267.0595197677612
1238.065267086029
1249.7561249732971
1218.7033967971802
1242.894513130188
1252.9583501815796
1207.1783838272095
1267.1631526947021
1187.8682494163513
1204.110011100769
1205.3134746551514
1204.8495440483093
1189.187433719635
1187.7058696746826
1185.251235961914
1196.7637581825256
1177.7692770957947
1215.8986191749573
1180.8772172927856
1175.6226410865784
