124.47533849875133
99.71596499284108
89.95204214255016
78.32000656922658
67.74433900912602
63.860678474108376
62.65427575508753
58.13460745414098
62.413718819618225
56.48229525486628
51.03067167599996
50.33318183819453
48.556838581959404
50.56567928195
46.649552434682846
46.90092929204305
44.8041721979777
44.612311363220215
41.84738580385844
38.16463782389959
37.20506017903487
37.46379957099756
36.861966386437416
41.182437578837074
37.18680683275064
38.315036614735924
34.13960805038611
34.42469823360443
32.52642688155174
32.2673801779747
33.10482341051102
31.110509052872658
29.769171620408695
31.41286300122738
29.971054077148438
32.052300810813904
28.84501027564208
29.45663260916869
25.361154789415497
27.882297451297443
26.216262444853783
30.38351909071207
28.685176957398653
25.132764548063278
23.17690142042314
24.096531766156357
25.898125482723117
25.07052632145739
24.969353155543406
23.658121839165688
27.350150883197784
23.977948458244402
24.259056315446895
26.404855557717383
25.28995851924022
23.73860231352349
21.814956424136955
21.677262316147488
19.484594721967976
23.50251457343499
21.656999076406162
18.801915949831407
20.308879787723225
20.05705215036869
19.36295684427023
17.76719866320491
22.77643950966497
17.404981231316924
18.380057665829856
17.376006009678047
18.59937180330356
19.19743027786414
22.6501906812191
18.769268276169896
21.350211935971554
21.451581977307796
19.231240381797154
15.579280123114586
18.41022678167792
20.368681016067665
15.582418923576673
18.332292002936203
20.410834754506748
16.10751778135697
20.529563340047996
17.10044166445732
16.488308588663738
14.514090252419313
12.815164123972258
13.867089395721754
13.011284177501997
18.420144394040108
19.329113242526848
18.583267355958622
13.795457566777864
10.932016218701998
16.272256051500637
13.712757160266241
14.916560928026835
14.220084513227144
17.66751327117284
16.097033220032852
12.418706287940344
15.86419370273749
12.86584090689818
14.886196926236153
13.425879230101904
16.735930154720943
14.649648661414782
11.809622630476952
16.226978023846943
12.864062309265137
13.894539112846056
17.836737637718517
15.553508788347244
13.820997248093287
16.54667109499375
14.760140592853228
11.426949510971705
15.115733544031778
13.735016902287802
15.87522437175115
11.26259371638298
12.013885046044985
9.567988574504852
13.103392759958902
9.697114105025927
11.092325950662294
12.500496000051498
10.06201359629631
10.923819720745087
8.850153744220734
11.31035386522611
10.044827242692312
10.791683892409006
9.216668655474981
13.121059248844782
11.719958156347275
10.316078995664915
10.940696229537329
14.28747513393561
9.11739016075929
13.269277344147364
11.167186011870703
11.583692744374275
9.599951833486557
7.763789693514506
13.42436358332634
11.212740932901701
10.186567137638727
13.060009479522705
7.719651520252228
11.850373903910318
14.429521232843399
13.364074110984802
8.411558583378792
11.894508490959803
11.466886033614477
8.841409196456274
8.824871435761452
9.232955624659857
10.759020000696182
8.505805189410845
9.768187880516052
9.22836106022199
9.355187644561132
12.597331061959267
6.982137680053711
10.160395314296087
8.439151227474213
4.911747604608536
9.395333329836527
8.17102544506391
9.355631376306215
9.683273981014887
8.97752242287
12.187925403316816
8.780492146809896
8.076408366362253
13.204203598201275
9.240827222665152
9.759414851665497
8.331552137931189
11.336875090996424
8.30155541996161
10.825270702441534
8.506262625257174
7.739467591047287
6.127945254246394
13.36327358086904
8.271007935206095
8.896593054135641
4.849335670471191
6.377443532148997
7.634183039267858
2.898357570171356
5.588023811578751
8.213439464569092
9.091357931494713
6.963094562292099
