625.7051918506622
524.9319615364075
497.1991536617279
488.14537501335144
474.5770366191864
452.9807324409485
446.1103367805481
439.1447696685791
422.18253350257874
416.00078105926514
423.0983874797821
401.1303827762604
391.923451423645
386.864697933197
399.7111918926239
391.12517166137695
385.9613347053528
368.157826423645
376.74489426612854
374.60027289390564
367.04429626464844
372.63571977615356
366.91797852516174
361.30741596221924
360.9291880130768
350.4475152492523
357.3510718345642
349.96867632865906
341.5047028064728
344.3490881919861
336.8765376806259
338.2428443431854
336.4361380338669
338.4902820587158
339.89585399627686
331.03900611400604
324.0929608345032
324.8549771308899
326.17371821403503
328.27294981479645
323.54014444351196
324.2389212846756
318.3361154794693
326.3474806547165
319.5995144844055
317.75916373729706
323.0876569747925
319.4504716396332
313.395419716835
312.09344041347504
300.72708010673523
316.2257832288742
309.85981237888336
299.6336358785629
312.49173414707184
308.4833116531372
305.56051659584045
309.38034892082214
305.49703538417816
317.7213691473007
296.6312828063965
297.57592594623566
301.0803869962692
299.6628078222275
304.7395923137665
303.2360888719559
307.3885780572891
298.83019864559174
307.0762287378311
288.1298773288727
298.5221002101898
292.20353376865387
293.4455977678299
298.9312125444412
293.3816531896591
278.7592567205429
297.67907536029816
287.417360663414
284.3827532529831
281.5454190969467
279.2678316831589
287.7783634662628
284.52105808258057
284.4999043941498
293.9341673851013
285.3500006198883
281.8328070640564
279.4489475488663
276.45771527290344
279.4754400253296
281.5061135292053
281.4461780786514
280.59894263744354
280.44903349876404
276.7583394050598
284.3806781768799
280.5466628074646
270.7525453567505
277.62882375717163
278.72605550289154
279.3075603246689
272.0600246191025
277.71372056007385
270.8383890390396
272.6611318588257
274.583438038826
279.2895293235779
276.6901842355728
268.8726472854614
277.93224823474884
284.529177069664
273.93897581100464
268.8667645454407
268.9110059738159
276.7690774202347
266.61389672756195
269.67261934280396
271.0764183998108
262.40131092071533
269.97118854522705
264.05325281620026
264.3156189918518
265.4074112176895
266.1232318878174
257.98516619205475
268.92355716228485
270.1486780643463
260.3064913749695
266.2532968521118
262.13922679424286
256.97790813446045
264.34154736995697
260.4865999221802
259.9639023542404
268.2537910938263
261.16003262996674
260.1614375114441
262.88135862350464
257.75781440734863
276.06054973602295
269.00531113147736
249.07885897159576
268.35998260974884
257.3565994501114
263.89447927474976
264.3006703853607
255.95638644695282
251.7317329645157
272.77997529506683
254.8617535829544
264.59666085243225
259.5260008573532
266.47138130664825
262.38263523578644
254.1759912967682
261.5202295780182
258.29608511924744
268.339151263237
258.8630442619324
248.19957065582275
256.640013217926
260.84869062900543
244.17023622989655
262.4592317342758
249.6519023180008
254.58194065093994
252.94998395442963
270.9393424987793
259.4176335334778
267.5332763195038
251.23472201824188
266.660031914711
258.1924521923065
262.2135064601898
263.04480612277985
250.10757291316986
263.83222699165344
247.30291616916656
251.75204050540924
253.56382369995117
264.2734727859497
245.54552817344666
248.29337215423584
246.56713044643402
258.36051321029663
250.62501227855682
251.2138705253601
262.8368351459503
254.06458187103271
265.2407805919647
249.07813370227814
250.80413365364075
256.32709980010986
258.4299577474594
259.8836190700531
254.77643370628357
246.45549941062927
253.1782020330429
257.83380651474
249.36789894104004
