-57.87646093765895
-148.2645491520564
-183.9780727148056
-195.98648110230764
-200.08812686602275
-204.8576313217481
-208.25457919836043
-208.76164087454478
-212.5811817963918
-212.8849009990692
-214.30047720273336
-215.22480037212372
-216.81040957768758
-216.8570051908493
-217.21455625693002
-217.43622120221457
-217.1961528937022
-219.64910310109457
-218.9017050743103
-219.5461315870285
-219.4210061311722
-220.54310170412063
-220.64779577255248
-221.547298514843
-220.4796447992325
-220.22878635724385
-221.5370859225591
-221.248907828331
-221.45577064355214
-222.43880400657653
-222.6486728310585
-222.18229235013325
-222.34780949354172
-223.09889608224233
-222.53318871657055
-224.38918350537617
-223.41159633398055
-224.05791610479355
-224.63771452903748
-225.49678527911504
-224.9424034913381
-224.35518644650776
-224.94946502844493
-227.5981746117274
-228.48334124883016
-226.6800114830335
-226.232641239961
-227.21317644913992
-225.82538305123646
-224.80363785425823
-225.25467756589254
-226.34618139266968
-225.92780515352885
-224.89362432161968
-224.9305643717448
-227.64419361750285
-228.18129619757335
-228.30537129243214
-229.49312330881756
-229.57494078477222
-228.24116985003153
-229.59601671695708
-228.9974223613739
-230.33864345550538
-231.3440184513728
-231.6206101735433
-229.23967968622844
-230.30755138397217
-229.98419850269954
-230.59365613063176
-233.1913989027341
-233.38472314278286
-233.66229111353556
-232.94464103380838
-232.98355331023535
-232.89708315531414
-232.60040805339813
-232.30852557023366
-232.0581458568573
-232.38664216597874
-232.27369010448456
-231.28338864644368
-233.07877314885457
-233.75141491095226
-232.6562192161878
-233.61411072413128
-234.5381924390793
-234.07661510705947
-234.02861114343008
-235.2604042808215
-235.16505781809488
-236.73848937352497
-234.88666245937347
-234.49035098552704
-235.75939172108968
-235.9956642627716
-234.77060391108196
-234.0768314441045
-233.90326146682102
-234.6281210621198
-234.65384929180146
-234.9336265961329
-234.3239203095436
-234.6437699397405
-235.54270862738292
-235.64859535694123
-235.8246105035146
-236.69421949386597
-235.53951727549236
-236.7922421534856
-236.90326970815659
-235.9587729771932
-234.98787947893143
-236.39837061564128
-236.71225768725077
-235.52826873858768
-236.35862468083698
-236.38660437266032
-235.97191069523493
-235.04313547611235
-236.88658428986867
-236.91826918125153
-236.37238864898683
-236.1639954805374
-237.33797864516575
-235.99350467125575
-236.14199288686117
-236.106722843647
-234.76566212972006
-234.79032869736355
-236.31488212744395
-236.6341988126437
-237.20812778472902
-233.98648693561555
-234.9987322807312
-234.7536897023519
-235.91742086013159
-235.95930947860083
-235.47187937100728
-235.8900828520457
-234.68910868167876
-234.72503241300583
-236.3440102458
-236.06820858716964
-236.66740027268727
-236.26096288363138
-236.8752763668696
-236.4054438829422
-236.33253614107767
-236.5794301668803
-235.02827487389246
-236.60040199756622
-236.59475001891454
-238.38840919335684
-238.1224758386612
-239.17855984767277
-240.24272193113964
-239.1057445526123
-237.84389288425444
-237.52497435410817
-238.18890878359477
-238.8617043018341
-239.46266881624857
-239.55572463671368
-239.211963001887
-238.33447222709657
-239.33822371562323
-237.41376441319784
-237.66978793938955
-237.9751030842463
-237.92658404509226
-238.2612855831782
-239.10572944482166
-238.67482187747956
-237.72385313113531
-236.35631884733837
-236.5016464948654
-237.45012689034144
-238.28448497454326
-239.4484490275383
-238.9747741699219
-238.13502995173135
-237.40023936430615
-238.0418630003929
-238.8501300295194
-238.52880194981893
-237.69120886325837
-237.58851302464802
-236.99778927961987
-236.76960604985555
-237.90317491690317
-238.8248859167099
-239.41465697288513
-238.72161502043406
-237.68062800566355
-238.57684411207836
-238.09624651273091
-237.6765327056249
-237.9612187743187
-239.0528603474299
