260.15862828287584
253.4907528120896
247.84566486292871
243.21930572493324
244.73765053009166
239.79503256699135
240.9059319948328
238.67662160972068
235.3880682238217
236.8384822319294
237.6461467825133
235.2818330033072
236.62084600432166
233.46804618424383
232.83245458685118
233.1019652218654
232.80215307350815
232.82399786751847
231.98982771100668
233.7551755370765
231.213690149373
232.1354255964016
230.97936095451487
231.90975494631405
232.48624949208622
232.24057753743796
231.94719895412183
229.82214738582744
231.28648422504293
232.74128575982718
231.91725802832636
231.437176026147
231.8470368508635
232.1744217584873
229.59992703487134
230.11662124354262
228.81655029592844
230.522702352754
231.40872631812917
229.9466435580418
229.89906393248458
228.29626588574772
228.1955504458526
228.4734293510174
228.84572629270883
229.62078181628524
227.66694161809724
230.6576875571547
230.57768466965905
227.83132306871744
228.097966621662
227.79967488502635
227.65419774630973
229.4349553173986
228.0292630401151
227.7914626146185
228.6041996643461
228.38471466097337
229.58647038607762
228.5697754457079
227.90636489309114
227.63412441467418
229.6656038144539
226.85527146273645
230.10045894261063
228.85596076784464
228.83437097894733
227.65412658658522
226.47514777759025
225.21755254268646
227.05499723039824
226.53784006628496
226.69819677287134
229.05161165780035
225.85618530470748
227.42308588274594
226.55347816697483
226.68835967984694
225.95420590351367
225.50528606053055
227.67726966841468
226.79370183780276
226.15999630401873
227.56975873174338
226.21835882910366
227.6961726525734
227.72505694833296
228.18930613172466
227.63327256975504
226.843142883531
225.67262435781544
226.88277499018045
226.8144532812053
225.70434871624255
224.88416135311127
226.1641763325395
224.4047249062308
225.64336166299623
227.13937039621945
226.69025545284666
224.2360044553362
226.5813833557326
225.88865595439384
226.24433706957717
224.7627431976384
223.61122623394274
225.98696427098636
224.78149216339506
226.47571791040485
225.60576010983567
227.2446855471052
227.14694728522466
226.53177713114638
224.20878263177542
226.24178104976127
225.65264746238446
226.76574013150972
224.32475635101056
223.6415361453747
223.28064570344728
225.3415117017154
224.9175928420034
223.70119861487686
224.18532154477876
224.7348469989053
224.44599734914715
227.21858515821654
225.3134045025398
226.32285467509567
224.5717988507501
222.8211715468045
224.08612961604678
224.84246843025602
223.39759180052528
225.04857154550223
222.4141219607715
223.85492266868724
223.3408651310822
226.84301681765194
223.31849070253043
222.99987162803782
224.08142070112558
224.86298401191317
223.4903608231709
224.20899639869558
224.6331028527227
222.7188732500734
222.5786812593197
222.86666963429286
223.2767433996858
225.87020429249466
223.0547452137388
221.5362755635689
224.03714306601162
223.2409882339938
224.86435283463578
222.76160285801723
223.4066181676141
224.48296067221412
225.1003200391243
223.9780621939692
223.75942428769736
221.0417070142154
224.3933198575316
222.98245511383845
222.86745998366126
224.67147966499985
222.87431127860629
223.65834689551386
222.71545808479704
224.02583479059155
221.28144356300092
222.17815543865336
225.0054338101683
222.65907606174207
227.47306470624332
223.92300115782638
223.17001636685995
224.91647746234105
222.8225810815548
221.87299505184436
223.37898573793214
223.1813645691707
227.24943526448874
224.561254830196
225.64485072267468
225.5627524112833
222.70856277696018
223.30169969180534
222.2762176867189
222.41778021845323
223.58097619023818
223.7165887068058
222.16161672000229
220.5201761558138
221.4015482211935
223.88597375771096
223.65543238047897
223.10313746846955
222.27358378624095
