562.6784163507922
517.4434810178034
517.7141020051364
482.7299941901503
512.5997832068082
498.2309853290689
496.2132309223044
503.10865938252414
485.64772632204256
489.2328868241146
488.51839679685133
475.3537412676318
483.29878349961905
493.12226348087705
478.94697409662706
495.6703507324745
484.70372191790875
472.143385936474
466.0193908790062
483.9902936343489
484.5596250830026
496.59200406074524
472.01077152942787
474.14029647564064
471.3589523003019
475.1618759878751
473.10425623532
477.04795297260944
469.85117525889956
466.9713845581844
487.50631431053426
472.13747600029257
470.64604261003694
467.19205329335966
479.21022109327646
480.4463684969935
472.96582292688305
469.24546087199246
477.7746208618427
468.0478672159129
470.17151975631714
460.72751719376134
470.8793052887094
476.41526450781987
479.7887553510995
473.0107462899438
458.2039881245843
468.3522605813783
471.8791074423954
471.2780593592545
474.45505375697695
470.56037634816664
468.3658375575625
479.2570903219026
446.3830127304998
489.10762931560646
468.5100635166826
478.17939246934037
468.9386587636224
475.8955027646032
466.53585285153883
434.3232638260414
465.7371655003778
459.8728987759557
458.58119854433784
474.69415081780534
468.09996756191913
458.66825269008507
452.00986156792476
455.6491347674666
446.9953122138977
456.56195553417865
458.14263820648193
445.7752689082047
470.07730404261883
454.41812174895716
457.3220675073821
457.0242215518294
467.3647250224804
456.4847838960845
457.16428842215703
452.9917625394361
439.566203873733
463.81789947378223
463.3797823231796
447.9289799887558
472.8662189286331
467.96464352772153
447.65575558563756
464.65895973402877
467.330783243837
469.2810283200494
470.72433672280147
460.4416324187969
452.4578256113776
456.6629548319455
457.0952847250577
460.4859003527411
450.5287937871341
449.3173179955318
452.2705274450368
466.7153724966378
468.84285093175953
449.7240877562556
445.7392426030389
455.22818460135625
451.9428921732409
469.9791362203401
449.2827029063784
449.22113742499516
458.10704153981703
465.84271327380475
458.077749293426
452.66783375575625
455.8411258500198
449.1776636962233
451.41089177953785
466.7230695033896
466.5318814803814
442.99918571011773
466.9276385965018
458.6930864268336
459.36882741697906
455.97086648283334
465.16257655209506
447.31941755886737
459.66642683949965
451.7893346753614
461.24273989118376
441.91441371523103
452.6123709760863
457.0916030982445
456.65437339914257
462.38142133581226
443.8856553209239
446.51818005792023
453.9005145204478
451.30844039752566
466.5789760392288
463.69442847679403
453.09182311748634
465.4437443798986
448.76801076428643
451.61811056630364
464.209783027912
470.17897160299896
459.5597089159078
446.9997643520092
453.0153918677363
436.9858544612753
461.1223113536835
454.57038888437995
459.0591952225258
453.54539552228204
450.23008005372407
457.8615950798166
455.930803044089
454.13411934622405
453.0372440568332
464.74237244704676
454.0612915548785
439.28068742258796
452.6332849716318
447.6806383790641
449.90685874018175
453.1194272287961
438.4653650316699
460.65681454231
459.4310674996212
464.98289696101483
449.75806923570303
451.70998506710447
456.96658976324676
455.2686312280852
445.37546371591503
450.56246205033926
464.56519166354474
447.880320269486
460.0612311198794
458.4120129634594
455.3844423129641
456.193713253942
463.5652174374153
439.79560348905363
446.6226410454717
448.27926111221313
447.6915598902209
443.2422040988659
454.9799833708796
463.3491975685646
450.7224056227454
439.79847413095933
455.9178499106703
441.5813633491253
447.9318204912646
451.6857261657715
446.962355103986
457.0054403831219
442.5387364009331
452.50404251032865
