648.6222646077474
313.76272614796954
290.3021257400513
258.727364397049
225.95505418777466
203.8741565465927
193.1579051653544
182.34096737305325
173.22558957735697
167.84404708544415
157.46265127658845
148.286578643322
137.64616169929505
131.5175691684087
124.29886607329051
120.31848842700323
116.04513746102651
112.1468719859918
107.61211380958557
104.36044410069783
102.93029360771179
98.53920020858446
94.91181202928225
91.24987807671229
86.72872610489527
85.55688149531683
81.86561282475789
80.02572298844656
76.16364709734917
73.35740175247193
70.58796349167824
68.04962409337362
67.28428201476733
64.11179505785306
63.411586902538936
62.32714626789093
59.801935476064685
58.28443016807238
57.34602236946424
55.219811258713406
54.536506388584776
52.26234649419784
51.13117161989212
49.72542127172152
48.37169421613216
46.98899597028891
45.796696656942366
44.52399290998777
43.388931691646576
42.090476715564726
41.7854960779349
41.013112209240596
39.79482596218586
39.619375720620155
38.5708093047142
37.506684549649556
37.115719467401505
35.7163327395916
34.89079608817895
34.25227657159169
33.551863038539885
33.0979451974233
32.60635632177194
32.0132045229276
31.374737446506817
31.534256747365
31.140220162272453
30.031025683879854
29.384411638975145
28.866958917180696
28.331312973300616
27.901442637046177
27.659086412191392
27.10874587893486
26.641077729066215
25.818537728985152
25.930630723635357
25.10257408718268
24.670810681581496
24.414346840977668
23.9269197995464
23.746111791332563
23.547076693177225
23.036164564390976
22.672448069850603
22.566937227547168
22.2452793687582
21.93042090435823
21.58462757964929
21.514493032793204
21.21312831193209
20.92193569491307
20.625670722126962
20.477658634384472
20.123118892808755
19.96054341296355
19.781195267041525
19.479320474962392
19.206033227841058
19.055303858717284
18.718498171369234
18.729994230469067
18.477110212047894
18.25783631503582
18.010415890812872
17.99217677215735
17.659213391939797
17.630848931272826
17.433900591234366
17.25146389901638
17.299878371258576
17.077173537015916
16.826275818546613
16.766655760010085
16.55264820208152
16.40210156093041
16.1795370499293
15.982065618534882
15.867243102192878
15.755111368993918
15.613128250837326
15.534418559571106
15.430365453163782
15.33294687618812
15.077649352947871
15.033590731024741
14.920852223535379
14.713626605768999
14.616884208718936
14.494120436906815
14.575821112593015
14.354397980372111
14.207188430428506
14.180645861725013
14.114664649466674
14.05027931034565
13.945355498790741
13.808834411203861
13.741022495428721
13.648010937869548
13.464790344238281
13.365166688958803
13.304349930087726
13.342814664542676
13.187060314913591
13.031786978244781
12.96971425662438
12.998786835869153
12.96735970377922
12.7883020311594
12.619878790279229
12.534120945632457
12.44922916094462
12.42731214215358
12.283713193734487
12.319316306710244
12.291961609820525
12.244209470351537
12.262489856779576
12.12542571425438
11.96557392925024
12.009986144304275
11.748833136508862
11.814490227897961
11.690498582522075
11.62241859063506
11.584679459035396
11.618299169838428
11.50036050826311
11.50684946725766
11.385991185158492
11.359415577848752
11.35602656006813
11.329010918736458
11.462206207215786
11.610044386486212
11.452321489155292
11.201129476726056
11.056008404741684
10.98834773823619
10.86917234112819
10.85288435742259
10.779945006718238
10.737017595767975
10.63500729103883
10.568834684292476
10.522216201325257
10.46667362327377
10.456848285843929
10.428060966978471
10.376416431367398
10.44901757587989
10.348530631264051
10.266309701899688
10.176781615863243
10.132266571124395
10.072897396981716
9.999529679119586
9.973925810058912
9.932606240858634
