-138.3122199455897
-197.86397942701976
-199.40416841109592
-207.00876190662385
-209.5789460380872
-214.75477980772655
-216.4278540611267
-214.77099895477295
-215.75630948543548
-215.1447276274363
-215.12353934446972
-217.76410746574402
-217.94876659313837
-218.56835382382076
-218.44363195896148
-218.97940949598947
-221.18383571704229
-223.2379869500796
-224.29354724089305
-223.254421321551
-223.51879378159842
-225.23646488984426
-221.10368900299073
-224.75932029883066
-224.87491515874862
-222.73379467328388
-223.28609590530397
-224.1899269024531
-223.3834075053533
-223.7038932522138
-227.8094189564387
-225.98727407455445
-225.6443203051885
-224.76344366868338
-223.10765640735627
-223.44665240446727
-225.02987445990246
-226.60020604133607
-225.61151169935863
-226.01402107477188
-226.23455466032027
-226.46092936197917
-225.9833935022354
-225.71050624052683
-227.1820428331693
-227.80812322298686
-226.6044067700704
-224.2300621509552
-226.05055924256644
-226.53367614746094
-225.79973460833233
-226.65956827004752
-226.99314982891082
-228.25620767275493
-227.86408552328746
-227.2182317018509
-228.237992533048
-228.71476494471233
-228.40256112416586
-227.06974479357402
-225.85513586203257
-227.94969752629598
-226.05101713339488
-226.3922016342481
-226.95711068312326
-228.7467625896136
-229.9897409995397
-229.099014822642
-227.89654411474865
-228.61468058427175
-228.50030866066615
-226.52012499570847
-226.76401750246683
-227.43162655830383
-226.15998349189758
-226.66711835861207
-228.20213129520417
-228.84972745577494
-228.49214046001435
-225.82337050437928
-226.82843199570974
-229.2580902616183
-229.00914334456127
-229.11870986620585
-229.01493776639302
-229.2316384236018
-229.12851424217223
-228.48647486368816
-227.5169666369756
-226.69808884461722
-226.39837593634923
-226.56005833943684
-228.365131632487
-227.03811934789022
-225.87987998723983
-227.01462314923603
-228.3514965613683
-227.37077232201895
-226.8514642159144
-226.9559644619624
-228.73178548812865
-228.07606327533722
-227.79539590676626
-228.71514858404797
-228.63379692236583
-227.34549237887066
-228.08961271444957
-229.22238895098369
-228.71927683353425
-228.49397366841634
-228.64732805887857
-227.74610918362936
-227.96058918635052
-228.73238010406493
-228.6876104036967
-228.23962692419687
-227.75396524270374
-226.2027369181315
-226.554738565286
-229.0070183356603
-230.63843063513437
-229.63257751464843
-228.5659817536672
-228.76215205192565
-229.94845474561055
-230.74817133744557
-230.52161781390507
-229.76447077592215
-229.9891167640686
-229.0687715291977
-230.39262767632803
-229.33524655501049
-227.91388875643412
-229.18801387151083
-229.61009691556293
-229.81710154215494
-230.27032112280529
-230.27016272147497
-230.20480393171312
-230.06598614056904
-229.9136669119199
-228.71266984144847
-229.99203989505767
-231.11640605926513
-231.7660182038943
-231.8173331777255
-231.58814656734467
-231.73639070590337
-231.6092994014422
-231.43676189184188
-230.4597043355306
-232.0725118716558
-231.75512265761694
-231.8898303548495
-230.97654226620992
-230.70357188383738
-231.2164805173874
-231.3112917582194
-230.33501568635305
-230.92689213752746
-232.18959194024404
-231.52646232446034
-231.00633034706115
-232.14618279139202
-232.0932461619377
-230.80396846135457
-232.43000084559122
-233.2195905049642
-232.8266303141912
-233.17481820185978
-233.42329006989797
-232.13286330302557
-233.54393488168716
-232.2680381377538
-231.02478151321412
-231.0295376141866
-230.69999423821767
-228.83965946833294
-230.83164687156676
-231.76243553956348
-232.5540240764618
-232.6383944908778
-232.04278490543365
-232.79631355603536
-231.92922710180284
-231.69592025677363
-232.201570947965
-232.15765171051027
-233.36108159224193
-231.0180876771609
-232.145702958107
-232.14121241569518
-232.25578938325245
-232.05079594453176
-232.2489251534144
-232.19359280268353
-232.93289568424225
-232.50010845661163
-232.61859248479206
-232.44253550370533
