133.29922441367447
91.75984012463996
72.4427802459947
62.086081686718714
44.697496352524595
30.281462299412695
18.687188381778782
11.92648293656008
5.759941558482061
2.154335815074115
-1.9403745501205838
-6.197969428938011
-10.120667529517206
-12.57726709596042
-15.666995807454503
-17.292779302288746
-18.52369473206586
-20.65440891734485
-23.451208541105533
-24.80542932707688
-26.216093341852055
-26.708140887063124
-28.653599101921607
-29.587892769739547
-30.149485123568567
-31.952682537251505
-32.17839802955759
-33.26096720428303
-34.65112333462156
-35.11390377940803
-35.79580811693751
-36.70715526054646
-37.63635073961883
-38.44282388070534
-39.00570239178066
-39.428736635323226
-39.962811160704184
-40.55184030327304
-40.964547392623174
-41.514936195365316
-42.339236398195396
-42.83912272597181
-43.35336635647149
-44.08485144376755
-44.472913765701755
-44.90160187873347
-45.23387029253203
-45.58967465573344
-45.935626798662646
-46.0691046036523
-46.56043075898598
-47.016548999424636
-47.22810042726582
-47.52673216523795
-47.895551848000494
-48.57237014277228
-48.601617449316485
-49.096967744416204
-49.429155775185286
-49.74357632521925
-49.74686864121207
-50.0458826463798
-50.258303040060504
-50.53878230678624
-50.5088731153258
-50.8852398374985
-50.79263828129604
-50.944901123129085
-51.27086408384915
-51.242613695818804
-51.63810159420145
-51.75782377144386
-51.801071171102855
-52.12302477811945
-52.31315257014899
-52.425415758428905
-52.627255951536114
-52.79077679946505
-52.73090657489053
-52.96597139177651
-53.107829805078175
-53.186157378657114
-53.36932629963447
-53.469250956486015
-52.98476862701877
-53.11672270709071
-53.48234084556843
-53.65436890207488
-53.83523697483128
-53.89911032545155
-53.76392723979621
-53.8100389858772
-53.86532064552965
-53.9188197851181
-54.0378470585264
-54.3017020985998
-54.2040318620616
-54.84489853834284
-55.01701202885858
-55.014507314254494
-55.20604618664446
-55.423441558048644
-55.51233747293209
-55.55733549594879
-55.75598557858631
-55.68440292210415
-55.85205973838938
-55.683153596417654
-55.887862032857434
-56.08435023653096
-56.00317952345158
-56.05780139462701
-55.879978311472925
-56.10679342212348
-56.07319427358693
-56.084456622600555
-56.22372990230034
-56.37946700022138
-56.37542585257826
-56.42073981926359
-56.444344167051646
-56.60344907949711
-56.72168929206914
-56.586364639216455
-56.62598547236673
-56.775965684446795
-56.80740514089321
-56.74147605895996
-56.686307473429316
-56.70203971246193
-56.79854504198864
-57.060999911406945
-56.90435734493979
-56.90356161471071
-56.98821160711091
-56.98011577334897
-56.96941399163213
-57.035508484675965
-56.32007713358978
-55.445570218152014
-56.173576973635576
-56.680210269730665
-56.99180148798844
-57.23824105386076
-57.40525484085083
-57.360742194899196
-57.59801635659974
-57.63008321153706
-57.522566034876064
-57.53377574271169
-57.541869755448964
-57.62292236500773
-57.5677053846162
-57.62187855613643
-57.748537084151955
-57.816507281928224
-57.73743999209897
-57.80900975136921
-57.79903227707435
-57.77812825605787
-57.68433068538534
-57.535312344288
-57.41344741911724
-57.368680997141475
-57.5714272075686
-57.89069200795272
-57.872740761987096
-57.98287307805028
-57.92402559929881
-57.94502055644989
-58.03871516729223
-57.93958303640629
-57.91318564990471
-58.1116517761658
-58.17959383438374
-58.08644648255973
-58.14121590400564
-58.24274002889107
-58.252889762664665
-58.16404002288292
-58.1443245842539
-58.0120270581081
-57.93599077545363
-57.9759739267415
-57.56535150264872
-57.49783806143136
-56.6807562606088
-55.06592390455049
-57.10014495972929
-57.82202101575917
-57.9331952374557
-58.09074462282246
-58.12536523876519
-58.40207942600908
-58.32661597276556
-58.41048947490495
-58.50350395358842
-58.52269725347387
-58.48294468378199
-58.501290724195286
