1315.6236874262493
1293.4406801541647
1282.4011039733887
1285.1157605489095
1274.7038281122843
1269.90966796875
1260.8834405899047
1266.9465713500977
1258.5003975868226
1251.7456804275512
1259.7655874570212
1259.9401946385701
1254.0597978274027
1259.3092958132427
1251.9938720703126
1253.8894647598268
1246.1306184450784
1249.4807753562927
1248.7091263453165
1249.236021677653
1247.8231385231018
1239.4503730456033
1241.2995251337686
1233.264192676544
1241.6610981623332
1242.1205088615418
1244.6794866879782
1240.6876910209655
1239.3808589935302
1237.4684835116068
1233.7525992711385
1240.2682015736898
1233.6274772961935
1238.0044166564942
1234.3011006355287
1219.9012607892355
1222.5952502886455
1234.6551498095193
1230.0340660095214
1233.693284924825
1231.8155393918355
1235.0265104293824
1219.5117771466573
1229.0880182266235
1223.4218167622885
1226.2287178993224
1224.081464735667
1231.8613109270732
1228.308832550049
1228.8814840634664
1227.1443656285603
1226.886663945516
1230.5246205329895
1220.0639180501303
1229.6332463582357
1222.6100268363953
1220.0857663154602
1221.9068466504416
1228.3899937947592
1221.795328648885
1221.6514053662618
1223.1165760358174
1221.8765743891397
1223.8657346407572
1220.886393737793
1215.3983817100525
1221.989871486028
1220.296687412262
1219.8571961085001
1221.9134957313538
1214.5256397883097
1221.1537538528441
1222.9366095225016
1218.1676952679952
1219.89752146403
1224.7868714650472
1212.091154797872
1215.087402566274
1214.9818215052287
1217.0371951421102
1213.5497059822083
1215.251877148946
1215.7973275502522
1211.2815908432008
1214.4484810511271
1219.1756205876668
1212.1534032185873
1216.764052549998
1215.6181018829345
1210.4088574409484
1219.160925769806
1217.4292296409608
1212.319168551763
1219.3757705052694
1220.1621638615927
1216.109967581431
1212.6683047612507
1219.7908886909486
1209.7153129895528
1213.284669860204
1216.9021964708963
1212.9971113522847
1217.315179157257
1212.7611445109048
1223.7728498617807
1217.1405804634094
1212.3171540260314
1215.1807673136393
1210.1759875933328
1210.8303379058839
1214.97510099411
1213.8436732610066
1213.4464138031005
1222.0016786575318
1212.4179649670918
1218.0062140464784
1211.2074954032898
1213.213146940867
1212.4855142752328
1206.489580599467
1211.1432762463887
1209.8337555885314
1219.3692251841228
1214.405061117808
1207.829302183787
1211.7555978139242
1205.7433658281961
1208.8027679125469
1215.4909436543783
1203.5066607793171
1211.3219504992167
1208.3758267084756
1215.8431449254354
1208.6742219765981
1207.7108426729837
1215.6417210261027
1213.7380013465881
1213.6213429450988
1205.1797203063966
1215.15242878596
1209.8740387916564
1212.568823115031
1207.5888896942138
1212.5159893989562
1212.8823959668478
1210.498382616043
1202.4032709598541
1210.8050803502401
1209.796140130361
1205.650999101003
1207.0786195755004
1208.6338861783345
1210.7063543955485
1214.4709299723306
1211.6093658765158
1211.007669798533
1212.1147910435996
1213.7136080900827
1210.4046293258666
1213.6871155738831
1204.7402631759644
1202.5414552370707
1203.5545674324035
1215.4581362088522
1204.8191873868307
1204.6375668525695
1203.5607259114583
1205.6578065077463
1212.4801283836364
1211.735810248057
1206.8247943560282
1200.2138076782226
1203.91744389534
1209.0453734397888
1203.9883371035257
1209.6086380958557
1203.9558584531148
1205.7612677256266
1205.6313669204712
1214.841530116399
1205.5905926068624
1208.2010739326477
1207.8628898938498
1208.262390867869
1204.497105471293
1212.3674478848775
1202.7818097750346
1208.7184715588887
1200.8176208813986
1206.3865708351136
1210.0332213083902
1207.1849370002747
1202.0084252675374
1205.1577180544534
1206.8450259844462
1205.5185196876525
1203.9149273872376
1202.5126821200054
1200.9903649648031
1196.5181540807089
