250.6630375549711
247.8219557712818
243.8163115854921
242.94405236326415
241.1258138623731
238.51258436153674
238.40164069882755
236.04756360218443
235.4039384743263
237.07336041022992
232.87114821220266
233.91117532499905
232.56292988925145
233.40503441054244
232.01767481606583
233.91868580620866
233.30766525350768
232.39814903407262
232.30434010357692
230.320935146562
231.93259131908417
231.14140156630813
231.25206760291397
230.7647150590502
231.3725665232231
229.46137041059035
230.36215455367648
230.58415227100767
229.02441333902294
228.39092972771874
229.2841612840521
230.5377916344281
229.4053077122261
226.98907317375316
228.54457385786648
227.21193514199092
229.19730539157473
226.51702364148764
227.9060722712813
227.98952497696055
228.08571242875067
226.9407787322998
228.99428742507408
228.2462638739882
227.89762765374678
225.80885025961646
226.26925275243562
226.26762476871752
228.89495061594863
226.63547686050677
227.42947996073755
227.9059249162674
227.72813687653377
225.25108601307048
226.4511808896887
225.29847645348516
226.02900758693957
225.47055643591386
227.59032140929122
226.35262947658012
227.11680450932732
228.06431108507616
224.06616819315943
226.82603493230096
228.55678401733266
224.79862329877656
224.03441595209057
225.46141514695924
225.47753999973165
224.91001579679292
225.5580165961693
229.3908542764598
226.5195981305221
225.7149813462948
224.93208194601124
225.8009759352125
224.0290959703511
226.04944015782456
226.05768722912362
227.1498204593001
224.73947504882156
224.9290409416988
225.52118873185125
226.92063105106354
224.3788434184831
225.43928721855426
224.91989929922696
223.76603321371408
225.32808722298722
223.803218101633
226.28489509122124
224.15912159146933
224.29983138215954
224.10947160474186
226.44302440922837
224.14256110273558
225.54868927084166
225.65157663000042
225.76619833913344
225.20861738714677
224.94562805521076
224.07792747431787
224.34795317567628
223.6506871601631
223.56149796370804
225.55605037870077
225.03325657186838
225.06024121827093
222.5520747571156
223.93462012554036
223.22927840413718
225.41704890645784
226.47300286950735
223.6606348711869
222.7245512255307
225.22240540076947
225.25386924990292
226.3508251823228
224.50413978099823
223.1190146865516
221.60279800151957
223.51162803173065
224.00522828924244
223.4484206396958
221.69446172796447
224.05356545694943
223.98258551646924
222.74084914552753
223.14545399978243
222.59431748554624
223.34794628209082
223.56073952543323
223.45912888132293
220.85637457617398
223.3920559842011
222.6650928587749
221.95604559881934
222.57374592896164
220.760094141138
222.73031629365067
222.06168576766706
221.89131640976873
224.39348143544692
222.9363125891521
220.88635263771846
222.713639362105
223.3088218795842
223.45677053106243
222.35114691175264
222.4969838693224
223.54507883252768
224.61334944593494
222.77894232601955
221.66124049548446
222.63931978159937
221.07853306161945
225.19652636297818
223.33542478084564
222.54609042611617
223.01197343037046
223.68536132779616
220.94787291411697
220.76717379175383
223.30342354034556
220.40134100256296
223.17545413148815
220.63306202559636
221.30076732306645
221.8959535771403
224.11223841535633
221.45182476372554
222.84780587821172
222.52191442867806
222.0097081948971
223.19087722794762
220.46059234388943
221.1516036946198
223.0687528725328
221.29098407564493
223.10667983416855
223.15079067493306
220.79121249708635
221.28378016784274
222.79875712970207
221.83146355480983
220.6675454953621
221.44793392460923
220.35633121276723
224.6271733621071
223.19883783521323
221.2394352000335
219.78190782974505
221.28970324582068
220.8077196622717
222.8375929676253
222.87341643612962
221.34485268181768
220.8630645891716
221.06935047692266
222.37862092051012
