1428.2003273010255
857.7480697154999
728.0436033248901
651.2412907759349
618.0444737752279
568.4564035097758
530.3445905685425
498.90963417689005
475.79026398658755
460.57019476890565
434.0231989065806
420.2210448026657
403.1305707772573
388.42806237538656
377.83946480751035
358.7111228307088
354.4709540923437
335.93542633056643
329.6546695868174
320.78241381645205
310.8993577559789
310.6818705002467
301.42390899658204
300.41535504659015
293.18959228197735
289.87503570715586
283.7033649603526
278.7111039479574
279.10252156257627
283.2369453907013
272.8743890921275
267.05224221547445
261.93341541290283
262.0829864104589
262.89430298805235
255.17943676312765
255.64823530515034
257.7862560431162
253.90904324849447
247.06144930521648
245.8316594918569
241.71928677558898
242.9321085135142
240.21720470587414
240.67221179008484
234.9529042561849
240.7939387321472
234.7295300324758
230.9548441807429
226.0103053887685
239.32897650400798
225.0941266854604
226.83021686871845
221.87857743501664
223.6920573870341
219.19983869393667
224.26356274286906
219.4518316189448
218.75246679782867
216.84719489415485
213.6446974992752
215.40043036937715
208.46119747161865
213.1341982881228
214.05739986101787
214.3696247816086
212.99917535781861
208.67572261492413
210.15851866404216
207.45725721518198
207.93250523408253
210.5082137823105
211.26433594624203
207.55702157020568
204.54612784385682
204.409777200222
203.04877471923828
201.3801142334938
204.38781597216925
196.0566420316696
200.5602123260498
200.0761733531952
202.11532125473022
202.8443585395813
201.1958395799001
198.99123684565225
200.8402515331904
197.76686148643495
193.75348319212597
191.95432949066162
193.05643463929493
194.7420667052269
196.57604596614837
191.6082127571106
190.92288231054943
192.16380613644918
196.20666592121125
192.56656263271967
185.69638868172964
193.67523549397785
188.2347141822179
194.46316673358282
189.10596725145976
183.6086784164111
186.52469911972682
180.51366349458695
184.02439985672632
184.7762093782425
179.10816277265548
179.97776457866033
184.18567617734274
181.06118365128836
183.27137123743694
188.97489725351335
186.86162326335906
183.94246972401936
181.28217737674714
185.21964725255967
182.90076102813086
184.31066495974858
178.29682159026464
184.62087029616038
180.0709302862485
183.95672051111856
179.31295557022094
183.58136959870657
180.77398229440053
177.10772875150045
176.23653949896496
179.22467525402706
173.29754550854366
174.73216243584952
174.45104787747064
179.82334434986115
175.0243742585182
175.9791759411494
178.73454295396806
173.04971143802007
173.08312366008758
173.08503844340643
175.00782823165258
171.7038943529129
172.57052776813507
167.45513277848562
171.13642559051513
170.50587833325068
172.83972377379735
169.71937040885288
167.90429340998332
172.4644009033839
171.22015562057496
170.2025604367256
166.14725694656372
167.12049533923468
169.72676935195923
173.32112805048624
168.26620213985444
165.76815938154857
164.24123331308365
166.71403364340463
164.20630182822546
166.06007550557453
162.13374600807825
164.84865171511967
163.1346807440122
163.46896269321442
166.46864909728367
163.58657653331755
169.50230417251586
167.24443462689717
163.80417771339415
164.50437798500062
161.77387841542563
159.71672945022584
163.4148029645284
160.8726363182068
161.25242825746537
161.9214342355728
162.99710285663605
162.49582937558492
162.051897362868
162.5226578235626
164.10209760665893
161.42694094578425
166.4641119837761
159.7808689792951
161.16333969434103
154.67115527788798
161.17264277935027
161.47993001143138
165.07713576952617
164.43214490413666
161.21498771508536
159.95994861920676
160.21960339943567
157.00092520713807
155.86685914198557
159.28126938343047
158.3119978706042
155.0768681804339
