-42.140614185353805
-51.19627109683793
-53.020295677513914
-55.79145874853792
-55.83602356294106
-56.63038792075782
-57.29928486511625
-56.78829825541069
-57.50517538909254
-56.81277854792003
-56.9876336886965
-57.267682151547795
-56.97282061700163
-56.72113880617865
-57.30676576597937
-57.05488412852945
-57.265260964632034
-57.23710033400305
-57.061787882755546
-57.46560917846088
-57.452147549596326
-57.25183613855263
-57.31753770030778
-57.76356120150665
-58.401620603840925
-57.845582429705
-58.047646460862
-57.835992498644465
-57.931141442266004
-57.82068196555664
-58.409155475682226
-57.83957079361225
-58.698399777042454
-58.11331130512829
-57.888726043290106
-58.03359043187108
-57.78763608994155
-58.40465177338699
-58.370071609472404
-58.34973167859275
-58.39141850841457
-58.66978459522642
-58.67251895008416
-58.22655957526174
-58.1809521255822
-58.312561662032685
-58.91610328287914
-58.71399909257889
-59.22287047525932
-58.7676221481685
-59.088293757931936
-59.553287908948704
-58.959837578493975
-58.88302609016155
-59.740080123317654
-58.82528965021002
-58.706405647869765
-59.0940428643391
-58.718272869956905
-59.4265355416413
-59.59223973956601
-59.29127522789199
-59.224646162370156
-59.222819805145264
-59.27412137903016
-59.05857104576867
-59.10181412820158
-59.77866887429665
-59.191518033372944
-59.509131517903555
-59.22263751872654
-59.3265756491957
-60.129498134399284
-59.85532862770146
-59.48054043280667
-59.248050145034135
-59.73178154949484
-59.65775447981111
-59.45786272040729
-59.83703062657652
-59.815107697042926
-59.404932026205394
-59.52783751693265
-59.71355611291425
-59.663543487417286
-59.481873737326985
-60.0787293458807
-60.069307104266926
-60.05156324444146
-60.12213843135998
-60.134227072370464
-60.08173892415803
-59.7896083243962
-60.42888234504338
-60.30348132396566
-60.373192378159224
-59.91861050190597
-60.09851920399173
-60.307530096892656
-60.20047046501061
-60.09473779797554
-60.28584833083482
-59.90290767159955
-60.056844156363915
-59.9771124032037
-60.14536898095032
-60.07995589642689
-60.68000031339711
-60.70463173656628
-60.462060299412954
-60.58149417926525
-60.32599002945012
-60.40095525979996
-60.363883818018024
-60.154164371819334
-60.487214255949546
-60.27881711824187
-60.61566807483805
-60.698822298954276
-60.61942112651364
-60.58224457502365
-60.727888517338656
-60.64696291808424
-60.412580911455485
-60.1913667691165
-60.31526187576097
-60.157006707684744
-60.30080093597544
-60.14329642057419
-60.410432895709725
-60.240425855949006
-60.65305581997181
-60.664844981555284
-60.78219804784347
-60.73627546737934
-60.52755008792055
-60.41342530579403
-60.40477446543759
-61.072882559792745
-60.952792768848354
-60.84569040762967
-60.822271303883916
-60.57814179823316
-60.576306454066575
-60.70175524826708
-60.64871156421201
-60.365405861673686
-60.420010048767615
-60.62989850701957
-60.48655805916622
-60.482862127238306
-60.49471042485073
-60.6209765785727
-60.517839541722985
-60.31220494262104
-60.289109259843826
-60.73903035912021
-60.73378399322773
-60.45366877934028
-60.24969217181206
-60.53731488564919
-60.70800832633314
-60.35356962680817
-60.66778039726718
-60.376950044056464
-60.38448936774813
-60.178232690383645
-60.23208935096346
-60.552487934457844
-60.25569119227344
-60.52019202092598
-60.57263588288735
-60.75460209106577
-60.56077391114728
-60.48932565697308
-60.606376421862635
-60.518602153350564
-60.567802554574506
-60.31929606815864
-60.61400081988039
-61.06615996155246
-60.59768305564749
-60.69404666177158
-60.630535450474966
-60.832573147683306
-60.86355676733214
-60.76677058996825
-60.88042560322531
-60.85977380131853
-60.765111563534575
-60.80620317418
-60.6045586384576
-60.611905147289406
-60.68837549563112
-60.53952086177365
-60.74399324326679
-60.80379068234871
-60.57773002468306
-60.760993832144244
-60.62188813809691
