303.9119128358775
200.7185443434222
172.32968635394656
158.35360922484563
148.992651252911
139.88457389535574
132.30575263089148
126.51177515243661
120.51273238658905
118.75152604333286
114.10800672194054
111.96394900823462
110.92799910389144
108.3012873283748
106.73674963877119
105.27880939121904
104.42667603081671
103.07955472428223
103.45521828223919
100.28978949990766
99.8422398896053
97.72588981842172
98.53589359645186
95.0240671881314
95.64982387115215
95.98854551027561
92.81091843802353
92.77186853310158
91.84507099718883
91.83849440360892
91.3434421399544
90.68798559904099
90.22701304123319
88.82714059229555
90.02578858054918
88.5904753125947
85.81032203805857
86.50610709190369
89.269924241921
86.86333095821841
87.53838556799396
86.20759174330482
84.22296365376177
85.42441368925161
84.33860361987146
84.03091805145658
84.83140731268915
82.18552128405406
81.92035805973514
83.19114514877056
82.77112028105506
83.25789925764347
83.31808498193477
82.47539554998792
80.13738213530902
79.43849653211133
79.34209886296043
79.84842073095255
79.75988345721672
79.72891303999671
79.59753385083428
78.70794596754271
77.57740712987966
77.17985766098417
77.65079356473068
77.89361521704444
76.8372421614055
76.2763082755023
77.13962460386342
76.98752488761113
76.22962330949717
77.34093779942086
75.9102753236376
75.59545452635864
77.9549989618104
76.0643470225663
75.09050001974764
74.99640103455248
74.67380078907671
75.32829842896297
74.30377322846445
73.64256057040444
74.06079727616803
75.47115694654399
73.30839496234367
73.72361711798042
73.1095224824445
73.9442464400982
72.90573679373182
71.54334102005794
71.59887271502922
72.63913825257072
71.51428046925315
71.88944702518397
71.53923897702118
70.61287035613225
70.35970904909331
69.90362738329789
70.85803272600832
71.26116998236755
69.91404710144832
70.34984247643372
69.77469880416476
70.60047146780738
69.23636732430293
68.69600548209816
69.55956545369378
69.13643257576844
70.12409475754048
68.97293933917736
68.21258590550258
68.96950334927132
69.51278776958071
68.91391580885855
68.63951939344406
68.87773504750481
68.07065457516703
68.68934742746681
68.37393508286311
67.3732774956473
67.5534116132506
67.3180555084656
67.40175515618817
68.27947232229957
68.09163956601044
66.91462399219644
66.56361542487967
66.12775169775404
66.89620890699584
66.09052593954678
66.67873402094018
66.5940830193717
65.97978681325912
64.9188833154481
64.84096726055803
65.43026024719765
65.93528555590531
64.95035861278403
64.99450020337927
64.26737768485629
65.47864838715257
64.90409889920005
64.65734668435722
65.16661524361578
64.68902004998306
63.94117938855599
64.51041231689781
64.29288323172207
63.01976416028779
63.43190345681947
63.800340239343974
63.73992785092058
62.96534303138996
63.779555487221685
63.79533513455555
63.43798404726489
63.57024218707249
62.800133197472015
64.1798774291729
63.2052506475613
63.28625932644154
62.09060954225475
63.19596021134278
62.24299551084124
61.17847040603901
62.05714889435932
62.36472747449217
62.51744499905356
61.620078160845
61.75303455467882
62.162872219907825
62.323597466123516
61.557948552328966
61.44582649140522
61.059759458591195
61.98970652037654
60.65348711507074
61.66389980192842
60.355542741972826
60.46321720501472
60.73198394528751
61.16222969827981
60.16596056880622
60.81652381707882
60.066114557200464
60.13720913385523
60.73997577099964
59.962315209980666
59.55409503599693
60.257600101931345
60.89235038387364
59.392978472956294
59.678304378328654
59.71917705289249
59.66532399325535
58.434191095417944
58.41729743521789
59.379315076203184
60.25289718035994
60.23401099648969
