144.30621371187013
101.32570005182562
83.92269124861421
68.65592782661832
59.18702362323629
54.75322481270494
51.666711174208544
50.38370653164798
49.41828895437306
46.41840846785183
44.26593814584716
41.17330835656873
38.50916432255301
37.369451368163375
35.86640918871452
33.32380002274596
32.75141575829736
31.571732798527027
31.272313651853594
29.675117102676424
27.627202526762566
28.520143525867628
28.265630149635776
27.2751916857629
25.945447732148498
25.060841001313307
24.568901955824472
23.169804597466158
22.839881376716598
22.34557757989086
20.620342754341404
20.301754778058363
19.36399471849717
18.847673476256173
18.74699201550463
17.963187013463727
18.024834519830243
16.495816124410464
16.67226235440065
16.56317398774213
16.777317334062836
16.644643899053335
16.32484063384091
15.71187039105029
14.430078067591992
15.036905286833644
13.8203363711464
13.07625974945981
13.109292899611695
11.88536711114234
13.45481802009303
12.18589888940212
12.189243155692157
12.432729913114473
11.300943829889956
10.97784364088599
10.02961177603695
9.74142137837821
10.385998351884814
10.513196988223955
9.926409965959088
9.864670624635343
9.797312574396873
9.59786337125918
9.471069347787777
9.051586244255304
8.038073180371832
7.543639538745428
8.087236036129038
6.9222609574810186
8.063141071590884
8.00527410048606
7.160600632557581
7.110903216076308
7.1167076186373315
6.941007397619301
7.125520358183261
7.01327577875606
4.832395462897317
7.145286566995341
6.147208733805295
5.581167914872539
5.5289314495849196
5.018930987422836
4.742381794185474
5.388816361797267
4.146420475223969
4.297063396665557
3.9819290833226564
3.637559801340103
3.051484131607516
2.7747037218048654
2.588812637431868
2.50593139231205
1.6452272249193027
4.3399927323234495
2.183678023260215
2.333502351210035
1.6081536055125039
2.0077944431325485
1.3099124313428485
1.5388165583898281
0.2592567788629696
1.2233436819294403
1.11342748896829
0.5487188085399824
0.11165246624371102
1.3039942571315273
1.1627510765503193
0.22944245564526525
-0.5601789416937992
0.32566149327261695
-0.41450461873720434
0.44669872907728986
-0.2582203941098575
-0.7354759573936462
-1.7617370537642776
-0.889322129559928
-1.2168067498453732
-0.4667267532184206
-1.7011744886122901
-1.6989622141780525
-2.879775643348694
-1.7534604699447238
-1.8726516147625858
-1.5047081934994664
-3.195070080202201
-3.181784389861699
-2.1156429098597886
-1.5886975449734722
-3.915228191120871
-2.530897599355928
-3.5127367115226287
-2.5764066664309335
-2.850302519983259
-2.823433505050067
-3.7766252124104005
-3.6809977282737862
-2.5806355553454368
-3.6696488536123573
-3.2917459026492875
-4.342434434027507
-4.047280440042758
-4.261018642577632
-3.813237325384699
-4.261903157008105
-4.228656033503598
-4.718208664963985
-3.5102175777328424
-4.6980080347636655
-4.73841031871993
-3.8654193482522308
-6.297532266583936
-4.770838749819789
-4.784703313790518
-5.913553855542479
-5.7659430796730105
-5.659165978431702
-5.981733180325607
-4.380325536275732
-5.946818336330611
-6.641084242483665
-6.4297732176451845
-5.244878230423763
-5.198812803317761
-5.855631408506427
-7.140564631285338
-7.202082690493814
-7.9604614711013335
-6.479878820735832
-6.1419492338238095
-7.12463184625938
-7.585284792143723
-7.084719675882109
-6.925985964721646
-6.787619060997305
-7.02628034815706
-6.905194571305966
-6.566033482551575
-7.569595727941086
-7.3539134880592085
-6.36063784412269
-7.777473451762364
-7.889403988575113
-7.919543043806635
-7.023335997400613
-7.663284625986527
-7.087723979148372
-7.819007397725664
-6.990116505273457
-6.760566439094214
-7.582965385297249
-7.8878852514357405
-8.05962837050701
-8.352610565465072
-7.668636875933614
-8.170158793700152
-9.671769822465963
-8.429255563637305
-8.68681737934721
