-60.598632331689195
-81.6784444073836
-94.24688926140468
-94.93625587821006
-99.53523323535919
-96.70160973072052
-97.90730593601863
-98.45349548657735
-98.5873772919178
-96.05345781246821
-101.14092920223872
-103.11191399892171
-100.37714317242305
-98.51476044853528
-99.53143925070762
-94.89473041296006
-104.13947791059812
-102.00780089497566
-101.04522436062494
-94.2119958182176
-97.75331789255142
-93.65562613805135
-99.3359559794267
-99.5455856959025
-101.81731299559276
-93.63520883719126
-100.63670507669448
-104.54264237085978
-96.79972699483235
-96.10035772720973
-91.7430324614048
-96.71514469583829
-95.17303571701049
-98.1782378534476
-98.15038477182388
-99.92026229302088
-102.51728778680166
-95.41865234772364
-96.95546133120855
-95.84584523836772
-101.6622443974018
-96.74691265424093
-98.72038702567419
-97.28783256709576
-95.37388683160147
-96.43450688521067
-99.46984473069509
-98.4260375459989
-98.2032668709755
-95.603542526563
-90.87147304415703
-96.39793965220451
-100.53078354199728
-95.6970354894797
-97.55118816296259
-96.71507172385851
-103.6496334572633
-102.63028294245402
-97.31263260642687
-100.86037981907526
-101.84446935653686
-100.13043910463651
-99.24960114757219
-97.56536437273026
-98.4083066701889
-97.39583870172501
-99.3164600332578
-96.96848641435305
-95.2349153916041
-97.76369489828745
-95.46571041345597
-100.81325897177061
-97.34191026687623
-96.30553676287333
-100.96853902339936
-99.36691224575043
-100.5988005399704
-99.90333658456802
-96.17607469161352
-100.00240740776061
-98.59051231741905
-100.51447020769119
-100.0242676158746
-99.3619847814242
-97.75943618615469
-101.43856225411098
-96.35452740987142
-101.21126863161723
-103.28229881127676
-97.77534132003784
-98.26082797050476
-95.85122578342755
-98.9777336915334
-97.10935167074203
-99.18571418523788
-95.82474556366603
-99.95111007293066
-98.10812017917632
-101.71089342435201
-99.50566519101461
-98.75178965330124
-100.12614402373632
-96.94852202335993
-100.57460132638613
-99.35208560625712
-97.77581056157747
-100.41333228349686
-98.2711633682251
-100.77695265611013
-98.3909267783165
-99.13327385981877
-98.90938984751702
-98.79185772339503
-97.78122392495473
-101.22469880382219
-99.46623434821764
-96.848590473334
-98.07114028930664
-97.82021603186925
-97.95824157794317
-99.84915393590927
-95.94576353629431
-99.86502943436305
-97.89476461211841
-97.91145714918773
-97.85910394589106
-98.20375931859016
-100.33395266135534
-98.62342061400413
-99.3973359187444
-98.71613398790359
-99.66153301795323
-99.82348741690318
-102.82560061812401
-101.1108228246371
-93.5491884112358
-101.40622024536133
-97.0752897977829
-99.53614125649135
-99.83252377907435
-97.8578741590182
-98.76047680576643
-98.96310757795969
-97.76485792398452
-98.72955777645112
-96.19850112199784
-98.2376403093338
-102.11606954534848
-99.56950117349625
-102.19750225146612
-101.16166957616807
-101.43655655582747
-98.12197824517885
-101.29157100915909
-102.34543924331665
-96.61499386628469
-101.06508772770563
-101.89117084344228
-99.59385645588239
-98.31834112008413
-98.64982948303222
-97.57894684871037
-97.61129694779714
-98.17645543416342
-98.39150320291519
-99.94292784134547
-98.50271752476692
-98.73038895527522
-95.66010390122732
-98.82762769261996
-99.27131483952205
-102.04416236877441
-96.6282744149367
-95.95956336458524
-98.61067557732264
-95.48726858297984
-94.50415270725885
-99.33581703106562
-100.3477679212888
-99.3027661204338
-101.55421291192373
-98.93362182378769
-98.60495015780131
-97.59732174873352
-96.33741445144018
-96.44738723039627
-98.40961765448252
-102.7597223798434
-98.01931835015615
-96.46066851615906
-94.77596728404363
-100.99373443921407
-98.48959414164226
-93.54674782554308
-97.67921178340912
-98.31129936774572
-97.22454163034757
-96.87038175662359
-99.18498711585998
-96.89743758837382
