-40.8877700962897
-52.54145199265973
-53.651543337723304
-54.56614883912021
-54.46029276888946
-54.76144821890469
-55.07597087683349
-55.52139926367793
-55.62738177283057
-55.572175778191664
-55.88178512454033
-56.65076585165386
-56.21338194403155
-56.32576473622486
-56.257585597449335
-56.50826807474268
-56.92254428205819
-57.33267569233631
-57.29390566513456
-57.29649931397931
-57.00788949275839
-57.186649914445546
-57.269884072501085
-57.364429895220134
-57.45378468982105
-57.08193200210045
-57.4135245680809
-57.630655123242015
-57.78704317479298
-58.032899060126006
-57.921237498521805
-58.01144326760851
-57.60844627228276
-57.89669010145911
-57.94775491952896
-57.82518890089002
-58.26149695700612
-58.07856938345679
-57.79605028855389
-58.36726171394874
-58.37627584769808
-58.5406147406019
-58.749717332165815
-58.59893459595483
-58.77019844589562
-58.63934988605565
-58.65650191800348
-58.999856155494165
-59.07344287633896
-59.11390370336072
-59.117237240076065
-59.099899723612026
-59.06823559054013
-59.43771294684246
-59.30205587271986
-59.53151222241336
-59.615553963800956
-59.65646463015984
-59.97930220283311
-59.780044216534186
-60.249812370744245
-60.13311716400344
-60.1958110486639
-60.26141636330506
-59.74482470339742
-60.020063799003076
-60.20029010854918
-60.269654714855655
-60.46513056343999
-60.54273169307873
-60.290671850072926
-60.56007201712707
-60.914786236039525
-60.63434816228932
-60.72890121772372
-60.71839421165401
-60.85326333909199
-61.03980247727756
-61.049425090181415
-61.143929812414896
-61.214806436464706
-61.06124392254599
-61.10750208538154
-61.07533771827303
-61.05617556489747
-61.21387222512015
-61.202479151816206
-60.98973044855841
-60.98070304352662
-60.952807698784206
-60.90897999755268
-61.193419431817944
-61.35467090072303
-61.23005524997053
-61.297729901198686
-61.17097924392799
-61.288806834097564
-61.369530050918975
-61.32922144182797
-61.368029242959516
-61.5227275757954
-61.15221270610546
-61.35909534528338
-61.26221664404047
-61.471492816661964
-61.53175456770535
-61.40873429076425
-61.18556261884755
-61.350287980046765
-61.42314683055056
-61.17886138784474
-61.72039179555301
-61.59652969343909
-61.615079781104775
-61.73111564434808
-61.6636334842649
-61.56606274637683
-61.70161391743298
-61.75991100792227
-61.687607526779175
-61.63936302887982
-61.37130973770701
-61.3074182498044
-61.222685682362524
-61.62574697568499
-61.377389991077884
-61.459919445473574
-61.40968302406114
-61.671912088476375
-61.50074893030627
-61.282560151198815
-61.344749541118226
-61.503266605837595
-61.54931965984147
-61.71436784185212
-61.55607577439012
-61.710804593974146
-61.572719548282954
-61.42392192010222
-61.72126960446094
-61.81714490569871
-61.603384283082235
-61.567252574295836
-61.566902810129626
-61.558112027316255
-61.53743968544335
-61.4628618441779
-61.752950646753966
-61.60958896423208
-61.58747313351467
-61.974919771326
-61.97309273275836
-62.00462179451153
-61.68334394282308
-61.86243981636804
-61.99497009351336
-61.99828528330244
-62.070632775282036
-61.89127269284479
-62.05179987488122
-62.101569898169615
-62.07786313624218
-62.11231595894386
-61.90402866026451
-61.971008995483665
-62.145837490928585
-62.15503378983202
-62.03337169207376
-61.98580402546916
-61.854561953709045
-61.91416820575451
-62.00010953586677
-61.88448563320883
-61.65078648822061
-62.11963313406911
-62.05716343172665
-62.075062563707085
-62.28797263318095
-62.13358695959223
-61.973620842243065
-61.79205973497753
-61.78519364061027
-61.920813020961035
-61.84846630178649
-62.100648779293586
-62.04368181680811
-62.02519997235002
-62.07432194208277
-62.005119154165534
-62.12188110063816
-62.29629511257698
-62.129422235077826
-61.942852197022276
-61.87849625431258
-62.0229347903153
-61.966914018680306
-61.886788563481694
-61.955982440504535
-61.93624709392416
-62.15860993903259
