228.05225079059602
187.09893747170767
172.23757397333782
159.10201994975407
161.45004371007283
169.42754726807277
153.96375215848286
158.45129550695418
149.01514248450596
145.7813734372457
141.4641463716825
145.46221020619075
143.6679226477941
141.94945622285206
148.43852065404255
141.36068483193716
145.32528870503108
145.48444432020187
143.52965608437856
140.1433508614699
142.48471258083978
132.45202422539393
148.42638623317083
147.63835845589637
136.3793193101883
143.52137410640717
149.26792217890423
143.9159898420175
137.63383924166362
143.85815337896346
146.62391166687013
142.02794710795084
136.9063124994437
142.72155602773032
140.27690137227376
138.0397320707639
143.42772205670676
146.03199707667034
137.94420190652212
139.40170985857645
142.73564749360085
140.80479810635248
142.35586134990055
146.2983913262685
142.64709666570027
146.4069370150566
141.86083472569783
153.99872688849766
140.33783075412114
135.38062573472658
132.3471402446429
144.75027390321097
132.29329118728637
141.90037220319113
134.08063408533732
136.11331933140755
133.91934605240823
147.10612442096075
145.2196057955424
130.45321232676505
140.77339995503425
130.2912167628606
137.1784344236056
143.67014936208724
130.68682621717454
143.50407583316166
130.97834229071935
141.85588832894962
138.55328669746717
130.6104728937149
135.75636717478434
138.94800797303517
138.55875816345215
132.5473188996315
143.18834137916565
127.72347097198168
134.26855124235152
125.97966046730677
126.40528371532758
143.479289829731
135.89821182489396
145.9247131506602
141.76338331699372
140.0022555331389
141.71297681132953
129.92220528324444
137.36382500330606
128.77984163363774
128.353184256951
145.59659073551495
138.73089187145234
134.16080645918845
129.99684941768646
130.25839865605036
129.8870850543181
133.467247235775
134.36907628774642
130.2073581834634
131.60698670943577
141.8485507965088
130.2686729669571
136.3846820294857
133.17089161078135
128.70731497208277
133.1253998597463
134.5735296169917
146.08742778102558
132.30353074471157
136.52043787240981
132.45801675915718
135.19606740077336
127.90781664450964
124.45221979220709
127.08791035413742
143.2374885757764
128.38596951564153
135.93286480506262
135.72828798691432
140.40119027296703
134.1450682202975
137.34864798784255
139.1947042663892
139.39747688968976
133.27624211907386
137.36176271041234
145.60433866182964
137.63498726288478
136.7192953268687
135.1214763144652
137.8035809735457
130.32471736272177
125.84951334794363
147.26275401711464
135.82394391496976
132.82217940092087
130.13449505170186
129.30841233531635
132.36576837698618
140.65745315551757
136.7673206249873
129.22329560915628
129.0239331106345
135.49256398280463
136.46010599732398
128.5825555543105
128.56968203981717
135.77794863382977
124.54909678300221
141.89366951386134
135.52749363581339
135.51922362248104
144.68827243248623
135.40617729822796
129.8552218198776
132.24199508031208
142.91054586569467
128.99528306325277
140.1588018854459
138.5918108979861
134.3939169228077
137.10368563334148
142.10553157130877
135.03757147987685
140.3062218685945
132.3986697157224
132.15809279680252
127.07090793649355
131.62616677880288
133.54579244057336
143.61648764212927
133.4115211248398
135.2641530573368
128.39687531789144
127.15597488880158
124.76964258948962
128.73737246990203
147.97150878508884
131.27637439171474
125.68427174091339
145.84022249778113
125.80670597751936
127.54937473138173
121.95446346998214
139.85953900416692
127.16490263144175
115.41836764216423
131.4521597882112
138.8650509953499
142.39671942392985
141.80053176681201
132.53542625904083
132.07795674006144
137.4766678373019
129.58030348420144
128.61349601944286
130.05431084235508
133.04338791569074
132.10184197823207
126.66206598877906
133.45731280048687
