28.33642716346116
18.183827751155558
16.12967930477241
15.155459157865623
14.062336148886844
12.979726039643946
12.22180338435132
11.933250815960868
11.821522286996759
10.995326600711921
10.413077330794827
10.691190774584639
10.226894889669172
10.147960261024277
9.723951695551133
9.613572221891634
9.538055601304976
9.38242114001307
9.176856216942442
9.35832986800835
8.770535932532672
8.582489166280318
8.682620341150924
8.591468790995664
8.590837249468112
8.606127184526674
8.370519775254973
8.27461234454451
8.389325803723828
8.115008151736752
8.199668012302498
8.141963639649852
8.088036752980331
7.856243381983247
8.077599233337518
7.912500081905003
7.823700139748639
8.147401269653749
7.760397859688463
7.956722656200672
7.7458276599645615
7.581122931735269
7.801304087556642
7.456116393979253
7.513823096608293
7.566203597547679
7.574952546378662
7.501881541234666
7.39864305997717
7.308629523962736
7.563045037717655
7.498185192973449
7.297140601380118
7.198972433805466
7.114845720858409
7.153408473421788
7.192706773507184
7.132600461743001
6.908878300210525
6.915926747794809
6.927355669824214
7.0876645723293565
7.041170697787712
6.907252997545333
7.0378970059341395
6.78191027867383
6.868086761313266
6.853398225045409
6.88507434751453
6.840873779664779
6.885954603038985
6.861744456121634
6.71179233851104
6.801334041459807
6.675391335425706
6.97766763652707
6.698147974009144
6.799220004086864
6.868052344126948
6.806746551702762
6.7464375304507795
6.641640371418204
6.691247707810895
6.800648640327412
6.838549633735213
6.774949709788479
6.638260418998784
6.753273111479036
6.634736175552525
6.617849357297708
6.716895303464141
6.486499632997759
6.601757217583986
6.6318083151147285
6.46739657647137
6.468383999991006
6.49308095358569
6.352503460542909
6.61524858839553
6.537477611981589
6.689654330241269
6.674258480298108
6.4396720872870805
6.296383230208323
6.35856771636112
6.423300961482114
6.282451653403455
6.350099767333474
6.4895865007721145
6.300729785499902
6.431545552380126
6.401043846817879
6.38802715442304
6.379927685034686
6.429747187114995
6.318775498661502
6.3775902745024915
6.309884813325159
6.403793963764248
6.18924865935897
6.27208717655519
6.37527887394716
6.153132694548574
6.260173149792285
6.1795548579559245
6.310002285858681
6.389463613901673
6.130004365767898
6.172395360880885
6.290530537993743
6.2312856506684735
6.089070210426018
6.2621264953551625
6.198838787602967
6.274689742460333
6.12260976279604
6.164555285639804
6.203244762816306
6.232559501739411
6.108591723544844
6.0378113985061646
6.007370801321391
6.078962035477161
6.225681570711835
6.174199771521421
6.142858002463291
6.222957936597282
6.120986948753226
6.047767542045692
6.257147669792175
6.083798270801018
6.016045075937591
6.037811810086513
6.019744580161983
6.06962694035008
6.064941080736703
5.989607996082511
5.991263717926782
6.002505679711185
5.970418259244541
6.007731084551277
6.103766054557315
5.992668752269498
5.97244486238422
6.061556398097811
6.040045421698998
5.9911331922329705
5.919893346213061
6.131574672486248
5.949930724784218
5.975708420934348
5.882697462136376
5.999262736403737
5.751913785549073
5.895103665775266
5.897139749136464
5.842086519403704
5.912847089998681
5.763166238264791
5.928945585571486
5.834319812213552
5.785762955787881
6.00569677596976
5.827616852804504
5.903925647252593
5.689612959479463
5.9152777983710685
5.831721045205305
5.821886834142537
5.870318016358491
5.971536918960768
5.89648070456139
5.775228228034644
5.783694568764547
5.81965444069998
5.767731996188903
5.746779259165813
5.7362383415216005
5.894930153442868
5.884962589447868
