-155.1940221230189
-221.26109488010405
-223.56261281172434
-221.04607674280803
-224.99247275988262
-226.992162724336
-225.3864073117574
-225.03438365856806
-226.87674420674642
-227.06092113653818
-228.22725970745086
-227.34699108600617
-229.23836095333098
-230.48099824587504
-231.49467130104702
-231.79112118879954
-232.38354607820511
-231.41347207228344
-232.90125455061596
-233.26775485277176
-233.5774664123853
-229.95397927761078
-232.3402668396632
-232.86200213432312
-231.96093241373697
-232.52848649024963
-233.76082561413446
-233.7557674686114
-234.03251195351282
-234.762501959006
-235.10915951728822
-233.04987865289053
-234.44471565882364
-234.59496007363
-235.27182385524114
-235.6571630001068
-236.05877937078475
-236.69659336010616
-236.26803288459777
-236.49990660746892
-237.10340815782547
-236.8414892355601
-236.54935228029888
-236.77994230190913
-237.10606825351715
-235.2101458311081
-235.56324378649393
-236.3889326850573
-237.15840915044149
-237.13928818702698
-236.40816808541615
-237.7285489877065
-238.37291260560355
-238.0147913455963
-237.81798340082167
-236.8950369755427
-236.39128646055858
-237.0043224891027
-237.8514476219813
-238.12224774758022
-237.7464300473531
-237.8254512310028
-236.55908764600753
-236.7661911725998
-237.47252240975698
-238.6175435980161
-238.1612961769104
-238.24233144919077
-238.32002068360646
-238.03742386897406
-237.70043971538544
-238.14424294630686
-237.61151646375657
-238.13208816051483
-237.45040780703226
-237.68031944831213
-237.84935971895854
-238.00530520677566
-238.00067599614462
-238.1090588728587
-237.53757293224334
-237.88514586289725
-237.78170113960903
-237.36507815519968
-237.86196045478184
-238.21112591028214
-237.75359026988346
-237.84565919240316
-238.06575146516164
-238.52643161217372
-238.75932188034056
-238.92742975552878
-239.3285761833191
-239.9965582450231
-239.25549790064494
-239.12969062328338
-239.3297621011734
-239.46331562201183
-239.13708614905676
-239.0284650961558
-238.99166019360226
-239.01476565996805
-240.041867629687
-239.04953676859537
-238.90612165927888
-239.21287930806477
-239.5317711273829
-239.00193552176157
-238.5751224676768
-238.2693710565567
-239.1766748547554
-239.44311650196713
-239.39257253011067
-238.7207703312238
-238.59643495082855
-239.44532549381256
-239.81380960146586
-239.69454840024312
-239.04439484278362
-239.451619942983
-239.08411201238633
-239.01016385555266
-238.81391603151957
-238.9502965450287
-238.85962996880212
-238.6566504240036
-238.59775500297548
-238.63967632452648
-238.67724461952847
-238.978875486056
-239.31252706448237
-239.9074433763822
-239.7778019984563
-240.17571187019348
-240.3107130130132
-240.71017408370972
-240.32469636201859
-240.2297646721204
-239.09347007274627
-239.3513362367948
-239.46763822635015
-239.50751549800236
-240.09140611886977
-239.98172393639882
-240.14544013738632
-239.61716349919638
-239.00737946828207
-239.49660716056823
-240.08908892472584
-239.82633453210195
-239.79413722753526
-239.54093564748763
-239.5070128560066
-239.92936067581178
-240.48768541812896
-240.3947876214981
-240.4040024360021
-239.720609664917
-240.04322176774343
-240.06479289531708
-239.92331617673238
-239.85070767800013
-239.40078285535176
-239.93542821407317
-240.19126427173615
-239.6824059009552
-240.0910941362381
-239.67589610417684
-239.48472849527994
-239.79650171995164
-239.83486632108688
-239.94820797046026
-240.25524463653565
-239.9537774483363
-240.23956998586655
-240.18538960615794
-240.70514467159907
-239.80754053592682
-239.9456890543302
-239.32933971484502
-239.88106336196265
-239.84991959730783
-239.8005087216695
-239.3963791847229
-239.43502630392712
-239.28829483985902
-239.57007017930349
-239.94328789711
-240.21017529964448
-239.8182384808858
-239.74209594726562
-240.38971672852833
-240.17883116404215
-240.28946879704793
-240.62393260002136
-240.77428003152212
-240.4299104968707
-240.09534233411154
-239.95332291126252
-240.3746758302053
