1302.0096601288894
1251.1059797221217
1229.5051958807583
1210.2704972891972
1208.4062142865412
1196.757913227739
1234.633757426821
1176.8037797993627
1207.5579470272721
1183.7356060291158
1179.7826476261534
1167.3207632590984
1180.8165114501428
1178.1922570590316
1154.1021638080992
1143.5876141252188
1175.4331862679844
1123.843394476792
1169.5270009862966
1124.20168370214
1139.313640758909
1157.35176977618
1157.534490979951
1146.106422490087
1147.9071360949813
1181.948237583555
1166.2385550202994
1157.243902502389
1101.774862947135
1148.2458413222741
1138.5033115518504
1162.053581533761
1126.423734566261
1102.1777626892615
1123.6935723403406
1117.1792711718329
1126.3019187532623
1102.8311614661382
1164.905619127997
1155.2296739117853
1144.9207888636097
1115.1417859504963
1116.8216276004396
1123.03536507179
1125.5227200738316
1112.6200285944446
1119.0435806142873
1101.1298133258163
1130.310485247908
1145.0136825298441
1088.6074785692938
1120.2636655939036
1119.9084849522033
1106.8681361757476
1116.8158114860798
1118.324451841157
1114.5850567324408
1104.8951015801265
1137.5276038071204
1129.6529457486909
1107.2114020709334
1133.5890531539917
1109.3148866193048
1123.1450565601217
1103.1487876300155
1121.9502595704178
1121.2355749524872
1102.6684241459288
1141.644341764779
1116.81671846324
1102.0809286380636
1088.6581446220134
1107.9662585422911
1089.0375892376078
1107.2077047413793
1138.0788414396088
1121.192622447836
1115.8581880536572
1118.5110069472214
1107.354779210584
1104.1385222796737
1133.9857860104792
1113.7747201590703
1115.9355478615596
1115.6932875863438
1083.512943136281
1096.2748211170065
1109.7928814065867
1117.390690310248
1110.8883440412324
1079.2937721383983
1098.7441449329772
1106.2008928759344
1131.0628550299282
1111.8884599619898
1092.4729743168273
1122.3243639386933
1115.053141791245
1093.8451083281946
1119.4680243525013
1099.3416671095224
1121.5422133741708
1123.320658289153
1132.7587270407842
1114.4509018865124
1120.89399896819
1114.9959876619537
1119.5982829455672
1074.0407566202098
1114.2585548203567
1085.845499630632
1095.036816202361
1090.4414478499314
1120.275191405724
1093.5106493851233
1114.6796719288004
1085.8555806916336
1120.9619735027181
1098.526698539997
1115.5887913210638
1113.2020612913986
1118.7570154584687
1095.0795488357544
1088.329766207728
1109.6722959156693
1090.0100508722767
1106.56458414012
1108.5071712691208
1086.8636638707128
1120.4592988573272
1101.7709530139791
1104.7971044408864
1097.0730023548522
1102.706543790883
1094.80865314089
1107.932938707286
1111.3352209288498
1093.0074209015945
1101.7254402555268
1100.1739110946655
1094.488188414738
1104.583478072594
1080.4085285910244
1111.0116779722016
1104.9257103492473
1092.8840162671845
1085.6441113373328
1077.5708124884243
1077.870909394889
1116.4784875080504
1101.351690160817
1101.414085125101
1102.0077907628026
1116.1857093942576
1105.7408304872183
1081.0735306904235
1084.2314003747085
1080.9188414113275
1076.296588601737
1086.7788157627501
1126.9639821874684
1080.8327855077282
1116.144901505832
1088.362421792129
1104.3367018535218
1121.8147430748775
1089.90027085666
1096.626638971526
1087.720206655305
1084.5318870544434
1093.8175515799687
1098.619766695746
1114.541016743101
1090.969284550897
1121.585822138293
1091.832164928831
1108.61362059363
1072.7087591598774
1110.8730897903442
1088.4266496855637
1112.4899185114893
1088.264381573118
1080.3667566036356
1104.5271977391735
1106.5261528738613
1094.1794697005173
1065.3175509222622
1101.5761051177979
1083.2298958548183
1095.8668134294708
1070.191047668457
1099.6729125318857
1088.6954302952208
1087.3840071579505
1067.712947746803
1072.916821644224
1095.2929271171834
1074.4572787449279
1106.4238103998118
1114.284421164414
