572.3234905210035
447.1380338422183
410.20976129071465
393.37904012614285
384.4274499827418
370.31385857483434
360.64678602383054
348.9792941027674
337.5915227100767
329.7483910692149
327.92047167646473
317.896702980173
316.5155075747391
311.568204189169
304.2598605484798
299.7270087044815
298.4883920653113
290.7466297149658
290.3209255646015
288.5404353963918
287.26467292062165
281.80893705631127
282.63408127324334
278.551243247657
279.981858179487
276.6246811932531
278.7037123565016
276.30129401437165
270.1776845866236
268.5261519119657
269.33375995734644
268.17703255291644
265.0055739632968
268.06428342029966
262.92907515887555
261.56880869536565
266.41428807686117
267.02171263201484
261.72207493617617
260.4344339699581
261.18574961300556
255.10666619498153
255.09542933003655
255.5858375368447
257.0422141469758
254.68289159084188
250.74031671984443
248.26943343261192
253.57875771358096
250.54019512801335
254.27027594632116
250.18424006166128
249.69655957715264
246.00565129312974
249.2427896137895
251.15281706842882
247.46841246506264
246.556275770582
245.3047807956564
243.61975104233315
242.26632197149868
244.55330165501297
241.1925354168333
242.3200315278152
242.61346544068437
244.69654064342893
241.1892890108043
237.96218422774612
239.381714302918
239.95018029624018
238.54699205530102
236.61802882161635
237.35092093615697
238.18053107426084
237.55765519471004
235.861093989734
237.34563164053293
235.72278314623338
235.3560368439247
236.53194287727618
235.33181405889576
233.1444630705077
232.08038989428817
232.06070291584936
231.86785598458914
230.11755658018177
231.83185570815513
228.83078606375332
228.91806171680318
229.20690375360948
228.04550151989378
228.1444456330661
225.11738823200093
223.8181709914372
225.18596373755355
224.6783947369148
228.77902987907672
225.01075537451382
223.33029696859163
224.49493212124398
224.48579173663566
223.83902763087173
226.92715237058442
224.80860604911015
225.89426098198726
224.39304424154346
218.7761708045828
221.57064775351822
223.62198659058274
222.96841588513604
220.05182762803702
221.47234119217973
220.55398291966011
222.92954909390417
220.51103748124223
219.957380611321
220.8642450118887
218.55542606320876
220.64086792797877
219.69545645138314
217.18321247758536
215.22251892911976
220.04968351742318
217.98966849672382
215.22324118120918
217.98545635157618
216.7120929750903
216.9205621809795
214.23762039069473
217.1375703153939
215.90109795948555
217.21026712450487
214.41715754722728
215.5253649415641
213.98827616099655
213.65104648573646
214.71544522252577
217.04714485694623
212.8365015325875
210.81995568604304
212.86743116378784
209.69809065193965
211.76846174947147
207.47034829238365
210.6915258045854
210.31903394748426
211.35166736306815
213.46173556097622
211.53491296439336
208.06869904748325
208.84113779150206
208.5543145886783
208.4544975757599
209.42136450060482
206.54403580468278
207.43681843527432
207.14113364548518
207.65217723517583
207.75035798138586
208.92770407117646
207.92292320317236
207.4748705995494
206.44205691074504
206.45932019990067
205.75756868000687
207.18134889931514
205.89739337460747
203.08897998826257
205.48877265535552
204.014079340573
204.47524189126904
206.54196389790238
202.7788147515264
203.2678330848957
200.43110583979507
203.1933907558178
204.57116838981366
201.56050233183237
203.22160243165905
205.3479514163116
203.5632483383705
199.84342175105522
203.16039840106308
202.14639512423813
201.24766873491222
202.13892035237674
201.69719280456675
200.3912456364467
197.93236245780156
198.53599798268286
201.95760158012652
198.51710458459524
201.820732708635
201.04516782431767
201.55630096895942
202.91078129307976
197.0960963430076
198.11224294942002
197.1590851545334
196.15242945736853
