-30.48677817384402
-63.84098405838013
-81.0399172683557
-86.35113441149393
-92.15950335860252
-94.63948638240497
-97.86607007980346
-98.1549334526062
-96.55222028493881
-96.52506042718888
-92.3445235411326
-97.33535543282827
-94.58331055641175
-94.69837735295296
-97.05645259221394
-95.68859581748644
-96.4983236849308
-93.73606971303622
-93.59726798534393
-95.19579880237579
-96.3286422888438
-93.91079645554224
-98.3573371609052
-93.59854899247487
-95.63672511180242
-98.62636244098346
-95.31951107184092
-97.31611595352491
-94.95297057628632
-92.90708260536194
-95.64633036255836
-95.6477996190389
-95.62282358407974
-94.77235732873281
-99.67526706457139
-96.41310760974883
-96.47772802909215
-95.20043750405311
-96.58141222596169
-96.08141802946726
-97.51761525670688
-96.4623265782992
-97.73773839672407
-96.36972556114196
-96.63178350528081
-96.64604030847549
-96.33290112415949
-93.3526286303997
-97.43834073940913
-96.27099755207698
-95.515238626798
-90.59003307024638
-95.41636240283648
-95.87074367801348
-96.65012019673983
-97.02421816984813
-97.36684527595838
-90.05742264191309
-93.56969978014628
-95.81669481794039
-97.52711623907089
-95.61264599959055
-96.79139875570932
-96.18365615208944
-94.11096483667691
-96.35904427965482
-96.37857195138932
-92.83724362452826
-93.06890682975451
-95.89987683693568
-94.42601147492726
-94.01082692543666
-94.60698169271151
-90.84849414825439
-97.51571221351624
-94.43457119464874
-94.7992805659771
-95.28223923444747
-97.70336840351423
-92.81316689252853
-95.19032149116198
-94.37516878445943
-93.23846435944239
-94.47330111662546
-96.67675962646803
-96.42241068283717
-96.25942916870117
-95.80357599854469
-94.0156261841456
-90.55995152195295
-91.33113707701365
-90.92219483852386
-94.64886217912039
-94.54748756885529
-93.73301798899969
-94.29117612640063
-98.02348879178365
-92.6555174767971
-92.7648775200049
-94.26869908968608
-92.3568837483724
-95.25094816088676
-94.61976787646611
-92.90294222831726
-95.38570400079091
-93.27004557053247
-94.92910593350729
-96.30404370824496
-93.61750108003616
-95.1759988506635
-94.40643200874328
-97.57501258254051
-91.56401094595591
-95.85037973721822
-94.14116152326265
-95.38237628340721
-93.39898468255997
-96.49914408723514
-93.52778233488401
-94.09037810762723
-94.0765425602595
-95.49872151017189
-92.61298781037331
-91.89902696212133
-92.14673182964324
-94.31432564457258
-93.43945122559866
-93.75394196112951
-96.29962077538173
-97.5588950475057
-97.82410273949306
-95.27174812952677
-95.47663256724675
-94.09880333741506
-91.50942296981812
-92.27605330348015
-93.46031799316407
-94.08363914291064
-95.3413154343764
-97.16937856078148
-98.19234432379405
-91.29832064509392
-95.5891278386116
-95.64616235693296
-94.43163718382517
-95.99523478150368
-95.68847237229348
-96.87884615063668
-96.48324227333069
-95.72725842396419
-95.68088342746098
-94.61122767130534
-94.17444333235423
-97.51812408765157
-92.05815305511156
-93.70571316878001
-97.26635619799296
-95.40775689085325
-94.60419502258301
-97.00088654756546
-97.3444647848606
-97.48036569158236
-96.19636168877284
-93.93196238875389
-96.42048564354579
-94.20509886145592
-94.35777791539827
-95.93172425429026
-94.8496277809143
-97.2998162984848
-95.34151357014974
-93.89825688799222
-95.10433363715808
-95.8913636247317
-95.352248052756
-95.02047907511393
-93.55950502157211
-94.34975279569626
-93.00572297374407
-94.06640450557073
-93.08817720015844
-97.9449278473854
-91.2474446773529
-92.27312481999397
-91.41109167734781
-90.97079551617304
-96.31427514155706
-93.06955269972484
-97.64494494199752
-96.47457655866941
-95.65348819494247
-94.40976563890776
-91.83111732800802
-93.52296834786733
-91.27885709206264
-95.28753349781036
-91.56989949146906
-96.88951818148296
-93.73006008068721
-98.02302880684535
