-39.80481257263956
-57.45386221902124
-59.03992846813695
-58.718408741827666
-58.85521924495697
-59.181097250560235
-59.24733238487408
-59.322966568428896
-59.76392226075304
-59.93766810359626
-60.234519929721436
-60.56061675425234
-60.94915366686624
-60.83650193954336
-61.10746346876539
-61.3886129722513
-61.3905612990774
-61.757573641579725
-61.90454783110783
-62.03091337968563
-62.05671314124403
-62.22165808081627
-62.30821508374707
-62.36711475355872
-62.389739821697106
-62.400545218895225
-62.4326388774247
-62.441797999472456
-62.640955065858776
-62.63542311150452
-62.72000886551265
-62.62178718632665
-62.757726264411005
-62.84277776397508
-62.7304521418851
-62.82011867391652
-62.81887718007482
-62.93179063858657
-62.81892369944474
-62.829569557617454
-62.91350204882951
-62.97552379246416
-62.81636497583882
-62.93213500956009
-62.88259626154242
-62.877167672946534
-62.89803568659158
-62.87396374858659
-62.99844574928284
-63.003202205074246
-62.9815728273885
-62.931678752447
-62.96201078131281
-62.99033083175791
-63.03716811434976
-63.05642890313576
-63.01732294004539
-62.892092512599355
-62.949494875710585
-62.944157990916025
-62.98183927042731
-63.03574086879862
-62.899146137566404
-62.92035771854992
-62.956780602192055
-63.064064056708894
-63.067419412834894
-62.91075265304796
-62.98384756671971
-62.94586290367718
-63.03286948183487
-63.143944410414534
-63.10390662222073
-63.16550545343037
-63.0886450204356
-63.013465196921906
-63.166923517810886
-63.02323931866679
-63.055049529363366
-63.10414943304555
-63.12820640514637
-63.12181022454952
-63.10611232190296
-63.06775350817318
-63.100288976883064
-63.06435539804656
-63.21414020554773
-63.063507957705134
-63.02509393979763
-63.09926265889201
-63.090211839511475
-63.06637198349525
-63.172594861737615
-63.109271583885985
-63.04196525236656
-63.055416649785535
-63.04075967854467
-63.12435598620053
-63.07565024597891
-63.17064003183924
-63.16535264459149
-63.11270919236644
-63.05678489393201
-63.17834517668034
-63.051457470860974
-63.01414528694646
-63.09931157375204
-62.80474294773464
-62.98788911206969
-62.96610366064927
-63.08742924908112
-63.060115920058614
-62.978214903124446
-63.04032532202786
-63.06946585815528
-63.13207157315879
-63.11429551552082
-63.08446844076288
-63.08010731997161
-63.13406249469724
-63.14593625890797
-63.12343334124006
-63.131971272928965
-63.07750144498102
-63.02227923376807
-63.13792568445206
-63.16092093545815
-63.143106279702025
-63.083149478353306
-63.15039130737041
-63.134921278419164
-63.07167479806933
-63.01148419750148
-63.03596280155511
-63.06740784542314
-63.11311991564159
-63.14986297590979
-63.09714698174904
-62.920670708705636
-63.10341784769091
-63.10215338139698
-63.09190095704177
-63.1330036551788
-63.07193010223323
-63.071172972177635
-63.081907078109936
-63.15129174343471
-63.13300637541146
-63.124310571571876
-62.97065864040934
-62.95596843135768
-63.123063329992625
-63.1572208404541
-63.149494044739626
-63.114344082001985
-63.10393581308168
-63.066194889874296
-63.053433357641616
-63.14772345690891
-62.94526819319561
-63.13649991154671
-63.17144439549282
-63.12048856657127
-63.195916035052
-63.09644002750002
-63.17448546763124
-63.218963238699686
-63.16378637017875
-63.20165802692545
-63.133037570221674
-63.1931126795966
-63.10467571122893
-63.129669586132316
-63.09836954083936
-63.01992729922821
-63.05006413213138
-63.20837957900146
-63.071818142101684
-63.22844990985147
-63.18276252828795
-63.164967080642434
-63.17782918851951
-63.19599887009325
-63.18868879614205
-63.15965373351656
-63.16900890448998
-63.1991448669598
-63.18236281748476
-63.14374043201578
-63.16594336156187
-63.161757993287054
-63.240464836359024
-63.206639456337896
-63.155009967499765
-63.0907251053843
-63.114861259172706
-63.145572288282985
-63.18317781645676
-63.06084426107078
-63.13542989101903
