2053.1940280914305
1739.8044086774191
1725.3083185831706
1749.7652184168498
1681.6681825637818
1609.9149386723836
1575.00324122111
1712.2594058672587
1715.9250518163046
1664.7026079177856
1640.4733078956604
1721.275237051646
1592.3721317609152
1617.5144437472024
1511.3008790969848
1581.6714699427287
1590.1570447921754
1691.2857849756876
1608.2646471023559
1590.0308915774028
1531.8246574401855
1576.5711987495422
1515.227828502655
1500.4182811419169
1472.4861289342246
1466.1353837331137
1521.6252022743224
1542.3432439804078
1542.0710747083028
1538.5857358614603
1561.5490018526714
1497.0446617762248
1586.617487780253
1504.9317688624064
1589.1281053543091
1525.198595237732
1600.3488135019938
1448.3840161005655
1514.0544007937112
1587.3474456151328
1471.1917235692342
1532.345229021708
1578.6209472974142
1397.8644349416097
1533.3860155741374
1557.524847984314
1451.111087958018
1496.2229754130046
1524.24063539505
1491.8370318730672
1558.183826637268
1463.0863246917725
1563.0962376594543
1524.7162835439046
1450.1039335250855
1547.0177692095438
1471.0333202997842
1498.35404326121
1497.9804606755574
1475.168105284373
1560.2184031804402
1499.1654953956604
1525.902834033966
1534.7216497421264
1476.7881541887919
1452.8407163619995
1506.9659176508585
1499.2540006637573
1482.457775179545
1458.5946680068969
1530.6445599873862
1482.0439503351847
1566.6699769655863
1477.501450920105
1508.077657063802
1378.7736258824666
1457.422732257843
1396.4609557151794
1541.0754285176595
1497.9388520240784
1340.731526819865
1467.9964833259583
1554.2441560109457
1554.0462430318196
1534.5722951889038
1390.6952797571819
1365.910825665792
1476.356985282898
1452.6047757148742
1441.4238238970438
1468.9100867907207
1482.039248975118
1376.7593940734864
1417.0464625994364
1481.0456694602967
1483.3076563835143
1472.255167134603
1421.9555318196615
1527.271893596649
1480.6864559173584
1432.1691692352294
1455.9597152709962
1478.3788380622864
1487.5263354619344
1461.356179555257
1440.9056077639261
1397.061444791158
1451.5245871861775
1538.4346204121907
1437.9248575210572
1444.9417542775473
1478.6778287887573
1518.2989521026611
1462.982329495748
1528.8129018465677
1490.6968631426494
1480.8942368507385
1467.8964740117392
1494.1559027671815
1459.610823949178
1490.582420508067
1421.151415570577
1500.4657286643983
1509.4927156448364
1486.368639945984
1528.660220082601
1487.239685376485
1535.244555823008
1522.5822975158692
1491.636726951599
1477.3972125371297
1464.2965662956237
1443.2289057413736
1500.3804611206056
1402.3451961835226
1396.355740515391
1516.6828005154928
1441.691965929667
1443.7983086585998
1538.0968806902567
1459.5359125773111
1518.7608633359273
1421.8246108373007
1471.273046620687
1461.9453645070394
1428.0123458226522
1469.4898745854696
1496.9015574773152
1523.6783961931865
1463.798508866628
1550.5289552370707
1415.4563250223796
1478.9677695274354
1455.3526258468628
1380.8297627766926
1392.8405849774679
1446.1242123285929
1506.1803809165954
1487.7394530932108
1489.697952334086
1440.8481742858887
1474.3325490633647
1431.8878668467203
1424.2243638038635
1474.5684416770935
1419.229693508148
1467.047396882375
1467.2472976366678
1530.2442178090414
1437.3336409886679
1481.4627248128256
1464.0019262313842
1474.506531238556
1461.5791467666627
1381.3673366228738
1436.329136943817
1491.4370819091796
1393.911701520284
1409.5192518552144
1370.1384055455526
1489.8860338846841
1456.517138036092
1459.24067029953
1352.7617007573447
1405.3141735076904
1425.7295391400655
1419.911099243164
1431.9053190867105
1525.0354948043823
1515.4372175852457
1455.6130308787028
1380.3962628046672
1451.7953263600668
1474.50932153066
1386.0119946161906
1467.4976605733236
1365.3256978352865
1466.9464831034343
1437.1860528945922
1408.627997080485
