2263.641322431893
2108.2006547862084
2156.868535929713
2134.3121381299247
2086.595998895579
2094.664856022802
2114.0137641840965
2052.124266591565
2090.8101577101083
2052.085398345158
2037.1332858513142
2090.133784590096
2040.4876908927129
2005.0926606408482
2020.4047218848918
2011.2339955691634
2021.841284225727
2036.018439950614
2044.510267520773
2040.0584127491918
2005.0298980186726
2022.1554341151796
2024.490426622588
1991.9882804607523
2027.6801690726445
1987.2202967281999
1969.6536370639144
1999.454405389983
2004.8247061433462
2000.9260723508637
1983.1744737953975
1974.1271622098725
2014.3955444467479
1989.9049176512094
1981.6438461829875
1972.612807109438
2031.5474720658926
1984.9892069060227
1999.5425294678787
1995.8939902206946
2022.7665021172886
1995.877990591115
1965.9391048036773
1978.99208614744
1946.1319875059457
1972.2363187197982
1981.3269706594533
1942.8134177635457
1890.2891593801564
1932.0438364292013
1948.4948323019619
1933.1612794152622
1945.8818487956605
1899.2827488800574
1931.2116832733154
1921.474247011645
1927.8955936431885
1909.3228898870534
1934.5326407202358
1943.182380413187
1925.9823995787522
1920.7906304063467
1936.437353298582
1924.7616241060455
1916.2525084265346
1905.3741672778951
1912.098837227657
1908.180211198741
1927.8534570233576
1913.881616263554
1924.1043257877745
1943.053567820582
1911.2889885080272
1910.0234012932613
1947.6640390856512
1908.3413419394658
1968.3727942828475
1879.7668090031066
1897.4701643647818
1909.6998415979847
1910.1282211829875
1926.091908750863
1931.9719199476572
1902.1324622055579
1939.6130101434117
1963.4476667601486
1933.0981871506262
1889.9853367641053
1877.1432645074253
1936.2495136260986
1922.0109788960424
1910.3169148543786
1932.9094960442906
1914.7633032305487
1911.4514191397304
1904.8719136139441
1912.614304180803
1884.1088466315434
1881.8236006375016
1896.7874793348642
1906.8742399873404
1901.8636876468001
1879.1537041499696
1903.961290556809
1932.6227682705583
1889.297741725527
1875.8031439945617
1860.7851774281469
1910.1671779566798
1876.4843874635367
1862.8600652628932
1920.826989667169
1864.8656284726899
1900.440505323739
1855.6280808942072
1850.3838332603718
1847.4545119713093
1884.4915119697307
1860.9500552868021
1876.8289863652196
1844.2108575228988
1884.2223763959162
1825.1983735314732
1890.6002259090028
1845.2451526378763
1901.4697226162614
1883.5068983538397
1862.9363738092884
1840.6780423131481
1839.182645534647
1847.1409324119832
1896.3652015554494
1821.2255789000412
1881.0481148752674
1902.8321935719457
1864.6402136375164
1868.3503047680033
1895.4335411992565
1840.770141042512
1871.8952627839712
1861.7831916809082
1903.5572232542368
1884.5397115247004
1830.8080872173966
1908.0678816828236
1849.8591532871642
1806.9992602775837
1890.5609153221394
1825.6457209751525
1880.5960858443689
1849.801133287364
1868.368803747769
1854.9405407083445
1851.3343129322448
1843.9422583086737
1854.487280615445
1865.0240024369339
1875.689704631937
1863.0789238173386
1860.9637720831508
1905.1639293802195
1834.3537990964692
1871.9182693218363
1828.176938089831
1862.497459411621
1849.8717220569479
1841.6604549144877
1881.4437556431212
1860.4561644915877
1866.5616684946522
1855.3234798168314
1828.9436325204783
1835.847376593228
1871.2662207504798
1855.6999091444345
1832.0841638959687
1832.1454917973485
1859.9330112194193
1879.2386021449647
1789.8900648314377
1848.555438238999
1825.0831847355284
1866.871377616093
1822.012718957046
1802.1479253440068
1891.2271860714616
1813.5226815651204
1827.8965146294956
1842.415750700852
1807.6892831078892
1878.5348271994756
1853.562669425175
1899.7662509063196
1835.0878783916605
1860.9766489555095
1862.3482820576635
1842.4309756838043
1844.7350170201269
1840.5150476653
1854.1809318805563
