176.39421613874106
157.27890598773956
160.10980450284893
154.93750129897018
149.66567966033674
156.30828175873592
155.73963222010383
153.27245946382655
156.25457889869296
150.06875943726507
145.06794809267438
146.42441070079803
148.4950223708975
144.7042493532444
144.66342228445512
141.70017387127055
141.35157270678158
150.40004298604768
148.30434773297145
144.3761574440989
148.05669810032023
143.21242789769994
142.15510227967954
137.8056500369105
141.24147639192384
145.572157629605
140.56797571839957
143.96010500603708
139.65984615786323
140.9738679384363
140.78756098089548
143.08327345190378
140.8987036018536
140.0580822517132
140.34909449774642
135.39584151218676
148.99999766925285
141.91217549093838
139.7392965678511
142.55028631358311
141.62795153157464
148.8270220263251
141.11062777453455
138.61286437716979
141.77495976563156
137.5074405341313
138.38270051314913
140.00278135003714
139.98684732461797
146.21067746343283
143.3730295197717
141.63367012862503
138.00312585255196
140.87746359562053
140.98823953496998
141.93331889448496
139.3142604971754
135.7901256639382
135.04489182192702
135.38624437924088
140.43551597924068
143.67884339546336
134.60320118377948
140.5232628953868
143.0125157997526
141.03491746968237
140.2627271907083
135.158836648382
139.12796621898124
134.22994087071254
133.16844208898215
134.92149098166104
135.4596818829405
139.91943704670874
133.53093178929953
132.79252012844742
138.1568088202641
139.74197318841672
138.30654030421684
141.62815852822928
139.16560930013657
142.00524063973592
136.00073363041056
148.05928042428246
140.82690797180965
139.05787420272827
130.24280842419327
134.94381667416673
134.84155595302582
139.83498877903511
140.47047696031373
137.61056109954572
135.60468138086384
138.99798610292632
141.8592457689088
140.04956529469325
142.3592359279764
132.3764753095035
146.14151831330923
137.39188965230153
136.9770465102689
128.03484441083054
141.49905162433097
137.79214879151047
133.89319242691172
139.03667352322876
137.03155883016257
136.85302883797678
138.6775611022423
139.7294834441152
137.91339153667977
139.4653424147902
135.47810170979335
138.0064606666565
140.16099181257445
139.55926499695613
142.26371999650166
138.39774309355636
131.99058903702374
134.68092598997313
137.5454206302248
143.70242096226792
139.73676728996736
137.27493447681954
140.43764407059243
140.14393927722142
139.92410419727193
140.42657614165338
144.3150935440228
138.35676476051069
132.57433045321497
134.53204851726005
134.29594483252228
137.4543396028979
139.45185796145736
139.47262234112313
138.2264955002686
134.36023725312333
134.919353723526
131.06375422971
136.7089205117061
138.3257691736879
139.92916397390695
135.15135995684
138.8549585959007
141.83070518641637
137.66373024726735
136.1901431700279
132.97890508997028
143.21882523750438
135.73231742299836
137.10135898507875
131.9070560644413
132.89498464609014
137.30197752755265
136.8641764089979
133.81701395429414
140.21711324412246
134.8115788739303
142.1921831698253
138.07242464197094
137.88494441015968
134.2780852893303
135.31551181858984
134.90322790885793
133.4047468366294
132.3008084153307
129.39769098265418
137.91750153179825
140.83932441678542
132.67200308832628
133.94543190660147
133.3277086595009
132.5383198877861
132.8462774589144
133.94568463029532
135.93744203139997
140.6747863210481
133.01889079603654
140.67736839837042
136.20834860719484
142.69884982396817
140.17772480126084
134.11715348424582
134.4057720324089
137.44309219820747
132.3392280545728
139.54917373328374
136.1074625048144
136.31604628727354
134.36198267854493
136.14388610576762
131.247489600346
137.05278635847156
129.60529476198656
137.41598184355374
138.21472472157973
134.99580363980655
144.1535695832351
131.92341342054564
