72.6310303380092
42.428786192337675
33.38852303822835
28.993036583065987
26.825584066907563
24.04893909394741
22.2991364484032
21.42610760331154
19.804352389276026
18.594976053138573
17.958312433461348
16.955423469344776
16.2170559545358
15.805260094006856
15.139046698311965
14.486662548283736
14.08793386320273
13.519982533653577
13.1813161979119
12.710306739062071
12.429758145908515
12.062405408422153
11.671938926974933
11.512751657764117
11.295786871016025
10.935938863952954
10.709136246144771
10.68174204553167
10.120559086898963
10.163797083000341
9.898342968523503
9.701438607275486
9.712527992328008
9.306690946718057
9.229909604291121
9.101475065946579
8.970025480538606
8.79206241965294
8.670420691370964
8.626519516607125
8.330852978428204
8.330207593739033
8.348060881594817
8.186908074220021
8.15380656272173
8.061803820977609
7.9759201707939305
7.852967701852322
7.710496773819129
7.620307409266631
7.6682553850114346
7.360220877577861
7.389430213719606
7.333240954826276
7.5012325669328375
7.172291152675947
7.1408937439322475
7.073789376020431
7.150474106768767
7.087095600366593
7.0772556287546955
6.930965054035187
6.793165782590707
6.730239527920882
6.645865654448668
6.696600912262996
6.680047348390023
6.533471312125524
6.510919939974944
6.598519682884216
6.418050169944763
6.4283931195735935
6.343004968762398
6.370995239168406
6.208483360459407
6.220333481083314
6.283816922207674
6.106108698248863
5.953893113632997
6.11372118294239
5.997014922897021
5.986729988952478
5.874419894069433
6.045373952885469
5.9612868569791315
5.807780402898788
5.928231694797675
5.722545975943406
5.689526363958915
5.659455105413993
5.673747185866038
5.704826728875438
5.680873667697112
5.652768904467424
5.754804809391499
5.663197617232799
5.639919515947501
5.532673665632804
5.577573671936989
5.5567696404953795
5.475022483989596
5.441845361391703
5.384146852791309
5.264195052658518
5.265989072620869
5.222817639137308
5.429736842215061
5.337254231671492
5.277286443610986
5.274085776756207
5.362677912662426
5.173624258612593
5.168834588304162
5.112615811824798
5.109858602533738
5.060085553055008
5.0485671256979305
5.033924246331056
4.942507568746805
4.948727691918611
5.102424418181181
4.993100626642505
4.951136316359043
4.921178649862608
4.921670527011156
4.898250906790296
4.8218493287762
4.899018251647552
4.802734484523535
4.853370647629102
4.783708795656761
4.839576860393087
4.84072225963076
4.751729511717955
4.8705301605165
4.741460298995177
4.764295440663894
4.746065969516834
4.667897567773859
4.6894978811343515
4.617604352533817
4.657646984731158
4.647476842502753
4.671342542022467
4.575900050004323
4.568756418923537
4.620787403111657
4.545250148077806
4.657634345814586
4.826443447048465
4.8875207982957365
4.8419177378217375
4.656011413037777
4.651571699231863
4.5768028877675535
4.508624682078759
4.593565801158547
4.51094434907039
4.646342414865891
4.412495508044958
4.399158570542932
4.384429787099362
4.520197924971581
4.577700259536504
4.397283742576837
4.395163931449255
4.317579710980256
4.3157151448229945
4.286450124780337
4.372444720938802
4.344704270362854
4.219333181654414
4.269816640391946
4.250469572593769
4.251143936316172
4.347254239519438
4.294469094773134
4.272044545784593
4.181564386188984
4.184989828368028
4.2354521761337915
4.173567952215672
4.270141515011589
4.24361546523869
4.328983744233847
4.12228484377265
4.1313004704813165
4.102892329916358
4.2086617461095255
4.175449070086082
4.136220877120892
4.070378627255559
4.137864750002821
4.167661207914352
4.162408669541279
4.00591185366114
4.058838355292877
4.036704698950052
4.093976920470595
4.016770159949859
