135.2340024031442
89.54975702433751
71.32290942196188
59.48950277731336
45.54827752914922
36.34504497513689
29.47286682139183
26.849375661591004
22.5205834179089
18.135956894477893
14.738815019035648
13.63292948766772
10.313445620945302
8.840977536803432
6.783959796587968
3.6235836418024423
2.377806734935991
2.300417301212919
0.4539151132620614
-2.704910296818306
-2.001503789733196
-3.960726018095839
-4.625742358123434
-5.795459640437159
-6.159150933911061
-6.658295314887474
-8.262547282823201
-8.309910580515862
-8.57800797398748
-8.932783806118472
-9.914155415419874
-9.4474487792829
-10.922314573978555
-11.068008063682194
-11.323976182218257
-12.19338230172108
-13.125253204127837
-14.22478446569936
-14.177178259039747
-14.982941036080492
-14.520739919666585
-14.100569940846542
-16.380579023011798
-15.888196107642404
-16.24011778985632
-17.499070280584796
-17.31277935874873
-17.335500204357608
-18.15059532225132
-18.44438335453642
-18.243302365829205
-19.67769111487372
-20.51003984747262
-20.76108638377025
-21.102794523896844
-20.987589099283877
-21.216769901842905
-21.066789091661057
-21.615482751665443
-21.841611734751996
-22.9450131757506
-22.779221042476852
-22.752797299417956
-22.546476424768052
-23.535176526883554
-23.91254142851665
-24.239895688048726
-24.292539326281382
-24.764864552637626
-24.84056498367211
-24.79199443397851
-24.75522457525648
-25.40959609993573
-25.403571870820276
-26.035819680526338
-25.92881591463911
-26.141044761600167
-26.568493701260664
-26.804189395287942
-26.994073793805878
-27.661583037211976
-26.95725511579678
-27.507808366726184
-27.60706168207629
-26.7784811350806
-27.82084665935615
-28.394488262719122
-27.826205851702856
-28.856884562763675
-29.508528244906458
-28.786272469265707
-28.89541339771501
-28.248283780854322
-29.41312603909394
-29.765125963194617
-29.419891032679327
-29.443885169152555
-30.392020815405353
-30.658730873773838
-30.601664562677517
-30.31855511973644
-30.667616022044214
-30.744050129734237
-31.08003966664446
-30.66247972332198
-31.076296018115407
-32.09391190574087
-31.325643501405057
-31.863204397004225
-32.20031522265796
-31.868434018102185
-32.475063818282095
-32.4755825657269
-32.74190950393677
-33.097837501558764
-33.01418446055774
-33.289879327190334
-32.699343680307784
-33.739696702052804
-33.5367171908247
-33.16403071119868
-32.91294467346422
-33.59860339246947
-33.681591608401
-34.1091665420039
-34.170075122652385
-34.24999734553798
-34.15376552014515
-34.42849397248235
-34.422264959277776
-35.146100279586065
-34.964159239982735
-34.772189901820546
-34.89547536496458
-34.80020543521848
-34.52075153692015
-35.20210912823677
-35.79923239658619
-36.13396294466381
-35.584143756792464
-35.69908426958939
-36.40504611977215
-36.56942759094567
-36.15691264949996
-36.4516487183242
-36.57276495777327
-36.75253671099399
-36.75716397371785
-36.561892812622006
-36.56982169993992
-37.35498090139751
-37.52751282371324
-36.90628688294312
-37.58530067678156
-37.66490988998577
-37.54139144872797
-38.29375406072057
-37.530058056116104
-36.775464027092376
-37.940260573707775
-37.44707056777231
-37.761252292271315
-37.800892437326496
-38.04040196640738
-38.129604471140894
-38.37089493665202
-37.99191601728571
-38.48764519444828
-38.50550338214841
-38.42602105490093
-38.802341316280696
-38.56851877734579
-39.295127894344
-39.2935967095967
-39.109478200304096
-38.49295522118437
-39.24653979211018
-38.91734007925823
-39.05007532033427
-38.784309259776414
-38.98257758596848
-39.53239694237709
-39.71302655030941
-40.2258459730395
-39.84406093482313
-39.86808604824132
-39.573016219097994
-40.133088783971196
-39.969398396796194
-40.16847124284711
-41.134931471841085
-40.41965284840814
-40.4644957780838
-40.290399592498254
-40.11301519233605
-40.665102297889774
-40.96956763699137
-41.27214383256847
-41.37328716598708
-40.643471986055374
