391.06429491043093
249.09007809956867
205.31994232734044
180.28853578567504
163.29369134902953
152.46931149959565
145.30123552878698
137.22924009164174
133.9010685165723
127.94817737738292
122.6102378129959
120.16541374921799
117.20360426902771
115.74080873727799
112.75539118448893
111.06155305306116
108.82132668495179
106.83563831249873
104.85082612832387
103.31927614212036
102.44404190381368
100.92309103012084
100.90047827561696
99.40191108385721
98.61964785257975
97.88398746649425
96.13516701062521
95.67191333770752
95.26289582649866
92.9170425216357
92.54073611497878
91.33618590831756
91.16104855537415
89.32412674824397
89.38772468765576
87.99781488577524
87.57622233231862
88.59995017051696
88.0148679335912
86.28510557810465
85.50449616114298
85.44474712808928
85.17020745078723
85.6860854824384
84.86581128438314
84.35855506062508
82.8212005019188
82.75208434661229
82.24435870250066
82.93220381935437
82.6931270202001
82.30610160430273
81.46660091280937
81.71482475598653
81.53113001187643
80.4765898068746
80.27287327051162
79.99970306158066
80.61497443914413
79.4347954193751
78.00594551563263
79.26715459426244
79.13427624503771
77.7961910446485
77.55959330002467
78.48538084030152
78.37222613096237
77.38774490555127
77.36065487861633
76.99445994695027
76.68657927910486
77.03397847414017
75.59219811360042
75.56382069587707
74.7552737236023
75.05902790228525
75.23911917408307
76.29430464704832
75.59950246016184
74.88129303852718
75.29812270204226
74.08902796109517
75.11938378413518
74.6297908504804
73.60220787127813
73.924257816871
73.13949256340662
73.72193220456441
73.16777167121569
72.60438579916953
72.51755976279577
72.70646475950876
72.94214956760406
72.803642364343
72.18557220300039
71.98900624513627
71.48043439586958
71.24851283232371
71.40171680450439
71.28756841222445
71.62205896774928
71.06190959612529
71.54291896820068
71.81810901959737
70.33178255558013
69.58562474449475
70.6843394736449
70.49956758817036
69.82451453606288
69.80423024694124
70.64523476163546
70.74692890644073
69.56294860243797
68.68284401098887
70.7048031826814
69.3889809747537
69.15182173053424
69.25195566018422
68.70010780096054
68.59448467095693
68.19237365325291
68.09526862502098
68.93909878134727
68.10236791769664
68.31993819276492
68.62991640170415
67.54771715799967
67.82549739678701
67.5741347471873
68.00562802950542
68.10133146444956
67.27976155281067
68.35300942262013
68.32431756655374
67.24331948558489
67.62241923014322
67.3083914299806
66.8903914809227
67.03414988319079
66.23681064248085
67.45996124545734
67.41221343278885
66.28185027639071
65.61406184832255
65.90410038232804
65.62234836022058
65.84622949759165
66.33823510805766
66.14181563258171
65.20712085962296
65.48312973976135
66.49353424112002
64.35403238534927
65.28154442509016
65.68083614309629
66.04103616674742
65.65795278549194
66.24307366013527
66.0908346136411
65.84779172142346
66.47915401260057
65.34084271589914
64.6106230556965
65.3940452416738
64.8519539296627
65.61894492308299
64.50809047222137
65.21342019836108
64.47239999771118
64.86238860885302
63.73440218567848
64.12514590620995
64.74394091963768
64.81223595937094
63.28299477100372
63.93303252458573
64.71187318960826
63.74255530436834
63.41092343131701
63.517447994152704
63.842154053847
62.83235368728638
63.376998458306
63.47707861860593
62.89332665999731
63.10398111740748
63.52584350705147
63.89596600333849
63.39561431407928
62.2580939133962
63.18061535557111
62.92284629742304
62.91784493525823
62.82069783409437
62.427289168039955
61.72389579017957
63.29216187397639
62.05220330953598
62.5102379043897
62.35726853410403
