-57.5654266367356
-157.5944939215978
-179.57927645842236
-187.3629391590754
-190.93429841200512
-193.62210005919138
-196.8802325963974
-198.6915966272354
-201.54573638439177
-201.26078646183015
-200.25595421791076
-202.54359268744787
-207.26260319550832
-205.3921294291814
-206.84471762975056
-206.40502531528472
-208.91202662785847
-209.9572843670845
-210.1770496447881
-210.87063483397165
-211.7430906534195
-212.88305608034133
-214.68101657231648
-212.6487670739492
-211.89090355237326
-213.0965746800105
-215.67991044918696
-214.11070909500123
-216.2120953520139
-216.64223460356394
-217.53586377302807
-219.89977994759877
-221.26250758171082
-221.1787529786428
-222.34372536738712
-223.01425332228342
-223.2753605524699
-223.4091975927353
-225.13748272657395
-224.24179259936014
-225.33356297016144
-225.1968439102173
-224.55832289059956
-226.16560204029082
-226.16457169453304
-227.48423482577007
-227.70135688384374
-227.5010765592257
-228.0093606710434
-230.04086902141572
-229.83798053264618
-229.5543888290723
-229.62340712547302
-229.21580057938894
-230.3708792646726
-230.70402690172196
-230.72832526365917
-230.46913268963496
-229.57542332808177
-231.91812804539998
-232.68438233534496
-233.22189252773921
-233.7654445966085
-232.82881677150726
-233.36615482966104
-232.7630656639735
-233.26757277647656
-233.8557668964068
-234.41190417210262
-235.3566365758578
-235.43643798828126
-235.48897808392843
-235.30868440071742
-234.4603238662084
-233.88451607227324
-235.239820766449
-235.97877594629924
-236.76729029019674
-236.62123519976933
-235.81501673857372
-235.6856385946274
-235.25300401846567
-233.86936791737875
-235.56156993309656
-236.60943229595821
-236.16860203742982
-236.97267790635428
-237.07603360414504
-236.5480234702428
-236.39302212397257
-236.46540825366975
-237.24470165173213
-236.72456442515056
-236.83087317148843
-236.44759693145753
-236.5449134985606
-237.1296420375506
-237.40324891408284
-237.82842619816464
-238.09516258239745
-238.22272571722667
-237.72133220036824
-237.80524191061656
-237.82920047442119
-237.97856908639272
-238.41843175888062
-238.87688740094504
-239.6698797305425
-239.69315818945566
-239.7234593788783
-239.70887192487717
-239.57506688435873
-238.49531833728153
-238.72416529258092
-238.69322485526402
-238.70413189729055
-239.1972544113795
-239.41420675913494
-239.53687392075855
-239.6275478919347
-239.21700259049734
-239.09490838050843
-238.9004873553912
-239.15624482631682
-239.34823644955952
-239.0286593278249
-238.6729464451472
-238.90393149852753
-239.7161031683286
-239.93050072193145
-240.3231637239456
-240.0472562988599
-239.8672872344653
-240.03301264444988
-239.86284927924473
-240.23582677046457
-240.84301231702167
-241.04009562333425
-240.8160586277644
-240.38509149154027
-240.4920486251513
-240.50044062932332
-240.3207718372345
-240.18410643736522
-240.31131043831508
-240.80122777223588
-241.01077686945598
-241.22847739855447
-240.96454609235127
-240.76382377942403
-241.5081628958384
-241.44848450024924
-241.60364534060162
-241.70918329556784
-241.79420690933864
-242.07926983038584
-241.9959984302521
-241.6450790564219
-241.56859469413757
-241.27516774336496
-241.4697144428889
-241.32921206156414
-241.30033032099405
-241.0189690430959
-241.21454753081005
-241.48739802042644
-241.51594497362774
-241.4485094308853
-241.5629283507665
-241.6304924805959
-241.66670273145039
-241.61863677104313
-241.40629047950108
-241.6219064474106
-241.69433881044387
-242.0383396466573
-242.25683568318684
-242.34676913817722
-242.1764979203542
-242.0190760930379
-242.25452450116475
-242.41659460862476
-241.9501377662023
-242.0485051870346
-242.13067660331726
-242.52208067576092
-242.3676278750102
-242.2460010488828
-241.82480728228887
-241.4968425353368
-241.21205042600633
-240.90940851370493
-241.23453634579977
-241.19007842143375
-241.54894546667734
-242.11221850713093
-242.1965226173401
-242.1810255130132
-242.42495529651643
-242.36962083975473
