996.4768581867218
826.6018660704295
761.018796157837
713.6611542224884
683.0958223263423
656.746001402537
633.2769475221634
609.878714410464
596.4530168056488
581.2870392719905
563.9586915810903
556.694539197286
549.1235633532207
547.4238579750061
539.5528271675109
539.636197312673
530.6521889766058
527.040193136533
518.6425267775853
509.3531456152598
506.7224173148473
503.0981439272563
495.03318750858307
489.21430666446685
492.2891191482544
484.719357530276
481.8566976070404
472.65730781555175
472.42190708319345
471.77601392269133
468.7536400874456
471.8302444537481
465.61569205125176
463.56503955523175
466.78252317905424
457.61966287295024
464.17774530649183
459.22621944745384
458.26605376402534
456.78021434148155
446.92260460456214
449.7558910250664
452.6929157654444
449.0996518611908
442.90680651664735
445.13342928886414
441.2686611096064
438.91575876871747
443.6756919264793
437.98778707583745
436.7826943039894
434.0139064669609
436.38227409124374
436.35565757751465
434.4033504962921
432.27365163564684
431.10430184205376
427.70891726017
427.43897897402445
430.0693205833435
423.03565027713773
422.39605692227684
424.0372350772222
421.0313105583191
417.55368315378826
419.11436149279274
422.87065513531365
417.8906957030296
413.85276836156845
415.7374505798022
413.77207212845485
414.52132132450737
414.4727931896845
414.1279549956322
409.65350103378296
412.41609544356663
410.23994756937026
410.37038193543754
410.9860326369604
409.8301893631617
408.99737631877264
403.77484716176986
407.9101987083753
405.48135639826455
406.81880260705947
409.94692422151564
406.9178940335909
405.56047756671904
404.50607051849363
401.6778066555659
404.6462345401446
406.03820782899857
399.66541703939436
403.06614270210264
401.55395676692325
398.30975033044814
396.3087472399076
398.59012261629107
396.46979226668674
398.16406730810803
399.86494904756546
395.2435118794441
394.2490006128947
401.4291515191396
394.1838376959165
392.9369660139084
394.747248629729
393.3512469689051
392.6410338799159
393.51870378653206
391.89263578653333
390.5971909999847
393.8282102982203
390.45713155269624
391.8176549911499
390.89929975271224
392.46505524714786
389.5192712545395
391.68394792079926
395.4989619930585
394.9713328440984
386.191772266229
388.17916748523714
386.6615002036095
386.62299538056055
387.89407038291296
385.68249755303066
385.2700754682223
386.5792111515999
383.32837819655737
381.00843492746355
382.203930302461
378.97846825520196
381.51908428668975
381.2042686541875
378.89084248542787
385.602857208252
378.17237818638483
380.92763868967694
381.88800935347876
378.4112199266752
381.67628162701925
377.9591354250908
381.5025709350904
379.87031877040863
377.54734776417416
378.7972410043081
378.8845465699832
375.6720501502355
380.0321569999059
376.8967477520307
377.50304017861686
378.17056564887366
373.44467451572416
375.75320526361463
375.37454217274984
374.43540104230243
377.5641975839933
373.83240066369376
373.7258401354154
368.5816554903984
369.9571873664856
373.0352791309357
371.7820995688438
370.3283606092135
371.2108468135198
371.0056080460548
370.76051923831307
369.52653463284173
368.6119417111079
369.99617179632185
370.9527067343394
368.9035226464272
368.95442369778954
368.04465889136
364.2223494529724
364.23205281098683
363.02606959342955
366.4705383300781
363.75167471965153
365.98750789960224
369.8507223447164
364.921916170915
369.7071723898252
367.1534248749415
366.8589619914691
369.6957223415375
366.3776697595914
364.9501425226529
365.8662442445755
367.4280659914017
364.3799405177434
360.4996652642886
362.11999593178433
362.486560857296
362.6954038580259
364.3793189605077
363.5566912174225
363.223507074515
363.51964124441145
