46.89655755563029
22.89690507845632
13.813828350205359
8.722331409438931
5.392270389302023
2.143975468288208
0.7254345982239164
-0.9106879357633919
-3.0010796608082178
-3.170309393056508
-5.043641678218184
-5.101779932091976
-5.98240398744057
-6.76428108354067
-7.820428058248142
-8.515286417356853
-9.415326058864594
-8.876749804949966
-9.951467399967127
-10.015381799689655
-11.20256935676624
-10.449524581946175
-11.08337930307306
-11.369121651711135
-11.620293705627835
-11.82102248535074
-12.587711894306644
-12.353426469297245
-13.827034330573575
-13.477121497536528
-13.810335644360247
-14.08939891539771
-14.636060103260238
-13.428477337648129
-14.660451675797331
-14.649331728446073
-15.457073347321872
-15.7769906078947
-15.714919926277522
-16.24322108153639
-15.9978916783785
-16.353481722289118
-16.182485147282996
-16.962169935477192
-16.54443451042833
-16.382996161436214
-16.87863807174666
-16.181924120619378
-17.265233157009913
-17.238767325878143
-17.104426415829824
-18.11967454234074
-17.402096852146347
-17.029796493978335
-17.14474494087285
-17.16389748608244
-17.119460757436425
-17.932301720154697
-18.420441802719544
-17.568215929742518
-17.698857417394375
-18.305466560454203
-18.46405325521683
-18.537002977626077
-18.95473840421644
-18.673918371570522
-19.03591891403856
-19.49140737488352
-18.683230977120072
-18.582951631525468
-19.857221213394197
-18.859912945278758
-18.571851476513107
-19.465388760484498
-19.214754215602216
-19.855322933916387
-19.85947776149059
-19.881187206712262
-20.075610447032698
-19.648409507397947
-19.704816208831197
-19.45947823442262
-20.16543185710907
-20.022663202265214
-19.453450252269878
-20.448820861762968
-20.764830400203838
-20.47734082156214
-20.851362103018268
-20.744076616805174
-20.370041721339884
-20.28363556080851
-21.260200156220073
-20.609202834552732
-20.94966683511076
-21.101141035556793
-20.303516603749372
-21.174383448115712
-20.720303325817504
-20.41956733732388
-21.237796392934076
-20.83419582247734
-20.70970103350179
-20.663493247381574
-21.535469794067843
-21.670867503717027
-21.120834359834934
-21.477056094284716
-21.740773576086966
-21.045465054697004
-21.237257109119973
-21.135562347954718
-22.283899418238935
-21.4245290622629
-21.548921059945535
-22.131781805178214
-22.442780853345475
-22.339635950737986
-22.190569211182922
-22.439091506703146
-22.15114816612211
-22.152271800000094
-21.90556203907934
-22.43543268277727
-22.79081397375156
-22.416580578376507
-22.056000483447107
-22.036434780934762
-21.80735490445433
-22.76808298045191
-22.325034200117507
-22.17992488577448
-22.199508199404026
-22.196051013880762
-22.182104426211325
-21.99330462052904
-22.850112205949323
-22.315767390460802
-23.22731160141271
-22.50072027794246
-22.800979974454847
-23.273287470998437
-22.84830830169135
-22.893675995797945
-22.078002851584863
-22.936204799290362
-23.362427817336446
-23.322845037641198
-22.842201881367586
-22.95288369470629
-23.678263340530723
-23.209294099232245
-23.01701195897727
-23.22935025445346
-22.862308318245
-23.780328212113215
-23.27597498585438
-23.539605608274197
-22.914488542696525
-23.360718115650375
-23.38498327649873
-23.391428298477468
-23.77794168324306
-24.101553209896746
-23.523785062905016
-22.936068903783273
-23.702717787232892
-23.952510166784812
-23.526186146098993
-23.300378191060034
-23.026511444100016
-23.55647251009941
-23.18533520246374
-23.91857835958744
-23.657038905497256
-23.46093555873838
-24.303414498937542
-24.310134435522144
-23.829541152921216
-23.329337914442196
-23.514731344477884
-23.95215204358101
-23.739648054386006
-23.528282552957535
-24.765547767795365
-23.484170131642244
-23.784861701315847
-23.605893183371116
-23.332174609447346
-23.47485584431681
-23.735332987945654
-24.0526269160468
-24.339039718282635
-24.170462337033502
-23.4175832908729
-23.746290230545505
-23.945480225415064
-23.45842493094247
-24.36812845591841
-23.61544060296026
