42.1121616144975
24.555510384837785
21.06135560919841
19.72906318207582
17.974994771182537
17.609156004091105
16.042389956861733
15.221606869498888
14.621222877999147
14.021496730794508
13.304317391912143
13.82855104804039
13.399947474648554
13.24556001201272
12.955091040829817
12.380212200184664
12.395452762643496
11.581949096173048
11.486277838796378
11.206650724758704
10.838452291488647
10.593623958776394
10.451842207709948
10.917101844400168
10.257320355872313
10.037364570299784
9.633343485494455
9.750862807532151
9.364664466679097
9.496345815310876
9.422433560093245
9.054747314751149
9.099677655597528
9.15855818366011
8.769767258564631
8.469219733277956
8.752211300532023
8.60343354990085
8.535396654903888
8.530612418303887
8.773888905346393
8.306182606518268
8.327723725388447
8.318837078909079
8.223864550640185
8.132233804215987
8.011709652344386
7.821883128335078
7.768448345859846
7.7096157242854435
7.504808232933283
7.450433594981829
7.245226614922285
7.297680973509947
7.463090521593888
7.242180429647366
7.35254654114445
7.145751845091581
7.13025274562339
6.895725044608116
7.392255188028018
7.20401206985116
7.070186957716942
6.834604816138745
6.647550038496653
6.762096862867475
6.926830892264843
6.9844887256622314
6.820157990107933
6.635667144755522
7.008904654532671
6.863110946863889
6.911199822525183
6.894952545066674
6.563360173006853
6.566113333776594
6.424640673150619
6.415755964815617
6.513723244766394
6.591453399260839
6.47685020416975
6.424852653592825
6.441365111619234
6.337611319621404
6.524727445840836
6.281588194519282
6.320886186137796
6.3033484612902
6.6321568292876085
6.2724440433084965
6.478834165384372
6.378342666725318
6.196350869908929
6.235820284982522
5.975313408921163
6.127436612298092
5.7978433556854725
6.547588134929538
6.035842037200927
6.2652176881829895
6.18345359141628
6.062424200276534
5.984020422274868
5.799022757510344
6.108121262614926
5.86175270229578
5.651772523547212
5.786732831224799
5.9345660850405695
6.097165189186732
5.928814684475461
5.901622528582811
5.794670220340292
5.827524158110221
5.793055452158054
5.834559918940068
5.628525210047761
5.574268258238832
5.715077604353428
5.62489517206947
5.78683479676644
5.637192123631636
5.60382284099857
5.551899508759379
5.448920364926258
5.253562596440315
5.668778269117078
5.358602938304345
5.623827115694682
5.405585560947657
5.414642940709988
5.613017989695072
5.600310292343298
5.232770943144957
5.3420422402520975
5.7516102551172175
5.841966573148966
5.426102639113863
5.384207748497526
5.567480635767182
5.409045007452368
5.310890552401543
5.503643671919902
5.318495767563581
5.094780386735995
5.204890960454941
5.2397277191281315
5.146504376331965
5.204003487775723
5.35272832736373
5.272964454690615
5.055123975003759
5.156815473859509
5.190128892163435
5.1862707535425825
4.953090398510297
5.0121873412281275
5.160918096825481
5.071861780559023
4.9445227635403475
5.1326347954571245
5.140927567581335
5.077673254907131
5.30907597951591
4.898712548613548
4.955498318995039
4.902036942789952
4.793865185727676
4.954020303487778
4.97008178482453
4.89614186398685
4.806846885383129
5.1717053091774385
5.0642384145408865
5.010540649543206
5.065762547651927
4.908697840198874
4.994055920094252
5.194246840973695
4.968319247663021
4.799727175757289
5.155455237502853
5.038070993622144
5.321293839067221
4.875392298648754
5.024512827272217
5.044600982964039
4.7168545331805944
4.895615729813774
4.857349845021963
4.968310483296713
5.03603308647871
5.179907357692718
4.683628939092159
4.72644518862168
4.817121598869562
4.6772484503686425
4.817766750728091
4.7610890171180165
4.673300414656599
