31.606107799721688
10.463539598702356
1.6773273086753384
-4.035147285153126
-7.815615076443245
-10.326354990745413
-12.572381019592285
-14.786808662373444
-16.39966550674932
-18.474724633940333
-19.505458141195362
-20.89509123974833
-22.101944096129515
-21.752737914179935
-22.40230102580169
-23.0438169806168
-24.335954134834225
-24.698368864840475
-24.8402930960573
-26.63362792134285
-26.425223338192907
-27.77587560024755
-27.279593940438897
-28.2088781019737
-28.2812028948603
-29.46118657034019
-29.060860800332037
-29.32893139226683
-31.1010150416144
-30.316090587911933
-31.296109861341016
-31.39632417004684
-30.816612897248103
-31.66478163928821
-31.50574069804159
-32.158884014548924
-32.25530837013804
-32.29917724584711
-32.75818141267217
-32.549959814754025
-33.5811037893953
-34.45033486444375
-34.11642769287373
-33.57905605538138
-34.98235737044236
-33.952272265121856
-34.49601895130914
-34.990642338991165
-35.23005038705365
-34.85179310009397
-35.53609677429857
-35.857111815748546
-36.01598579102549
-35.917691766188064
-36.4872531346206
-36.406787681168524
-37.17759029104792
-36.22609465081116
-36.52638598351643
-37.0867952601663
-37.103364599162134
-36.475026481110476
-37.43286868210497
-36.32369334327763
-37.330718354932195
-37.83802057237461
-37.60756209184383
-37.999067489443156
-38.37315586620364
-37.02123248063285
-38.678504844164024
-38.21678524901127
-38.37921521889752
-39.28590808551887
-38.70907934575245
-38.58786530844097
-39.37703715316181
-39.395536621069084
-39.04279988079235
-38.54426378628303
-39.04963974808825
-39.321280270814896
-39.00446847183951
-40.31853704822475
-39.47597815558828
-40.22017147726026
-39.94344235596986
-39.61899136983115
-40.239182969619485
-40.67963760782932
-40.3931053291107
-41.21492559231561
-41.533580534417055
-40.99647986272286
-40.83863633973845
-41.091297854637276
-40.92177835209616
-40.486786253493406
-40.48967668927949
-41.0301310306993
-41.19858528519499
-41.34874213255685
-41.557379240619724
-41.508556458456766
-42.21933477089323
-41.415162597236964
-41.350246592842296
-41.44801022677586
-41.75694065669487
-41.93306565593029
-41.60369100447359
-42.107316333672095
-41.79945634767927
-41.464698944626186
-42.202121226951995
-42.68821316751941
-42.07425675515471
-42.961726658303164
-42.58261123196832
-42.494089226270546
-42.86677831925195
-42.643117855335106
-42.832324635365914
-43.4107260385464
-42.94739803671837
-43.01932299445416
-42.87531527054721
-43.10513096842273
-42.98278510981593
-43.776343595365
-43.639111269136954
-43.02028626922903
-42.76976106803993
-43.22863465753095
-43.320548342219716
-43.3092733446894
-43.69875076515921
-43.66851749605146
-43.62254722159484
-43.980029849142866
-43.390530495808044
-44.41765246925683
-43.5741968863997
-44.09939490618377
-44.06424532059965
-43.55786065705891
-44.092082226070865
-44.012426958001896
-43.9235279899219
-44.31460633771173
-44.33466093293552
-42.960548310444274
-44.544267987382824
-44.45017889553103
-45.100469928363275
-44.81429663711581
-44.497892205057475
-44.07663450364409
-44.86010548986238
-44.137015457811025
-44.98119205853035
-45.25429682073922
-43.78520528201399
-44.77246794515643
-44.72993391957776
-44.81868077968729
-45.46141246372256
-44.664472039403584
-44.53197186774221
-44.51663271414822
-45.57453153873312
-45.096255364089174
-44.945154281525774
-45.726386284006054
-45.443052887916565
-44.840330294493974
-44.55233295621543
-45.656880876113625
-45.4581406866682
-45.402822409210536
-45.46024069395558
-45.665693776360875
-45.0873510560085
-45.91908115765144
-45.277510606009386
-45.407018256598505
-44.841600383150165
-44.993632664968224
-45.85347144768156
-46.14946249538455
-45.95657870790054
-45.532708888423855
-45.72333314706539
-45.63626071707956
-45.288790676100504
-46.02287750408567
-45.63909864220126
-45.744424474650415
-46.0622130282994
-45.64842057125322
