-45.63550079228549
-57.60383286147282
-57.87400372583291
-57.8790559090417
-57.90232143936486
-58.64758731681725
-58.64530216928186
-59.01746857063524
-58.61742053566308
-59.32949240248779
-59.4946602233525
-59.62142083562654
-60.0744540074776
-60.33125901633296
-60.71568696766064
-60.57420993262324
-60.64456636124644
-60.88535993674706
-61.155937906996954
-61.365683043825214
-61.149200401429475
-61.16239153208404
-61.43342693612493
-61.55559245882363
-61.492887135209706
-61.29186449379757
-61.59610876749302
-61.62745387081442
-61.778335750103
-61.41646890907452
-61.81809505100908
-61.948223758360434
-62.089950883182986
-62.153584739257546
-62.236377432428554
-62.31235690774589
-61.91349012687289
-62.2204452876387
-62.52079911478634
-62.36910337518002
-62.522749202004796
-62.34204642526035
-62.357218127826165
-62.43425829862726
-62.33446950953582
-62.47724344195991
-62.47145961790249
-62.57563239336014
-62.271356734736216
-62.51630611871851
-62.353230827841266
-62.59248021142236
-62.678367644548416
-62.70410530937129
-62.73676569913996
-62.64646157519571
-62.68092252262707
-62.81592142787473
-62.68198830300364
-62.74064145417049
-62.761245158211935
-62.831670118816966
-62.86329157804621
-62.918850284198236
-62.7437656007964
-62.51485344253737
-62.68190395626529
-62.49666142463684
-62.78453530525339
-62.71008490282914
-62.77307987213135
-62.782495988854045
-62.83530772143397
-62.664533543175665
-62.80941902460723
-62.65601700441591
-62.93744172926607
-62.89930158853531
-62.90497165712817
-62.97421481486025
-62.91318808136315
-62.94078663916424
-62.92445257717166
-62.8929643065765
-62.92030318235529
-62.95754333508426
-63.04617874992305
-62.898029574032485
-62.971321129593356
-62.87899415657438
-62.87724042966448
-62.90464628770434
-62.98247735459229
-62.93115196556881
-63.01045335264042
-62.97904001638807
-63.043285725445585
-63.02956780688516
-62.69265123482408
-63.004943128289845
-63.08862716884449
-63.13122230357137
-62.882231605464014
-63.008100766560126
-62.945283391352355
-63.042185865599535
-62.97345398828901
-62.98890724469875
-63.08463172357658
-63.11519315427747
-63.10643892658168
-63.02864360295493
-62.98010523976951
-63.02394745370437
-62.999304687154705
-63.00752724039143
-63.02344897697712
-62.97750296263859
-62.96505850964579
-62.867114145180274
-62.95109625520377
-62.98400230859888
-63.00585644615108
-62.90172254319849
-63.077878388865244
-62.88484896462539
-62.901159350214336
-62.97510207110438
-62.934302608514656
-62.986697572058645
-62.98946652946801
-62.95378066239686
-63.03931600677556
-62.88379617600605
-62.907188685803575
-62.93713215301777
-63.02718558085376
-62.93718026218743
-62.9306452747049
-62.80306924828167
-62.84830977998931
-62.90031479967052
-62.927760579462706
-62.974850122270915
-62.94799610664104
-62.90563925484131
-63.01079632290478
-63.052879310887434
-62.912459272762824
-62.961180883234945
-63.088572251385656
-62.98100358658824
-62.984095886863514
-63.051257396566456
-63.0449438238966
-63.03557030805226
-63.082754132048834
-63.11228337781183
-63.1182784993073
-62.90602005555712
-62.923681081369004
-62.94919640647954
-62.99478875254763
-63.03991664072563
-63.05094964134282
-63.09680553551378
-63.089967557068526
-62.834079138163865
-63.04862489371464
-63.049689207611415
-63.04341834372487
-62.99107115433134
-62.99215767404129
-63.17943856633943
-63.06508091194876
-63.13875898410534
-63.17102909601968
-63.09205091616203
-63.173413533588935
-63.13165612467404
-63.1576298002539
-63.063294435369556
-63.177551725815086
-63.20460439036633
-63.136104840656806
-63.18971215239887
-63.05010659838545
-63.000228248793505
-63.15692381817719
-62.99593195216409
-63.10847277065803
-63.08012700903004
-63.05773746145183
-62.964706379791785
-63.18216335156868
-63.11396504270619
-63.152364849016585
-63.13011979029096
-63.0376667226183
-63.04700344184349
