-53.18021500881376
-58.45500708551243
-59.31912124773552
-59.94704321746168
-60.60059361211185
-60.43514272981677
-60.20499185652569
-60.464061905597816
-60.59249613100085
-60.611966420864235
-60.86488159155024
-61.17373223345855
-61.22274036859644
-61.3061498136356
-61.25097078598779
-61.343243917514535
-61.443330394810644
-61.35480019244655
-61.42929629827368
-61.521444038070484
-61.63353389707105
-61.57028870335941
-61.60274164738326
-61.499298014517485
-61.77791228376586
-61.71608215364917
-61.88004475420919
-61.812127667254416
-61.65059294782836
-61.80243299747335
-61.78758211176971
-61.98013488383129
-61.83402315501509
-61.89752788379275
-61.85207786642272
-61.8947618613983
-61.92676750133778
-61.99631066568966
-61.955186466718544
-61.91869676113129
-61.94836794713448
-62.00264580496426
-62.07196513640469
-62.20999389681323
-62.23956544645901
-62.065804370518386
-62.102635261313665
-62.133247263472654
-61.982181290100364
-61.95565085781032
-62.04816426593682
-62.104615965793876
-62.22208389023255
-62.20051287166004
-61.99895341848505
-62.21778733771423
-62.08005397895287
-62.091534172666485
-62.059203062591884
-62.05716889274532
-62.183952863874104
-62.22924225083713
-62.18601837240416
-62.11445691051154
-62.06322472054383
-61.92504946322277
-62.0145258184137
-62.193007403406604
-62.24561848003289
-62.326698636186535
-62.277388400044934
-62.31731486731562
-62.27574108386862
-62.208840341403565
-62.21341784863636
-62.21826581091717
-62.262719659969726
-62.15480717297258
-62.24255942887273
-62.27359487064953
-62.16577517164165
-62.20115889968543
-62.151757311204385
-62.0572694046744
-62.2547050190383
-62.240247989523
-62.132952479452925
-62.08413714478756
-62.01880818605423
-62.0820401393134
-62.01000987969596
-62.027215353373826
-62.03355531651398
-62.11165671924065
-62.13747240243287
-61.993332875186
-61.97468118626496
-62.05505212011008
-62.05051742956556
-61.95119486800556
-61.92974776029587
-61.989838007195246
-61.893921075196104
-61.88379191735695
-61.76041742439928
-61.90649124055073
-61.826687884741816
-62.04584758035068
-62.12903552322552
-62.02924103058618
-61.84941502069605
-61.84006889935198
-61.909854040063664
-61.88849571655537
-62.07162388850902
-62.15529923603452
-62.25188149152131
-62.362238984683465
-62.11032958688407
-61.99678721715664
-61.74623058787708
-61.586216993373014
-62.089498534284786
-62.280473478909194
-61.795625586961876
-62.35510957652125
-62.699513765244646
-62.534185098163015
-62.33113967652979
-62.371177856264445
-62.19127926744264
-61.517413036576635
-61.97805267572403
-62.3118561609038
-62.46004801988602
-61.60838821530342
-61.85941060863692
-62.36549410943327
-62.30030228762791
-61.92314343103047
-61.54258967370823
-61.73720858014863
-62.018283529528254
-62.49807970585494
-62.34762366681263
-61.854214621001276
-62.53105607731589
-62.30086046971124
-62.32720223583024
-62.634354977772155
-62.016916876209194
-61.48602862193667
-60.908635464207876
-61.818381005320056
-61.72072864400929
-62.08090110996674
-62.48771104730409
-62.042524016109006
-62.424884671794956
-62.10308300934989
-62.38091343127448
-62.789596021175385
-62.7033661470331
-62.5943674301279
-62.5168832787152
-62.33595369910372
-62.1151661287094
-62.57697830734582
-61.60167738384214
-62.091009692899114
-62.29374605725552
-62.243323554252754
-62.35174386460206
-62.053590536117554
-62.80175899739923
-62.77418898714
-63.15095514059067
-62.97361695971982
-62.71166942448452
-61.54404479265213
-62.476430384249525
-62.827826454721645
-62.279938379238395
-62.63546812328799
-62.524015136833846
-62.810478277247526
-62.490539396631306
-62.2066892652676
-62.27069434626349
-62.68605596546469
-62.631390012543775
-62.75147138073527
-62.78581516085
-62.93297090715375
-62.76678604401391
-62.480047160181506
-62.95503357977703
-62.3631179702693
-62.1848439471475
-62.411094634697356
