631.0915132522583
529.0868244886399
483.00791404247286
460.9615075985591
441.2495088418325
422.8783293525378
411.7821028312047
399.101257220904
389.82552959124246
384.1193770011266
379.2188303391139
372.93413129250206
366.2521078864733
360.2183050195376
359.0205826997757
356.67859409252804
353.6752592047056
349.17076294819515
347.68441149393715
344.21406839291257
339.35082371632257
338.6289893349012
337.00814102490745
337.00085773468015
332.24827705224357
331.20406280557313
332.36643906434375
328.0456900993983
325.46116333007814
327.38893027702966
325.5519610325495
323.8155057569345
320.12246666351956
321.1175749560197
321.13889384269714
321.1248451153437
319.5739747722944
316.47778007984164
314.69703558286034
314.8085401237011
314.00819232463834
312.94036688605945
312.5892263233662
312.4132922311624
311.79887508948644
312.1738777836164
308.3156129717827
310.0081677933534
305.52043858369194
306.7673541367054
306.3625623265902
304.9989189763864
305.5038655281067
303.35528880755106
307.50441311796504
305.90427897572516
305.95043541789056
306.2265065034231
302.2216369191805
304.3674239416917
302.0715519785881
300.9520730336507
299.5762213210265
300.0374557117621
300.3024510045846
298.8529879371325
298.64571058154104
300.01968250870704
300.4811390519142
301.0833179454009
298.9380629360676
299.2582936068376
297.68031738996507
300.34593540628754
298.67056155204773
298.0161515076955
295.83311338822045
296.5937292397022
295.9495873252551
296.2510884304841
296.78299400607744
293.63549921512606
293.5401012738546
294.1944716870785
293.5858143369357
295.5492443402608
296.08032141327857
292.78461400469143
293.65895069241526
293.03749967018763
297.4559477806091
292.98231500784556
292.7531889975071
292.6244057854017
294.7951547463735
291.92736368576686
292.0483549634616
289.32864473263425
293.4228250106176
291.57258685628574
289.68301890095074
289.50874112447104
288.44366397857664
291.17324565847713
292.9680571516355
291.69245285193125
291.71453365683556
289.1612677951654
289.68357162475587
287.8508607884248
287.90637298425037
288.66199255983037
287.6650109628836
287.5967970212301
287.0240614533424
289.05008368690807
288.08351683219274
288.6681936522325
288.17279191414514
289.51622807979584
288.95600716670356
287.0598629852136
288.3636584917704
287.74802185694375
284.8430393735568
286.5943239192168
285.20612021684644
287.3028172234694
288.31135799686115
286.15368302663165
286.18646866877873
284.5873818953832
287.55661846995355
285.11072806715964
286.526418898503
285.33952625195184
286.48307614127793
283.1950799266497
285.6277114609877
283.49324539701144
283.9320695141951
286.2715105434259
285.72961251338324
283.97300360600155
285.20132928490636
285.3965635518233
283.6544503867626
282.2689087808132
284.7725502729416
283.8639205833276
284.9104327380657
281.7366096874078
281.924889232715
284.1224371155103
284.3668033679326
283.92391840616864
284.86575555602707
282.60145743687946
283.8636020263036
282.4139416337013
284.4790733953317
281.74547590613366
279.8680261055628
281.7042109032472
282.6957285364469
281.6799600740274
282.70342756112416
282.37505563696226
282.1592980643114
279.91986379623415
281.1578319589297
280.29013049403824
280.9728351891041
280.5623467405637
280.0162224928538
279.37060588995615
280.95120744506517
283.4161594847838
284.30054795145986
281.57339738408723
279.8335516293844
282.04573115706444
280.03065019051235
281.91416808366773
278.8849917451541
280.2829076786836
278.2692085067431
280.1327358007431
279.89035436312355
280.0930022100608
282.4485462566217
280.0667556126912
280.8290662308534
279.43696202635766
279.4369474728902
281.2516364514828
280.09270679354665
278.99582722981773
278.8980565706889
278.1588612914085
