59.18432948096045
23.866113423016564
11.733177003739723
4.925894868014188
0.8863524216516264
-3.3230598512394676
-6.109581084086977
-8.33460621844078
-10.464593163852033
-12.597776248023427
-14.479079827666283
-15.002403631806374
-16.864653526195163
-16.91474780029264
-18.50501386153287
-18.226872170279766
-18.815244040612516
-19.56888772187562
-20.949542379584805
-21.060795104709165
-22.07485086342384
-22.84482417846548
-23.09245686284427
-23.32828576708662
-24.140545192463644
-23.9641786752076
-24.336439456405312
-25.16498700914712
-24.872620154043723
-25.705368666813293
-24.847939875619165
-26.276422300215426
-26.458428202004267
-26.307713209555068
-26.846153261332677
-27.449661054487887
-27.35615879708323
-28.287632715085458
-27.673422378712687
-28.08444080167803
-28.35765396007176
-28.772761880323806
-28.78366154843363
-29.2968143656336
-29.43194088237039
-28.96248400827934
-29.580954192013575
-29.999691504856635
-30.19837080199143
-29.842020273208618
-30.40897208966058
-30.451157962453777
-31.37437660118629
-30.663557747314716
-30.931145450164532
-31.665061601277056
-31.037035863975
-31.785385949858302
-31.803323589522265
-31.700329370539762
-31.41478387754539
-31.453631763828213
-32.006346322339155
-32.08279570937157
-32.75074183427054
-32.249963298953816
-32.45810996458448
-32.86341379223199
-32.68426455814263
-32.72299363078742
-32.88637018203735
-33.04200990343916
-32.91803215803771
-33.43053691757137
-33.42013602523968
-33.07578444069829
-33.336739215357554
-33.31827772896865
-33.09868857572819
-33.42011175998326
-34.29651662707329
-33.41034812968353
-33.421715048880415
-34.170876260461476
-34.12966837965209
-33.53301241274538
-34.6736726462841
-34.07746243785168
-34.77090439097635
-35.508587026390536
-34.31144431850006
-34.99165393977329
-35.18393639860482
-34.93118029627307
-34.781942242178424
-34.572658643640324
-34.48222990488184
-34.96679914819783
-34.360460030621496
-34.98429348448227
-35.6284232365674
-35.89822112691814
-34.93864345858837
-35.3233572676264
-36.14005994385686
-35.447596625007435
-35.435412231190455
-35.007738089766995
-35.60120032779102
-35.39298862938223
-36.20268004002242
-36.12301957710036
-36.11166751179202
-36.11455041067354
-35.99257626307422
-36.07208662403041
-36.77740541922635
-36.21574334235027
-36.482305602780706
-36.635017726955745
-35.81432925832683
-36.789310164492704
-36.36967398072111
-36.7655388774543
-36.57195398622546
-36.915633180018126
-37.128265721016916
-36.95071466010192
-36.85513301039564
-36.830757176053936
-36.19954397863355
-36.465731360789
-37.027571656580626
-37.364494363809456
-37.10135012351233
-37.32790257910202
-36.77804026213185
-37.52706367188487
-38.020621550494226
-37.757156224086366
-37.194932396041935
-37.882331342532716
-37.45467979024197
-37.5133656612758
-37.8887533792134
-38.027209108245785
-37.87134803574661
-37.72022899163181
-37.54193227969367
-37.718256958599746
-37.77394690390291
-37.372435826679755
-37.61048002386915
-37.00083212400305
-37.598650950810004
-37.74154706042388
-38.021322359298836
-38.01924983078036
-38.60524301179524
-37.89818638768689
-38.25664410303379
-38.550654514082545
-38.48836495444692
-37.77500927653806
-37.86159486503437
-37.86080272958196
-37.92873475983225
-38.848327946046304
-39.25083216099903
-38.686396820791835
-38.24486731455244
-39.24017376324226
-39.44600929987842
-38.850708801170875
-38.96691948072664
-38.542836494486906
-38.37850920496316
-38.356137745339296
-38.91269197648969
-38.810299235171286
-38.82624949360716
-38.932348447627035
-38.93806259385471
-38.98839388736363
-38.737887698000876
-38.36870012920478
-38.83843358426258
-38.69543273078984
-39.10455776596891
-39.28890289623162
-38.63057367657793
-39.335849420777684
-39.438810293016765
-39.110265468728954
-38.971010118722916
-39.3881503713542
-39.34085177347578
-39.42569690634464
-39.6572094148603
-39.70023954531242
