-28.62031531873448
-46.71605796238472
-48.996307834469036
-50.21460652043079
-52.10906181047703
-53.13895771626768
-54.13849301276536
-54.64205651858757
-55.04399643375956
-55.413775082292226
-55.586628700124805
-55.77279377394709
-55.34261149784614
-54.91623538115929
-54.50350486204542
-54.60006013615378
-55.42933736484626
-55.93990545951087
-55.933511203732984
-56.07378989458084
-56.79329658376759
-56.893358798890276
-56.997541096703756
-57.353879502107354
-57.35744972681177
-57.527067061128285
-57.09421468705967
-57.68409526142581
-57.884244551946374
-58.196932698118275
-58.416762410566726
-58.47527030932492
-58.82038231142636
-58.48076282081933
-58.369664457337606
-58.688361521424916
-58.83138967793563
-59.02213800158994
-59.28755294865575
-59.28838780214046
-59.28355096434725
-59.06423999420528
-59.09231696457699
-59.53109563321903
-59.48459920389899
-59.766182480187254
-59.780363295612666
-59.79943093554727
-59.727539831194385
-59.6069266857772
-59.813030259362584
-60.45647971177923
-60.6085219527113
-60.50075844649611
-60.579396539720996
-60.68550290527015
-60.646722859349744
-60.68277127578341
-60.86495518581621
-60.95932197879101
-61.069055984760155
-61.13295207249707
-61.18158105529588
-61.31940923477041
-61.220716950194586
-61.43735216917663
-61.27471748713789
-61.29685933117209
-61.54126641051523
-61.69879160050688
-61.45702977324354
-61.578884652976335
-61.47163118678948
-61.76954261290616
-61.758353071993795
-61.69854896335766
-61.70473201932578
-61.7313722587865
-61.89114621795457
-62.02918980039399
-62.00536629249309
-61.98450434002383
-62.122651494782545
-62.09486431911074
-62.22387952023539
-62.25801436037853
-62.267411928752374
-62.47631406886824
-62.51150775777882
-62.38964193853839
-62.11312337476632
-62.37310082850785
-62.33033579074103
-62.24874719052479
-62.37483092628676
-62.56819904364389
-62.568998578293574
-62.605610563837246
-62.659726701933764
-62.82253107325784
-62.76136246631886
-62.74032506038402
-62.62637131995168
-62.78044117935772
-62.756243807488474
-62.77879616309856
-62.66737645042354
-62.72907637522138
-62.865103999088554
-62.855858508882854
-62.83611960554945
-62.79920897093312
-62.77270087291454
-62.56449602903991
-62.67975819933003
-62.68973870935111
-62.83923311582927
-62.81138569938725
-62.856034379580926
-62.976189165279784
-62.952302925545595
-62.96223128458549
-62.912906185306355
-62.97433149403539
-62.98319890478562
-62.990574084479235
-62.94338304523764
-62.98666588602395
-62.9587480415558
-62.940808456519555
-63.08836991108697
-63.076255557865935
-62.98043243638401
-63.074523181750855
-63.032811614973795
-63.15908238394507
-63.11335819548574
-63.20480766584133
-63.20477110147476
-63.106591641902924
-63.16154354605182
-63.15159862000367
-63.2037264622491
-63.243294271929514
-63.20245986149229
-63.22915986591372
-63.170308748195914
-63.18752316154283
-63.29957701419962
-63.26736997941445
-63.240567088127136
-63.3292503069187
-63.20330611179615
-63.18172419687797
-63.09980022701724
-63.23482141926371
-63.24585764572538
-63.22065378674145
-63.275269758084725
-63.28838539534602
-63.319844763854455
-63.35144802927971
-63.343300732045336
-63.337942049421116
-63.2976425310661
-63.328130498014644
-63.3416083783939
-63.336635100430456
-63.24396520441976
-63.34247078361182
-63.34175849988543
-63.30454022103343
-63.26028816658875
-63.31496151562395
-63.26415014472501
-63.35787484974697
-63.35386583928404
-63.35375556349754
-63.288026562024804
-63.2094482471203
-63.27592666601313
-63.25663667095119
-63.277978157175
-63.23166989766318
-63.27794561612195
-63.35349393918597
-63.36351525372472
-63.307959735393524
-63.319255102297355
-63.27265056967735
-63.303939233566155
-63.31275191594814
-63.27092713528666
-63.269483459406885
-63.227432150265265
-63.329730944386846
-63.349650927658736
-63.306842114390996
-63.30572033134
-63.23146984494966
