-47.70778075059255
-93.49933616916339
-98.5588528394699
-100.82968482176463
-99.15281932353973
-99.84429938991865
-93.91613147258758
-99.39134031732877
-100.29917238752047
-96.40967527627944
-96.77062387863795
-91.00771565635999
-95.81749870578447
-94.94672725598018
-95.10714537700018
-96.46569967667261
-94.5068771481514
-94.95636441707612
-93.92765660683314
-96.95948662360509
-92.65439106623332
-92.77934153278669
-99.97569491465886
-97.44906790852546
-92.39272021055221
-94.61543435255686
-91.59206205805143
-94.80034486254057
-92.23440560897191
-96.70421310265858
-95.74013658364613
-93.38208288351694
-93.48912716905276
-92.34363180796305
-94.68276138305664
-88.69945861498515
-93.14530165990193
-93.37851665814718
-94.5134480714798
-91.06152363816896
-90.81188231309255
-94.74173137346904
-93.20523479978243
-93.88192943731944
-96.36472554604212
-96.52849717934926
-93.9082466840744
-96.72621566653251
-92.9968803524971
-96.30948346455892
-93.1128242691358
-91.0576025346915
-91.57192236979803
-94.88337743282318
-96.20813915133476
-95.21978221734365
-94.68725191950799
-96.79901688893636
-97.66076333522797
-101.66083833177885
-98.34002531965574
-94.12415828704835
-96.96980047821998
-100.14179595311482
-98.70115455786387
-94.77059324383735
-95.81529003977775
-94.71054397821426
-98.4546442190806
-102.52914002339045
-104.14747025171916
-96.94270074963569
-98.6928615808487
-98.3744833489259
-95.11253824631373
-95.3531592230002
-98.71580866972606
-94.45129624207814
-91.79672259092331
-94.6745943069458
-95.73675587177277
-97.03593134482702
-95.88708316087722
-98.93651327490807
-93.13985431989035
-93.16992337703705
-95.83329813877741
-92.47288243373235
-95.8348709086577
-94.1732216000557
-97.66791698932647
-99.5385981142521
-95.2307365179062
-97.52886137167613
-98.28103169600169
-100.33980906804403
-94.34174860517184
-96.51920169591904
-94.7592448314031
-98.03412609895071
-95.30944455464682
-98.61048642794292
-100.4622133274873
-99.64649426937103
-95.26965367396673
-97.41539659102757
-93.92871422966321
-97.44918702840805
-93.32896369695663
-95.98250389496485
-96.09877317547799
-96.74173541069031
-98.94801996151607
-100.11535691221555
-95.29404579401016
-95.58479266961416
-97.25116213560105
-97.93522020777067
-95.21976874073347
-99.19215168555577
-98.39186896681785
-95.69619591633479
-96.87417234778404
-96.64453635613124
-94.61112124919892
-94.54911946853002
-96.39582583109538
-97.7418623050054
-94.3830307284991
-94.5672041674455
-93.8178747912248
-89.92439148624739
-94.29266241788864
-97.0584349989891
-99.7236566344897
-94.97480323314667
-96.56748697360356
-100.21534636815389
-98.56375667850176
-101.52477083603542
-98.8936539888382
-94.61038005948066
-96.63034325242043
-100.10088238716125
-95.92162395715714
-99.84026629924774
-98.17888060410817
-95.37356179157892
-97.8778843065103
-96.2203762114048
-96.83197106917699
-96.27160168091456
-94.82492305437724
-91.27579639355342
-99.62588127056758
-97.94111702839534
-96.70053995847702
-97.69333815574646
-95.97137059370677
-95.40864213109016
-97.78482274214427
-92.92337067127228
-95.00957439541817
-97.6490733742714
-98.25019333362579
-96.49807960987091
-97.57012604077657
-95.61217217842737
-94.57126883069674
-100.13061331311862
-96.48841440280279
-96.59119915962219
-96.3899508635203
-94.6514114499092
-98.65661800305048
-95.15688927570979
-94.95303223530452
-96.02784618735313
-98.06018269459406
-95.84461829264959
-94.65076338847479
-88.92836501598359
-96.35850290854772
-97.91491045355797
-101.39204469124476
-97.48640546798705
-96.43588944673539
-97.17316404183705
-97.61832406520844
-97.36655447085698
-99.86270117759705
-95.73637091318766
-101.43826656341552
-102.31492775281271
-97.2022008975347
-101.06867543856303
-97.8812687933445
-99.82630355159442
-98.66719573338827
-95.37806156078975
