3997.015817006429
3047.2465674082437
2645.023091252645
2405.3616181691486
2250.311416371663
2114.0742020924886
1973.3631160100301
1894.1711545944213
1874.649246152242
1829.3953347524007
1747.226514116923
1715.0051654815675
1650.335829003652
1616.0276281356812
1586.0071114857992
1544.0100042978922
1550.0442191441855
1527.713394610087
1523.8415899912516
1471.6216473897298
1459.0702180862427
1424.3792544682822
1400.276435724894
1412.4979687372843
1410.8678942680358
1368.63360525767
1348.4136285146078
1369.6201601028442
1335.2278145472208
1321.3695649464926
1277.6637748082478
1275.6762268384298
1280.0979757944742
1278.552497291565
1278.3104333877563
1256.188564268748
1228.7512144088746
1251.6577931404113
1236.7825329144796
1207.3467610677083
1198.704343032837
1201.6181178410848
1183.421896870931
1176.9860633532205
1161.5256559371949
1173.2603790601095
1173.6211831410726
1157.6887517929076
1158.0348322550456
1158.342657883962
1167.3232931454977
1140.2778630574544
1125.3550294240315
1131.996070766449
1123.3496366500854
1118.883595720927
1110.5731148084005
1129.550945409139
1104.0259424209594
1100.7311416625976
1104.5011437416076
1115.1771325429281
1124.0054325739543
1095.0490921020507
1103.504372692108
1097.1685040156046
1084.0890758832295
1077.262772878011
1056.629679107666
1049.2526391029357
1069.2837542851767
1056.6573624928792
1041.7918694814045
1038.1946317354839
1033.3800593058268
1063.4199312210083
1067.8983906110127
1049.979712708791
1039.190800444285
1046.3043454488118
1053.5326122283936
1042.6138184229533
1020.3882457733155
1018.7403871218363
1032.5611744562784
1026.8964244206747
1025.4549065589904
1030.1144154866536
1012.1921203931173
995.8035589536031
1016.0338204701742
993.8725599924724
996.0205932935079
986.5099177678426
995.7597597122192
995.0877347946167
986.3256916046142
987.589768854777
1004.6188659350078
1012.7935302098592
989.6957171122233
989.612646484375
1004.6329683303833
974.3810379664103
1001.4193092346192
988.1128478368123
961.4035846074422
977.4907544453939
974.2631570180257
968.7213183720906
976.9868810653686
969.8848167419434
979.949861907959
954.3579410552978
958.2892217318217
961.5213359832763
956.3557048161824
957.6617658297221
949.4366956710816
959.3712487220764
945.1681937853496
967.3220297813416
965.7060293197632
966.4348573048909
946.2691356658936
957.2657433509827
942.9381701787313
956.3135556221008
926.5989516894023
945.6619731903077
925.2478804270427
932.9277626355489
936.0003428777059
932.282328192393
945.7613889694214
936.2426411310831
929.4841939608256
925.590130519867
915.0002358118693
912.4251534779867
920.6576908429464
930.6071989695231
937.7937328338624
927.9551495552063
923.3493633588155
898.862037785848
908.1555485407512
898.8919514020284
894.5825239181519
906.7096387227376
925.4096955299377
917.0100496292114
903.5574871063233
914.7405882517497
913.5423871994019
892.5872797966003
897.7519176483154
901.3457094192505
914.125399462382
909.5786423365275
892.7769396146139
920.8248408953349
892.6336242675782
883.1699930508931
903.2382759730021
900.8852603276571
889.5576434453328
884.1443857510884
889.3796377182007
886.8124361038208
882.7440409660339
882.8050320943197
873.1504930496216
878.3353089968364
870.2783396402995
877.5903433481852
895.1067693074544
883.3929260253906
876.0832453409831
875.636272462209
883.3283413887024
878.7108456293741
871.449507967631
856.916074180603
887.9667102495829
867.3851448694865
880.3625005086263
868.5271358807881
854.909307607015
853.4301351865132
871.4459021568298
866.6409421284993
862.7583822886149
857.6305155754089
864.2868551572163
856.2777534802755
847.1529666264852
853.0776496887207
878.972988764445
854.3603528340658
