-49.4760664115692
-55.293548491494406
-56.188768610872074
-57.40114273285044
-58.078209085711116
-58.00416166412419
-58.52312038376414
-57.512436930475566
-58.486808089346724
-58.11337991007443
-57.91978994320179
-58.60561483379068
-58.10594947584744
-57.47589181414966
-58.23688149863276
-57.96565548818687
-58.90303224530713
-59.2116994158975
-59.347095890291804
-59.141953000734595
-59.03281096035037
-58.90928169160053
-58.910085532171976
-58.778888139231455
-59.14234664933435
-59.32494343149251
-58.75590018773901
-58.60589487079916
-58.84810078760673
-58.975347243506334
-59.243505687549195
-59.16163434653446
-58.9643311449166
-59.08491584864156
-59.80334462790653
-59.15209359958254
-59.714365850234856
-59.1903038127669
-59.014483558720556
-59.9138932300025
-59.788657831734625
-59.80346858912501
-59.74291183619663
-59.73625142615417
-59.57548775446826
-59.661940894250215
-59.62428747168903
-59.94867611342463
-59.96852023026039
-59.540824977488356
-59.39160263949427
-59.99937188625336
-59.97094416618347
-59.791424613574456
-59.95035515879763
-59.89311229360515
-59.74106663054433
-59.76649208109954
-59.69260288620817
-59.86145695530135
-60.104045226656154
-59.85890919381175
-59.839856451955335
-59.76779461420816
-59.80798284452537
-60.10356682025153
-59.78467810359494
-59.86275577545166
-59.87914162052089
-60.342784647283885
-59.933893694959835
-60.32976162228091
-60.23993880378789
-60.27312788881105
-60.07504270611138
-60.467279851436615
-60.290989738086175
-59.851036330749245
-60.193903555130134
-60.449695507000236
-60.23591450678891
-60.330975403045784
-60.14049610906634
-60.24126190872028
-60.48384745162109
-60.127268139658305
-60.16463613510132
-59.97966937977692
-60.199311297515344
-60.21164080603369
-60.07882610682783
-60.261203897410425
-60.37190102605984
-60.33172671548252
-60.24774128712457
-60.872846155331054
-60.593816531115564
-60.76088193367268
-60.28905182563025
-60.48715815256382
-60.63721614356699
-60.29507596842174
-60.8510976464584
-61.21392146986106
-60.91323962293822
-60.684770277861894
-60.57898932284322
-60.94499121041134
-60.558414555829145
-60.65515523737874
-60.653718748997
-60.873815447092056
-60.77472243329574
-60.620738474459486
-60.588199687415155
-60.82319867713698
-60.90993532538414
-61.235156776576204
-61.252054880405296
-61.09986937868184
-60.92256315001126
-60.99292126195184
-61.13961383905904
-61.05452698674695
-60.657043989362386
-61.103369184609114
-61.05054254367434
-60.8015761231554
-60.577452750041566
-60.63663769282144
-60.911260777506335
-60.9028617081971
-61.140021297438395
-60.76463255388983
-61.057768017053604
-61.22735014044005
-61.03921419382095
-61.114104947139474
-61.135580759623956
-61.2750109002508
-61.07879675565095
-61.08128127352945
-61.40355889345037
-61.32616077620408
-61.138322528066304
-60.96547713156404
-60.51756819568831
-61.00472218003766
-60.89817893196796
-61.084808133799456
-60.76786051330895
-61.01128657932939
-60.83989633260102
-60.59894791348227
-60.672518176251444
-61.12156204519601
-60.90120450073275
-60.74040208808307
-60.93245382966666
-60.85711955202037
-60.671031141075595
-60.526017872423964
-60.25543175072506
-61.01490941335415
-61.13819295784523
-60.75070203378283
-60.97399437324754
-61.02989902784084
-60.940492440914284
-60.95829390451826
-61.20869707958452
-60.716691606003664
-60.96687613067956
-60.86758146820397
-60.95816661160568
-60.90297527559872
-60.83113849060289
-61.059553781460075
-60.86619569720893
-60.82748230366871
-60.90035530410964
-61.19145846983482
-61.24871043912296
-61.10147695500275
-60.83085272435484
-60.85850838340562
-60.962216268325676
-60.617407205803644
-60.68941184364516
-61.004752837378405
-60.995018993986065
-60.915597769720804
-60.88040680515355
-60.901505883397725
-60.78685775604741
-60.809318530148474
-60.49373733689045
-60.83870042706358
-60.9167252655687
-60.67242836541143
