103.71124295941715
77.1442007915727
65.17591510661717
58.22820048599407
53.62147461340345
48.20664118590026
43.01151723645884
41.316804746615475
38.236974443341126
37.001232527967154
35.14616868824795
34.38795692036892
31.9321825365568
32.27009955665161
31.109448606084133
29.813149553434602
30.14726796078271
28.585106550105685
28.677129494732824
26.77578713359504
25.899949249137066
25.36557593045692
24.852756177556927
25.02735580606707
23.783426406568495
22.83608617196823
22.82618160699976
23.813341862425723
23.769771728022345
22.696505101333404
23.070378640987748
20.12238700263973
20.40945959964703
20.283646583460786
19.173489457317466
20.9124768990381
19.349306656561534
19.216210645077556
18.780818183103513
17.481752521519002
18.45120433371129
18.37919662019302
19.47505971815052
18.7670980346357
17.946595552409516
17.492008952584502
18.619443454619113
18.208969018839557
15.409360888060824
17.115389068321935
15.46350350025399
18.475392399548458
16.445428540865922
16.16595982015133
15.21578426903178
15.925035512139058
16.182498475970252
14.799348247944025
14.764662298662909
16.235925748944283
15.046060962923642
16.44804827689097
14.490199120651031
14.864269655141658
15.643012598349616
13.483287425519064
14.553647731495058
15.873696037279121
13.530851517514936
14.833377318103508
14.220078068560568
13.273397441054213
13.570580212977426
14.749241933868877
14.056176120222643
14.977067530412098
13.605552938477746
12.361454153240755
13.081211309109268
12.43401389652542
13.219136510044336
11.81699615126026
12.811392750719499
12.884104296645342
12.818111851426034
11.02036916104884
13.217828362425468
12.165637421839197
12.89503360668133
12.516438762400428
11.508596495211382
12.594268473379056
12.475201863795519
12.065171712431415
10.21056971583387
12.246862640861293
11.810195607614927
10.17382765225745
12.480266051218395
12.052505004508742
11.003463347281876
10.301675674473417
10.61850213002542
9.843340398486832
10.104860698483114
10.502927103946949
11.363174266663604
10.580054855552213
11.110445357859135
11.412441043118978
10.884249944304084
10.021310558735296
9.896694218804097
8.430279705801915
9.881736129907699
9.195772417660418
8.755236122628737
10.013059161346535
9.929314295729172
9.820842649916123
9.26256986039466
9.111192215105582
9.60617047188611
9.542284710814469
10.06173308179232
9.574997049660004
8.983691364012916
9.335885632911634
9.630383651575137
9.751548543829342
9.10848152688865
10.767033761945264
7.672945874373846
8.838488077295237
8.93976699535189
8.747209499606155
9.022033349321834
9.478937988394293
8.59508910004435
8.921427857307396
8.472386113207403
8.263373619009709
8.891957885746297
6.911964454270643
8.02506334938366
7.986618204363461
8.139652449372706
8.049705143311414
6.737329364850603
8.841648216648348
7.916509481724994
7.101252764720341
7.318678658612169
9.0797213087308
8.231471830400928
8.049749614967933
7.476082938755381
7.785548916664617
8.051259182136635
7.600306061064375
6.449019722897431
8.64780717188942
7.736985375462421
7.524867207582655
6.441762599451788
6.782985847250655
6.978297869706976
6.745185550430725
6.302959632256935
5.961338548953163
8.03781379810695
6.53950638195564
6.95672258888853
7.594074238990915
6.029251297229323
6.567193399986317
6.140054102473218
7.8401930374575075
5.460271508978872
5.621916112200967
5.338175817810256
6.091907470262256
4.020598234416082
5.627535774533091
6.370537202291447
7.018725064294092
4.817564316736213
7.431226962246001
3.6547791567342034
6.188879886577869
7.717416335700144
6.9398486976479665
5.832913313831749
5.853731842647338
7.857988640409092
5.4972637141573015
6.545314876683827
5.48288013143786
5.21168529997371
6.373361974440772
