51.55514026869987
22.423223628566184
11.4061825242022
5.249114275235554
0.9977750513574173
-2.8421630587043434
-5.647330486055078
-8.111598436688555
-9.45079892359931
-11.504509921217787
-12.64229564420108
-14.439590222876648
-15.170703515924256
-15.923936215454134
-17.449096327197964
-17.695620607713174
-18.499976554821277
-18.667442984108266
-18.952818397304107
-20.27956953747519
-20.221479998580342
-21.69614308661428
-21.38059261132931
-22.18615605502293
-21.59336087210425
-22.72862471280427
-22.435708980108128
-23.530051685612776
-23.479990384702024
-24.090204612962133
-23.90359982437101
-25.202941628365682
-24.992546556324793
-25.20745953198137
-24.931674142336025
-25.87219793837646
-25.900595263160508
-26.734999312409037
-26.42219089331298
-26.782017820868
-26.70743227005005
-26.09528723359108
-26.737193963651
-27.228737301867582
-27.53179451412168
-27.30279372067287
-27.902690787767543
-28.278912083855992
-27.88685493941965
-28.074183193774058
-28.809771810112327
-27.903484393810405
-28.20849439604529
-29.08663628738502
-29.179666453394397
-28.438396948164907
-28.879731367374287
-29.32438939090433
-29.774252800078226
-29.551674525285588
-29.431885627837016
-28.609052628278732
-29.434049622765905
-29.829360077093387
-30.38402968028496
-29.472991418221902
-30.052152611058332
-29.509669369664685
-30.643763455851325
-30.409678150867595
-30.58570602125135
-30.42230273012457
-29.70544938177898
-29.871529627462913
-30.03536713534388
-30.55569588007598
-30.52899135495054
-30.967462056669696
-31.46407709758857
-31.657091167466394
-30.985278116217977
-30.9717679105956
-31.88123247027397
-31.355256277939368
-32.08563640097092
-31.345319291640973
-31.18298288871502
-32.02401087715708
-32.49920371791412
-31.907140779084173
-31.44644415275804
-32.09040949776255
-32.01856605759983
-31.658378971034082
-32.04960876908795
-32.17796648062509
-31.958235355286764
-32.25352331482131
-31.741971201937773
-32.82965125503211
-32.129012057493476
-32.50459270436188
-32.87007898606103
-32.50686224472934
-32.68865465295726
-32.63229213295312
-32.53229474815829
-32.38432595853148
-33.07188888562137
-31.948709524911024
-32.61259715104925
-32.48684995544368
-32.676879978385465
-32.919922848199974
-33.32133417807776
-33.11634061562604
-32.960264815338725
-32.93673682932196
-33.03025899467797
-33.17556156988802
-33.32467248316469
-33.681691654797255
-33.84985326898509
-33.27780563461369
-34.1109461352743
-33.70394575493089
-33.889278542378854
-33.41293327664507
-33.67689488160199
-33.49301517626335
-34.1692097834472
-34.07773056215253
-33.90006667992164
-33.83687825860648
-33.76476147873648
-33.42843792870127
-33.777880082870354
-33.83426448188979
-33.637831833855856
-35.10486797217665
-34.2757938781689
-34.31946410803959
-33.744587625922826
-34.7620315818951
-34.681464388452724
-34.579891688864805
-33.47884838848278
-34.356408995801004
-34.40599790421025
-34.48966389586185
-34.696331722983
-34.833016849797346
-34.89271128485943
-34.65522878128907
-34.703576030402346
-34.80957302348367
-35.31632099274931
-34.872077616124315
-35.0897247770737
-34.80440753390049
-34.85286617279053
-34.95224200651563
-34.3866999467899
-35.19054406984099
-35.14903155688582
-35.143614846056906
-35.4599755488593
-35.19924952655003
-34.707005763876026
-35.58410842870844
-35.05869110596591
-35.603046515892295
-35.577875876221164
-35.96287953853607
-35.738110377870754
-35.46168427837306
-35.27753593592808
-35.15345512176382
-35.35004326701164
-35.93489980492099
-36.224889480862124
-35.37888781058377
-35.58177512473073
-35.872550269653054
-35.179907149281995
-35.919385418809696
-35.95297613431667
-35.447839777017464
-35.37623376373587
-35.56345003226708
-36.0003502430587
-36.31649629514793
-36.12975614235319
-35.785888996617544
-35.418524312561956
-36.32069912861134
-36.27994519369356
-35.301712930202484
-35.91948629247731
-35.62379838885932
