0.1851240883115679
-12.698324963450432
-30.198466688394547
-45.04481020569801
-60.841065138578415
-71.21941220760345
-82.09042364358902
-91.95601034164429
-91.26220965385437
-98.31273400783539
-92.56602227687836
-99.93761932849884
-95.10772860050201
-106.71125197410583
-105.07458102703094
-102.59276986122131
-101.73953080177307
-108.92241680622101
-109.53978216648102
-112.79360222816467
-103.8490571975708
-118.4271115064621
-117.87708538770676
-110.39100658893585
-109.68888545036316
-111.42268204689026
-118.88339656591415
-123.94642108678818
-116.84628629684448
-118.44076067209244
-120.21479964256287
-122.1344666481018
-117.07863438129425
-119.77693843841553
-125.0501903295517
-120.07978874444962
-122.2016144990921
-120.31222748756409
-123.9838832616806
-129.37628078460693
-123.93019318580627
-128.7410455942154
-129.75136590003967
-126.2495037317276
-128.21703851222992
-129.76050227880478
-133.82731902599335
-132.4232177734375
-130.56147158145905
-131.31844121217728
-131.12710106372833
-137.80195605754852
-133.47753775119781
-135.4074592590332
-136.71079844236374
-138.20842921733856
-136.61825609207153
-136.71993482112885
-132.23111206293106
-142.439408659935
-137.00359570980072
-138.98063957691193
-139.92336881160736
-140.5847338438034
-138.15718692541122
-142.01738250255585
-140.4112937450409
-144.60091269016266
-143.2796734571457
-145.57932114601135
-143.29278874397278
-145.0417958498001
-143.01364064216614
-145.3417148590088
-143.92016685009003
-143.84456759691238
-144.8898116350174
-145.98446464538574
-144.3888822197914
-146.08935672044754
-147.90110969543457
-147.79579454660416
-143.73541456460953
-149.9585577249527
-147.43192088603973
-149.02641540765762
-147.70701956748962
-146.24951028823853
-148.9157816171646
-147.5154578089714
-148.8337858915329
-148.22327029705048
-150.3440182209015
-151.09733128547668
-147.77042019367218
-149.36364549398422
-150.8243983387947
-146.94123589992523
-146.62679135799408
-146.68029004335403
-143.4818724989891
-146.74648094177246
-144.9823237657547
-147.59653687477112
-144.6693599820137
-142.96877467632294
-142.49995857477188
-140.89713352918625
-142.8262995481491
-140.38493221998215
-145.8342331647873
-136.27906173467636
-143.09967571496964
-140.61525559425354
-140.72847819328308
-143.33307141065598
-143.0483427643776
-141.15620577335358
-144.90584814548492
-145.2196782231331
-145.5276859998703
-147.9747849702835
-147.11194616556168
-148.01932859420776
-146.62038481235504
-148.5289209485054
-147.53024524450302
-144.4471354484558
-146.3801091313362
-149.1891074180603
-145.39811462163925
-149.2427773475647
-144.72709947824478
-146.44326800107956
-147.0962017774582
-146.6401685476303
-146.06291460990906
-145.2603839635849
-146.95769548416138
-148.15682756900787
-146.62874555587769
-148.40548413991928
-149.6563823223114
-149.2336409687996
-150.82124543190002
-148.08441144227982
-150.05493795871735
-146.2445039153099
-150.90988945960999
-150.7290757894516
-153.0366611480713
-150.81854581832886
-152.25527411699295
-152.53198450803757
-153.73888301849365
-151.134823679924
-152.99568343162537
-150.28395181894302
-151.4239845275879
-153.4662220478058
-152.6299865245819
-152.84369921684265
-151.6729130744934
-152.07387620210648
-154.84613758325577
-154.42530006170273
-155.20956802368164
-153.15399360656738
-156.13583767414093
-154.9949386715889
-155.79245287179947
-154.3588069677353
-154.74783337116241
-152.23808926343918
-152.74263495206833
-151.35899233818054
-149.5621577501297
-150.93068051338196
-151.00577610731125
-150.8930470943451
-150.1590141057968
-146.28363823890686
-148.6202746629715
-148.8667050600052
-147.77767288684845
-145.43172883987427
-143.32428759336472
-144.77096819877625
-144.17270159721375
-143.64389967918396
-142.89484757184982
-139.88966393470764
-140.79868829250336
-143.80885815620422
-147.49160450696945
-144.686685860157
-145.19883680343628
-147.44343453645706
-144.22512245178223
-141.5606642961502
