-3.4774250189463296
-16.29314786195755
-28.242882152398426
-27.96488480766614
-33.3211353023847
-34.75491460164388
-35.00726670026779
-35.26220339536667
-35.86532986164093
-38.43413654963175
-38.77378269036611
-37.292106668154396
-34.60303415854772
-40.47753401597341
-39.818890968958534
-40.343000968297325
-40.218590676784515
-42.43012126286825
-42.89800520737966
-41.99611202875773
-45.00014781951904
-43.595754067103066
-45.04666447639465
-47.244198302427925
-45.737046559651695
-46.06063367923101
-47.81420028209686
-46.82970138390859
-47.307791550954185
-47.24543102582296
-47.36523354053497
-48.25489197174708
-46.59613287448883
-48.469967683156334
-49.23166197538376
-49.241807301839195
-50.148194233576454
-51.09243643283844
-50.69004019101461
-50.62295216321945
-50.733205576737724
-50.38329929113388
-50.46194966634115
-51.128203332424164
-49.21029476324717
-48.50189765294393
-48.8315979441007
-49.14666243394216
-49.449673096338906
-48.826535761356354
-48.9763854543368
-50.08107783397039
-51.284985979398094
-50.062495271364845
-48.609333634376526
-50.24622070789337
-50.30137914419174
-50.78909413019816
-48.806530594825745
-50.06389598051707
-49.535000582536064
-50.78230253855387
-51.372081319491066
-50.98430327574412
-51.65349022547404
-51.98968048890432
-50.89878010749817
-50.965843975543976
-50.581065793832146
-50.49808959166209
-50.12811052799225
-49.010129729906716
-50.631551583607994
-49.56577664613724
-50.39396623770396
-50.44055279095968
-50.07919732729594
-49.52439000209173
-49.37319544951121
-48.500890572865806
-49.01308902104696
-50.045204639434814
-48.72139132022858
-50.63739868005117
-50.1465251048406
-49.988423665364586
-51.532570242881775
-50.141390244166054
-50.91348032156626
-51.42077434062958
-50.47147458791733
-50.66132434209188
-50.48600514729818
-50.82129442691803
-51.714526196320854
-50.48898204167684
-51.73965930938721
-52.05796233812968
-52.56287157535553
-52.80325015385946
-52.64564448595047
-51.72857018311819
-51.55751403172811
-51.77898780504862
-51.96182902654012
-52.21041735013326
-51.48047069708506
-52.08138954639435
-51.9505948026975
-50.68276325861613
-52.773122350374855
-52.3492788473765
-52.0147119363149
-52.01308955748876
-51.298984269301094
-51.860192020734154
-52.07832966248194
-52.53586188952128
-52.13307432333628
-52.57605159282684
-53.008273442586265
-51.95853352546692
-52.49775177240372
-51.8050609032313
-51.621154407660164
-52.274505058924355
-52.064723670482635
-51.809399922688804
-52.22526737054189
-51.822901487350464
-52.35782899459203
-52.76143286625544
-52.43134991327921
-52.60610560576121
-52.40245962142944
-53.11012999216715
-53.02795451879501
-52.95235403378805
-52.905499498049416
-53.244082947572075
-53.26025082667669
-53.35151608784994
-53.08689707517624
-52.545976877212524
-52.365560253461204
-51.562156875928245
-52.006526390711464
-52.54407801230749
-52.661111990610756
-52.2327446937561
-52.15102595090866
-51.62481892108917
-52.33811811606089
-52.224324782689415
-52.313862125078835
-52.210192024707794
-52.982253074645996
-53.040328999360405
-52.73357347647349
-51.345866322517395
-51.69544641176859
-50.93363964557648
-51.43616704146067
-52.13882154226303
-52.099663734436035
-52.221616784731545
-52.33148733774821
-52.282629787921906
-52.18902659416199
-52.01339989900589
-51.770772536595665
-52.379481653372444
-52.55685770511627
-52.93580289681753
-53.36721726258596
-52.98568904399872
-52.61512327194214
-53.30822229385376
-52.2104617357254
-52.46231905619303
-52.89817853768667
-52.39304300149282
-53.036031564076744
-53.44430275758108
-52.89471618334452
-53.06052923202515
-52.72677433490753
-53.349097649256386
-52.96478821833929
-52.85681253671646
-52.901493887106575
-52.86567904551824
-52.82272652784983
-53.1271027525266
-52.98446359237035
-53.617565751075745
-53.55500324567159
-53.59661420186361
-53.42559130986532
-53.9861333767573
