0.04545957548543811
-11.175866305828094
-24.01829321682453
-33.423678904771805
-44.301565289497375
-51.75274050235748
-61.26647084951401
-70.90205147862434
-77.85590851306915
-85.17838871479034
-94.68797898292542
-99.19063222408295
-106.76140636205673
-102.53295528888702
-111.62954497337341
-109.29111552238464
-116.46093660593033
-114.60472059249878
-118.77298438549042
-123.63789957761765
-123.57709783315659
-123.459916472435
-123.4340586066246
-123.53950470685959
-128.2294184565544
-126.29318106174469
-131.1576429605484
-131.8458832502365
-118.77109062671661
-132.09056091308594
-129.76573026180267
-128.61120223999023
-130.6874669790268
-133.69995367527008
-132.4145951271057
-134.4529846906662
-137.51523292064667
-135.03029906749725
-138.15520250797272
-136.3133407831192
-134.30646014213562
-133.82913219928741
-137.3671168088913
-134.63686060905457
-142.17857360839844
-139.55090272426605
-139.40619134902954
-135.67991876602173
-138.73167073726654
-139.2569671869278
-136.91652309894562
-138.59978252649307
-132.8467851281166
-139.26256787776947
-136.81801742315292
-139.520663022995
-138.5109874010086
-140.92573130130768
-139.43222045898438
-137.8574693799019
-140.5067069530487
-141.689701795578
-138.78483700752258
-138.89876472949982
-137.9141310453415
-143.65733730793
-138.7659397125244
-144.51396095752716
-140.70887577533722
-140.12900280952454
-138.58613336086273
-139.10337126255035
-145.43491196632385
-142.11231219768524
-144.4504998922348
-138.75303596258163
-141.37524718046188
-140.99448078870773
-141.96210086345673
-142.60053932666779
-140.0588128566742
-138.14691227674484
-140.85483622550964
-140.5630059838295
-142.72605121135712
-143.14991068840027
-140.75082051753998
-146.65823984146118
-142.45784258842468
-147.7090140581131
-142.40659022331238
-142.7288112640381
-145.7194391489029
-140.62481504678726
-141.2491409778595
-139.75893414020538
-140.98543506860733
-147.8935548067093
-142.10157418251038
-144.70833313465118
-146.1681592464447
-142.53379440307617
-147.08490973711014
-147.0567148923874
-143.05903041362762
-147.44855171442032
-137.804252743721
-148.56346189975739
-144.70293390750885
-140.96755516529083
-146.0313956141472
-144.2100026011467
-145.66260623931885
-145.1043301820755
-145.5902505517006
-147.19447576999664
-144.20860242843628
-146.7896546125412
-147.93461310863495
-144.37021660804749
-144.14078974723816
-145.47677612304688
-149.30879700183868
-147.5314439535141
-150.57495605945587
-141.80560386180878
-147.38838458061218
-145.6506997346878
-148.11474180221558
-146.13962191343307
-146.8363236784935
-147.59897458553314
-145.35776144266129
-147.40466284751892
-149.13844937086105
-146.59673297405243
-148.29106283187866
-145.04245060682297
-145.83794009685516
-147.34092980623245
-146.7340607047081
-147.30386048555374
-146.965451836586
-146.90065103769302
-148.11532604694366
-147.87262272834778
-144.61049228906631
-145.02761280536652
-143.80687373876572
-151.9060770869255
-149.28725045919418
-145.46339893341064
-147.77801537513733
-150.89449763298035
-148.04120755195618
-145.302832365036
-149.05434834957123
-145.09107387065887
-146.17190647125244
-150.10395407676697
-146.32942086458206
-146.73753595352173
-148.94640409946442
-147.44616436958313
-146.83314055204391
-149.10938823223114
-147.25461268424988
-148.5532476902008
-145.39915215969086
-147.00327664613724
-147.64738631248474
-147.58637303113937
-147.25588190555573
-149.3543882369995
-147.63322341442108
-148.28086876869202
-148.72346436977386
-147.8411339521408
-147.68473768234253
-147.81220376491547
-143.9095094203949
-146.688862323761
-145.07608497142792
-146.78674346208572
-145.92537534236908
-145.62824660539627
-145.36198210716248
-146.46442168951035
-140.03400260210037
-145.67787718772888
-144.8717504143715
-144.85198682546616
-146.70250141620636
-144.35466361045837
-148.68099582195282
-145.58223229646683
-147.3266158103943
-146.33636128902435
-143.81618136167526
-145.9965826869011
