4311.487560272217
3259.320020675659
3692.689390182495
3601.405704498291
3457.8313903808594
3630.7745990753174
3378.951421737671
3270.354751586914
3097.8212394714355
3135.6377487182617
3072.555435180664
3061.927822113037
3398.638776779175
3571.605194091797
3231.9635066986084
3213.8785133361816
2973.4533462524414
3392.247703552246
3027.4614124298096
3401.2462005615234
3164.0715293884277
3289.227870941162
2890.5018768310547
3152.1545486450195
3290.648431777954
3073.5563068389893
3031.714069366455
2867.961151123047
3213.039779663086
3351.1159076690674
2937.719165802002
3238.189218521118
2884.8386516571045
2887.9147605895996
2857.314842224121
2921.9830780029297
2868.9049682617188
2940.2137699127197
2965.350959777832
2887.611759185791
2866.556385040283
3033.617176055908
2797.8511390686035
3310.0685653686523
2904.981475830078
2803.052125930786
2753.699966430664
2895.5590991973877
2865.4230308532715
2856.556049346924
2896.689874649048
2934.593738555908
3008.485143661499
3336.271417617798
2775.3297538757324
3417.3948860168457
3036.2690830230713
3188.455728530884
3265.068021774292
2862.0510120391846
3331.019500732422
2900.957359313965
3148.4234409332275
2922.841152191162
2908.5523796081543
2754.9177742004395
2827.159433364868
2813.6935997009277
2947.7597942352295
2897.719757080078
3159.64835357666
3074.452739715576
3106.165382385254
2774.6921615600586
2835.753713607788
2625.765037536621
3051.1906127929688
2979.048557281494
2982.077926635742
3221.7426891326904
2596.1031341552734
2682.420175552368
2911.7503337860107
2562.6964235305786
2576.259443283081
2846.4248428344727
2908.2558250427246
2684.9634532928467
2630.1843452453613
2544.5284271240234
2870.642068862915
2446.0159015655518
2954.529296875
3476.1201038360596
3026.788040161133
2794.1190643310547
2695.619110107422
2719.771867752075
2660.517364501953
2932.607467651367
3211.8648433685303
2543.3741207122803
2762.707811355591
2644.3767375946045
2782.016414642334
3016.9691829681396
2769.2710151672363
2870.8738327026367
2837.3135261535645
2696.400305747986
2740.19545173645
2917.636619567871
2911.0850200653076
2830.495994567871
3097.9685497283936
2919.7044429779053
2918.5546493530273
3223.0671920776367
2976.498188018799
2564.949110031128
2872.7798404693604
2516.8984060287476
3091.3663425445557
2607.9153537750244
2539.4537982940674
2606.5742502212524
2526.9927043914795
2602.2927436828613
2497.820116043091
3292.510601043701
3036.9798469543457
2705.3335285186768
2592.7775325775146
2767.251543045044
2847.753858566284
3330.6868438720703
2497.665714263916
3176.276361465454
2900.845506668091
2845.2879428863525
2546.3554611206055
3201.4245109558105
2812.7868518829346
2748.3107318878174
2687.066411972046
2959.656467437744
3383.6582584381104
2700.1605854034424
2905.4340438842773
2711.2481803894043
2550.936906814575
2919.810815811157
2997.3198642730713
2685.783652305603
3233.899814605713
2490.4720096588135
2758.8377742767334
3143.852310180664
2636.635051727295
2852.901336669922
2879.759510040283
3094.906623840332
2595.7604846954346
2790.227752685547
3102.692470550537
2727.2911376953125
3069.321056365967
2832.8819694519043
2643.3036613464355
2764.1825256347656
2632.260227203369
2733.559398651123
2671.4424991607666
2802.410020828247
3155.5897464752197
3013.5997428894043
3099.7317600250244
2838.6348056793213
2646.6903467178345
2729.463077545166
2766.5059661865234
2829.6849822998047
2486.0373907089233
2965.346446990967
2511.3331727981567
2842.249225616455
3044.7092838287354
2992.3100261688232
2761.298532485962
2687.703681945801
2803.501148223877
2580.354313850403
2693.695212364197
2645.869825363159
2600.849941253662
2708.0105781555176
2750.3972511291504
3002.667194366455
2823.5037536621094
2476.09942817688
