749.0068182945251
698.3848733901978
673.04456782341
673.8306791782379
660.6232831478119
624.7163677215576
612.4175326824188
628.3144690990448
608.6002388000488
598.0311307907104
592.6845662593842
604.5135476589203
581.4297564029694
576.0652616024017
595.3270447254181
552.5667774677277
553.5050745010376
555.1621134281158
546.2570955753326
566.8864948749542
573.6473345756531
537.6007645130157
547.753044128418
541.497757434845
506.6066219806671
510.60003542900085
564.8909969329834
545.6244592666626
514.5059733390808
525.8198120594025
539.2220637798309
537.3156933784485
507.59959626197815
508.85394954681396
534.0180549621582
508.8022539615631
523.5911400318146
506.83705615997314
517.5959429740906
496.980605840683
516.1240491867065
518.0963788032532
507.04766631126404
494.2326006889343
511.7702171802521
514.5052480697632
510.51940965652466
483.5623981952667
500.13766288757324
487.3286008834839
487.5670533180237
482.97460770606995
484.49614214897156
493.9300022125244
500.3639872074127
485.9986181259155
491.9797933101654
490.19595313072205
473.9190158843994
482.2902355194092
468.55887269973755
480.01099610328674
478.0399558544159
477.2145187854767
472.0489089488983
459.7607111930847
479.90974044799805
483.2340929508209
466.71624541282654
463.5434741973877
444.20811653137207
487.1805250644684
476.6909146308899
468.8214604854584
463.72390508651733
450.7535915374756
454.2970962524414
454.77303409576416
450.40179562568665
474.38697576522827
465.8575265407562
469.49152874946594
458.4824643135071
457.36659717559814
458.58984446525574
442.49559450149536
461.6213493347168
449.63454127311707
442.52661991119385
452.6458191871643
469.6373481750488
464.7516117095947
466.3509111404419
457.6626682281494
449.496417760849
453.55510544776917
443.8005554676056
442.5041365623474
448.5565896034241
432.640433549881
440.32768392562866
447.77446722984314
460.04481530189514
445.20443511009216
454.4757945537567
437.04781460762024
429.7385504245758
449.8866126537323
442.86439394950867
442.82946014404297
452.311550617218
436.9591705799103
422.5900139808655
437.93425488471985
434.1398069858551
432.0290718078613
426.2844955921173
449.3764259815216
432.20003390312195
433.49044919013977
413.79515647888184
447.5577325820923
440.3127353191376
441.0443305969238
434.9374420642853
440.4844226837158
434.6785612106323
434.6566822528839
436.1494073867798
438.5010528564453
444.6910653114319
421.2675256729126
423.28308939933777
422.0105640888214
415.84118151664734
433.57276725769043
427.82839250564575
428.01543140411377
438.3266658782959
423.94554233551025
430.07769441604614
423.16378259658813
426.89690494537354
419.7353136539459
433.179550409317
409.06088042259216
425.26915884017944
418.2260684967041
418.37156558036804
430.21867871284485
437.48116302490234
431.2612130641937
435.6313636302948
436.59456157684326
413.3075337409973
412.5022430419922
428.6575767993927
409.91407918930054
437.33917140960693
420.35275959968567
428.1395733356476
431.9000141620636
423.10946798324585
417.40917348861694
399.3610882759094
403.6837739944458
421.29174160957336
409.5935101509094
410.64724588394165
428.264440536499
415.14053106307983
430.8633625507355
424.5795888900757
427.48856353759766
426.03383445739746
408.8486182689667
408.01612997055054
408.29846119880676
416.1071135997772
415.2030653953552
415.58612847328186
401.9485671520233
410.09692764282227
410.4873642921448
416.6309595108032
418.82973432540894
389.453063249588
415.2952148914337
410.38663244247437
398.41030049324036
425.5905337333679
410.5287046432495
410.7390327453613
413.0967221260071
396.9651610851288
414.6272015571594
403.7154037952423
408.21771454811096
398.42053484916687
394.5782594680786
