168.22185653448105
90.66123336553574
70.1538858115673
72.75177532434464
56.608045876026154
55.13615208864212
55.77239963412285
53.95927166938782
47.32592323422432
45.4233957529068
48.62477481365204
64.73542392253876
43.476239025592804
42.55257833003998
41.869412407279015
41.74151065945625
56.506488025188446
40.98836128413677
42.73761770129204
51.23132222890854
39.986258178949356
39.47173248231411
40.836958795785904
38.78190062940121
38.175492376089096
37.486292615532875
37.450540363788605
40.041338354349136
38.19143319129944
36.54826503992081
35.78409308195114
38.659836292266846
41.54206159710884
35.42460125684738
35.45697899162769
51.53867021203041
34.912019684910774
34.61380052566528
34.20261059701443
34.996143370866776
34.16585102677345
33.20927619934082
33.55388993024826
49.755278289318085
43.64844012260437
32.70598965883255
31.554788306355476
31.420046865940094
30.7584979981184
31.51881192624569
32.23612090945244
30.62900720536709
30.64081045985222
31.971944078803062
29.975093811750412
29.298019647598267
29.377320796251297
30.40299767255783
27.928565114736557
28.980341613292694
27.596127346158028
29.45063343644142
27.75854989886284
28.52178505063057
28.848277121782303
38.190743178129196
27.800159707665443
34.01252707839012
27.599584966897964
26.15304034948349
27.41978868842125
26.314150869846344
25.9965710490942
26.90558533370495
26.6448535323143
26.199903324246407
26.69332066178322
26.735089123249054
27.880450546741486
29.46179200708866
26.16070856153965
25.7548800855875
24.704387918114662
25.834687411785126
32.40626707673073
29.671827986836433
24.56177932024002
25.204801082611084
28.310384154319763
25.692219838500023
29.05839368700981
24.373826280236244
25.895715802907944
24.971652179956436
23.711521923542023
23.724682539701462
24.59479922056198
23.68429158627987
23.565395265817642
24.865168541669846
23.295323103666306
24.132079914212227
23.44752389192581
22.917563557624817
26.79180870950222
24.00694577395916
21.82517197728157
23.22558644413948
26.980398878455162
22.237457364797592
21.754707530140877
23.47164413332939
21.64625710248947
22.972326427698135
22.19446501135826
25.054015576839447
25.969224870204926
24.241232946515083
22.111726388335228
21.357886999845505
21.631066739559174
21.20053881406784
22.474157065153122
21.901118755340576
22.60352697968483
21.46839739382267
20.085585817694664
21.05099482834339
20.20812737196684
20.40128195285797
21.052785336971283
19.935829035937786
20.952300280332565
20.28588606417179
20.273027643561363
20.885520100593567
20.812335893511772
20.376898549497128
19.654307439923286
19.99489063769579
20.880624532699585
19.183391079306602
20.121922314167023
19.61685911566019
20.48514373600483
19.715368568897247
30.777231603860855
19.33772486448288
19.54187684506178
23.54144123196602
23.066077560186386
19.84692058712244
19.577661834657192
19.908774979412556
19.668482929468155
20.90386337041855
20.14485014230013
19.886456578969955
25.08219027519226
21.215880274772644
20.83828693628311
19.807681754231453
20.128947101533413
20.26094863563776
19.026654839515686
19.611612245440483
19.69171043485403
19.24986780434847
18.67999877035618
18.288252606987953
18.516197450459003
19.060374826192856
19.36334601044655
18.522008419036865
19.389333568513393
18.706874027848244
17.923341408371925
19.050788931548595
19.079586908221245
23.158378154039383
17.695596769452095
18.2541536167264
18.151602298021317
17.958276472985744
18.059624046087265
17.85695030540228
17.682795010507107
17.9631342664361
19.936424612998962
18.383592784404755
17.049871616065502
19.885053887963295
18.406086206436157
17.378949977457523
17.688213124871254
16.84348464757204
17.97073322534561
16.496103309094906
16.790810704231262
17.20836940407753
