97.69103717803955
63.65556842088699
55.40893393754959
48.15795823931694
33.509789526462555
39.1545404791832
30.3884746581316
32.20991551876068
33.17987509071827
30.236830413341522
29.54204759001732
30.482419699430466
26.408098429441452
27.230697378516197
28.971431881189346
30.224390029907227
25.365888938307762
31.05375564098358
25.515971839427948
27.658140391111374
24.12626013159752
22.897104918956757
23.449689626693726
22.96742834150791
28.81304867565632
22.07523375749588
25.081623658537865
25.895277619361877
22.692775398492813
26.890241354703903
20.806670986115932
20.89868827164173
20.54451634734869
22.387537747621536
21.088725201785564
20.01915694028139
21.330090045928955
19.720173478126526
20.65045477449894
21.010384783148766
25.360910266637802
19.894865170121193
19.024217128753662
22.173757061362267
21.862362176179886
25.04579585790634
21.741504102945328
20.84234642982483
18.16569720208645
18.80655448883772
19.134669601917267
19.082951352000237
21.05681712925434
19.078196808695793
16.892960354685783
19.10290003567934
17.97901338338852
19.807302750647068
17.47613102942705
18.084919072687626
19.203907638788223
16.90209673345089
17.671509265899658
17.49012142419815
17.963272772729397
16.67177713662386
17.693924620747566
16.676660113036633
16.635064154863358
16.506960943341255
15.069964446127415
15.67493475228548
15.944630429148674
19.21550691127777
17.397218957543373
18.441375091671944
16.340530522167683
25.844473510980606
14.22994014620781
17.456723779439926
17.047644183039665
15.635572522878647
14.957999736070633
15.510817386209965
16.57171893119812
14.907506637275219
14.95964040607214
15.28609848022461
16.843305848538876
16.680665463209152
14.868534743785858
14.057666018605232
15.520365506410599
15.087601333856583
15.743824005126953
15.99448262155056
15.728006586432457
14.985436573624611
16.601973742246628
16.42297450453043
15.557356759905815
16.667467072606087
15.910351380705833
15.356980964541435
16.022045373916626
14.38684007525444
16.802807867527008
14.86171267926693
15.513236209750175
16.55551117658615
15.547128699719906
13.503342427313328
13.713956356048584
15.623054072260857
14.530964687466621
14.32427804172039
14.446474589407444
13.69299153983593
14.989362597465515
14.640730924904346
16.028882548213005
14.721872948110104
13.929671093821526
14.367701023817062
14.30001425743103
14.003705225884914
16.57971578091383
15.672240175306797
16.24854849278927
13.180986657738686
14.560469046235085
14.14421734213829
13.63494984805584
14.004454419016838
13.581549376249313
14.28318952023983
14.371652230620384
12.913631737232208
14.14249986410141
13.76668444275856
13.999833345413208
13.837752021849155
14.692500799894333
16.01186264306307
13.3828419521451
15.57540538907051
13.244766287505627
14.392717778682709
14.185832187533379
13.267983719706535
13.205215185880661
14.101358458399773
14.887343898415565
12.688586711883545
12.907460652291775
15.943353652954102
14.008725449442863
15.501981943845749
13.974304117262363
13.74079006165266
15.188620269298553
13.83564043045044
12.80626543611288
12.42137911170721
12.380257852375507
13.080264881253242
13.734704598784447
12.745627380907536
13.260457791388035
13.5598995834589
12.970814689993858
12.83708056807518
12.773599356412888
12.89367801696062
12.984514221549034
12.600496709346771
12.802192091941833
12.56542943418026
14.381541579961777
14.414332315325737
12.50023578107357
13.68921535462141
14.367280468344688
13.175979025661945
13.361960239708424
12.211764946579933
12.247289292514324
14.451865002512932
14.179450824856758
12.803151562809944
11.857825964689255
12.635082989931107
12.282428339123726
11.775006756186485
12.55548720061779
11.928854510188103
11.883867666125298
12.258505783975124
11.529519461095333
12.39923321455717
