-2.982015604774157
-11.681371380885443
-19.073117951552074
-26.02715500195821
-30.391798933347065
-34.884820659955345
-37.59014264742533
-39.18636667728424
-41.78122874101003
-41.49815340836843
-41.00179783503214
-43.69839292764664
-43.19584331909815
-44.03187346458435
-43.22273729244868
-44.425397058327995
-45.109785636266075
-46.84769467512766
-46.16068917512894
-45.41027601559957
-48.46592724323273
-46.6640408039093
-46.311381578445435
-46.35391322771708
-45.49347416559855
-47.3560152053833
-44.64650680621465
-45.95959063371023
-45.767136891682945
-47.44330529371897
-47.70443570613861
-45.2642613252004
-47.59088118871053
-46.982772986094155
-45.987476329008736
-46.72785258293152
-47.022457122802734
-46.614394744237266
-47.00099581480026
-46.20839707056681
-47.61818182468414
-47.683922290802
-46.14925765991211
-47.21092536052068
-46.7090619802475
-46.802479108174644
-47.53952034314474
-47.150613029797874
-46.5158596833547
-47.350251038869224
-47.062696973482765
-48.28558752934138
-47.214152137438454
-48.052676479021706
-48.20188248157501
-48.30853488047918
-49.029136995474495
-49.59209032853445
-49.41853515307108
-48.88587403297424
-49.28115516901016
-48.98672688007355
-49.346118132273354
-48.87987061341604
-49.124958296616875
-48.492711305618286
-49.74760123093923
-49.146794180075325
-48.689486960570015
-49.10798144340515
-49.63265633583069
-49.60360833009084
-50.45217235883077
-49.08645768960317
-48.871673822402954
-49.11619516213735
-50.02043410142263
-50.90491549173991
-49.20714910825094
-50.80238721768061
-49.59440290927887
-48.683186054229736
-48.76760548353195
-50.79896630843481
-50.24951593081156
-49.516655365626015
-49.843496243158974
-50.1435297926267
-50.628795544306435
-50.77208558718363
-50.740058620770775
-49.75088401635488
-48.765581369400024
-49.461200416088104
-51.214096665382385
-49.20947392781576
-49.92807819445928
-49.36087042093277
-50.046882351239525
-50.11360224088033
-49.93082614739736
-50.096789399782814
-50.26390673716863
-49.87804182370504
-50.40776113669077
-50.181798895200096
-49.89504051208496
-48.69206494092941
-49.34720321496328
-50.728958348433174
-49.65189319849014
-50.739678740501404
-49.255299846331276
-49.591631372769676
-50.75876450538635
-49.15925794839859
-50.787863651911415
-49.96255389849345
-50.546166817347206
-49.73277227083842
-49.83913850784302
-50.095108369986214
-51.00196268161138
-50.661754965782166
-51.00554619232813
-50.60505457719167
-50.538314282894135
-50.45208432277044
-51.22485367457072
-51.032088021437325
-49.9702881971995
-50.14608188470205
-49.9369221329689
-49.83164566755295
-51.14245915412903
-50.83015791575114
-51.23747436205546
-50.29169650872549
-50.54258596897125
-51.224527637163796
-51.14176517724991
-50.952369610468544
-50.91824487845103
-50.061061223347984
-50.97877331574758
-49.66271404425303
-50.42481837670008
-50.51335759957632
-50.724610567092896
-51.0750080148379
-49.82158044974009
-50.24313380320867
-51.10062110424042
-51.194839219252266
-51.21689317623774
-51.0315768122673
-50.6286491950353
-51.03351501623789
-49.9730015595754
-50.680639704068504
-50.03871365388235
-50.36469006538391
-51.01130700111389
-50.72658894459406
-50.67725511391958
-51.14318299293518
-51.010288735230766
-50.48697483539581
-49.63741660118103
-51.1661342382431
-51.09858294328054
-49.804748018582664
-50.3432791630427
-50.72758483886719
-50.48528188467026
-50.986280063788094
-50.19466678301493
-50.99141059319178
-50.59172143538793
-50.18739346663157
-50.56846419970194
-50.360691368579865
-49.74064036210378
-50.20294700066248
-49.81602883338928
-50.84082446495692
-50.08567454417547
-51.48773048321406
-50.810550610224404
-50.17607315381368
-50.743904987970986
-50.79539541403452
-50.894898414611816
-51.20251135031382
-51.180184563001
-51.43778828779856
-50.94412875175476
-50.89125895500183
-51.192163248856865
-51.03938663005829
