1428.9713872273762
1004.1404698689779
1009.3441123962402
927.4525044759115
873.576623916626
818.5719985961914
891.4411268234253
798.7442353566488
757.6682373682657
748.4769522349039
750.9084676106771
740.1673396428426
756.1046911875407
743.1040700276693
741.8743025461832
683.8531716664633
677.551602045695
682.6109031041464
664.388607343038
719.1605294545492
699.2685387929281
665.7247625986735
652.908234278361
657.0002546310425
613.3102575937907
654.9756418863932
674.8233658472697
645.1301174163818
659.1357841491699
624.5911054611206
636.9578304290771
627.7117595672607
614.0609966913859
621.4993438720703
636.16153494517
635.9079637527466
598.985782623291
598.6314118703207
608.7025076548258
593.129789352417
578.8088474273682
599.4020497004191
583.4220574696859
604.4615103403727
573.8227710723877
609.0383774439493
578.533863067627
570.2901004155477
565.2131125132242
567.9200598398844
575.0593016942343
548.4435106913248
544.3337548573812
549.9572903315226
563.5555375417074
552.0930007298788
540.6648426055908
528.5368824005127
542.4390665690104
528.6589628855387
534.7299378712972
546.6156660715739
526.3437048594157
539.3838268915812
521.9431378046671
521.0919818878174
547.1314798990885
514.7189559936523
518.5830383300781
519.7083899180094
509.65490436553955
506.1934051513672
512.782387415568
503.128319422404
496.90586853027344
485.7772928873698
486.42127799987793
521.1924235026041
499.0096044540405
500.35694948832196
488.7529020309448
487.31409645080566
472.6903435389201
488.43546867370605
474.54871495564777
484.4939686457316
485.61745103200275
460.43529478708905
474.8008038202922
467.88909339904785
454.83284823099774
454.9640989303589
477.1314312616984
467.16854095458984
452.79852263132733
440.94229793548584
448.504802385966
434.016437848409
446.5950282414754
444.5544147491455
460.0901279449463
446.0587577819824
432.01746495564777
428.64307339986163
443.0766410827637
424.6377188364665
442.64712079366046
433.1179469426473
418.0604025522868
426.61314328511554
412.73140144348145
427.82149871190387
424.7856693267822
431.0064050356547
419.71036688486737
429.8377933502197
432.041950861613
417.31421184539795
430.07643699645996
442.98315175374347
436.46606699625653
439.4147071838379
425.7840061187744
424.8034431139628
424.04684766133624
419.37715435028076
425.281907081604
397.19866530100506
414.44085693359375
404.6027425130208
390.4648520151774
396.47079118092853
404.38155523935956
406.73506927490234
400.71772321065265
392.8476626078288
394.80746873219806
379.3986379305522
388.8429641723633
406.497750600179
386.47841660181683
405.07484944661456
392.39541753133136
384.7569959958394
379.4741950035095
373.0028387705485
374.5569871266683
373.20243724187213
369.9652775128682
380.6745497385661
377.740519841512
386.4943965276082
365.4581346511841
356.4315776824951
364.77168623606366
374.3389744758606
376.4688243865967
361.7219527562459
375.8701972961426
352.6849031448364
373.40243339538574
373.20616785685223
362.6574824651082
377.3976885477702
362.0067030588786
372.2933530807495
372.5455846786499
387.08802302678424
364.884783744812
365.6783717473348
372.86698389053345
363.416950861613
363.48338715235394
362.12146313985187
355.3234910964966
360.946382522583
344.2065677642822
361.3704442977905
354.9463195800781
354.1999800999959
350.58448966344196
365.4428240458171
348.5367814699809
351.70944261550903
354.0674476623535
347.00033473968506
347.71050389607746
351.6634470621745
338.64754486083984
346.2981095314026
345.4433849652608
370.3284680048625
349.6526454289754
364.54701073964435
346.02336772282916
342.01417843500775
363.7395731608073
348.66540877024335
350.1238555908203
342.6611399650574
