229.6896365483602
233.9315741856893
229.61862015724182
226.6943949063619
219.11478050549826
226.40948446591696
223.5911955833435
215.65457105636597
214.48342887560526
214.78119270006815
226.11901696523032
223.71380877494812
227.25417470932007
219.43208781878153
213.535698334376
216.54851508140564
215.53929607073465
225.72037919362387
219.58922108014426
215.08385920524597
222.7038254737854
215.01029300689697
220.13847653071085
221.8098227183024
216.29799365997314
224.55264059702554
215.51586651802063
211.1397338708242
220.3659950097402
225.66978677113852
218.63756203651428
213.40626939137778
215.91668470700583
211.28755895296732
219.85837125778198
213.18557985623679
212.68364795049033
211.2281884352366
217.59496887524924
213.17698327700296
213.63946771621704
212.71786904335022
212.86332432428995
217.88318077723184
214.76028299331665
218.75254774093628
215.61352785428366
216.29245233535767
213.18037366867065
211.30821990966797
220.127951780955
217.33086363474527
212.74319195747375
212.74646306037903
213.36952408154806
216.36296010017395
215.96987644831339
210.2078596750895
208.18799646695456
216.8658037185669
219.27294699350992
212.51593844095865
214.819518327713
214.35170213381448
206.7867832183838
212.18382994333902
213.22753802935281
216.06679105758667
206.76937127113342
217.33981609344482
216.29580974578857
214.0317812760671
216.88627449671426
215.87671192487082
216.2021862665812
214.18882743517557
218.85480999946594
207.9798867702484
212.20565501848856
210.74927711486816
216.73846197128296
211.6790714263916
217.94608346621195
217.42710717519125
211.7648602326711
210.6385017236074
205.95804103215536
218.45795639355978
212.79926443099976
211.67762939135233
213.2148366769155
213.15171647071838
207.70490908622742
220.52714912096658
206.2098832130432
209.06984146436056
211.97793769836426
217.6536348660787
220.69064537684122
215.32006176312765
212.22192255655924
215.35006411870322
202.0023065408071
211.8463684717814
209.2513246536255
211.42112104098
210.76749467849731
210.84298976262411
214.5605387687683
206.3323816458384
210.875781695048
213.64693681399027
216.7439970175425
203.606626590093
214.85635272661844
209.5559409459432
215.3135004043579
211.25027267138162
204.91250530878702
211.68925325075784
210.22972583770752
211.0184806982676
209.6363980770111
206.62957485516867
214.0755352973938
210.61540706952414
210.66278409957886
209.97784614562988
207.43015805880228
210.01316094398499
210.3161904811859
210.82078965504965
212.47341283162436
215.35489122072855
212.02445801099142
210.92086259524027
205.40489586194357
205.67215251922607
206.38634061813354
209.65463622411093
214.4349846045176
205.85244011878967
208.15039030710855
207.72240153948465
210.55023447672525
211.02175664901733
206.70372970898947
207.57588036855063
214.61628993352255
205.61203940709433
214.5286644299825
213.97583921750388
217.16454831759134
203.7286426226298
212.5189483165741
212.82138013839722
209.7034732500712
216.25083684921265
205.18200914065042
214.34596435228983
207.00453090667725
210.18099665641785
206.78711279233298
214.97569155693054
209.96626043319702
214.18471018473306
210.97741071383157
210.24181389808655
211.13363917668661
212.841428120931
216.7415041923523
214.53182164827982
214.24602206548056
203.53649274508157
215.79545831680298
208.9813311100006
208.03888408342996
216.840589761734
210.45075209935507
209.91215976079306
208.32042407989502
215.12458515167236
216.91012954711914
209.4938294092814
208.97374176979065
202.15108076731363
212.10975456237793
208.41000819206238
211.13708329200745
210.51296393076578
211.45762340227762
209.5177609125773
214.0780839920044
208.0286386013031
203.02272454897562
211.62192996342978
213.1049280166626
206.21127653121948
208.36460638046265
207.4496387640635
