701.5870180130005
686.6810412406921
651.2039687633514
636.9709613323212
593.0632374286652
614.84081864357
554.4622285366058
602.5224013328552
579.5405507087708
586.4227521419525
587.3419101238251
554.951180934906
575.8321681022644
576.6304881572723
548.8983249664307
568.2342064380646
553.4540638923645
541.6295146942139
556.6018133163452
531.8179907798767
538.8359384536743
539.1287860870361
518.3617467880249
517.7563483715057
511.2708692550659
514.839959859848
513.9621019363403
511.94996309280396
521.6201803684235
493.8429698944092
500.77440905570984
504.0860290527344
480.47661900520325
486.5824599266052
493.5474226474762
488.0458519458771
487.38444662094116
487.50572776794434
487.31268525123596
475.56392669677734
483.7237706184387
475.4598505496979
472.3930895328522
472.8483169078827
480.5213842391968
479.45358633995056
485.28491282463074
452.21988463401794
467.1853334903717
469.28220796585083
464.2330844402313
460.0022258758545
454.6073100566864
463.4765076637268
442.8308300971985
428.3401505947113
440.0499460697174
465.97747802734375
451.1150577068329
439.5496714115143
430.1148443222046
447.2116582393646
436.81709837913513
453.19214844703674
470.5600116252899
444.5456085205078
452.1220941543579
438.4486722946167
433.0332877635956
439.21105122566223
432.86309123039246
442.4657778739929
442.6371428966522
450.43596386909485
425.86879539489746
436.1743083000183
428.2337374687195
421.33658742904663
419.72870564460754
434.4239110946655
418.9664475917816
416.58800745010376
427.56362891197205
427.0832588672638
421.9970257282257
415.8529872894287
402.5130281448364
426.15559911727905
418.35548877716064
432.93952655792236
419.68377923965454
407.6909272670746
412.63645815849304
418.2679326534271
430.5713610649109
407.72932624816895
427.5083472728729
414.9901988506317
416.08039951324463
412.00664234161377
417.6818344593048
407.0221483707428
412.85162138938904
435.04417753219604
400.34737396240234
423.4616265296936
397.4322748184204
412.8004093170166
415.69624853134155
400.59098386764526
427.65118503570557
404.52814865112305
393.0135715007782
397.63410115242004
403.1062581539154
413.9352140426636
404.26463413238525
407.21228981018066
414.35631346702576
408.89660692214966
407.8273181915283
402.28871846199036
387.82628417015076
400.31393098831177
399.2302577495575
400.7543306350708
397.10807943344116
406.8614206314087
399.0207757949829
387.85009717941284
413.5571472644806
402.7532937526703
402.08709359169006
409.9297127723694
393.86403036117554
391.3431553840637
389.0928864479065
401.60857701301575
393.12349009513855
393.77820682525635
405.5300679206848
400.39254212379456
399.22993540763855
397.653683423996
393.9909927845001
398.79533791542053
400.06806468963623
394.28863525390625
389.70094418525696
399.4011392593384
390.6866657733917
381.43480801582336
406.708509683609
394.29016637802124
383.67701840400696
393.80467915534973
379.20629715919495
382.36403918266296
397.5807132720947
391.72557377815247
391.5036816596985
396.80838203430176
409.0970230102539
407.0387489795685
392.16955947875977
401.33519077301025
387.56458282470703
381.6281325817108
372.1937487125397
385.327086687088
376.7174549102783
366.55715703964233
375.6265289783478
388.6923363208771
391.0104582309723
381.5951328277588
385.5048985481262
381.1301143169403
378.57893919944763
371.4692852497101
381.740549325943
382.54048109054565
380.8165965080261
384.578004360199
362.3528513908386
393.63859248161316
392.16057419776917
369.9837725162506
390.92342591285706
392.85493898391724
387.7343361377716
389.58071064949036
386.79680466651917
393.8400158882141
381.22762274742126
382.3029956817627
394.90108489990234
385.06578826904297
372.39638090133667
387.39003467559814
