229.2817301750183
216.48628950119019
202.09018858273825
203.94063234329224
195.59637427330017
189.83475557963052
191.9666566848755
196.5201522509257
189.9379965464274
194.0998637676239
184.4573047955831
178.957533121109
178.86040043830872
183.11572209993997
181.37507406870523
183.49593949317932
177.6451686223348
176.17356626192728
174.9044341246287
174.023859500885
160.94377859433493
173.7534226576487
167.33846934636435
168.15049242973328
172.30426001548767
169.61359508832297
166.6856018702189
160.08363874753317
177.74570234616598
160.86356409390768
153.04685958226523
156.97561995188394
158.39835953712463
156.95344487826029
160.42366560300192
156.28765670458475
152.15632597605386
151.5633467833201
151.0178161462148
154.5220487912496
150.13626337051392
146.9320567448934
141.75725030899048
142.87745610872904
148.52019802729288
140.9090909163157
136.1256444454193
132.37518207232156
138.6474246184031
138.3371889591217
137.54585258165994
133.28834919134775
121.63405732313792
128.24391559759775
129.97348415851593
132.84087689717612
123.51984504858653
128.32209964593252
126.52689735094707
118.76461736361186
123.74452058474223
125.14986844857533
116.56886180241902
118.53723140557607
116.86717681090038
117.87932201226552
119.9063709974289
119.10174401601155
117.30270330111186
116.26343520482381
118.44831264019012
108.64152161280315
111.24160989125569
110.2000282605489
117.67734674612682
113.44677400588989
112.18602085113525
110.22171012560527
117.56862823168437
106.92567153771718
107.108460744222
110.9752334356308
105.17807996273041
104.70048268636067
108.43100603421529
104.45314077536266
101.97632495562236
103.72092672189076
98.63426832358043
99.90496039390564
97.04689729213715
101.37887028853099
105.20019892851512
95.74459636211395
99.5148796637853
99.88855214913686
97.97475711504619
94.52167777220409
97.2452568213145
90.79509770870209
100.30988232294719
92.1355105638504
94.92272380987804
91.5551468928655
97.91384692986806
98.31655498345692
99.68679161866505
93.2288870414098
97.83139423529308
90.80806092421214
92.54708055655162
90.81367854277293
89.8223347266515
86.82187887032826
94.96790158748627
89.5485151608785
87.17473475138347
86.17034645875295
89.65889414151509
86.01659782727559
90.17472402254741
89.86103908220927
85.32635899384816
89.35637378692627
93.70494596163432
92.30620241165161
87.18474821249644
81.1126850048701
92.7862644592921
88.8999610344569
85.53560853004456
81.30134546756744
85.07431264718373
85.18081148465474
86.70148328940074
86.3453921477
84.4225953022639
85.43134427070618
80.86176633834839
78.5325637658437
84.3745572368304
82.25287562608719
82.35043412446976
80.86835904916127
74.90833743413289
84.67017018795013
79.28053748607635
81.52560301621754
82.67374563217163
76.45927411317825
79.10483984152476
78.92825984954834
72.89082715908687
81.46924797693889
76.34034979343414
75.63820747534434
77.16450603802998
76.59002262353897
75.51987675825755
77.19104146957397
80.97382026910782
79.61602294445038
78.04598160584767
74.49573866526286
73.7519624431928
71.38089615106583
73.12793189287186
72.40768003463745
69.15115718046825
72.86677320798238
76.70192833741505
72.18531479438145
73.04461501042049
73.8075003226598
78.42610237995784
73.38163938124974
67.94560883442561
73.97323536872864
72.62070691585541
72.51047730445862
71.7316290140152
62.90528827905655
71.92857042948405
69.67940986156464
64.91831292708714
72.25558076302211
70.99858075380325
69.03807314236958
70.84095726410548
70.0517748594284
71.82342757781346
67.7239222129186
72.73744956652324
68.34223326047261
64.14566661914189
66.32977457841237
67.91686403751373
66.51888304948807
65.51115882396698
64.70547590653102
