203.2235590616862
195.07381637891135
166.83920319875082
167.2985335191091
177.3445078531901
171.39944307009378
166.36719036102295
166.24684405326843
149.7499443689982
154.7836951414744
151.54059235254923
155.35284837086996
149.28352069854736
153.26555649439493
142.243936697642
128.47083477179208
134.1526645819346
126.52903191248576
133.64065925280252
130.49925255775452
129.42820473512015
123.05290853977203
112.89055808385213
110.61766970157623
110.06458878517151
107.74069790045421
112.4237197637558
104.84635881582896
104.10854768753052
99.89248482386272
103.847207903862
98.79017786184947
100.60703019301097
93.14422074953715
97.67735373973846
96.63561737537384
93.70661230882008
93.12575821081798
96.16213218371074
84.58588993549347
95.05127584934235
89.78196322917938
90.2502920627594
86.88389710585277
96.70824845631917
84.28859639167786
84.79004148642223
88.86121273040771
82.89277342955272
83.07187139987946
82.8260463476181
73.66468524932861
75.69733885924022
79.8115563193957
71.924365401268
75.72433225313823
80.96849115689595
72.43083234628041
69.75970808664958
80.56946529944737
72.92754302422206
70.41579075654347
74.26383699973424
74.61112533013026
65.83774987856548
63.00563363234202
70.28901658455531
71.29801807800929
60.18900177876154
62.236367762088776
59.83232522010803
61.74403351545334
65.37320057551067
65.74659782648087
66.78853563467662
64.76198442776997
68.09589968125026
58.39032493034998
57.12985750039419
58.118303656578064
59.78560964266459
54.78021812438965
55.4174995024999
55.68255444367727
57.365160723527275
51.542396475871406
55.86917551358541
47.06717456380526
53.25497059027354
51.859178294738136
49.95537108182907
48.44503648082415
45.35705188910166
46.80814545353254
45.915331264336906
39.537960201501846
40.0670028279225
47.26306013266245
41.15848987301191
40.69310732682546
47.50823813676834
49.23445292313894
39.44343153138956
36.51400329669317
37.43364945054054
41.602141032616295
37.0147358228763
31.108608804643154
30.6721519206961
33.68227878461281
35.44968300188581
33.465402748435736
27.476101427649457
27.278568843845278
27.617615990961593
24.676496845980484
28.710451409220695
22.451593001683552
24.44014297425747
22.465365663170815
18.046829054752987
17.840522492925327
20.96041438480218
19.74555118381977
17.12931101520856
16.015292157729466
12.486855775117874
19.872031586865585
15.804359950125217
13.535704175631205
13.265922625859579
12.978117391467094
14.039155468344688
12.07330975929896
10.881658424933752
9.614463736613592
15.798995271325111
11.917135288317999
11.784318496783575
9.719633489847183
6.563110440969467
6.868436187505722
5.300850838422775
6.350909988085429
4.858095268408458
3.533060242732366
3.809761703014374
3.0054283837477365
4.122787753740947
22.463410129149754
9.924557675917944
8.826072206099829
10.635404080152512
6.779321293036143
4.91761589050293
0.3415016531944275
-1.3199087778727214
-0.9708956281344095
0.9049952824910482
-0.9216402570406595
-4.812967201073964
-5.576621274153392
-5.165843725204468
-6.137367824713389
-8.130306780338287
-8.598234097162882
-8.621741831302643
-8.159851173559824
-9.158036351203918
-7.750554621219635
-9.255603075027466
-8.05511067310969
-4.733048915863037
-6.6299882133801775
-9.292851487795511
-9.28980165719986
-10.173818171024323
-11.015820682048798
-11.292112469673157
-13.131848454475403
-14.987604598204294
-13.34114501873652
-14.453403751055399
-14.495321293671926
-15.646456718444824
-17.0896559158961
-14.918384373188019
-14.20599490404129
-15.924052119255066
-16.81706041097641
-17.11495445171992
-18.428635855515797
-15.943107187747955
-16.124280313650768
-19.487380584081013
-19.102865676085155
-19.3131649295489
-19.226787984371185
-19.82327675819397
-21.142494797706604
