212.81156222025552
204.29682819048563
196.02642663319907
197.34259939193726
187.91564830144247
182.28331788380942
185.11215130488077
184.73838861783346
176.1989720662435
173.57855876286825
169.08735529581705
174.71640491485596
166.94873054822287
174.05791425704956
168.69210728009543
167.4281538327535
166.02248668670654
158.20411698023477
165.53547962506613
163.49828855196634
162.9283443291982
159.81736795107523
151.3840967019399
151.6390964190165
151.93184359868368
153.0117847919464
147.40968028704324
148.88698705037436
148.05339725812277
142.96496351559958
149.32870634396872
142.0406732559204
147.17275412877402
130.219233751297
137.2982059319814
135.57561111450195
139.5246631304423
133.6341195901235
131.895298798879
138.86045583089194
141.62070576349893
126.20273224512736
128.7453358968099
130.67941482861838
131.76095549265543
127.10588415463765
126.04436715443929
122.37352959314983
119.81572608153026
121.00024378299713
123.25455681482951
117.15664811929067
120.8694855372111
117.61143318812053
120.25893779595692
111.95942159493764
111.20632167657216
105.70049409071605
107.09517061710358
117.75237182776134
110.67280546824138
108.32763063907623
106.81135785579681
106.10422972838084
103.45499889055888
103.97912601629893
103.53568895657857
99.32652842998505
100.4414613644282
101.6377763748169
101.14007540543874
96.86574860413869
95.67568461100261
102.38092799981435
95.21427659193675
92.91113189856212
98.47260038057964
90.74670426050822
87.72336296240489
89.18750433127086
94.0301524400711
95.25155814488728
91.80438216527303
85.90299860636394
89.26578481992085
96.89234658082326
88.41197597980499
95.70436549186707
87.81254835923512
88.17502359549205
82.83291494846344
82.42603166898091
82.29811243216197
89.74689606825511
88.16504605611165
79.5148716767629
82.76951086521149
86.37371883789699
82.04436198870341
83.8139903942744
86.90195767084758
82.21294319629669
84.26841751734416
76.45414356390636
76.32655016581218
77.38485674063365
83.75883913040161
79.23089057207108
80.84085822105408
78.17145744959514
78.12107847134273
79.07538827260335
79.33520515759785
74.9602382183075
74.51147907972336
74.08599931001663
72.35822540521622
76.41401360432307
82.43013095855713
71.86663736899693
65.39206759134929
66.90959924459457
76.66555605332057
71.747669617335
68.40380599101384
68.05553891261418
73.16206179062526
66.23404924074809
68.17190033197403
67.08357431491216
71.8116883834203
66.37405641873677
68.0104495882988
67.62956281503041
75.27239348491032
60.362545708815254
69.19409036636353
62.956827302773796
65.9251337448756
64.72438909610112
61.77200957139333
65.73789594570796
65.71961478392284
69.07468867301941
69.99273018042247
62.60517211755117
60.794327874978386
63.0256627202034
70.94802031914394
59.9243568778038
56.987569093704224
60.717747489611305
59.642356157302856
64.66710847616196
58.114689429601036
61.090485175450645
63.968116660912834
59.64453055461248
54.070806543032326
60.60355128844579
54.578359047571816
60.156259655952454
49.467045744260155
53.169227639834084
55.999965171019234
63.243232468763985
59.194990595181785
51.52237409353256
57.11954150597254
56.66980109612147
53.259991546471916
55.339469492435455
54.23498425881068
56.24119637409846
54.06441326936086
53.65820594628652
53.592401127020516
51.30388296643893
55.28572676579157
51.69583644469579
54.960099279880524
54.488684237003326
46.75943244496981
48.391417702039085
50.711982111136116
46.22682518760363
50.97375772396723
47.74215018749237
44.630636632442474
48.87431872884432
45.35811851421992
47.43906766176224
44.5688291589419
48.237156530221306
45.422832856575646
44.68950241804123
48.829180339972176
49.143988927205406
47.05031704902649
44.14339412252108
