745.9863133430481
688.7381467819214
687.9540500640869
652.7247376441956
644.0360112190247
609.4575474262238
609.449206829071
605.5488293170929
621.9495861530304
584.535641670227
575.02361369133
619.6947641372681
596.2933452129364
587.1769919395447
596.3095026016235
597.4664280414581
581.5439460277557
559.517275094986
579.578385591507
539.1249985694885
559.2401013374329
556.1197509765625
562.6251347064972
554.5103380680084
526.7486000061035
520.3653435707092
526.2743544578552
556.8691959381104
529.7248635292053
528.0484840869904
531.4275541305542
539.6383280754089
533.9152278900146
515.511116027832
518.432944059372
529.4137229919434
537.7436425685883
507.8372428417206
507.6920680999756
511.82026076316833
527.9093129634857
506.7675108909607
506.51922702789307
509.79776668548584
519.1118364334106
492.5368001461029
503.5930070877075
507.5628089904785
500.74821877479553
490.71383571624756
495.3012447357178
491.6426639556885
499.7431163787842
483.4728274345398
480.0263879299164
513.7530632019043
472.2948155403137
483.9353880882263
481.06211280822754
463.64311814308167
488.10967564582825
459.46766209602356
456.3022241592407
478.7177200317383
477.0691022872925
476.008718252182
465.7202088832855
480.49245405197144
483.26225757598877
466.9682765007019
465.6766927242279
467.3363506793976
459.2879161834717
434.5739209651947
475.43079948425293
458.2258801460266
466.3910427093506
460.3914940357208
460.5197055339813
460.7833409309387
450.98019790649414
455.31509232521057
468.46345949172974
449.1533250808716
453.38196754455566
441.50914764404297
458.3733112812042
448.4123818874359
447.1798269748688
437.80402874946594
438.23596692085266
452.9355642795563
440.28912377357483
450.74001288414
445.0177185535431
435.7038905620575
445.9272062778473
433.02547097206116
429.5609803199768
446.43312191963196
424.66895818710327
419.4524586200714
439.89598751068115
437.2069709300995
441.5151915550232
425.46872878074646
450.1425521373749
433.10384035110474
432.32268500328064
427.6111340522766
454.86341071128845
425.3502278327942
447.30074548721313
430.52272772789
456.71341156959534
446.61891174316406
425.284873008728
416.8231155872345
416.66597390174866
425.6534307003021
434.35339879989624
423.97834062576294
425.151020526886
419.3505985736847
418.1992738246918
425.45583510398865
440.6441833972931
412.53443694114685
432.74781370162964
410.77888226509094
417.83760619163513
417.68836188316345
434.5941882133484
424.51000332832336
412.6107110977173
422.04392647743225
443.922078371048
430.6447744369507
421.9155135154724
440.45541191101074
417.75694012641907
415.04241824150085
439.91166138648987
412.49168634414673
426.6451961994171
419.3140127658844
417.74428820610046
406.5871479511261
426.26241517066956
412.9654483795166
413.63390493392944
421.43792366981506
410.0231919288635
423.7762725353241
430.0932071208954
417.7942109107971
421.466370344162
399.4312379360199
421.3570158481598
411.94048166275024
398.2318842411041
413.8063175678253
426.91938829421997
413.3311049938202
418.3436830043793
404.52698016166687
406.06060242652893
401.8211615085602
401.036057472229
402.0339877605438
419.258811712265
409.1514585018158
419.1440579891205
402.9332814216614
421.6044535636902
409.9974045753479
400.44508385658264
394.043292760849
395.95623087882996
397.0459077358246
408.3415744304657
428.7199499607086
402.5734269618988
426.1691777706146
392.2902765274048
418.3671736717224
410.36322236061096
411.200021982193
390.65410923957825
407.51380038261414
422.88088726997375
388.9739422798157
403.45777201652527
390.2619802951813
391.4155614376068
393.10878324508667
403.53219270706177
378.7509489059448
400.0243470668793
419.14095544815063
