843.7110352516174
799.7624545097351
781.017707824707
749.0434041023254
777.5301294326782
770.1268219947815
759.8303346633911
724.2258968353271
732.60533618927
737.1892800331116
737.695276260376
722.247926235199
713.104133605957
735.9274725914001
727.7390208244324
709.6014051437378
714.8094835281372
685.9612517356873
700.9796452522278
696.9475507736206
695.7971124649048
698.4967260360718
687.5478186607361
668.0255832672119
673.5974245071411
670.6822044849396
678.2586498260498
669.9103970527649
665.9640052318573
652.7075729370117
676.7911076545715
653.669924736023
662.6922750473022
681.5826396942139
663.591206073761
639.5261254310608
654.8289856910706
632.9674344062805
651.2278623580933
637.262277841568
635.359453201294
633.1067667007446
643.2050137519836
632.2667436599731
635.3929364681244
617.1576108932495
653.4645929336548
635.5414958000183
613.6749482154846
623.1930603981018
618.9693739414215
642.5517072677612
607.8796031475067
628.4285781383514
592.1435153484344
594.8657331466675
575.9901156425476
588.1832225322723
606.83642411232
589.5246484279633
585.7059442996979
595.9510583877563
595.4708495140076
598.2631766796112
568.9779298305511
588.6824898719788
586.3623130321503
604.0985324382782
564.3492610454559
591.81480717659
564.2749209403992
570.9039227962494
546.6285946369171
577.9889175891876
553.8513100147247
563.7491409778595
568.2514114379883
567.5545887947083
549.2022128105164
550.7678275108337
569.9767062664032
563.2299690246582
555.0250375270844
562.7126505374908
545.5897269248962
529.2756397724152
544.6569902896881
540.909725189209
531.0302274227142
527.5888648033142
531.4277555942535
532.3812429904938
543.7367041110992
532.9935314655304
522.8157465457916
509.36756110191345
513.66881108284
519.5604155063629
500.2460906505585
517.262077331543
522.8777973651886
520.7636775970459
515.8056156635284
499.71394443511963
513.7540302276611
517.199704170227
507.51937341690063
506.8516421318054
497.9502103328705
516.8006851673126
514.5326068401337
502.44869327545166
500.15208768844604
485.2823340892792
490.27629685401917
496.6029016971588
483.06836891174316
481.25471210479736
482.29889845848083
484.87138843536377
477.7039546966553
497.2900540828705
477.617849111557
491.423068523407
486.92543172836304
473.52092361450195
470.2576549053192
461.99969816207886
472.1301794052124
471.53400802612305
476.682009935379
475.10954546928406
459.7498321533203
476.14357805252075
460.2737183570862
472.10048365592957
466.4174747467041
445.3609321117401
457.91083121299744
471.2052595615387
482.62998390197754
474.3421702384949
467.06945157051086
452.0480360984802
461.9377682209015
452.68764305114746
447.54286456108093
454.39412117004395
448.2154712677002
454.3270740509033
449.50951290130615
455.3557879924774
442.16209149360657
466.45059537887573
460.5301413536072
465.8094975948334
450.1749475002289
449.3097012042999
450.2646391391754
437.87099528312683
440.87485933303833
449.8281478881836
437.23993039131165
443.07476234436035
449.8524444103241
452.6996099948883
442.47194266319275
445.7112774848938
429.0149734020233
452.16424036026
441.218798160553
433.67144417762756
417.78973841667175
442.76007604599
442.50522446632385
417.0561285018921
441.5114846229553
427.74031257629395
430.2914876937866
435.3469774723053
433.634938955307
436.2532820701599
434.3286187648773
442.47117710113525
435.4157974720001
441.34741258621216
440.9911844730377
423.22136092185974
424.1030466556549
428.27959060668945
427.9850103855133
419.378319978714
440.9903383255005
443.00985074043274
419.6801528930664
415.9494078159332
423.0339593887329
422.33806347846985
422.41135597229004
429.9585084915161
