857.3296589851379
840.2739033699036
816.2511301040649
811.0946264266968
789.917004108429
761.6903281211853
799.1784515380859
758.5854501724243
771.4421381950378
753.4111371040344
760.2062659263611
743.0481667518616
760.4699416160583
753.2296586036682
720.9060974121094
736.4255714416504
734.7646241188049
728.7809910774231
745.7773551940918
718.4095592498779
722.2585635185242
739.4231095314026
695.7201533317566
692.5163969993591
724.2647390365601
723.5834693908691
711.1863603591919
724.1619119644165
677.1979837417603
693.3977603912354
689.9001893997192
686.263286113739
692.6294584274292
712.3741903305054
677.747576713562
687.4495043754578
676.0811495780945
687.2897033691406
689.235842704773
671.0626485347748
669.9805870056152
651.5285670757294
668.4056646823883
676.7006907463074
674.8327596187592
680.1092147827148
679.6393208503723
660.6392793655396
655.3401393890381
655.1834812164307
649.0678894519806
650.4209196567535
651.0720100402832
635.4002294540405
649.8235394954681
645.6706473827362
629.3355677127838
627.6707925796509
645.423451423645
598.8875932693481
617.953634262085
635.2619850635529
635.3584861755371
620.4264802932739
630.87402510643
614.8847780227661
625.1399652957916
614.6679627895355
616.6180508136749
594.0402960777283
609.0727517604828
610.817830324173
592.6796908378601
613.2779438495636
606.1451618671417
595.9327654838562
579.007155418396
606.0016391277313
595.8609638214111
576.1564440727234
601.4747498035431
589.4289531707764
566.705016374588
568.1263427734375
578.5589792728424
560.2178852558136
568.1770713329315
556.8360753059387
569.3431432247162
564.8349094390869
569.0455410480499
564.7787413597107
549.9971482753754
556.338742017746
539.8499858379364
561.6940903663635
545.7625827789307
566.309220790863
541.1944739818573
558.1656551361084
539.6004528999329
533.0604979991913
527.4074265956879
548.1042356491089
531.341126203537
546.2906594276428
538.0466842651367
521.7686994075775
524.9796278476715
521.8689477443695
543.2470264434814
529.2390942573547
530.194717168808
512.1052513122559
526.6336045265198
506.38569688796997
517.7980513572693
510.5149371623993
513.8827655315399
515.665477514267
507.255496263504
506.5631058216095
513.7851765155792
524.4219360351562
499.56735944747925
511.01835465431213
504.94885778427124
495.0297522544861
498.951283454895
492.60207438468933
518.1711621284485
514.221667766571
492.3165600299835
519.8560836315155
494.6444730758667
498.773108959198
495.68934440612793
494.29610204696655
492.1415686607361
498.4125292301178
499.65761518478394
493.71443605422974
496.6954138278961
476.2758994102478
487.46978664398193
484.2373015880585
488.97979736328125
477.0971460342407
491.65052103996277
485.4375820159912
486.5745222568512
485.44096660614014
485.44616436958313
473.9557628631592
475.14826679229736
475.4940187931061
477.06257486343384
465.7521207332611
472.65978717803955
469.7574608325958
483.777480840683
469.6483883857727
480.04202151298523
470.3409802913666
471.114399433136
465.84672808647156
474.8735508918762
472.24920415878296
456.04132866859436
462.7883882522583
466.0047562122345
458.45063304901123
464.393328666687
471.5475866794586
447.602739572525
480.1222846508026
458.5213871002197
458.15444111824036
470.27127385139465
457.08535385131836
468.44141936302185
441.64449095726013
456.2646713256836
455.9673914909363
459.5470790863037
450.85045528411865
446.9065616130829
462.7987837791443
458.6637816429138
446.4748651981354
460.30816864967346
449.88564562797546
464.36250472068787
462.1872205734253
456.897509098053
457.164005279541
447.145215511322
441.25071001052856
451.4054071903229
457.6341812610626
