70.14115289847057
76.3401490052541
61.394657691319786
58.17600170771281
46.99723331133524
60.5708357890447
39.583447297414146
45.76061203082403
36.516509890556335
57.72725133101145
45.42667349179586
33.704456090927124
26.459472974141438
33.53808703025182
32.83755870660146
47.89031867186228
38.97113267580668
35.922202706336975
31.690337320168812
49.56674049297968
25.867354730765026
38.94723100463549
20.43126932779948
23.588076372941334
35.30338797966639
45.80906923611959
22.59483673175176
23.791824112335842
38.715866227944694
48.433380822340645
22.352534383535385
35.191344241301216
38.21887010335922
36.43821322917938
31.08468512694041
31.318759818871815
22.52469250559807
45.49218227465948
51.1995704571406
48.35975690682729
28.19386448462804
32.00022087494532
28.1732461253802
36.22952497998873
26.817232459783554
42.83182406425476
59.84771321217219
25.645008126894634
23.812900284926098
43.70957006017367
26.82312148809433
38.806366086006165
35.01661010583242
40.54760559399923
40.278675039609276
30.37990442911784
38.04976352055868
28.193637212117512
31.82514163851738
46.634452978769936
39.0101335644722
50.40311793486277
47.37403664986292
33.350567638874054
27.828975429137547
24.320690244436264
27.000226120154064
30.52671190102895
48.46207698186239
31.424201826254528
45.18851888179779
31.564248780409496
34.75033579270045
25.255089114109676
37.90299344062805
36.95762870709101
36.479641119639076
34.77624396483103
50.36716524759928
25.411592086156208
40.24903392791748
26.008864561716717
28.275991916656494
25.824266264835995
34.2118670741717
32.29721488555273
28.44477250178655
39.91865666707357
26.323081930478413
44.9633473555247
49.016274293263756
30.57100812594096
27.01107758283615
33.26206503311793
34.07722759246826
39.12093377113342
56.68200981616974
26.887149810791016
31.48529366652171
35.3916349808375
31.965112169583637
29.60679268836975
43.885542611281075
25.826699594656628
32.863372107346855
28.45425482590993
37.56298838059107
29.693314691384632
28.850651611884434
26.711728831132252
24.38201482097308
23.867040932178497
21.734616895516712
51.00285756587982
27.61187384525935
39.07213898499807
30.427411039670307
50.267478585243225
44.48517560958862
41.63455402851105
34.52398124337196
37.16125239928564
35.62090810139974
25.87797995408376
30.59073120355606
30.028516223033268
36.271705289681755
25.58114602168401
36.30023862918218
32.0288481314977
57.907540718714394
34.07229067881902
25.332598209381104
30.52650612592697
44.55137038230896
29.682966589927673
28.14071148633957
44.601003885269165
30.92967442671458
28.342999696731567
34.79325294494629
26.751469175020855
46.457774023214974
35.584728380044304
26.543065408865612
24.97450844446818
61.90353707472483
36.721475541591644
27.468105991681416
39.09720313549042
30.7415687640508
53.165983160336815
30.047717491785686
41.89106369018555
43.961809953053795
34.25522073109945
38.23715273539225
27.678829471270245
37.984672566254936
27.21147245168686
39.22467654943466
35.426918745040894
33.754999220371246
30.38486596941948
46.713292837142944
40.0582640171051
44.897735913594566
44.58121224244436
30.110480388005573
31.59949145714442
32.83003185192744
30.362563729286194
44.76637077331543
41.09455011288325
36.462837974230446
35.346278965473175
36.76089616616567
25.56973726550738
30.253404418627422
21.932102104028065
35.669995407263436
22.553784996271133
26.61208228270213
27.620306889216106
32.14220347007116
41.0807656844457
38.24278481801351
34.79746522506078
36.49289025863012
34.0616725285848
36.05751243233681
35.689153134822845
26.590054472287495
39.198156456152596
41.29849427938461
29.79115339120229
30.65979864199956
30.952605485916138
25.4507138133049
39.55247757832209
