55.61294539769491
26.02094171444575
22.964446504910786
20.732134521007538
19.75735189517339
18.08279671271642
17.58184082309405
17.05008179942767
18.022299865881603
16.425230264663696
15.925087034702301
15.741612434387207
14.897529115279516
14.896912455558777
14.077646841605505
14.54818626244863
14.3135258158048
14.328257083892822
13.206486423810324
13.626591066519419
12.572250992059708
12.525939191381136
12.197909891605377
12.994114364186922
12.18865285317103
12.252882013718287
13.47345938285192
11.172456080714861
11.918083290259043
11.160230070352554
11.326413879791895
10.547229742010435
12.046762386957804
10.478219985961914
10.041939914226532
10.64902757604917
10.041319876909256
10.223754674196243
9.69947063922882
10.075635567307472
9.868909110625586
9.565428584814072
9.135596126317978
10.292195101579031
9.246456940968832
9.59877927104632
8.788508931795755
9.205463836590448
9.450950841108957
9.30341599881649
8.695321400960287
8.605494310458502
8.668675983945528
8.790356636047363
8.51201627155145
8.936955566207567
8.343851263324419
8.196942364176115
8.365182335178057
7.886454448103905
8.201529388626417
8.025409042835236
8.063046207030615
7.916999782125155
7.947598199049632
7.656974251071612
7.438665161530177
7.568821142117183
7.990580966075261
7.731063877542813
7.431793396671613
7.896614943941434
7.208648482958476
7.31876344482104
7.3042449206113815
7.240493918458621
8.630698561668396
7.16475073993206
7.510523160298665
7.238777965307236
7.289531961083412
7.139194379250209
7.514525537689527
7.357512906193733
7.1822885821263
6.705828552444776
6.765556126832962
7.922643433014552
6.792072589198749
6.77291876077652
6.933961326877276
6.988848636547725
6.650887121756871
6.607730145255725
7.009585772951444
6.668454224864642
7.19483732432127
6.936275372902553
6.5371760576963425
6.561034123102824
6.389350098868211
6.389551103115082
6.924816578626633
6.345754191279411
6.387094308932622
6.225456255177657
6.38874722768863
5.97143638630708
6.136244167884191
6.139857649803162
5.7324232285221415
6.125820644199848
5.7055311898390455
5.839240146179994
6.166241054733594
5.932191342115402
6.229705596963565
5.785380971928437
5.976940880219142
5.766334995627403
5.872746643920739
5.633334341148536
6.519641141096751
5.722929211954276
6.007487793763478
5.494689370195071
5.750589715937774
6.298700153827667
5.680432329575221
5.671224604050319
5.617122024297714
5.930736690759659
5.50775711486737
5.518267177045345
5.809976217647393
5.932308241724968
5.289294369518757
5.920133451620738
5.758558618525664
5.443501537044843
5.526635994513829
6.23508557677269
5.648864751060803
5.58267480134964
5.647588560978572
5.2101041823625565
5.694307754437129
5.3246872797608376
5.5683774674932165
5.283238627016544
5.410827090342839
5.2288647294044495
5.275505242248376
5.460044393936793
5.054015283783277
5.098759318391482
5.408648185431957
5.238501653075218
5.101359881460667
5.140117928385735
4.960087324182193
4.981349182625611
5.106736267606418
5.4967451964815455
5.407586395740509
5.2440129692355795
5.424019056061904
5.272459089756012
5.336703764895598
5.335080822308858
5.067381717264652
5.06155131260554
5.2517138967911405
4.991926138599713
5.475673193732898
4.970980366071065
5.074940932293733
5.692829350630443
5.32312922924757
5.1422871351242065
5.0811984067161875
5.601120283206304
5.056543881694476
4.9289815326531725
5.125056862831116
5.171678423881531
5.018528737127781
5.324956531325976
4.990969322621822
4.96355964243412
4.783462134500344
5.13486563662688
4.920053725441297
5.12407474219799
4.721836944421132
4.954292014241219
4.815970234572887
4.776210213700931
5.145692606767018
4.798256501555443
