-0.20463289646431804
-9.03912216424942
-22.77483156323433
-29.41247621178627
-40.70839473605156
-44.252322524785995
-51.80598735809326
-53.62686663866043
-57.13207310438156
-61.703314661979675
-49.5575013756752
-49.3430734872818
-57.380266308784485
-57.70929178595543
-56.60571897029877
-65.01377120614052
-63.21158775687218
-53.891469061374664
-64.43035751581192
-55.82943904399872
-52.947772800922394
-60.85072532296181
-60.39658081531525
-56.448587357997894
-64.6539318561554
-61.98905062675476
-70.05717819929123
-69.53207314014435
-64.80808180570602
-61.97380989789963
-53.86381816864014
-61.53699126839638
-67.20562070608139
-68.45292779803276
-65.60798335075378
-73.42223644256592
-74.53356057405472
-62.568082481622696
-66.66303363442421
-62.444172233343124
-69.44523724913597
-62.519010961055756
-60.148276805877686
-57.485188603401184
-59.18359810113907
-69.82392352819443
-77.6546059846878
-59.83019080758095
-62.8717839717865
-61.30762988328934
-59.69154852628708
-55.73089811205864
-61.70238792896271
-60.35097950696945
-60.259922951459885
-63.69805711507797
-60.92449125647545
-63.68717807531357
-63.44451001286507
-55.21015977859497
-68.86920216679573
-70.355691999197
-63.64036798477173
-59.465702682733536
-62.261751890182495
-66.69159615039825
-63.22144940495491
-71.24312448501587
-66.67163109779358
-61.97730529308319
-65.40631818771362
-56.538732290267944
-76.04623565077782
-66.6952476799488
-64.72134664654732
-67.01167663931847
-60.73006871342659
-71.60046568512917
-57.324269473552704
-61.71921518445015
-70.19668677449226
-60.61832183599472
-73.41948646306992
-69.6778724193573
-70.14598339796066
-60.06857776641846
-62.225840985774994
-58.24421316385269
-66.3735756278038
-70.03072601556778
-63.25801506638527
-69.82403936982155
-60.90490394830704
-64.97244596481323
-68.54131999611855
-62.18797588348389
-60.13323754072189
-63.690537482500076
-59.108170092105865
-57.10071024298668
-78.50826811790466
-69.63805311918259
-64.02744522690773
-66.71635100245476
-63.59273189306259
-63.02290189266205
-70.52089726924896
-69.38229495286942
-69.53678739070892
-75.8450439274311
-66.65684869885445
-64.85565745830536
-77.79035222530365
-80.38963687419891
-66.27114644646645
-71.5339524447918
-64.74440920352936
-70.23990577459335
-71.38762432336807
-67.09131020307541
-59.118082106113434
-69.17318570613861
-69.98259633779526
-68.8258421421051
-70.34104055166245
-61.91852825880051
-60.36154627799988
-53.47206696867943
-57.021232813596725
-57.17132830619812
-69.42265820503235
-68.90563687682152
-65.97118210792542
-62.73188757896423
-65.70208704471588
-65.12630379199982
-63.18647027015686
-71.15236508846283
-63.50021976232529
-66.36612147092819
-51.39544966816902
-55.814339339733124
-64.63236013054848
-63.14500904083252
-47.58145475387573
-55.88768723607063
-54.789100646972656
-57.662144243717194
-54.89015483856201
-67.32142707705498
-57.7807257771492
-52.67906051874161
-51.83096382021904
-63.41309678554535
-60.760807037353516
-60.29365301132202
-54.82414022088051
-70.23866677284241
-59.00961908698082
-56.01163274049759
-62.560854971408844
-58.933188796043396
-59.38879895210266
-71.38486930727959
-55.07131099700928
-62.67090451717377
-66.2050210237503
-63.90279459953308
-60.3854700922966
-74.50810059905052
-62.62577664852142
-68.22258931398392
-67.88188397884369
-77.25071156024933
-66.3971720635891
-64.17486125230789
-74.86301416158676
-68.49355295300484
-69.2357502579689
-73.13312596082687
-67.18941295146942
-83.87498909235
-72.130476385355
-74.531334400177
-71.26198652386665
-67.84128904342651
-76.97109001874924
-69.57199317216873
-75.07422870397568
-72.34682321548462
-72.97122973203659
-70.23939204216003
-69.84121415019035
-74.35780364274979
-70.64697325229645
-82.77967125177383
-71.20287203788757
-77.62996697425842
-81.42148861289024
-72.46068042516708
