-7.864977131287257
-36.664959609508514
-47.044671177864075
-49.00786793231964
-50.01881674925486
-51.49736428260803
-51.483017245928444
-51.627194007237755
-52.18245311578115
-51.59563000996908
-51.05546911557516
-51.72330963611603
-50.759668469429016
-51.846586505572
-51.56358059247335
-50.761058489481606
-50.093780517578125
-51.139560202757515
-51.65522106488546
-52.410772720972695
-52.18312271436056
-51.734537283579506
-50.431216855843864
-49.25625878572464
-50.82433442274729
-51.47601030270258
-51.755430579185486
-51.886491775512695
-50.868361373742424
-51.81401507059733
-50.93075295289358
-51.321848491827645
-52.304391622543335
-52.33944789568583
-51.944350719451904
-51.20374774932861
-51.29864160219828
-52.104077796141304
-51.87003856897354
-52.15516730149587
-52.38078085581461
-52.372447888056435
-53.28708704312643
-52.42042541503906
-53.20967149734497
-53.70716828107834
-53.47833335399628
-53.208975752194725
-52.67089686791102
-53.543162286281586
-53.51870308319727
-53.62505718072256
-53.798250238100685
-53.48591327667236
-53.32137316465378
-53.58332725365957
-53.59102666378021
-53.77140442530314
-54.00447118282318
-53.745159685611725
-53.957271575927734
-53.99087858200073
-53.81628547112147
-53.92015014092127
-54.42826068401337
-54.25352279345194
-54.41686296463013
-54.05337597926458
-54.20809425910314
-54.37211843331655
-53.97112770875295
-54.63264401753744
-54.32336783409119
-54.62609998385111
-54.65338510274887
-54.43628968795141
-54.34819746017456
-54.00391195217768
-53.66539144515991
-53.63441044092178
-53.965006013711296
-53.364872336387634
-53.60482986768087
-53.35485327243805
-53.80339207251867
-54.05984385808309
-54.16628007094065
-53.68345443407694
-52.478015104929604
-51.95389707883199
-51.77726185321808
-52.38443271319071
-52.89265775680542
-53.11297617355982
-52.90243230263392
-52.10350032647451
-52.379556914170585
-52.20180437962214
-52.199505964914955
-52.59827431042989
-53.09410820404688
-53.27822732925415
-53.54788200060526
-53.67291748523712
-53.808268666267395
-53.99138534069061
-54.17124825716019
-54.4071092804273
-54.22118389606476
-54.5595392982165
-54.643428881963096
-54.60886069138845
-54.63709890842438
-54.521048764387764
-54.13214552402496
-54.432916243871055
-54.48094447453817
-54.53111366430918
-53.99953182538351
-54.177391250928245
-54.186625480651855
-53.729817152023315
-53.78363502025604
-54.169842004776
-54.3501041730245
-54.51734719673792
-54.3485466837883
-54.60130206743876
-54.54621458053589
-54.76690208911896
-54.650784273942314
-54.86271154880524
-54.865043679873146
-54.63482908407847
-54.92732443412145
-54.77172050873438
-54.897169291973114
-54.819016416867576
-54.449381033579506
-54.53109590212504
-54.537384490172066
-54.300348261992134
-54.48055203755697
-54.229042649269104
-54.15506315231323
-54.06063381830851
-54.66204992930094
-54.47004314263662
-54.15173006057739
-54.60471530755361
-54.677719136079155
-54.52428261439005
-54.81132461627325
-54.30564991633097
-54.922958175341286
-54.80799134572347
-54.760542829831444
-54.76921236515045
-54.5305612484614
-54.57818194230398
-54.14024041096369
-54.35347290833791
-54.624863068262734
-54.52443871895472
-54.105737467606865
-54.50609834988912
-54.55284116665522
-54.15149154265722
-54.425608356793724
-54.452879190444946
-53.52732320626577
-54.41904230912527
-54.65482101837794
-54.64458145697912
-54.87347020705541
-54.70511174201965
-54.30902852614721
-53.93815185626348
-53.964684009552
-53.592222114404045
-54.23898422718048
-54.87887028853098
-54.71553170681
-54.42301412423452
-55.17760717868805
-54.86245854695638
-55.457847595214844
-55.32983958721161
-54.850106279055275
-55.19019488493601
-54.674107591311135
-54.525015234947205
-55.15149835745493
-55.00322059790293
-54.719563921292625
-54.7596937417984
-54.29741487900416
-54.146842420101166
-54.26023777325948
-53.751821875572205
