2022.276174545288
1386.8166341781616
1239.5237836837769
1014.3663415908813
1018.7313346862793
998.8320398330688
1002.2749738693237
914.4460682868958
935.1977157592773
943.0572981834412
925.3828072547913
913.2053742408752
891.8162956237793
901.6768155097961
883.9459953308105
914.6485795974731
898.3759536743164
903.0235600471497
862.8688631057739
868.5425643920898
836.8515186309814
847.4383554458618
846.3610081672668
784.1266150474548
824.794641494751
874.2090129852295
792.8828721046448
811.2468523979187
752.2951893806458
735.6867637634277
782.4005546569824
795.7775831222534
706.3826599121094
753.1759080886841
891.1190700531006
759.1656656265259
698.0127296447754
736.271653175354
738.9767465591431
725.299617767334
698.993293762207
693.3537607192993
712.3430843353271
675.3856163024902
676.3001003265381
663.225065946579
665.5279169082642
662.3329041004181
679.1150317192078
648.9877471923828
638.7264757156372
647.9544398784637
639.3265554904938
627.2116568088531
621.0298640727997
627.1743860244751
654.7230157852173
637.4111595153809
595.0268235206604
622.8519017696381
611.0041036605835
601.7662677764893
614.6459226608276
572.6483969688416
574.7776265144348
559.7072553634644
557.5131947994232
582.0304808616638
540.3952271938324
542.435409784317
540.1708369255066
562.3003349304199
562.4077553749084
553.4240055084229
545.0171670913696
528.4799790382385
521.3943395614624
507.7919135093689
497.946382522583
529.742995262146
493.67950224876404
491.7484726905823
521.280472278595
498.90974164009094
494.60059428215027
515.9992625713348
491.23159742355347
501.54734468460083
480.0781238079071
502.4121880531311
480.4804871082306
469.6731684207916
490.6972351074219
469.01172280311584
446.32211542129517
508.29835295677185
457.6852321624756
469.36118173599243
467.6151361465454
455.63239765167236
461.67417311668396
440.852658033371
469.1838936805725
427.1126322746277
465.5343384742737
466.7702376842499
425.0408601760864
428.4649775028229
427.83661222457886
464.09347009658813
418.888400554657
429.56029534339905
423.9206817150116
413.68338441848755
424.5328896045685
431.79327869415283
438.6656084060669
416.6092417240143
410.7484612464905
405.8745708465576
418.97857570648193
422.5387616157532
387.9572355747223
394.08789682388306
399.080650806427
393.24549651145935
414.70843172073364
377.5737965106964
403.1744737625122
426.41883158683777
389.982106924057
407.96229887008667
422.79558753967285
380.88477182388306
397.70078563690186
446.72737979888916
412.6767508983612
374.06679701805115
397.61331009864807
388.3600420951843
378.03631687164307
408.7072310447693
381.70021629333496
375.00589990615845
378.3305344581604
377.7950439453125
373.5108377933502
402.8261833190918
382.20838832855225
383.906525850296
378.10594272613525
359.0324475765228
368.73570489883423
365.87367129325867
363.4020743370056
369.95194125175476
379.7056450843811
360.7421088218689
344.7563269138336
354.4215478897095
367.0520324707031
357.72402143478394
357.110604763031
365.2811665534973
363.67679023742676
338.80085849761963
362.5285277366638
356.8234384059906
350.6260120868683
351.6977183818817
338.0738162994385
355.0911326408386
333.6969771385193
336.1491731405258
333.878294467926
345.1364486217499
337.2744687795639
336.77683329582214
346.9713397026062
345.2610740661621
355.4925289154053
359.0328907966614
341.48765897750854
346.9302411079407
346.3706555366516
321.9915735721588
340.8870151042938
342.5354313850403
335.0486776828766
371.55007219314575
323.27578377723694
352.0529794692993
345.12609338760376
337.9132900238037
333.7723648548126
340.3165102005005
336.7750201225281
327.4120349884033
333.72828459739685
325.4078539609909
