-3.4346799651781716
-12.800459921360016
-20.435552497704823
-28.250279267628986
-34.790388902028404
-38.93375142415365
-42.89707660675049
-45.73905831575394
-46.96298265457153
-48.13866889476776
-48.811159213383995
-49.211148182551064
-49.60946297645569
-50.43475556373596
-50.58770879109701
-50.87415917714437
-51.42127676804861
-51.61036757628123
-51.1806016365687
-51.65076549847921
-51.30496414502462
-51.295010129610695
-51.13830182949702
-51.441609938939415
-51.81510400772095
-52.07418437798818
-52.035117745399475
-52.1251066327095
-51.4378909667333
-51.85064574082693
-51.78927759329478
-52.138344049453735
-51.56705033779144
-52.438262263933815
-51.96382987499237
-52.03838618596395
-52.1360791126887
-51.778703133265175
-51.86362928152084
-51.52581675847372
-51.733693877855934
-51.27932405471802
-51.469552993774414
-51.79703597227732
-51.54633657137553
-51.48263665040334
-50.856009682019554
-51.612306356430054
-51.74833172559738
-51.406187891960144
-51.17513887087504
-50.8990708788236
-50.90740158160528
-52.00149746735891
-52.06227525075277
-52.00482267141342
-51.95038944482803
-51.60832196474075
-51.2501517534256
-51.968220035235085
-52.01282258828481
-51.89153941472372
-51.85179458061854
-52.060062964757286
-52.93150770664215
-52.53570387760798
-52.561595718065895
-52.25463036696116
-52.18302838007609
-51.94495634237925
-52.46139637629191
-52.68432581424713
-52.412585298220314
-52.96536475419998
-52.94176888465881
-52.90190823872884
-52.14245295524597
-52.83614134788513
-51.78519459565481
-52.909507632255554
-52.17724611361822
-52.31608680884043
-52.31397916873296
-52.441155314445496
-52.43228920300802
-52.93388287226359
-52.985227624575295
-52.830032666524254
-53.035069704055786
-52.7548044125239
-52.04443323612213
-52.94720391432444
-53.12840048472086
-52.715918143590294
-53.102122128009796
-52.75064684947332
-53.33595234155655
-53.04695371786753
-53.554763515790306
-53.692499339580536
-53.49433048566183
-53.27282603581747
-53.599777936935425
-53.965411841869354
-53.85022232929865
-53.61262873808543
-54.033871134122215
-53.48172934850057
-54.1297310590744
-54.20652927954992
-53.5009526014328
-53.83730491002401
-53.715749303499855
-53.24890253941218
-53.09561196962992
-53.055078426996864
-53.18632753690084
-53.035774886608124
-53.242331286271416
-53.281316002209984
-53.498930056889854
-53.41978391011556
-53.38483679294586
-53.37091795603434
-53.43094797929128
-53.2709242105484
-52.930533826351166
-53.35588777065277
-53.36882156133652
-53.63733673095703
-53.285173416137695
-53.13230752944946
-53.195822060108185
-53.68012052774429
-53.000200072924294
-53.128225326538086
-52.34922925631205
-52.49166452884674
-52.53333475192388
-52.725419561068215
-52.58480052153269
-52.91081976890564
-53.31356751918793
-53.27002310752869
-53.49108640352885
-53.36835034688314
-53.20818008979162
-53.20035962263743
-53.41268130143484
-53.51223701238632
-53.5193239847819
-53.444316347440086
-53.55611205101013
-53.8768462340037
-53.97567204634348
-54.08110304673513
-54.11434066295624
-54.22315160433451
-53.47146032253901
-54.03421330451965
-54.01950736840566
-53.96093245347341
-53.98636728525162
-53.03172339995702
-53.29056191444397
-53.237969716389976
-53.52807589371999
-52.910334487756096
-52.94190732638041
-52.85602915287018
-53.198448836803436
-53.54298663139343
-53.09159264961878
-53.58591785033544
-52.93204136689504
-53.50781373182932
-53.813426991303764
-53.36645289262136
-53.81771790981293
-53.314173420270286
-53.371696293354034
-52.89652077356974
-53.69832785924276
-53.625972032547
-53.66612317164739
-53.37008684873581
-53.53130292892456
-53.4615021944046
-53.85554162661234
-53.5721723039945
-53.55163451035818
-53.69198109706243
-53.682499984900154
-53.178470293680824
-53.24650903542837
-53.09543903668722
-53.075167775154114
-53.11591406663259
-53.118974367777504
-53.48202912012736
