193.6019127368927
183.25874082247415
181.63842495282492
183.31381479899088
166.81868489583334
177.16847642262778
160.93661260604858
175.0900904337565
158.99815448125204
152.3194897969564
155.71581514676413
141.36132756868997
146.00559314092
139.0211064418157
131.82889024416605
136.92133887608847
121.07778334617615
137.6998324394226
120.83255930741628
113.9025239944458
113.86062586307526
117.77932596206665
109.05519803365071
111.37653827667236
111.96425644556682
96.85515224933624
100.84343059857686
101.21333424250285
99.47031803925832
103.31016365687053
100.47374105453491
93.97638201713562
96.77352527777354
89.70708203315735
90.08473904927571
94.34995500246684
82.03590043385823
86.4279176791509
85.30682889620464
83.87602722644806
87.9760373433431
81.88238016764323
86.85186962286632
80.44933048884074
77.30404994885127
76.89550220966339
86.03481856981914
82.90267153580983
78.60906453927358
79.31929981708527
79.0502240260442
78.42610816160838
78.03831664721172
77.87195909023285
82.48917106787364
77.43462351957957
74.53389302889506
76.1331068277359
77.02292583386104
79.97258241971333
70.26340162754059
79.29230087995529
73.45419506231944
76.19902106126149
73.34161100784938
72.14982195695241
70.48564247290294
69.82016175985336
67.60506904125214
70.52281868457794
64.38143400351207
66.97654654582341
62.833380003770195
67.74647738536198
62.65587164958318
64.84367360671361
61.05505176385244
66.431385576725
58.27206099033356
66.93987526496251
58.87346903483073
55.359078327814736
69.0682168006897
62.1834628979365
64.55409802993138
58.072202821572624
57.56081779797872
63.8833624124527
56.27136971553167
64.88489121198654
58.260477562745415
56.17125930388769
52.58719644943873
57.21927750110626
54.10131545861562
54.74429617325465
55.70008206367493
58.16459095478058
57.816657384236656
52.82169340054194
54.36058666308721
50.13767143090566
50.27271850903829
52.11972168087959
52.6779043674469
51.9689719080925
52.54756943384806
49.135188122590385
54.430742959181465
54.96953284740448
52.95898244778315
52.51201550165812
44.91855451464653
51.10761762658755
49.41564818223318
49.84008502960205
45.21120899915695
42.48058745265007
46.24585072199503
42.298596213261284
43.72208305199941
46.6483471194903
41.16038059194883
41.7922126253446
41.877909968296684
44.4986843864123
44.481310983498894
43.84375179807345
38.38635768493017
47.07770907878876
46.70261148611704
40.67879291375478
45.73167525728544
47.29770288864771
43.23105498154958
49.18868413567543
44.0777159233888
39.48773003617922
38.83931443095207
39.168541898330055
37.46447836359342
38.87067644794782
38.76454387108485
41.526340206464134
38.24214508136114
34.58565746744474
34.69068458676338
36.30207016567389
40.2925253311793
35.68359071513017
35.302809377511345
38.9179852604866
37.815662095944084
33.978883378207684
31.348873724540073
35.610285982489586
34.613172387083374
34.018219009041786
32.70670394102732
42.560296128193535
46.06881230076154
39.84646978477637
39.96213888128599
38.37555823723475
36.346579859654106
36.99154483278593
39.94255764285723
34.99261549115181
34.02844080328941
36.159198453029
35.70860432088375
31.199647235373657
38.928284068902336
37.34824592868487
31.65210389594237
32.4818467994531
34.00411500533422
33.9823996424675
33.94294415414333
32.52326556046804
27.036740780497592
29.50956355035305
36.431404545903206
32.61325513323148
35.227227752407394
33.70298362274965
27.66709936161836
38.07225828369459
35.62333164115747
35.37589571873347
35.37282799681028
31.234526107708614
33.98503070076307
34.65164807935556
35.82596683502197
31.509377638498943
32.23606567581495
31.731846146285534
32.3790517449379
33.96675552427769
