269.5943233172099
205.81305503845215
174.7064719994863
156.24579803148904
147.05165513356528
137.2717624505361
136.0535794099172
133.35071349143982
129.0325091679891
124.74760182698567
126.04565191268921
121.37347531318665
121.95245083173116
114.53871170679729
114.364586353302
110.85480602582295
109.05203016599019
106.16348044077556
106.54348119099934
105.70313008626302
102.92974392573039
100.89916896820068
101.76929271221161
99.36232010523479
97.18801641464233
95.43503284454346
98.07365250587463
92.91313139597575
93.01001811027527
90.67928032080333
88.78982265790303
91.77756969134013
96.55932529767354
90.83633228143056
88.92312514781952
88.56741937001546
86.87755652268727
84.30610394477844
84.49985067049663
84.01834706465404
84.14553495248158
82.03637512524922
80.08722511927287
83.49294861157735
79.4336013396581
81.10603292783101
79.18588352203369
78.18236374855042
79.03842691580455
81.34984509150188
76.78271516164143
78.11310335000356
80.50943795839946
76.86264204978943
79.12384724617004
80.66229883829753
77.07394087314606
73.9162559111913
74.13788298765819
74.4127721786499
72.27923480669658
71.11430402596791
72.64817345142365
76.87459282080333
74.86531829833984
75.79796644051869
74.04978879292806
75.16753300031026
73.25984350840251
72.13262136777242
76.7470424969991
71.93803735574086
75.4404444694519
71.80358910560608
71.81040171782176
70.51408723990123
69.32133734226227
70.42077136039734
71.038454413414
71.36472940444946
72.16467527548473
71.0064264535904
68.9773982365926
68.53944571812947
68.32956465085347
70.7728123664856
68.06344870726268
70.96107653776805
67.97722125053406
68.46079138914745
74.22661145528157
69.65957430998485
66.64115182558696
70.2447544336319
71.6417939265569
69.15814741452535
68.33860544363658
68.25767135620117
68.37393446763356
66.19049898783366
66.79708584149678
67.21542064348857
66.78908665974934
68.29977905750275
65.76910909016927
73.17528935273488
67.29326140880585
68.0915424823761
66.76851014296214
69.23986061414082
66.74448784192403
66.59418177604675
66.99178644021352
68.59018417199452
66.8680777947108
65.98626907666524
66.68725411097209
67.44995244344075
65.04815673828125
63.92741564909617
64.56350541114807
67.18287531534831
65.02759683132172
66.90480033556621
66.24306945006053
66.93111177285512
63.68951884905497
65.72274907430013
65.68857713540395
65.09921232859294
68.3112502892812
65.66923908392589
66.76291227340698
63.07941691080729
69.52494879563649
62.71055932839712
62.711006919542946
63.50785382588705
62.94712734222412
62.895727117856346
65.3579611380895
70.10792628924052
62.56791261831919
65.4592291911443
62.715402364730835
64.80187916755676
65.39375559488933
62.9572958946228
64.33090213934581
70.44057257970174
63.819640358289085
65.03657102584839
63.87916111946106
62.19619643688202
64.77624225616455
62.343978921572365
63.69520517190298
63.08887807528178
60.90693791707357
66.11469546953838
64.25963004430135
62.27589543660482
62.411171078681946
61.631768345832825
61.26564772923788
60.594369331995644
63.002140839894615
61.99209523200989
61.780614256858826
62.30720444520315
63.9337971607844
62.629385113716125
61.728609800338745
60.51450844605764
61.432459672292076
59.04820974667867
61.27413682142893
62.72104243437449
64.48079510529836
60.39190193017324
62.170098304748535
62.57487165927887
58.66395080089569
62.04591421286265
61.13036982218424
59.523080229759216
63.1836256980896
61.56712794303894
61.85960865020752
61.78260632356008
62.37205461661021
64.0308705965678
61.940498193105064
67.00622514883678
63.081610798835754
63.99165415763855
63.7005980014801
61.64774910608927
60.53876574834188
60.80567443370819
