0.9478262662887573
-16.44799503684044
-45.14086306095123
-73.96112161874771
-87.6212871670723
-107.3911315202713
-115.33341479301453
-119.01417672634125
-124.98364686965942
-123.59495759010315
-122.72604465484619
-128.5885980129242
-127.76102542877197
-132.32067275047302
-132.1170735359192
-130.58672505617142
-134.08875846862793
-134.178893327713
-139.1886307001114
-135.74335968494415
-133.99062550067902
-142.3438040614128
-139.58061861991882
-136.09999072551727
-136.88876140117645
-137.45096600055695
-138.804268181324
-137.41891312599182
-137.74438780546188
-137.72012150287628
-139.92371129989624
-141.8770831823349
-138.0235459804535
-141.6467900276184
-143.33250731229782
-141.17434757947922
-136.51165157556534
-140.38093316555023
-144.176287651062
-138.8872510790825
-139.37320166826248
-143.55787467956543
-139.90939730405807
-142.42822742462158
-141.27931016683578
-138.03859531879425
-142.51466542482376
-143.86073505878448
-139.3372504711151
-144.1915988922119
-145.26890587806702
-138.36790788173676
-144.54085636138916
-141.31914961338043
-142.35825908184052
-141.1605070233345
-144.5625741481781
-141.51523423194885
-143.79967141151428
-145.0610255599022
-144.82734781503677
-141.19031357765198
-145.4686369895935
-144.98047029972076
-147.24034905433655
-145.69477999210358
-147.49707424640656
-144.13165336847305
-147.64722514152527
-149.83689379692078
-146.1284003853798
-144.30365300178528
-149.85367572307587
-149.76587784290314
-144.55735623836517
-146.00727033615112
-147.35819524526596
-148.03367280960083
-144.78871715068817
-148.8454909324646
-147.8385652899742
-149.37212711572647
-149.0653281211853
-143.43240308761597
-143.60364723205566
-147.39086258411407
-145.36603152751923
-149.5927197933197
-147.80130457878113
-146.94016814231873
-143.78943705558777
-149.2508761882782
-145.41731411218643
-147.5368532538414
-149.23228108882904
-148.3718296289444
-146.6921260356903
-147.43742084503174
-150.39186584949493
-146.10331815481186
-150.6349720954895
-146.49311012029648
-149.4851986169815
-146.04426914453506
-147.68745744228363
-151.40810918807983
-149.0613895058632
-148.19659650325775
-145.6563205718994
-145.83942085504532
-147.43079268932343
-146.24757623672485
-149.5396643280983
-150.60513532161713
-147.91825425624847
-148.69153237342834
-150.53534829616547
-151.46058040857315
-148.09891682863235
-151.54554772377014
-151.41038572788239
-151.13188230991364
-148.12328386306763
-153.31512427330017
-148.7071055173874
-146.35342526435852
-152.42979204654694
-149.24465095996857
-152.1671438217163
-147.59364587068558
-147.93882369995117
-150.3733815550804
-148.70183724164963
-147.5317461490631
-149.8429981470108
-150.22875076532364
-148.63905107975006
-149.6216298341751
-150.47085976600647
-148.37688636779785
-146.07412606477737
-148.3927012681961
-147.82795822620392
-146.86663389205933
-149.30184650421143
-147.27427554130554
-147.44744366407394
-148.42238694429398
-145.58295756578445
-148.40536326169968
-149.68464767932892
-151.6477301120758
-146.49731063842773
-147.236541390419
-150.7586305141449
-149.0285609960556
-151.48607563972473
-145.7647886276245
-149.55953872203827
-148.49268770217896
-148.4906529188156
-145.98033463954926
-145.9606113433838
-149.44651758670807
-146.4083241224289
-149.88917362689972
-146.0574045777321
-146.5301492214203
-146.1608864068985
-150.80962097644806
-147.54722863435745
-146.27203392982483
-149.67769718170166
-140.47209548950195
-145.27353954315186
-147.99842673540115
-144.88310289382935
-150.0177880525589
-141.81523382663727
-147.35878956317902
-150.00795662403107
-149.23032689094543
-146.92499792575836
-147.40297055244446
-152.15009999275208
-149.63562148809433
-147.90850341320038
-149.0245921611786
-149.68435555696487
-146.0901927947998
-152.86365419626236
-148.36217951774597
-146.95709109306335
-148.39294302463531
-144.72452074289322
-151.633305311203
-149.52956092357635
-146.6840271949768
-149.6539647579193
-152.42156225442886
