87.89186298847198
42.701273649930954
30.88708472251892
25.636824876070023
22.422441333532333
22.19186109304428
21.153887376189232
21.382254034280777
20.32991847395897
19.110214427113533
18.452818229794502
18.96251257508993
17.80225668847561
18.01602730154991
17.53312385082245
17.435780368745327
16.514495685696602
17.338750414550304
16.48052764683962
16.837854996323586
16.296586252748966
15.919653967022896
15.980645842850208
15.504240855574608
15.743988953530788
14.733789525926113
14.920937970280647
14.653002582490444
15.029611267149448
15.083127580583096
14.103821352124214
13.673055447638035
13.174650624394417
13.558412529528141
13.350099064409733
13.272687897086143
12.842793323099613
12.608552739024162
12.85616421699524
12.212627463042736
13.04675643146038
12.265980087220669
12.609672121703625
12.166567824780941
12.355509296059608
12.313710615038872
12.216743618249893
12.391684621572495
11.535902082920074
13.361904837191105
11.55579662322998
10.80160467326641
11.60605426132679
10.882885202765465
12.188239023089409
11.49476571381092
11.525205619633198
9.979150526225567
10.251452010124922
10.255986832082272
10.157692693173885
9.690070893615484
9.9280089661479
9.598049201071262
9.65062178298831
10.107589300721884
9.617578588426113
9.48066134005785
9.210843525826931
9.07255632430315
9.164858806878328
9.14753607660532
8.782390676438808
9.013632599264383
9.13998118788004
9.278691463172436
8.731773551553488
8.58200166001916
8.70073051378131
8.740649286657572
8.633880451321602
8.592367596924305
8.240685638040304
8.042868431657553
8.09989084303379
8.07803077250719
7.921240389347076
8.729829426854849
8.399345226585865
8.055431582033634
7.567407805472612
7.24498026445508
7.74297334626317
7.628158554434776
7.8630047887563705
7.320339020341635
7.5663293451070786
7.228318586945534
8.14225236326456
7.788297012448311
7.354104965925217
7.299800425767899
7.249579302966595
7.193790227174759
7.726147349923849
7.321435108780861
7.199484094977379
8.004082262516022
7.449683751910925
7.370171066373587
7.077047049999237
7.430969662964344
11.099813759326935
6.821044608950615
6.80109466612339
7.098536301404238
7.41379614174366
7.193012073636055
7.109202545136213
6.698748588562012
6.772716615349054
6.600208286195993
6.925307109951973
6.511476118117571
6.7461611814796925
6.550615478307009
7.276957590132952
6.763971831649542
6.547203816473484
6.274165101349354
6.47256088629365
6.4752888306975365
6.6784674897789955
6.506907928735018
7.044778231531382
9.332663588225842
6.301032803952694
6.451329760253429
6.195242956280708
6.563849754631519
6.338183339685202
6.231953419744968
6.7582716681063175
6.2088071294128895
6.315224662423134
6.329545583575964
6.463704038411379
6.164252802729607
6.402823597192764
6.228222563862801
6.37696573138237
6.108068984001875
6.014405991882086
5.969399631023407
6.162219278514385
6.123526286333799
6.107870038598776
6.18703394010663
5.788373164832592
6.098245739936829
5.900326542556286
5.991031795740128
6.220415845513344
6.068057034164667
5.857401553541422
5.772855423390865
5.662689406424761
5.854241721332073
6.137351103127003
5.994803573936224
5.984163772314787
6.011455178260803
5.898888595402241
5.594815026968718
5.9869200475513935
5.680074464529753
5.7880218625068665
5.934848606586456
5.860927168279886
5.6189598217606544
5.455512322485447
5.610844612121582
5.997240025550127
5.358179543167353
5.78940000012517
6.041249141097069
5.3746995665133
5.6698722168803215
5.8451525606215
5.440831284970045
5.5563234984874725
5.489662308245897
5.412085562944412
5.527949225157499
5.645887963473797
5.095375183969736
5.437121205031872
5.388965714722872
5.551317755132914
5.697589844465256
