937.5517158508301
775.1555846532186
796.1830202738444
706.3019720713297
655.9342562357584
670.4885829289755
662.2053286234537
637.356325785319
598.3593543370565
644.0838019053141
589.3532482782999
628.4922269185384
579.8413597742716
643.8261658350626
602.4781745274862
588.9605242411295
585.576389948527
562.0197601318359
544.0749104817709
574.3085403442383
554.9930407206217
544.5517276128134
523.9601516723633
529.9372965494791
532.9595896402994
556.8955408732096
541.2821900049845
512.7265275319418
522.3018550872803
520.4684260686239
530.3619070053101
509.74204953511554
494.20079867045087
496.0570437113444
486.004581451416
499.74818929036456
485.8971455891927
522.5777893066406
493.75976181030273
471.589680035909
474.2733332316081
467.1455367406209
478.81912581125897
475.780704498291
474.66802374521893
454.02666091918945
480.14397048950195
463.33844566345215
439.049955368042
485.0467720031738
435.148385365804
466.51325511932373
462.6812562942505
457.6245400110881
454.5639190673828
430.7593768437703
463.1358445485433
436.28894329071045
475.89296849568683
451.278865814209
460.9593257904053
441.9971106847127
510.37250169118244
438.66231473286945
451.18728001912433
439.0227451324463
427.34856637318927
446.96305720011395
420.14446290334064
423.79985491434735
409.1695639292399
416.70446491241455
435.1513907114665
430.6634251276652
422.352149327596
404.92027791341144
413.5843717257182
403.38451894124347
404.82300424575806
401.7947793006897
418.550594329834
387.0012725194295
425.1275879542033
397.9379466374715
404.8106327056885
401.8282864888509
404.72242164611816
385.22843249638873
397.2880883216858
408.70408312479657
404.3207098642985
388.42936484018963
392.3919469515483
397.4640148480733
387.975844224294
398.97624111175537
407.116392771403
381.9926479657491
388.4135684967041
405.7818431854248
376.6222465833028
386.7315082550049
394.12674649556476
391.07385603586835
369.6346294085185
384.6104989051819
399.6960646311442
411.4079300562541
370.98611068725586
401.28879499435425
405.04532591501874
373.30936845143634
380.1222635904948
377.43814341227215
397.19120566050213
379.6239178975423
387.0459149678548
373.11774555842084
389.85240809122723
373.61383024851483
371.94156646728516
374.8028170267741
382.52030658721924
375.10991446177167
375.41575797398883
384.3953806559245
356.94591601689655
355.6943934758504
365.3469654719035
374.0895341237386
366.70117505391437
366.77005434036255
368.86097081502277
357.8434082667033
351.1927185058594
393.68475977579754
355.2690192858378
355.1623888015747
368.57405138015747
359.09105650583905
364.09746805826825
369.46427567799884
380.1082491874695
355.93670145670575
359.43832445144653
389.04629675547284
354.4566019376119
355.6793851852417
360.3215618133545
353.21538400650024
348.3189535140991
361.17380205790204
350.2426389058431
357.93052196502686
353.93728399276733
358.2010245323181
343.6973765691121
344.7995867729187
346.34665870666504
356.32359647750854
349.4723491668701
336.43996079762775
344.6490896542867
345.04978624979657
343.66621430714923
334.337206363678
337.38340950012207
333.78565041224164
329.9566116333008
330.40979258219403
339.21205536524457
333.82521708806354
356.69810167948407
348.3604024251302
329.17895698547363
357.2509724299113
345.9204349517822
346.0061246554057
337.9278016090393
347.31070979436237
334.2656111717224
347.50454727808636
339.1375211079915
354.2458766301473
334.9000226656596
334.4834771156311
349.4158663749695
339.96382029851276
332.7346154848735
343.7211168607076
345.58426841100055
331.33898576100665
329.81110095977783
339.2889305750529
356.41660674413043
340.8684647878011
331.1143455505371
348.9463777542114
314.9373189608256
326.05974801381427
