573.7001583576202
497.56335973739624
473.0309638977051
468.1079969406128
446.3354523181915
434.8436405658722
434.2272825241089
435.2473738193512
413.70022678375244
411.8525629043579
399.07162523269653
409.9584414958954
400.85905146598816
396.7598292827606
397.9924244880676
379.9105739593506
381.2245604991913
384.1671392917633
360.0953297615051
369.4679045677185
374.50268387794495
383.6413996219635
381.4057569503784
376.6465799808502
373.70496821403503
369.97784948349
362.7574710845947
359.908331155777
360.9460303783417
358.1919410228729
365.2857196331024
347.0778737068176
365.2912800312042
354.15235209465027
353.4049217700958
348.80026745796204
352.2797067165375
351.91828083992004
357.62099289894104
342.86921644210815
348.5089912414551
337.08563685417175
334.19018042087555
338.7236979007721
323.2826335430145
341.2348623275757
334.93646240234375
333.3989317417145
326.5515835285187
340.4164764881134
320.6396917104721
324.02502727508545
330.39742481708527
327.8526562452316
320.6066315174103
314.5433397293091
310.34380877017975
325.63617277145386
333.1836677789688
313.0464845895767
318.2557314634323
312.59909415245056
325.84772980213165
305.35574889183044
310.86056315898895
304.7452735900879
318.70985078811646
308.34772658348083
313.5743396282196
320.2507458925247
314.74311113357544
303.442045211792
306.3525711297989
296.4453721046448
305.48426258563995
311.26056933403015
304.9298143386841
295.5924755334854
298.09296238422394
304.1681002378464
297.6351965665817
297.80013489723206
301.7144738435745
291.3731406927109
299.29719150066376
311.22126376628876
301.7732609510422
305.7972968816757
308.67153918743134
293.2552145719528
292.8853272199631
294.33957278728485
284.04401218891144
299.6582144498825
292.44138181209564
286.74481439590454
285.92914831638336
296.08195173740387
284.21253657341003
294.8054575920105
287.8428318500519
285.6345479488373
278.3627963066101
292.6553362607956
301.6311081647873
286.35165798664093
287.12314307689667
294.0430988073349
294.55963158607483
285.65296173095703
289.69323563575745
291.4664385318756
280.7111780643463
286.21564984321594
308.1031496524811
283.3496675491333
272.856330037117
286.1161469221115
276.64759480953217
277.38227248191833
278.59045028686523
285.9163553714752
276.9924603700638
289.71197175979614
274.4161425828934
277.07532238960266
295.26294136047363
280.729611992836
283.82407426834106
276.3180001974106
278.59667551517487
277.36188435554504
272.70829451084137
276.45044243335724
267.1423964500427
270.13894736766815
278.45403921604156
279.94217097759247
273.2724130153656
271.471226811409
262.8728971481323
268.63733768463135
271.8153066635132
267.6726690530777
269.0007983446121
270.7461589574814
285.1280279159546
270.57709062099457
267.4654233455658
271.6559085845947
275.8845913410187
265.6738872528076
268.2543753385544
268.3070983886719
276.75249695777893
276.31006252765656
278.2649655342102
272.01580333709717
269.82772624492645
271.35931372642517
268.19625306129456
272.30981945991516
269.39764153957367
288.9121205806732
270.30245530605316
266.9703665971756
265.219002366066
261.5908627510071
275.95977759361267
284.49160408973694
288.11567413806915
266.29931116104126
263.0780073404312
279.3470472097397
265.6697371006012
275.68957448005676
264.692698597908
274.7066935300827
277.81018137931824
265.3024889230728
271.21057307720184
276.07191228866577
261.75848054885864
263.11910593509674
264.59363889694214
261.0754380226135
270.190642952919
271.95236241817474
270.660395860672
259.7700539827347
271.56541109085083
267.05369198322296
265.43261432647705
263.7572422027588
272.0725758075714
272.55157589912415
261.86737167835236
280.5068938732147
270.19402754306793
271.1578701734543
