707.128800868988
661.0207710266113
634.83496260643
596.1397895812988
612.3243355751038
576.9182991981506
565.8664438724518
566.4173665046692
605.7048428058624
592.8981580734253
592.8549239635468
574.7710185050964
556.1188242435455
550.0225327014923
541.7953999042511
545.5604341030121
560.7193686962128
559.6089007854462
540.8176159858704
535.0476150512695
539.267876625061
556.485729932785
526.8039622306824
524.6055500507355
518.309769153595
524.1538684368134
522.6841504573822
499.4837923049927
500.1501536369324
502.1823582649231
524.2668492794037
499.6846516132355
497.2138605117798
479.87746596336365
496.83309412002563
485.92262601852417
477.25876021385193
469.0964584350586
499.24030327796936
489.9562919139862
472.10112833976746
484.1602215766907
484.9993178844452
480.98906207084656
466.4169912338257
478.0285530090332
475.18070244789124
457.96816778182983
468.72717547416687
445.6373805999756
457.1677927970886
466.11668944358826
440.1957654953003
459.960200548172
443.99690198898315
434.9258780479431
423.40690898895264
443.93348121643066
451.56835103034973
456.05144214630127
447.29578948020935
441.6351833343506
449.29281854629517
438.0126242637634
448.0414469242096
459.9797022342682
452.3767845630646
441.75215315818787
454.3680114746094
427.66766476631165
461.27918338775635
431.68565678596497
431.03513050079346
433.07877826690674
441.88975286483765
439.0732500553131
415.75676822662354
432.5277750492096
420.22180819511414
437.9224491119385
417.5851721763611
435.1911654472351
414.3909249305725
449.51966667175293
436.94462490081787
421.20241260528564
441.89341950416565
420.3459904193878
408.2238390445709
435.3566880226135
408.8266587257385
407.71276593208313
441.26187109947205
410.4650824069977
400.460556268692
431.2996120452881
415.5245611667633
431.7659602165222
427.08483028411865
400.192528963089
403.0071783065796
415.26874256134033
401.86649084091187
412.44458413124084
428.85948371887207
417.04718351364136
426.5029225349426
417.1512999534607
410.76191902160645
415.22305059432983
409.13908863067627
405.70820212364197
418.85112977027893
404.72115087509155
429.891300201416
410.58664560317993
410.61001539230347
395.98862624168396
415.5312497615814
412.7567722797394
398.67333149909973
400.96183824539185
421.9398100376129
419.1972846984863
412.88450026512146
420.06966280937195
396.55123376846313
397.3941578865051
419.32207131385803
416.64421582221985
397.78104877471924
399.106317281723
391.00812125205994
417.99639987945557
396.98873233795166
400.39028573036194
403.0986831188202
414.16963720321655
397.3069643974304
386.0154881477356
393.044193983078
389.66931438446045
402.6862063407898
400.8272604942322
395.8670630455017
405.32727456092834
385.06151723861694
398.3831834793091
388.4133493900299
388.2952916622162
397.3445978164673
391.02516508102417
397.24668645858765
398.8772530555725
390.3432104587555
385.247629404068
391.0128355026245
384.9766204357147
388.23219323158264
381.1292278766632
391.5525164604187
377.751487493515
384.11834478378296
402.3845748901367
394.5158863067627
393.5442671775818
386.8053467273712
393.84896087646484
383.40782260894775
383.87687039375305
382.41621828079224
379.5347635746002
372.31285405158997
389.91066789627075
386.14958238601685
378.3276333808899
379.5364558696747
396.91785740852356
367.99593019485474
367.37006306648254
378.04634976387024
365.42259407043457
389.32013750076294
392.92577362060547
382.5077633857727
380.3372337818146
365.2876133918762
399.2643051147461
385.97338223457336
389.58526372909546
370.31050634384155
382.76539516448975
384.9727120399475
398.36920189857483
366.9778938293457
373.5364236831665
378.2064731121063
393.0221538543701
370.7581989765167
370.46643924713135
