572.1482839584351
381.6553894678752
347.0171292622884
338.908002058665
333.07685073216754
324.97371705373126
327.204163869222
319.9858675003052
336.0579152107239
336.0249541600545
327.240239461263
324.14074420928955
316.86650403340656
320.56741460164386
307.08096837997437
292.92493597666424
302.1076463063558
295.8422730763753
294.82581726710004
278.6689820289612
275.42729981740314
296.8700189590454
275.31667200724286
271.12169377009076
266.0702740351359
264.00539286931354
280.06581179300946
262.2931073506673
252.3598461151123
252.11167112986246
253.3894478480021
239.82670831680298
240.63127915064493
239.99296204249063
231.83445485432944
234.50022506713867
225.79250494639078
223.3164269129435
222.0715972582499
220.53963216145834
213.71046272913614
213.64628211657205
212.32849311828613
217.87117179234824
208.03726784388223
211.24798011779785
207.27003558476767
198.11441898345947
198.9820327758789
197.75369294484457
193.63077274958292
188.99850289026895
197.88452259699503
190.4421534538269
187.69061923027039
180.82272132237753
182.2428929011027
184.11714307467142
185.10427157084146
182.1070659160614
174.38605149586996
174.3620104789734
181.96066013971964
165.16014115015665
170.4419662952423
163.41735021273294
160.99370304743448
162.65635935465494
167.50939551989237
156.67352922757468
154.99909488360086
162.23884733517966
155.53785729408264
161.41251198450723
160.08908422787985
152.55194266637167
157.69546500841776
154.50921217600504
159.24061632156372
161.08543753623962
155.06110000610352
158.18259731928507
156.270219484965
158.5901091893514
151.10234443346658
158.1654245853424
148.83541361490884
147.21641167004904
150.38186248143515
151.66607666015625
144.5910824139913
142.941117366155
140.4859299659729
151.4108054637909
144.8262097040812
143.3744639555613
139.68414878845215
143.79895289738974
142.47829945882162
139.8573887348175
136.64925758043924
136.34571154912314
136.9139402707418
138.48215452829996
141.4394351641337
136.0993343194326
136.40868631998697
135.1822779973348
128.5000962416331
137.65146112442017
127.75554124514262
133.50053842862448
131.1118108431498
128.25009075800577
137.3989778359731
129.88862331708273
124.02685467402141
124.62154054641724
140.48433955510458
128.8619639078776
133.22975985209146
132.14012098312378
129.15906723340353
132.0485078493754
136.129487991333
131.2438724040985
127.46438471476237
131.35052998860678
130.21247339248657
127.51230978965759
123.64943647384644
123.56518371899922
129.80671095848083
130.63434473673502
126.6451621055603
124.82098309199016
121.13357814153035
120.9478034178416
123.5786436398824
129.45907417933145
122.30323688189189
123.73174492518108
122.48670721054077
122.1573937733968
127.408349831899
125.3422559897105
130.61318588256836
119.38640610376994
122.20123338699341
129.9909482796987
123.8970324198405
126.01320107777913
124.09075816472371
124.59644095102946
124.59002383550008
126.62814521789551
120.27924187978108
118.62246131896973
118.65295831362407
118.08485460281372
117.98102974891663
118.46138286590576
112.96733371416728
122.29441404342651
121.37939977645874
115.90922419230144
116.06181319554646
113.27474443117778
125.36082927385966
118.91333508491516
117.90700578689575
112.0603380203247
118.93204482396443
117.70925029118855
114.39668703079224
120.31844329833984
118.1548577149709
126.30197429656982
119.43230326970418
114.67073996861775
115.99657742182414
117.89554945627849
117.77635765075684
120.88444185256958
113.21577986081441
120.38336420059204
109.2472661336263
107.30852142969768
112.77907768885295
114.27171023686726
115.61567918459575
115.47192311286926
113.12293736139934
111.04978454113007
110.85361019770305
110.52664581934611
107.45550902684529
116.42435439427693
111.67173775037129
107.43825769424438
