0.6738815153948963
-16.23606278002262
-55.189278066158295
-89.93140089511871
-115.88610023260117
-128.800155043602
-137.18436908721924
-137.1329756975174
-138.70584309101105
-144.27353417873383
-146.18834590911865
-148.5028817653656
-149.1458330154419
-149.4372502565384
-150.58635890483856
-150.05776852369308
-151.5376100540161
-150.92150384187698
-150.75241535902023
-153.73720079660416
-154.28035700321198
-153.81381744146347
-154.92927157878876
-156.15738421678543
-154.07248675823212
-154.8879715204239
-154.83064502477646
-156.0119777917862
-154.3393657207489
-151.76437759399414
-151.6505103111267
-153.0091210603714
-155.52860593795776
-152.45817828178406
-153.5930233001709
-151.7320829629898
-148.24045515060425
-150.09003293514252
-149.25168204307556
-152.85086125135422
-149.35376369953156
-148.39179468154907
-144.70111066102982
-145.26816046237946
-148.28843373060226
-146.22966611385345
-150.70959424972534
-151.91392409801483
-153.43279922008514
-155.4032552242279
-154.07415890693665
-155.11232149600983
-154.37232518196106
-155.11681413650513
-156.9566410779953
-156.72461533546448
-154.3466385602951
-157.02304351329803
-155.13498616218567
-153.70331460237503
-155.01793575286865
-157.16221463680267
-156.05349946022034
-155.58396816253662
-155.0158103108406
-154.48687744140625
-153.31677627563477
-152.82748138904572
-152.280930519104
-154.0758512020111
-153.38269519805908
-152.10381370782852
-154.31635856628418
-152.71775418519974
-154.72461467981339
-154.04493659734726
-156.23454481363297
-156.70537555217743
-156.8692662715912
-157.91715955734253
-155.91119557619095
-155.5887126326561
-157.92709171772003
-159.14052772521973
-159.14207899570465
-158.42090946435928
-158.04478681087494
-159.2740377187729
-157.52418446540833
-158.74500411748886
-156.40703803300858
-160.53322613239288
-159.39761555194855
-157.97442561388016
-159.85590517520905
-158.01861667633057
-159.67561531066895
-160.350115776062
-159.58648777008057
-157.65662670135498
-158.38050591945648
-158.42880684137344
-160.10894358158112
-160.7147952914238
-158.59305012226105
-160.30575346946716
-160.78074443340302
-159.62438309192657
-158.71507668495178
-160.16367119550705
-158.0754495859146
-157.83347153663635
-155.6652386188507
-156.4864046573639
-156.5688033103943
-157.03090059757233
-159.2474445104599
-159.9912484884262
-161.02260160446167
-156.1383861899376
-159.47441351413727
-160.72072839736938
-160.36030983924866
-160.90222704410553
-159.41237276792526
-159.92762625217438
-161.4191426038742
-158.5541877746582
-157.7447670698166
-160.35297656059265
-159.20368659496307
-159.05458331108093
-156.62611973285675
-155.68965601921082
-155.2703697681427
-155.3945116996765
-156.25291830301285
-157.02817076444626
-156.99868655204773
-157.6036216020584
-156.17959558963776
-156.81859815120697
-157.99679815769196
-155.62827003002167
-157.99212419986725
-157.53719902038574
-158.62409567832947
-159.20549976825714
-158.72083854675293
-158.61224961280823
-157.85331571102142
-160.3892098069191
-160.72425401210785
-158.85922396183014
-156.8935325741768
-158.19555217027664
-156.7054762840271
-158.46761882305145
-157.90652227401733
-159.82524240016937
-160.3228879570961
-160.08329725265503
-159.07327914237976
-157.59336709976196
-157.91314035654068
-159.2683161497116
-159.3500701189041
-159.66604578495026
-158.3270777463913
-160.54035794734955
-160.19551253318787
-159.9697623848915
-161.4592137336731
-161.31763511896133
-161.99498629570007
-161.09892612695694
-162.21917510032654
-160.7150068283081
-162.0196454524994
-161.8102239370346
-160.59555900096893
-160.70595103502274
-161.50883424282074
-159.99682903289795
-160.9032746553421
-159.61114692687988
-161.14146518707275
-162.5564756989479
-161.61524736881256
-161.5447552204132
-162.78903532028198
-161.75214195251465
-160.35639137029648
-162.53440535068512
-159.9814069867134
-161.25152480602264
-161.24086737632751
-162.11102938652039
-160.7432822585106
-161.55922031402588
