895.228123664856
895.8503241539001
895.5212936401367
954.4332280158997
914.2906994819641
887.0427341461182
869.9275064468384
845.884183883667
899.4683704376221
884.0485000610352
884.0693717002869
845.4998717308044
869.2516360282898
852.8379855155945
867.2290210723877
850.28737449646
850.1743130683899
828.7267293930054
842.8747997283936
837.8711667060852
843.1000361442566
856.80029296875
866.9516458511353
865.5981321334839
842.7335333824158
824.5198450088501
836.0859565734863
848.1998076438904
825.1812100410461
830.5042839050293
851.4048533439636
843.7569689750671
857.2381944656372
833.4948916435242
843.3360710144043
849.2735285758972
853.2834620475769
836.7337832450867
837.7115268707275
843.4930515289307
826.2299494743347
824.4186296463013
844.5842595100403
845.3851180076599
825.7508687973022
834.8555774688721
824.1323094367981
811.9298143386841
843.8859057426453
841.8184852600098
839.1434502601624
833.2616772651672
824.6707010269165
818.6014862060547
829.4683575630188
839.2715005874634
845.261016368866
810.8226504325867
816.0582084655762
825.0392184257507
832.1838464736938
828.2141251564026
850.1319251060486
845.042468547821
816.2282438278198
826.4738817214966
815.2984485626221
823.5400867462158
846.5756072998047
832.641007900238
812.9276237487793
836.9178404808044
827.7863774299622
837.8430423736572
821.5208563804626
829.9519510269165
831.1096420288086
831.2740364074707
846.3843779563904
841.4053235054016
833.2634501457214
807.0018510818481
821.0330724716187
819.9865894317627
822.7931399345398
815.9001803398132
824.2897734642029
825.3913769721985
834.3324971199036
820.8279824256897
822.7739605903625
808.4442505836487
828.5997266769409
830.9591889381409
828.7679891586304
832.9641556739807
805.4449396133423
834.5860996246338
822.161027431488
832.519082069397
827.9451308250427
827.6899166107178
815.3000602722168
815.0920691490173
820.3229532241821
839.9697737693787
822.8631687164307
836.3563208580017
827.8388385772705
833.108323097229
844.9307770729065
850.0604457855225
824.3800292015076
816.2948880195618
830.2638974189758
820.5342483520508
830.7529706954956
831.3984603881836
815.8569865226746
826.1167268753052
818.5329885482788
830.043496131897
831.6043562889099
814.2017607688904
816.7617197036743
818.1778483390808
826.76624584198
822.3072900772095
822.1522436141968
826.9922881126404
819.3918685913086
839.9993486404419
818.2558550834656
821.4496188163757
827.077064037323
831.8739147186279
808.138509273529
802.2108025550842
812.862913608551
830.1153783798218
818.3233857154846
810.4808068275452
805.3094754219055
830.1534147262573
826.4272227287292
820.5912222862244
821.3600883483887
826.8150806427002
819.6208925247192
819.6312880516052
826.1102800369263
829.6643414497375
811.0815715789795
824.9571824073792
816.7200570106506
809.5555243492126
838.1966514587402
818.7023792266846
803.0475215911865
805.0096168518066
821.4878969192505
816.9443264007568
809.0060119628906
833.5355067253113
821.5642113685608
824.2000012397766
823.1788220405579
819.5374865531921
816.7794485092163
833.5402612686157
827.9158782958984
820.5085415840149
812.3620748519897
839.5849781036377
825.2196493148804
835.5615062713623
814.9811029434204
810.8695511817932
823.5130906105042
818.7053608894348
816.1997165679932
828.2255682945251
813.9940114021301
821.3009386062622
817.8032064437866
817.3805356025696
810.3127861022949
826.3100514411926
796.9951491355896
818.262463092804
829.7728095054626
814.9438724517822
834.3835883140564
822.7402758598328
818.8953008651733
811.321635723114
823.973394870758
817.9569635391235
830.6835865974426
821.7951693534851
