-0.4604618111625314
-12.26013134419918
-31.09478372335434
-48.233960419893265
-68.81749147176743
-75.03603118658066
-83.89858049154282
-90.61130058765411
-93.39821845293045
-106.56583547592163
-101.21419405937195
-100.11559236049652
-109.66460907459259
-115.38498950004578
-116.93252283334732
-110.50549840927124
-110.55532038211823
-105.89516282081604
-120.6713969707489
-114.22944408655167
-121.98481941223145
-114.31395810842514
-121.0777291059494
-121.12089270353317
-120.32290506362915
-125.54818844795227
-124.32431662082672
-127.52307665348053
-134.78668916225433
-129.10888808965683
-136.57631134986877
-131.89639019966125
-128.5231021642685
-126.160748898983
-135.45820796489716
-125.45975595712662
-134.32096552848816
-134.07878601551056
-137.46444392204285
-136.4173766374588
-138.2157222032547
-140.0311216711998
-132.2652702331543
-136.92290949821472
-138.69784498214722
-142.87632298469543
-139.41904473304749
-138.06163269281387
-139.20283389091492
-138.16546708345413
-141.08577406406403
-139.76868498325348
-143.76102060079575
-141.57873558998108
-142.60198986530304
-150.92636919021606
-134.50758135318756
-143.18987101316452
-147.60707342624664
-136.1300894021988
-140.16320127248764
-144.0773589015007
-144.5324351787567
-144.85834300518036
-148.92338687181473
-146.14929217100143
-143.22882401943207
-151.54592043161392
-146.48018622398376
-147.91422498226166
-148.3692307472229
-146.000279545784
-148.18327975273132
-146.39770698547363
-144.90202033519745
-145.61499029397964
-149.41682183742523
-146.40367031097412
-140.84762382507324
-146.22308832406998
-145.53387093544006
-148.77276253700256
-149.9031149148941
-147.95437669754028
-149.86391007900238
-148.41909301280975
-148.62011349201202
-152.55894035100937
-150.885129570961
-151.44774717092514
-151.39185106754303
-150.67668515443802
-153.8274363875389
-150.16554152965546
-151.09600162506104
-150.4336292743683
-154.24325746297836
-152.5715217590332
-151.56311535835266
-153.54310059547424
-151.72489070892334
-149.26428359746933
-150.2614080309868
-151.180979013443
-148.65862327814102
-151.72875881195068
-150.7522138953209
-152.10671478509903
-153.34010577201843
-147.91492003202438
-148.81308549642563
-149.4185141324997
-150.23577177524567
-147.96336197853088
-148.39910781383514
-149.40935760736465
-148.49516570568085
-153.80102449655533
-150.35842287540436
-154.51175820827484
-152.73049676418304
-151.2525590658188
-151.72666358947754
-151.74971103668213
-153.69688791036606
-152.90314108133316
-152.37626314163208
-155.16460132598877
-154.67693829536438
-155.12958693504333
-151.77164036035538
-149.6425115466118
-153.2528619170189
-154.93021845817566
-154.47718703746796
-156.20972448587418
-155.48188650608063
-155.83469980955124
-154.07867169380188
-154.07931637763977
-156.36981761455536
-156.12385058403015
-156.7338423728943
-157.32842218875885
-155.64664351940155
-156.82227486371994
-158.82324254512787
-156.20422452688217
-158.19592487812042
-158.79944968223572
-158.47235321998596
-155.5509684085846
-159.7836401462555
-158.73413515090942
-156.79127967357635
-156.9604890346527
-159.51708352565765
-156.02009677886963
-157.64089238643646
-155.8973953127861
-156.8624769449234
-155.5137681365013
-155.43896466493607
-153.33144283294678
-154.9079567193985
-156.36772239208221
-150.93930315971375
-156.0356296300888
-159.08296954631805
-154.80261135101318
-157.17524933815002
-153.556014418602
-155.67684292793274
-155.27429831027985
-154.648018181324
-156.94535911083221
-156.91600584983826
-156.35976457595825
-158.8329530954361
-158.49995374679565
-158.6167221069336
-158.29341316223145
-158.72730553150177
-154.67516541481018
-155.66773676872253
-159.1369013786316
-156.96743953227997
-157.55627763271332
-158.6852399110794
-159.61088502407074
-157.9596482515335
-157.7272800207138
-156.41258835792542
-159.39034271240234
-159.43269038200378
-156.89787411689758
-159.15996897220612
-157.7080906033516
-158.80164563655853
-159.49165880680084
