-1.0131328602631886
-5.495565886298816
-10.248760720094046
-14.96485165754954
-19.334756662448246
-23.39387083053589
-26.146358013153076
-27.343611111243565
-28.993608355522156
-31.142939647038776
-33.12649701038996
-33.82101599375407
-35.59184869130453
-34.20659005641937
-34.15060444672903
-36.04038107395172
-34.54188690582911
-38.16679628690084
-35.64883581797282
-38.359092235565186
-38.44186007976532
-38.46227808793386
-40.653441429138184
-38.7522939046224
-39.745057225227356
-38.969758689403534
-39.477853298187256
-39.538803021113075
-42.48272522290548
-40.667962312698364
-41.03307914733887
-42.706178506215416
-42.2033385237058
-42.55754041671753
-42.245587488015495
-44.987069408098854
-43.12064462900162
-45.70261853933334
-44.62870444854101
-43.450900157292686
-45.080328623453774
-44.48127929369608
-45.024761418501534
-45.44650216897329
-44.389791210492454
-45.28409026066462
-46.29253296057383
-45.8664777080218
-45.91356611251831
-44.99078840017319
-45.7306969165802
-45.66170473893484
-47.70171995957693
-47.804850459098816
-47.396065056324005
-47.55679396788279
-47.07430609067281
-47.427746852238975
-48.0961509346962
-49.330772837003074
-48.54824515183767
-48.74382301171621
-49.08114500840505
-49.289965073267616
-48.87014591693878
-49.565414587656655
-48.60397469997406
-49.6376331448555
-49.933424949645996
-50.31185714403788
-48.24476178487142
-49.371530294418335
-49.22895896434784
-50.013406912485756
-50.41884837547938
-49.63963268200556
-49.873684088389076
-48.787238677342735
-50.043930311997734
-48.716431419054665
-50.166794538497925
-49.93173289299011
-50.8400601943334
-50.42724621295929
-51.26427686214447
-50.7975640296936
-51.149366994698845
-50.21187901496887
-49.505351881186165
-50.87241746981939
-50.93628362814585
-51.18373147646586
-51.6389773885409
-50.58988857269287
-50.568035225073494
-51.25861350695292
-50.837559481461845
-50.96389774481455
-51.85461393992106
-51.19133027394613
-51.230051358540855
-51.9772714972496
-51.13133291403452
-52.01391661167145
-51.544277946154274
-51.23810156186422
-50.79298265775045
-51.0789809624354
-51.461700558662415
-52.22865265607834
-51.67397334178289
-51.53767168521881
-52.04659483830134
-52.38941897948583
-52.22029286623001
-51.000721295674644
-51.72682297229767
-52.62040388584137
-52.03792452812195
-51.87204494078954
-51.94412052631378
-51.29637583096822
-51.77407546838125
-51.90913426876068
-52.09548191229502
-52.009809931119285
-51.90509386857351
-51.260258158047996
-52.07145263751348
-51.29561275243759
-52.068911254405975
-52.3756316502889
-52.16420551141103
-51.965260783831276
-51.18155036369959
-52.44032249848048
-52.05928166707357
-51.738260090351105
-52.792359471321106
-52.23324783643087
-52.69675691922506
-52.146462758382164
-52.27160529295603
-51.88319222132365
-52.68191655476888
-51.92544996738434
-52.35461423794428
-52.127527038256325
-51.51494630177816
-51.956345895926155
-52.512165466944374
-52.752453664938606
-52.30988383293152
-52.349513391653694
-51.963707745075226
-51.64314532279968
-52.303683479626976
-52.60727612177531
-52.63935681184133
-51.74517720937729
-52.352902352809906
-52.733669221401215
-52.982101480166115
-52.71818743149439
-52.78212034702301
-52.48780779043833
-52.942787071069084
-52.16362017393112
-53.061932961146034
-52.817917823791504
-52.14869902531306
-52.804927349090576
-52.733657558759056
-53.299301187197365
-52.973000288009644
-52.830505311489105
-52.19250591595968
-53.16297801335653
-52.86395903428396
-52.88293441136678
-52.07880961894989
-52.456077675024666
-52.246557672818504
-52.523127953211464
-52.19643505414327
-52.611492395401
-52.667977134386696
-52.64119174083074
-52.79419652620951
-52.46636994679769
-52.521918535232544
-52.260982831319176
-52.599761724472046
-51.826248367627464
-51.33186590671539
-51.995430747667946
-51.63229340314865
-51.71560752391815
-52.171471118927
-52.08143965403239
