739.763744354248
653.4372744560242
600.343652009964
587.1214685440063
639.5036823749542
589.8781769275665
618.8290343284607
604.4866321086884
580.8636434078217
566.5394535064697
563.1903612613678
585.0162937641144
588.7505443096161
538.6256103515625
537.751056432724
529.539436340332
547.4087426662445
522.0613052845001
524.2228496074677
548.4425737857819
520.0292618274689
548.2996957302094
523.877984046936
530.4500925540924
522.1627221107483
506.6049699783325
530.1790835857391
501.33137559890747
485.242041349411
538.405410528183
494.0729205608368
501.25965452194214
497.28050470352173
484.7106204032898
479.45729327201843
491.7642271518707
496.66978764533997
496.3508303165436
496.48286962509155
499.75492215156555
473.8966131210327
471.50125002861023
490.80977272987366
459.5624306201935
460.66246271133423
472.8245441913605
475.5740804672241
457.6888988018036
452.4794101715088
461.5175955295563
451.5435709953308
445.3742287158966
457.83600759506226
451.8602719306946
453.56586360931396
459.92522644996643
446.69776463508606
453.6086947917938
457.9346845149994
443.0204074382782
452.23668670654297
444.96425008773804
458.31581354141235
457.8202934265137
430.9162669181824
448.92405939102173
449.14575004577637
439.2862777709961
453.659383058548
441.90760254859924
439.3961157798767
431.84529662132263
437.9582693576813
466.2256410121918
443.3446431159973
429.76901173591614
446.875657081604
426.94179105758667
425.21158051490784
435.97506070137024
425.94917941093445
448.88110733032227
432.6757299900055
436.6510922908783
427.50464034080505
419.65392231941223
434.7102313041687
443.2526547908783
428.7216019630432
419.7825367450714
432.88879799842834
453.6989505290985
458.11708974838257
459.5542914867401
433.437504529953
430.9726767539978
431.51255917549133
431.1868326663971
436.03388810157776
430.2752094268799
422.169921875
400.47353053092957
429.81200408935547
444.9197266101837
440.58624243736267
417.0240957736969
439.9638001918793
407.75857877731323
418.2895698547363
431.4275414943695
442.09073305130005
410.7036557197571
411.5403344631195
420.2850275039673
416.41918087005615
419.4200632572174
404.78747272491455
413.74970626831055
418.6767830848694
438.1632385253906
405.9094240665436
412.04516220092773
444.46099376678467
412.3424017429352
423.6332333087921
397.6813645362854
424.28496837615967
411.57873344421387
397.15211939811707
413.2286002635956
432.2594254016876
414.4014413356781
413.29016757011414
404.9795079231262
411.1034805774689
408.1603376865387
407.79032945632935
400.17318844795227
392.5332820415497
406.3786733150482
396.893883228302
395.1512625217438
412.7790138721466
400.27436351776123
383.927921295166
396.0412485599518
385.24061846733093
408.1185944080353
412.618124961853
405.55557322502136
398.8983664512634
398.52960729599
400.04147148132324
408.967401266098
403.95027017593384
404.7293303012848
397.09027004241943
404.7914617061615
403.063588142395
407.8657977581024
397.6027936935425
399.6303243637085
386.6766517162323
392.80098700523376
382.61792373657227
386.54823875427246
393.68924045562744
397.16823649406433
394.2607123851776
383.2522523403168
391.3993637561798
387.6176483631134
386.2897205352783
386.883353471756
401.10016322135925
388.0098578929901
386.6610584259033
395.34442591667175
389.5626997947693
385.6225130558014
384.7805962562561
380.96120715141296
394.0268130302429
385.0266237258911
389.259295463562
394.91881370544434
390.91911458969116
400.11182260513306
376.4270248413086
391.7908480167389
382.9357931613922
384.32073521614075
396.7210273742676
392.0100405216217
386.5692312717438
391.84709668159485
370.03752303123474
382.9419982433319
374.9820063114166
383.53277039527893
