806.0807590484619
781.6112198829651
740.5888590812683
751.1739230155945
707.2454886436462
715.3484392166138
696.5703301429749
703.4113926887512
691.0622320175171
659.5279653072357
660.6392793655396
678.5090289115906
681.5619292259216
648.0067398548126
601.7191655635834
600.5507164001465
617.7285187244415
636.0879056453705
599.7213306427002
624.1192293167114
599.660891532898
595.6790823936462
596.7564296722412
583.9466021060944
596.4038279056549
563.7537746429443
593.6723830699921
587.6729955673218
544.6796751022339
562.9300701618195
544.699821472168
549.778439283371
529.8308737277985
542.6143901348114
537.4818606376648
532.4449055194855
552.5964329242706
534.9254877567291
535.2768001556396
532.2905440330505
526.4832320213318
524.9395768642426
525.0735502243042
502.93498635292053
520.953738451004
514.9873104095459
492.8360140323639
513.112247467041
489.4733028411865
500.8759870529175
498.95402336120605
503.0590879917145
484.6779429912567
489.1764259338379
506.90934133529663
493.6217224597931
489.0752911567688
470.51298999786377
472.816123008728
472.0828354358673
470.09487223625183
484.6697635650635
456.9623804092407
458.5314199924469
472.10237741470337
477.70802426338196
470.36507534980774
454.1548628807068
452.58816027641296
447.0167622566223
468.46358036994934
450.79968643188477
444.7753174304962
455.1994118690491
451.47023820877075
453.6101453304291
451.6582441329956
451.1198525428772
439.3971633911133
456.5060248374939
429.60469794273376
439.89647102355957
434.0719540119171
443.9773600101471
430.2653377056122
437.14842557907104
424.7580454349518
429.1934299468994
440.8022518157959
435.48816323280334
435.7790768146515
423.3129463195801
419.03119802474976
434.1870300769806
440.3171272277832
417.74432849884033
398.1623389720917
407.5677926540375
414.74767684936523
409.0941219329834
423.4383776187897
420.1092302799225
419.2133615016937
422.4497549533844
402.5888590812683
420.9693191051483
416.4221222400665
416.490136384964
411.5280451774597
425.99193000793457
416.89012241363525
408.7643258571625
414.92460227012634
404.56562089920044
421.9124915599823
417.8744740486145
401.73968958854675
405.52345991134644
410.22892665863037
404.8069341182709
412.15423464775085
430.1924481391907
404.1723234653473
396.5011901855469
423.99010610580444
400.523211479187
405.58720302581787
405.2657072544098
396.9552490711212
392.64025926589966
395.8013858795166
388.7005157470703
397.49855637550354
380.4379253387451
390.83570861816406
390.7099549770355
395.46075105667114
389.37074518203735
384.75182723999023
376.6739387512207
377.3910689353943
393.6189296245575
371.5500319004059
370.44355297088623
375.8526921272278
372.5162920951843
384.54460167884827
398.16540122032166
380.36306142807007
383.9467782974243
389.20570611953735
370.9572854042053
363.1985960006714
375.2947988510132
367.84644412994385
381.7104506492615
381.52723956108093
389.71907591819763
376.5035810470581
380.40778636932373
371.56485962867737
374.76857566833496
363.8784956932068
382.0989935398102
376.36432933807373
366.6151382923126
368.9477252960205
362.17109084129333
356.70783853530884
373.54081559181213
376.9155743122101
350.9695882797241
373.1329321861267
358.3598005771637
365.4101436138153
365.0813548564911
367.4481101036072
365.78688073158264
353.6526415348053
352.7456519603729
360.18349027633667
373.8586447238922
347.24742555618286
352.07356905937195
359.59509539604187
356.74007272720337
340.6010172367096
344.048987865448
351.97219252586365
350.8770761489868
348.4148271083832
362.2308449745178
346.9964017868042
360.22277569770813
345.48602843284607
350.60796093940735
355.9564998149872
354.18909907341003
348.9088966846466
341.3296711444855
