-7.372440854708354
-30.721208214759827
-41.86018089453379
-47.03626014788946
-49.17479246854782
-50.042581498622894
-50.846321165561676
-51.46438032388687
-51.38292451699575
-51.76795210440954
-51.941502372423805
-51.378244598706566
-51.730793952941895
-50.83616483211517
-51.17410918076833
-51.15541128317515
-50.86770407358805
-51.44836151599884
-51.341544111569725
-51.42675177256266
-51.658650279045105
-51.14677246411642
-51.54872214794159
-51.60026220480601
-51.89707541465759
-51.85530205567678
-51.87623586257299
-51.99149465560913
-51.85672467947006
-52.024996201197304
-51.9728277126948
-52.05300962924957
-52.11419177055359
-52.05463182926178
-52.48512236277262
-52.75187361240387
-52.86847126483917
-52.844291965166725
-52.96872480710348
-52.654378175735474
-52.58026913801829
-52.18969774246216
-52.3784795999527
-52.253930747509
-51.914572993914284
-51.7653320034345
-52.16465433438619
-52.302112340927124
-52.53183833758036
-52.82812058925629
-52.60927180449168
-52.42726115385691
-52.12167374293009
-51.979469418525696
-52.711899081865944
-52.362153927485146
-52.22068421045939
-52.1432378689448
-51.43747897942861
-51.97733167807261
-51.80191671848297
-52.076921582221985
-52.58414820830027
-52.78898481527964
-53.03642157713572
-53.174109756946564
-53.39025374253591
-52.89607616265615
-53.433860778808594
-53.09532324473063
-53.813132325808205
-53.80295900503794
-54.21881910165151
-53.95197057723999
-54.0125846862793
-54.07667988538742
-53.73085872332255
-53.57984826962153
-53.62587753931681
-53.969751477241516
-53.67943147818247
-53.954337537288666
-53.70429980754852
-53.656004110972084
-53.41448122262955
-52.96764189004898
-53.292170226573944
-53.55655590693156
-53.06008811791738
-53.17149074872335
-52.88259241978327
-52.824788312117256
-52.26706107457479
-52.626422802607216
-53.26263882716497
-53.149046659469604
-53.08213941256205
-53.355522553126015
-52.48186558485031
-53.11897655328115
-52.932212789853416
-52.38847597440084
-52.017112374305725
-52.140551805496216
-52.91827096541723
-53.28587659200033
-53.725440979003906
-53.911434173583984
-53.64155743519465
-53.864682694276176
-53.323800802230835
-53.43787717819214
-53.23823149998983
-53.40268741051356
-53.206721683343254
-53.22894058624903
-53.52792088190714
-53.655343095461525
-53.39697825908661
-53.62325441837311
-53.87642129262289
-53.78812325000763
-53.462955156962074
-53.59748248259226
-53.375451505184174
-53.50382920106252
-53.349337100982666
-52.96796158949534
-52.644269128640495
-52.584190328915916
-53.03077952067057
-52.92254889011383
-52.95438905556997
-52.96046396096548
-53.200541853904724
-52.62528236707052
-53.361911137898765
-53.60366721947988
-54.11277210712433
-54.35903016726176
-53.88983037074407
-54.17671994368235
-53.82798212766647
-54.16569232940674
-54.079284846782684
-54.13422930240631
-53.733024179935455
-53.90040842692057
-54.001094698905945
-53.9044357140859
-54.394504725933075
-54.31513434648514
-54.62812646230062
-54.61048571268717
-54.54180018107096
-54.494458079338074
-54.525689005851746
-54.159228364626564
-54.207749684651695
-54.21737416585287
-54.378681222597756
-54.57249081134796
-54.555336713790894
-54.571085472901665
-54.50327475865682
-54.779104828834534
-54.81649253765742
-54.53719011942545
-54.37571255366007
-54.517138282457985
-54.693145394325256
-54.47069172064463
-54.63287353515625
-52.74635235468546
-53.649862825870514
-53.61485266685486
-53.499097069104515
-53.71575782696406
-53.76854681968689
-53.940739035606384
-54.47727803389231
-54.511720418930054
-54.680405696233116
-54.41559718052546
-54.29525190591812
-54.443887968858085
-54.267611940701805
-54.12438225746155
-54.45130890607834
-54.054035325845085
-54.006726145744324
-54.20386779308319
-54.60683949788412
-54.34506221612295
-54.6239960193634
-54.4570206006368
-54.262681007385254
-54.43513560295105
-54.69766306877136
-54.472168485323586
