-5.842076043287913
-28.221456050872803
-36.92558968067169
-40.81673471132914
-42.96504787604014
-42.637880086898804
-43.943593541781105
-45.687834322452545
-45.1584662993749
-45.47718892494837
-45.132813493410744
-46.18167777856191
-47.171996812025704
-45.6359079281489
-46.56284952163696
-45.94153952598572
-46.55507868528366
-46.23098115126292
-45.9725448290507
-47.99677562713623
-47.17561340332031
-48.302033166090645
-48.53896025816599
-49.68718687693278
-49.55127249161402
-49.24510703484217
-49.557091196378074
-48.21130669116974
-50.17011664311091
-49.992590030034386
-49.01332179705302
-49.49968063831329
-50.63297758499781
-49.8209818204244
-51.327848851680756
-50.680363734563194
-50.3047833442688
-50.127348025639854
-50.89141285419464
-50.57476262251536
-50.70004908243815
-51.21223211288452
-50.908443331718445
-49.090777357419334
-51.15549220641454
-51.174503246943154
-51.15112775564194
-50.612743973731995
-50.868450264135994
-49.93521726131439
-50.273666739463806
-51.38516938686371
-50.9571285645167
-49.847188313802086
-51.82164571682612
-50.011964877446495
-50.62970427672068
-50.96841208140055
-49.99453318119049
-50.76529069741567
-49.96336277325948
-49.53720506032308
-49.396511236826576
-49.81508296728134
-49.708216309547424
-48.57099747657776
-50.02909255027771
-48.542193253835045
-50.07416554292043
-49.944448351860046
-50.70542552073797
-48.87162115176519
-49.78082549571991
-49.735356311003365
-51.312318881352745
-51.7395144701004
-51.625519116719566
-50.55806839466095
-51.509868701299034
-50.74045026302338
-49.86311938365301
-51.44856802622477
-50.98595714569092
-50.85815819104513
-51.4208425283432
-51.042524894078575
-50.91213115056356
-49.384063959121704
-47.785791635513306
-49.147055407365166
-50.06680715084076
-48.88772487640381
-50.9265570640564
-50.215284983317055
-51.6117916504542
-50.643374264240265
-50.495790123939514
-51.04409615198771
-50.01335688432058
-49.92761125167211
-51.02300624052683
-50.99716182549795
-51.04944352308909
-50.57950643698374
-51.21403694152832
-50.531428138415016
-51.190123200416565
-49.046064257621765
-50.967715899149574
-50.63762273391088
-50.27877581119537
-50.9087948401769
-49.136403938134514
-50.46110820770264
-51.20738685131073
-50.621516366799675
-50.75239153703054
-49.22656603654226
-50.74019396305084
-49.6724183956782
-51.383729159832
-51.556084513664246
-49.73565010229746
-50.743746081988014
-49.06102840105692
-50.20923741658529
-50.18957829475403
-50.638130942980446
-50.45015472173691
-50.93204003572464
-50.94871139526367
-51.599281549453735
-51.72727199395498
-51.866407910982765
-52.27220775683721
-51.920835971832275
-52.97023312250773
-52.519729256629944
-52.16643452644348
-52.56223964691162
-52.417883237202965
-52.07415437698364
-51.673075119654335
-52.0751481850942
-51.198981285095215
-52.22647658983866
-51.937636295954384
-51.78593524297079
-51.21126747131348
-51.581670105457306
-51.10237936178843
-51.51972266038259
-52.18786144256592
-51.560640374819435
-51.17551020781199
-51.1656098763148
-50.57711418469747
-52.274178405602775
-51.03869146108627
-52.53682072957357
-51.4741001923879
-52.528943955898285
-52.16857691605886
-51.72291763623556
-51.673763354619346
-52.15966065724691
-51.61194952329
-52.11768503983816
-51.87242370843887
-52.402618527412415
-52.52990186214447
-51.88404047489166
-51.92644133170446
-52.27061154445013
-51.74038976430893
-51.13443052768707
-50.79337549209595
-51.87432666619619
-50.914507269859314
-52.39252014954885
-52.366900404294334
-52.08051194747289
-52.34254948298136
-51.85727417469025
-52.61508256196976
-52.393391370773315
-51.89464541276296
-52.19803645213445
-52.06088161468506
-52.58654769261678
-51.91574505964915
-51.35216371218363
-51.79810150464376
-50.61879442135493
-51.86521794398626
-52.461156169573464
-51.55510022242864
-52.40738157431284
-52.217435797055565
-52.81131525834402
