347.4103921254476
265.61889123916626
253.80461343129477
232.3394734064738
222.08145952224731
248.04208978017172
215.55476959546408
232.07928212483725
233.86372343699136
217.79543312390646
213.26736084620157
198.42099142074585
204.65047232309976
203.1012136141459
185.37127312024435
177.88249079386392
182.0323050816854
171.68901252746582
181.1919333934784
177.5326763788859
175.4066183567047
163.31783962249756
169.88355938593546
165.90744789441428
164.75896501541138
166.9327345689138
153.66345477104187
155.33329661687216
152.72307284673056
152.28876384099325
146.2470797697703
148.61769445737204
150.82637858390808
167.08675463994345
150.15323201815286
145.35771147410074
145.57717434565225
151.2395364443461
144.86025842030844
142.93227211634317
135.18774763743082
138.7899759610494
131.83500472704569
131.85927883783975
135.40275557835898
135.2319691181183
132.2099698384603
137.8080573876699
130.74214235941568
125.22282361984253
128.27550331751505
131.24302005767822
131.31211320559183
124.01516636212666
120.88537041346233
120.44915286699931
129.5712423324585
129.35034894943237
125.38356653849284
121.37949895858765
130.5402161280314
123.88875659306844
120.85072429974873
127.97495762507121
120.67669518788655
127.41549468040466
119.64464489618938
119.95558484395345
124.61868127187093
121.43521889050801
114.42713912328084
121.67161838213603
116.54682087898254
124.57831176122029
122.70807536443074
120.47587569554646
113.08712124824524
127.95626902580261
114.34866587320964
117.23970778783162
117.12732251485188
115.6416524251302
111.3171223004659
110.29291375478108
114.40759539604187
111.01903994878133
111.67274856567383
110.68968280156453
116.18788353602092
109.21906061967213
121.98939561843872
106.751899878184
109.60491434733073
117.15763958295186
110.18644245465596
116.18828658262889
117.9868582089742
113.93656826019287
112.66874011357625
108.2862635453542
115.4261884689331
110.53866521517436
109.42546121279399
108.73871358235677
102.08151642481486
113.47061554590861
107.11284720897675
105.17037395636241
107.8312627474467
100.37287684281667
107.49904338518779
103.23031131426494
101.56904951731364
101.08093595504761
101.88530071576436
105.99986330668132
107.08177995681763
100.40394099553426
111.42576948801677
105.01610541343689
101.95856165885925
99.42758162816365
103.00915908813477
103.60274855295818
113.27494994799297
109.16709717114766
100.7380398909251
102.33421961466472
103.55339034398396
97.3722661336263
101.5608655611674
103.5902288754781
103.45038970311482
105.04676262537639
110.66443681716919
96.9599380493164
101.86778525511424
111.2975533803304
97.4912720521291
101.3625549475352
103.81679058074951
110.29715188344319
106.19048150380452
103.08971134821574
105.1093498468399
101.54099535942078
101.40291841824849
106.83945480982463
101.90778430302937
107.2395047346751
102.8632201353709
100.93014240264893
108.18552088737488
95.37792575359344
94.98470226923625
101.52306167284648
100.38619271914165
97.1840767065684
96.06000399589539
97.62935749689738
100.8715402285258
100.23114323616028
97.34112517038982
99.13809243837993
105.55488713582356
93.829985221227
105.3596613407135
96.04463895161946
94.53094601631165
104.44934737682343
94.56044387817383
96.38436822096507
93.33270231882732
103.14373397827148
95.80908441543579
98.86709054311116
100.0439526240031
97.80219332377116
102.28667624791463
97.79798674583435
94.80041901270549
93.82825132211049
93.26206247011821
95.34677839279175
98.97183350721996
95.95037897427876
99.01421391963959
97.00296823183696
97.7842305501302
97.9400025208791
93.251837849617
102.5314343770345
92.44233401616414
99.34583059946696
95.89141472180684
99.44174110889435
98.33772699038188
89.73233878612518
96.90266609191895
89.57651495933533
