-3.6569847961266837
-19.615744690100353
-29.965747316678364
-28.428874413172405
-32.98884622255961
-37.11958932876587
-34.679691314697266
-36.65362970034281
-38.201492031415306
-40.02984662850698
-41.448352694511414
-38.4987288514773
-38.06845843791962
-40.69018244743347
-42.33627736568451
-40.054211695988975
-43.1066190401713
-43.83049841721853
-43.35516468683878
-43.145954171816506
-42.297892570495605
-44.38176244497299
-44.9472850561142
-45.80499279499054
-47.86156849066416
-47.71806951363882
-49.50302634636561
-48.78917888800303
-48.744040151437126
-50.06974824269613
-49.91562294960022
-49.22372853755951
-50.71524351835251
-50.113605658213295
-50.75482702255249
-50.976579785346985
-51.47981679439545
-50.76922023296356
-51.261106133461
-50.61169560750326
-51.0172176361084
-49.11102376381556
-49.54357886314392
-48.418904741605125
-48.386430422465004
-48.838805298010506
-49.02952071030935
-49.37466359138489
-50.57979762554169
-49.75254627068838
-50.627492705980934
-49.90129248301188
-50.07569420337677
-49.370826621850334
-49.57838241259257
-50.62693107128143
-51.082399010658264
-51.25517439842224
-50.727633555730186
-50.535370330015816
-51.304149667421974
-51.63717003663381
-51.17737682660421
-50.98060750961304
-51.344947258631386
-51.29140337308248
-51.43543247381846
-52.02358182271322
-52.144952754179634
-52.23485541343689
-52.14675231774648
-52.04175821940104
-52.21749722957611
-52.10985908905665
-51.27357920010885
-50.844545006752014
-50.46654156843821
-50.87960239251455
-51.57426913579305
-51.337549686431885
-51.21663006146749
-51.72243404388428
-52.066144585609436
-52.66673604647318
-53.07909941673279
-52.51727998256683
-53.60526684919993
-52.267149885495506
-52.2943911353747
-52.65377644697825
-52.57413069407145
-53.00358494122823
-52.118959407011666
-53.14034094413122
-52.88684080044428
-51.83840056260427
-53.33678342898687
-53.01774020989736
-52.58081305027008
-53.47196054458618
-52.477918883164726
-52.95045522848765
-53.026264707247414
-52.96753696600596
-52.44515566031138
-53.0945957104365
-53.23195695877075
-53.15844206015269
-53.4036021232605
-53.096307237943016
-53.35197961330414
-53.39882576465607
-52.55136481920878
-52.95909527937571
-52.4860568245252
-52.50887179374695
-52.98455742994944
-52.4874561826388
-52.66545488437017
-52.986099441846214
-53.49682341019312
-53.948973874251045
-53.93698569138845
-53.577108681201935
-53.362189730008446
-54.054904540379844
-53.77418506145477
-53.81773408253988
-54.13187229633331
-53.89054846763611
-54.32279461622238
-54.31645858287811
-53.95641030867895
-54.170529087384544
-54.01212433973948
-53.32674763600031
-53.80131653944651
-53.81634149948756
-53.47057342529297
-53.192361195882164
-54.23435119787852
-53.35078263282776
-53.521264473597206
-53.20559744040171
-54.16074482599894
-53.82500604788462
-53.443200290203094
-54.25599757830302
-54.175933043162026
-54.32894297440847
-53.56838528315226
-53.85683250427246
-52.89894491434097
-53.88496299584707
-53.117317954699196
-53.855550010999046
-53.949775536855064
-53.28525471687317
-54.17746579647064
-54.09688866138458
-54.07052026192347
-53.75891077518463
-54.21623679002126
-54.22086479266485
-53.91672150293986
-54.08302483956019
-54.091049353281655
-54.09385712941488
-54.059975345929466
-53.529921889305115
-54.16977959871292
-54.3808990518252
-53.57796514034271
-54.19617064793905
-53.957918067773186
-54.12370264530182
-54.16713672876358
-53.326879461606346
-54.07879515488943
-53.80479164918264
-53.820474127928414
-53.85229778289795
-53.78245951732
-53.95151289304098
-53.883848230044045
-53.44999120632807
-52.89576178789139
-52.7351271311442
-53.50928485393524
-54.10617323716482
-53.659717758496605
-54.122262159983315
-54.23198197285334
-54.09792524576187
-54.35755439599355
-54.353380262851715
-54.82901829481125
-54.314430594444275
-54.143941859404244
-53.65718517700831
