499.5629675388336
265.8120913505554
247.11501097679138
177.63977074623108
184.89649319648743
194.83344841003418
184.02639162540436
159.68454015254974
173.77142596244812
160.7077339887619
197.09403228759766
147.3574800491333
133.878772854805
154.83565139770508
133.44220101833344
156.0303412079811
132.15156412124634
132.49737656116486
129.62374871969223
123.74444365501404
121.86126172542572
127.55362862348557
136.1898636817932
136.91297733783722
122.53640687465668
121.66249763965607
122.67980873584747
115.756871342659
131.96592539548874
115.41593432426453
134.22406148910522
129.25781005620956
133.1893942952156
104.74128955602646
131.73868441581726
124.41936719417572
106.0554171204567
114.83168959617615
117.23533284664154
100.75816082954407
123.28280973434448
115.86660861968994
100.83655035495758
126.04264080524445
99.42083472013474
120.43106085062027
99.65355551242828
116.6842691898346
110.60623025894165
118.89186811447144
112.89725530147552
124.34581279754639
101.11031937599182
102.49857550859451
96.06218302249908
108.31747168302536
102.07878559827805
112.24847167730331
104.42626076936722
98.41868376731873
108.80221349000931
110.44395124912262
96.48322200775146
96.66232323646545
106.96243691444397
101.09182500839233
101.82970595359802
90.74579775333405
103.4893034696579
112.15924340486526
91.31924402713776
101.73590445518494
108.51159203052521
103.1611493229866
101.87475323677063
92.17335945367813
102.53764939308167
96.26145076751709
114.66141247749329
99.17070746421814
90.64160072803497
99.37035799026489
92.03607201576233
92.565216422081
105.92461681365967
107.53170281648636
103.52216219902039
98.63939732313156
94.18943691253662
103.10753983259201
94.65473747253418
87.70078474283218
86.96999531984329
93.6185895204544
99.73832136392593
91.89939904212952
86.77966248989105
79.37126809358597
100.4799998998642
91.00897985696793
87.93586266040802
97.44007384777069
97.317422747612
84.88259971141815
91.10447365045547
89.40493595600128
84.52688533067703
86.74331843852997
86.06041693687439
92.11968952417374
79.97036069631577
87.43872076272964
88.3920469880104
114.72934603691101
89.52741581201553
85.63353550434113
86.9335606098175
85.9101955294609
102.19213914871216
95.57899248600006
82.17135161161423
87.8547533750534
92.17460852861404
85.28989887237549
90.56273776292801
87.6833883523941
83.25550836324692
85.12489002943039
88.58145308494568
82.39087149500847
89.93123972415924
80.62234255671501
78.99971362948418
74.73926004767418
78.57426762580872
92.61247980594635
85.32807624340057
91.99627286195755
87.89645636081696
77.65430882573128
72.70090574026108
92.63384503126144
85.84164750576019
77.01983919739723
86.3036642074585
74.25858277082443
97.11820536851883
86.07443881034851
84.21071323752403
87.62792539596558
83.82392308115959
75.8911035656929
75.9916843175888
81.3078681230545
80.45041847229004
81.54826468229294
75.22951692342758
76.04506212472916
72.8371153473854
73.93113374710083
69.60369348526001
77.38271057605743
71.7653737962246
70.89885827898979
69.41363263130188
75.25994297862053
73.81823852658272
76.49726754426956
77.22199794650078
74.98557963967323
74.76091235876083
69.93926149606705
67.39672917127609
69.52321881055832
79.51069104671478
75.99520993232727
75.17282503843307
75.79268351197243
75.69921946525574
64.2970489859581
63.93642896413803
69.05126994848251
66.06845381855965
62.401869893074036
90.37558805942535
72.39350739121437
76.17039772868156
79.117282807827
79.30402454733849
68.26664438843727
76.67692279815674
72.77849444746971
82.61173111200333
71.65881964564323
73.69067171216011
66.85323551297188
69.64542669057846
69.74332293868065
63.587584495544434
67.20780658721924
