886.3773398399353
869.1758050918579
893.3192148208618
844.1133179664612
861.8870902061462
868.8447599411011
834.6004438400269
844.6761269569397
861.0813159942627
838.5348687171936
846.1369805335999
846.3257923126221
846.3639898300171
834.6737766265869
830.9247789382935
843.2079401016235
839.1444978713989
827.0837526321411
823.6110019683838
838.3540349006653
828.2548208236694
826.6885614395142
823.3030848503113
836.8125152587891
844.8912901878357
841.3041081428528
853.8490915298462
835.5678725242615
823.4389519691467
840.3838219642639
810.9091992378235
814.3743748664856
839.3923788070679
826.910493850708
853.3796005249023
845.3428106307983
819.8307371139526
846.5665011405945
818.8434844017029
833.4284892082214
845.5239667892456
837.1315531730652
824.4997792243958
831.7625455856323
820.9117913246155
821.1109986305237
831.2364835739136
838.3892507553101
832.3520283699036
827.0541777610779
837.2083511352539
806.2918930053711
828.8754096031189
833.7713804244995
829.0935544967651
830.199348449707
819.744430065155
835.9721698760986
834.0361037254333
829.3685121536255
838.0926961898804
816.6321382522583
825.6322469711304
841.5255570411682
819.9926333427429
832.4418005943298
796.1662468910217
812.3616719245911
825.8143701553345
818.0880761146545
839.0896191596985
839.8477673530579
831.2063446044922
820.5235304832458
802.0303716659546
818.0194172859192
821.1595916748047
808.6001029014587
811.1460399627686
826.2592825889587
817.0004138946533
841.3273973464966
825.2906451225281
822.7414040565491
835.7655487060547
809.3880677223206
810.2335705757141
793.7313566207886
824.459969997406
820.927827835083
839.048520565033
813.0518865585327
836.896565914154
825.6679463386536
820.0627427101135
818.8516235351562
807.2237029075623
826.9618268013
795.7423672676086
830.4473099708557
819.1627640724182
827.8738126754761
805.1750588417053
805.3647570610046
821.2106022834778
822.2900447845459
827.0188007354736
816.3077816963196
836.534414768219
821.2791805267334
840.0228796005249
816.458637714386
823.7549276351929
821.8734178543091
812.4126019477844
829.5466060638428
815.0482306480408
800.0023574829102
829.8752336502075
829.9733061790466
811.1252489089966
820.4420585632324
799.1082615852356
803.0075511932373
833.2891569137573
824.6710233688354
816.3392906188965
813.9466271400452
830.8426623344421
821.0407280921936
816.5734720230103
808.4419941902161
816.6889510154724
829.7494397163391
830.8860173225403
809.0828099250793
820.0649185180664
828.1817297935486
826.3520364761353
821.6992726325989
824.6909279823303
815.2337384223938
824.90190076828
820.4632525444031
826.6016097068787
811.0026783943176
816.9768023490906
803.6965570449829
830.9012479782104
802.0123205184937
839.2262115478516
813.2477898597717
810.4450268745422
839.5080189704895
835.7081718444824
816.639552116394
828.6413087844849
815.2654085159302
818.3004188537598
827.7482604980469
816.3955392837524
827.430673122406
822.8895201683044
809.526674747467
820.5267539024353
825.7338652610779
806.7043294906616
827.8577761650085
854.5797600746155
832.1354146003723
829.3383731842041
816.3473491668701
815.2026324272156
814.6776180267334
819.0731530189514
812.067373752594
801.167462348938
821.0760245323181
813.0638132095337
816.5588054656982
818.9756445884705
816.3575835227966
822.2727189064026
822.3016490936279
819.5841455459595
820.0593581199646
831.5556020736694
816.3649168014526
798.5128154754639
824.7280778884888
814.8739242553711
838.5282607078552
818.0648674964905
805.6526083946228
811.6184320449829
826.0280022621155
809.9521660804749
801.8282632827759
813.7733683586121
818.6923060417175
