625.7051918506622
524.9320018291473
497.2358603477478
487.9797315597534
473.75631380081177
454.8551104068756
446.33835339546204
439.8205192089081
424.50939893722534
418.2244164943695
419.84285497665405
402.62004566192627
389.946044921875
386.4141848087311
395.2586829662323
388.866562128067
385.35714507102966
369.4670181274414
373.487669467926
376.90816044807434
368.98463344573975
370.23709297180176
366.04302167892456
357.77245330810547
360.5364546775818
350.17054295539856
355.8533504009247
347.0666320323944
341.57320046424866
343.17624711990356
334.61017179489136
338.47468876838684
339.1036584377289
337.253355383873
336.3478969335556
328.7399023771286
324.78974318504333
326.3697222471237
326.65543806552887
328.4414339065552
319.972846865654
323.7305679321289
317.92081820964813
326.4574395418167
317.50308322906494
317.50118947029114
322.72326958179474
321.2527457475662
312.72388076782227
312.80474829673767
304.0612841844559
319.7278468608856
311.312869310379
302.1258627176285
313.37640154361725
308.38503766059875
304.26935589313507
309.485835313797
303.0194146633148
317.1123443841934
295.7252804040909
298.8007245063782
300.4779702425003
298.01606369018555
301.47289872169495
302.52478098869324
304.01611602306366
297.5157285928726
306.2514967918396
285.613857626915
296.40515995025635
292.0662966966629
292.61864972114563
297.52956914901733
292.27434825897217
277.8033719062805
297.92260468006134
287.26239478588104
285.2497925758362
283.2298570871353
278.031831741333
286.00610744953156
284.1598336696625
284.56235814094543
292.7071325778961
285.36261224746704
281.09277045726776
280.78704929351807
276.4830392599106
277.40775763988495
282.0485545396805
279.9946321249008
281.6626709699631
279.94654273986816
277.3746370077133
283.94970703125
280.56513702869415
272.47574496269226
279.99920535087585
278.4053454399109
279.7016636133194
273.15906953811646
277.38932371139526
271.69642293453217
273.91663348674774
277.19396436214447
277.81207513809204
276.1489520072937
266.80335319042206
279.21099877357483
282.0106189250946
275.5710130929947
269.85498428344727
268.9774487018585
276.5082423686981
266.93859577178955
269.1590279340744
269.16787219047546
264.74036490917206
271.49566435813904
262.62664806842804
263.8576114177704
265.0466904640198
263.8594044446945
259.01476657390594
266.6131110191345
273.7844934463501
259.88748717308044
264.1652464866638
261.79011034965515
258.79670226573944
265.35577607154846
260.1695363521576
259.67657482624054
269.2906240224838
262.123593211174
261.49970042705536
261.6526516675949
257.8831852674484
275.3737196922302
267.9851392507553
249.95625352859497
266.32028353214264
259.3700679540634
262.9679275751114
263.66346085071564
256.02857089042664
250.7784470319748
273.78894579410553
252.9630388021469
265.07410967350006
255.95350551605225
267.612975358963
260.77215456962585
252.80843555927277
258.11603701114655
258.06810879707336
266.3190747499466
258.496702671051
251.16819870471954
256.6338484287262
261.1032198667526
243.0934329032898
262.3963952064514
248.26927709579468
252.1786197423935
251.25551307201385
269.9722361564636
262.97187626361847
263.64260935783386
250.00321471691132
270.71658408641815
259.6918659210205
262.5643353462219
263.6714791059494
249.49157750606537
259.25211095809937
247.7495813369751
249.80580043792725
253.73895609378815
263.7605059146881
245.64213001728058
249.03576588630676
246.7380723953247
258.5111677646637
248.32510268688202
250.6787225008011
261.1701058149338
254.11341667175293
263.58096146583557
248.4657243490219
252.0300805568695
250.65551388263702
253.86156690120697
257.4445786476135
252.6200670003891
242.65486657619476
251.49469077587128
252.13893139362335
245.99992954730988
