119.33893577257793
54.8184158205986
49.381722927093506
45.24815207719803
41.86715324719747
40.27553333838781
38.50083382924398
38.02098387479782
37.33267617225647
33.86104186375936
34.99926767746607
31.602745532989502
30.653003334999084
30.30170238018036
30.133220811684925
30.111474712689716
31.33765725294749
27.943540036678314
28.580156723658245
28.02103866140048
27.396823664506275
28.704318672418594
27.50148332118988
27.685730318228405
26.67177712917328
24.75336961944898
25.503299911816914
26.09247828523318
26.151177148024242
25.51553052663803
23.270800332228344
23.722526878118515
22.968574861685436
22.423624714215595
22.604395081599552
22.369555910428364
22.170554260412853
23.951861639817555
21.264036347468693
21.682688663403194
22.9885426958402
21.332116325696308
20.57859279712041
21.46991636355718
20.79627099633217
19.806699951489765
19.99788808822632
19.76214947303136
20.27733067671458
18.829822202523548
19.542408913373947
19.18305902679761
20.52435274918874
19.226191868384678
19.608269075552624
18.383925169706345
18.368895530700684
18.379967858393986
17.757858395576477
18.498625487089157
17.68978758653005
18.039173026879627
17.520862807830174
17.72267230351766
17.394122282663982
16.938804477453232
17.0622685054938
18.504862080017727
17.84368199110031
17.414151310920715
16.739634821812313
16.244400054216385
17.7117537856102
16.158292979002
16.645930578311283
16.683771461248398
16.135641704003017
16.117483754952747
16.3184530933698
16.436571717262268
16.291798412799835
15.640141308307648
15.871232549349466
15.704317182302475
15.889227012793222
15.3340951303641
14.898855497439703
15.118316759665808
15.093478252490362
15.023017346858978
14.710096230109533
15.80078355471293
14.774863183498383
14.338816324869791
14.547782897949219
14.81926061709722
14.883775333563486
14.495607445637384
14.644594311714172
14.706406116485596
13.948397358258566
14.612310787041983
14.003036946058273
14.383996625741323
14.4888782898585
14.023701945940653
14.270714749892553
13.620513275265694
14.060006519158682
13.645378569761911
13.775850554307302
13.405789683262507
14.491197764873505
13.258002499739328
13.737273871898651
13.521060238281885
13.797502428293228
13.42201409737269
13.528811037540436
13.154878536860148
12.763216147820154
13.827111581961313
12.765836223959923
13.45354930559794
12.907032996416092
14.237596035003662
12.743805517752966
12.816234966119131
13.575939138730368
13.177665303150812
12.298684487740198
12.53806180258592
13.659774591525396
13.141912321249643
13.2443275252978
12.900079280138016
12.316621919473013
12.709046065807343
12.600675771633783
12.12138449649016
12.233400344848633
12.275857453544935
11.838502506415049
13.00399794181188
11.89312802751859
11.804940606156984
11.747201864918074
11.560516332586607
12.368127768238386
11.955695271492004
11.699886177976927
12.460956265528997
11.520596235990524
12.17663292090098
12.016228884458542
11.793065994977951
11.729098791877428
12.052647292613983
11.404673183957735
11.586124837398529
11.566315521796545
11.58940980831782
11.695822676022848
11.120058938860893
11.535431385040283
12.532612909873327
11.110516250133514
11.277209202448526
11.049422919750214
11.080019349853197
11.612100571393967
11.683260455727577
11.199186076720556
11.3016965786616
11.640352437893549
11.276471758882204
11.016418700416883
11.310125639041265
11.155997922023138
10.877578526735306
10.9969413181146
10.850841055313746
10.697091296315193
11.354640483856201
10.77845418949922
11.61246352394422
11.42936858534813
10.755199442307154
10.961453060309092
10.995422606666883
10.788707743088404
11.104718113938967
11.113584334651629
10.768313383062681
10.521309008200964
10.53404352068901
10.889250725507736
10.606226926048597
11.156081269184748
10.283331597844759
