-0.9149377246697744
-3.9152930031220117
-6.8704007267951965
-8.847716093063354
-12.714597821235657
-14.993891964356104
-17.78759841124217
-20.710334559281666
-24.50008535385132
-26.165911575158436
-26.204572478930157
-28.80134556690852
-28.421135663986206
-31.06777624289195
-32.11604495843252
-33.87488114833832
-35.99965178966522
-35.573507289091744
-37.62474147478739
-35.69136061271032
-37.22464950879415
-35.685269355773926
-38.31374321381251
-37.98072977860769
-37.39846316973368
-38.71126182874044
-38.31536918878555
-35.48427677154541
-39.68338735898336
-38.63956467310587
-38.76989585161209
-39.753555039564766
-37.99828624725342
-38.34927225112915
-40.68831217288971
-41.83287197351456
-41.221990625063576
-41.778022746245064
-41.55810236930847
-39.97387184699377
-41.23469388484955
-41.42745900154114
-43.45861943562826
-42.670905351638794
-43.24743127822876
-44.471969525019325
-45.50122690200806
-44.49899713198344
-43.94360971450806
-44.554447293281555
-45.14174669981003
-43.34101380904516
-45.75600810845693
-46.30747536818186
-45.46583871046702
-45.45672438542048
-45.444442550341286
-46.96225015322367
-47.18948777516683
-46.613968233267464
-47.469188928604126
-46.66743282477061
-45.69556872049967
-46.64489730199178
-45.811832666397095
-48.04582015673319
-47.331850012143455
-47.76632630825043
-47.539494117101036
-48.97729460398356
-48.31119688351949
-48.46080267429352
-48.69686528046926
-47.84303851922353
-47.98513468106588
-48.64222276210785
-48.95899317661921
-48.20328505833944
-48.97743930419286
-48.642024318377175
-49.16044855117798
-50.112858732541405
-49.43793590863546
-50.034385681152344
-49.5880725979805
-48.519762555758156
-50.04548613230387
-49.30250897010168
-50.31891985734304
-49.128580828507744
-49.463982125123344
-48.16757826010386
-49.14328642686208
-49.89757831891378
-50.1410062511762
-50.574143171310425
-50.80602490901947
-49.970774372418724
-50.086586793263756
-51.12515636285146
-50.44501201311747
-51.327221949895225
-49.542227268218994
-49.58304983377457
-50.59199317296346
-50.42889519532522
-49.86660826206207
-49.097206473350525
-50.70924405256907
-50.97850612799326
-50.411596735318504
-49.655691385269165
-50.204833368460335
-51.16259402036667
-50.66318039099375
-50.72261852025986
-51.61835734049479
-51.07601638635
-50.60989137490591
-51.527705232302345
-51.1533211072286
-49.89627889792124
-50.62649222215017
-50.83855811754862
-51.30119784673055
-50.92057331403097
-51.63897943496704
-51.50034817059835
-50.274260342121124
-50.30903617540995
-51.397114316622414
-50.7932992776235
-50.88025724887848
-51.364252964655556
-50.66486916939417
-50.979926665623985
-51.081892212231956
-51.18331825733185
-50.22284003098806
-51.62892349561056
-51.29868193467458
-51.258513490358986
-50.52161331971487
-50.97320222854614
-51.376071651776634
-50.77741126219431
-50.436266322930656
-51.07805732885996
-50.54945913950602
-51.21841569741567
-51.08787979682287
-51.060431480407715
-51.68736086289088
-51.99891074498495
-50.353016217549644
-51.67076392968496
-51.089458306630455
-51.95562313000361
-52.2038679321607
-50.903811156749725
-50.2894606590271
-50.11942426363627
-51.31985900799433
-50.73785277207693
-50.4285014073054
-50.59770119190216
-51.45114382108053
-52.4680871963501
-52.281420270601906
-52.13016414642334
-51.24500056107839
-52.06313228607178
-51.78430422147115
-52.07176156838735
-52.005853255589805
-51.86691331863403
-51.88499788443247
-52.23081407944361
-51.102507909139
-50.97103706995646
-51.884814063707985
-50.215392688910164
-51.40616921583811
-52.48451419671377
-52.19245692094167
-51.7639986872673
-51.708924770355225
-51.60689036051432
-52.609329998493195
-51.95878161986669
-51.08486251036326
-51.42967474460602
-52.173142393430076
-51.01805661122004
-51.98681412140528
-51.841714998086296
-51.574328343073525
-52.42672389745712
-52.46218168735504
-51.98753134409586
