-0.634456092491746
-11.782060503959656
-16.736737847328186
-23.024782538414
-29.108225733041763
-35.29153196513653
-38.24410839378834
-42.00301809608936
-47.00577223300934
-55.09407639503479
-57.91568127274513
-58.680321633815765
-64.62204015254974
-70.12748903036118
-68.09473037719727
-69.52413547039032
-75.59726876020432
-77.27263081073761
-82.17395049333572
-83.31631010770798
-91.80599039793015
-89.3703043460846
-97.51664012670517
-97.0526893734932
-102.81903374195099
-104.40364646911621
-103.96630907058716
-106.42473030090332
-107.31033450365067
-107.33274734020233
-113.76370030641556
-113.96861910820007
-112.62295240163803
-118.74590766429901
-118.53605300188065
-114.67301678657532
-117.8548538684845
-121.67728507518768
-123.11428534984589
-118.09215795993805
-126.95055711269379
-123.99515515565872
-123.01899302005768
-123.95261609554291
-125.46401691436768
-128.80853593349457
-126.71184277534485
-128.5243512392044
-126.0997154712677
-131.43063634634018
-127.17942994832993
-132.7378033399582
-130.31024634838104
-133.04952812194824
-132.83100044727325
-132.91028648614883
-133.04233586788177
-132.69392454624176
-137.74846744537354
-132.60789954662323
-134.52292281389236
-135.1057472229004
-134.00384151935577
-137.38486576080322
-133.891303896904
-133.65602451562881
-136.7757604122162
-136.59011161327362
-135.07925474643707
-139.62147545814514
-135.73606669902802
-140.4321956038475
-140.5313459634781
-137.07757318019867
-138.80349254608154
-139.91319489479065
-135.8273901939392
-132.83128249645233
-140.00776195526123
-137.78170895576477
-137.4239900112152
-138.35152888298035
-139.05615824460983
-136.70263916254044
-138.57283675670624
-139.29719948768616
-140.08832728862762
-143.0230087041855
-137.1594077348709
-142.40221846103668
-143.28968620300293
-135.68580150604248
-139.5682487487793
-142.99859130382538
-144.5296851992607
-143.95976454019547
-145.81924426555634
-141.62132501602173
-144.8281335234642
-142.13058495521545
-144.34219300746918
-144.17576384544373
-141.51300805807114
-144.33814358711243
-143.33464282751083
-144.61016994714737
-147.5151253938675
-143.90035289525986
-144.88946914672852
-144.15096366405487
-144.91874182224274
-142.94838654994965
-142.51441359519958
-143.1712054014206
-144.943421125412
-143.2636570930481
-145.8158898949623
-148.1011027097702
-143.54347002506256
-144.62087774276733
-145.81607121229172
-146.01648730039597
-143.38268184661865
-145.88189947605133
-145.9445949792862
-141.26039272546768
-143.58812445402145
-144.841641664505
-143.8424824476242
-142.79001593589783
-147.20436763763428
-145.08752810955048
-144.57466197013855
-147.37403029203415
-145.57430469989777
-147.23442602157593
-147.9380782842636
-142.98943477869034
-144.18487000465393
-146.51491856575012
-146.67410510778427
-146.72087490558624
-145.74188220500946
-148.07972741127014
-148.16416084766388
-149.20312929153442
-147.5544914007187
-146.76091581583023
-147.74934709072113
-147.2868468761444
-150.6561257839203
-148.1600610613823
-148.454772233963
-147.37815022468567
-145.15985357761383
-148.05790889263153
-146.14813375473022
-149.95904123783112
-149.12872874736786
-149.66297018527985
-146.90765190124512
-145.18576180934906
-148.6926807165146
-148.96657061576843
-146.97492063045502
-148.5674911737442
-148.82625114917755
-149.48365741968155
-151.84135687351227
-150.7316142320633
-150.63550597429276
-149.56542146205902
-148.7673431634903
-148.68932634592056
-151.14984279870987
-149.79625856876373
-149.60273253917694
-148.0335922241211
-149.37247967720032
-152.54081869125366
-149.94834351539612
-151.51898473501205
-149.8643935918808
-151.09884226322174
-151.73044103384018
-149.08370161056519
-150.26041078567505
-151.034273147583
-152.7265682220459
-150.40500128269196
-151.21412986516953
-151.47467279434204
-150.9234882593155
-152.24839413166046
-151.66789662837982
-150.7825644016266
-152.66481959819794
-149.9824613928795
-149.54939502477646
-150.9808852672577
