656.9900465011597
576.7443957328796
546.9988446235657
517.9970169067383
487.3375458717346
476.90716576576233
463.02015209198
451.3496823310852
455.44914627075195
442.24577951431274
426.99191522598267
416.3825144767761
413.5324881076813
418.5652930736542
412.2286956310272
383.29858899116516
396.61312341690063
378.83471751213074
387.5783226490021
380.99843764305115
375.54908633232117
375.2752568721771
373.0685443878174
363.7201452255249
386.0286638736725
357.12458634376526
358.02295327186584
358.35758447647095
349.7344546318054
347.47459602355957
349.56256580352783
351.99157333374023
341.4635236263275
357.39583706855774
335.28491401672363
356.57998967170715
334.58551263809204
335.8109155893326
342.321275472641
338.61184525489807
341.4831461906433
328.52784168720245
332.5819762945175
332.0428594350815
329.4987154006958
331.362677693367
325.342116355896
326.7191811800003
325.7697834968567
309.9077808856964
316.24985814094543
327.0490779876709
322.70896565914154
313.659175992012
312.0436990261078
320.72837603092194
318.3248738050461
321.34834027290344
306.2723079919815
298.4135717153549
312.6708152294159
305.9827039241791
301.32830822467804
308.149929523468
307.5823458433151
307.8988654613495
315.5826506614685
298.50183296203613
307.70820021629333
303.1363844871521
310.2068738937378
301.35171830654144
301.33411037921906
297.47454941272736
293.8960303068161
293.56333315372467
293.7643737792969
297.09376287460327
300.3333797454834
299.33619487285614
289.59393417835236
304.3278810977936
288.86519968509674
287.69675052165985
296.72222352027893
290.6151133775711
295.53753638267517
282.2296704053879
281.1366693973541
284.34796047210693
294.0059891939163
295.28617012500763
287.5138214826584
281.4672511816025
279.75998735427856
282.77241361141205
286.6108410358429
285.1446486711502
276.24301540851593
276.2445465326309
287.32098042964935
279.59299409389496
276.7089002132416
285.44146513938904
285.0186734199524
268.5260088443756
272.1858789920807
283.21355867385864
274.5672605037689
279.216136097908
280.7987140417099
285.13669085502625
268.130716919899
276.19909632205963
266.7018759250641
262.7603192329407
280.41494584083557
273.8644140958786
277.28208458423615
279.9733575582504
271.2593675851822
268.46899461746216
271.01142621040344
269.2516609430313
282.8374662399292
281.83490228652954
265.9367369413376
272.3197717666626
275.0311105251312
267.64349710941315
258.0533415079117
269.70287919044495
272.57835042476654
269.87891817092896
277.3034397363663
277.04623103141785
269.52661859989166
261.34954953193665
273.93845200538635
264.04454958438873
270.28259098529816
263.8792083263397
259.2169152498245
269.15344738960266
271.0736382007599
268.18063962459564
261.0788024663925
264.94128465652466
271.8655718564987
259.70187866687775
271.2018698453903
268.5617686510086
263.3619099855423
264.5016505718231
258.76344060897827
253.91900420188904
264.5971645116806
259.45313143730164
270.65521824359894
259.32739794254303
264.3119523525238
253.187650680542
259.0514531135559
253.3510377407074
256.5996197462082
255.2813218832016
256.31744968891144
263.8494521379471
257.1889615058899
262.39794647693634
256.8601123094559
261.6821862459183
258.17035162448883
249.50719094276428
262.75379180908203
261.8731738328934
265.8764992952347
256.5930117368698
262.8691499233246
262.93670070171356
254.79853427410126
255.04986023902893
258.13370537757874
256.6571980714798
266.18185782432556
261.2531088590622
255.1379804611206
263.5351687669754
245.03113090991974
250.54587733745575
249.52979516983032
251.82654178142548
253.20678973197937
258.3510444164276
250.7900916337967
244.97333097457886
248.7940295934677
253.59571540355682
259.315793633461
261.0660699605942
