2768.3919887542725
2166.768840789795
1959.574224472046
1781.9017763137817
1663.2648000717163
1519.4959526062012
1509.9917011260986
1414.2803268432617
1391.273817062378
1329.7904000282288
1336.050521850586
1309.9065775871277
1260.7218747138977
1221.628891468048
1191.7826890945435
1202.1761207580566
1144.5997295379639
1141.2300477027893
1140.114583492279
1182.3959312438965
1130.534098148346
1055.934910774231
1069.13529586792
1049.1787853240967
1019.7785429954529
1016.4975051879883
999.0243167877197
1051.1059064865112
1024.428325176239
976.0303783416748
950.206600189209
949.9998178482056
963.7813854217529
944.7744135856628
1013.1312079429626
918.660608291626
925.3815984725952
931.0590872764587
884.818736076355
927.8976383209229
893.5284147262573
922.774658203125
869.4066019058228
861.6227698326111
857.7323446273804
855.2661871910095
829.2804322242737
885.2856483459473
838.7169919013977
866.4587850570679
822.2626457214355
841.4482755661011
829.9488081932068
800.9765553474426
828.0778551101685
810.3985290527344
798.6028294563293
783.0209016799927
778.4279322624207
763.6071343421936
750.4571957588196
743.1912865638733
746.3927059173584
764.6189656257629
756.8842906951904
777.2554135322571
725.0845351219177
724.2652225494385
706.5220727920532
731.7471814155579
702.2837600708008
709.325963973999
727.088131904602
699.9455723762512
691.0077562332153
675.3167157173157
696.8780860900879
676.253360748291
676.7176942825317
655.5906393527985
661.559686422348
661.8586182594299
684.9358015060425
664.2429814338684
636.3698742389679
676.2428040504456
629.6233384609222
635.7542414665222
626.9945595264435
628.5147643089294
654.2898688316345
635.5106315612793
625.4414355754852
620.2806205749512
622.1898920536041
625.0986652374268
646.4586524963379
603.2406194210052
612.6965599060059
613.5392422676086
605.6861872673035
630.2337734699249
605.8271312713623
598.8294911384583
597.298689365387
672.6722629070282
638.3185520172119
597.7295396327972
585.3098666667938
605.0614483356476
587.4340596199036
606.6250081062317
624.6301412582397
578.3786692619324
577.8733177185059
587.8591480255127
587.1222743988037
571.9285671710968
606.848028421402
603.6992313861847
557.8647892475128
566.5343363285065
566.0908744335175
559.352236032486
552.7980577945709
577.681967496872
554.0570850372314
541.4912300109863
534.5685343742371
542.4504792690277
576.5129542350769
564.6602807044983
537.507486820221
556.3617491722107
544.9375486373901
571.0057425498962
552.9350128173828
544.3847322463989
528.2922148704529
525.3046290874481
519.2358574867249
534.8146424293518
543.6977813243866
536.9013228416443
509.722540140152
512.5846946239471
521.8557317256927
520.478485584259
513.1405329704285
510.0243327617645
503.1227102279663
503.21135425567627
505.28272342681885
557.4630303382874
513.6163902282715
495.39391803741455
506.4589490890503
517.7488539218903
503.6112596988678
490.442302942276
514.6350309848785
501.9692499637604
506.60517144203186
479.63671684265137
509.9578900337219
526.318434715271
484.63345980644226
481.4010956287384
480.34893131256104
470.0767002105713
492.9234492778778
511.29282879829407
486.73770785331726
478.927766084671
468.700541973114
472.4329390525818
472.5604655742645
480.1896138191223
473.72673892974854
484.4910249710083
466.98922872543335
498.68619751930237
514.6130311489105
465.1459970474243
467.9052438735962
466.85062170028687
477.42476630210876
480.99260783195496
471.182252407074
457.93814969062805
490.3239631652832
455.4040184020996
458.44881987571716
445.5933003425598
448.2332806587219
444.86678194999695
444.3299617767334
447.5543076992035
441.2724680900574
441.5975499153137
