2920.6350440979004
2259.0811195373535
2145.321015357971
2163.1426553726196
2065.2055101394653
2178.497896194458
1884.212779045105
1833.1030502319336
1866.2336750030518
1785.9107427597046
1728.7442092895508
1673.5484743118286
1696.1064453125
1687.2958736419678
1653.172758102417
1605.5688199996948
1587.93558883667
1539.5404624938965
1582.4660911560059
1782.510196685791
1534.5283679962158
1513.9397449493408
1708.9653091430664
1579.0561971664429
1472.926248550415
1591.0800342559814
1464.0228424072266
1582.0942697525024
1502.3557434082031
1454.2937574386597
1452.1087627410889
1547.9571323394775
1439.0371532440186
1396.6910953521729
1441.6034784317017
1377.945945739746
1451.9893350601196
1411.9001541137695
1383.0094537734985
1334.3856258392334
1471.1491775512695
1331.6368551254272
1337.8155856132507
1293.293155670166
1300.5950059890747
1342.1784029006958
1336.741219997406
1327.6192660331726
1295.0067253112793
1355.0641822814941
1321.612021446228
1352.5710287094116
1279.3038387298584
1264.7295517921448
1330.7484002113342
1261.4894514083862
1208.9292645454407
1230.260482788086
1327.279598236084
1189.9685487747192
1197.2992486953735
1180.4405245780945
1187.2159099578857
1178.8979573249817
1153.4866962432861
1169.740948677063
1202.5684914588928
1156.0667209625244
1128.157551765442
1159.696774482727
1236.9632606506348
1109.4425411224365
1113.514605998993
1165.3801460266113
1172.196952342987
1178.0257806777954
1123.4914107322693
1137.659466266632
1158.0658049583435
1198.349277496338
1204.6551718711853
1107.4566731452942
1074.1214418411255
1163.7413597106934
1030.489239692688
1094.3985214233398
1077.853033065796
1104.3804836273193
1046.7484884262085
1066.8672981262207
1074.009428024292
1217.4683437347412
1023.4489698410034
1201.9383935928345
1010.6025967597961
1108.999562740326
1040.0213737487793
1020.0307755470276
1087.2780690193176
1051.3032603263855
1021.2306127548218
1073.9097437858582
1167.8682227134705
1059.1003890037537
1085.0059614181519
1034.266522884369
1024.5233354568481
1113.8742589950562
1120.8474817276
1034.9664883613586
1049.683572769165
1073.284481048584
1081.4066915512085
1033.0452499389648
1018.3430738449097
988.1569619178772
1072.3964290618896
1105.9693069458008
1064.299602985382
1064.5245170593262
1008.4909348487854
995.5951628684998
1069.709547996521
1052.843490600586
1015.5403914451599
998.0221557617188
1032.5100011825562
950.1635675430298
984.936927318573
1025.4565153121948
1075.498164176941
987.4142055511475
1023.7952456474304
965.2600483894348
987.9472784996033
1098.7688331604004
1029.2594246864319
947.5417189598083
977.6955966949463
980.58265209198
981.7554931640625
943.0604410171509
921.6712012290955
964.8248867988586
1019.3171911239624
957.9142789840698
952.7705883979797
935.7528691291809
953.2258157730103
962.940878868103
982.0494689941406
937.3784394264221
902.0183367729187
962.4536590576172
931.0609407424927
998.9709692001343
907.1276173591614
935.5877494812012
910.8837871551514
905.2201590538025
874.0663766860962
919.4469614028931
902.2817707061768
912.2078065872192
993.7232427597046
922.0825901031494
930.9684286117554
940.8573951721191
881.7610812187195
899.9318981170654
887.2156705856323
872.5188131332397
897.9225797653198
874.3921031951904
942.9705076217651
927.9422826766968
962.7058916091919
903.6387495994568
849.7172322273254
873.6387095451355
830.9607200622559
856.7135829925537
858.5705947875977
917.7480583190918
865.8186140060425
859.1035871505737
901.5709261894226
824.2397298812866
936.0762586593628
830.7307291030884
900.809796333313
863.9775581359863
829.6852130889893
843.1383142471313
845.3476457595825
904.094379901886
830.9029402732849
918.2970066070557
857.6587700843811
878.9859590530396
