133.707281774488
90.95814028485069
73.18447069258525
61.84662869161573
43.96542962666216
29.37679596759122
17.57607538021844
10.815046669337256
5.147704595121844
1.2512971447973416
-2.539593389065101
-7.201206683084883
-10.737686580625073
-13.696406573571007
-16.33794046887036
-18.347640699867544
-19.516353150893902
-21.9484185298969
-24.0845300164716
-25.032622841925456
-26.604866450202877
-27.42239397455906
-29.042834385715683
-30.33979192787203
-31.063579379484572
-32.092121551776756
-33.54130675874907
-34.24209755350803
-35.28239694751542
-35.973224197996075
-36.515275565714674
-37.21120916769422
-37.98843688286584
-38.318925004580926
-38.6983296850632
-39.7383694607636
-40.005112515441304
-40.77417397190784
-41.33885799296971
-41.777223889170024
-42.480944917119785
-42.88724370249386
-43.39099580255048
-44.30768284715455
-44.86448363291806
-45.25450466624622
-45.277571170494475
-45.618163016335714
-46.11769978342385
-46.53518605437772
-46.860198454610234
-47.28901987240232
-47.5691102311529
-48.0318797826767
-48.18734749021201
-48.729231207535186
-48.74967548559452
-49.190587210244146
-49.19240103507864
-49.568857328645116
-49.979473652510805
-50.08864213269332
-50.441442960295184
-50.66272818220073
-50.64443424652363
-51.01302825787972
-51.25584669154266
-51.58417608820159
-51.4385418213647
-51.680201283816636
-52.11579410372109
-52.206832084162485
-52.24664463668034
-52.378078945751845
-52.51673099912446
-52.34000086167763
-52.70083079666927
-53.20299007358222
-53.264029233620086
-53.36586640826587
-53.60804028757687
-53.698639314750146
-53.88716717424064
-53.92658360251065
-53.3227873054044
-53.022597294429254
-53.829571543068724
-54.21182866754203
-54.29671619883899
-54.558702479148735
-54.51403258175686
-54.63958079444951
-54.85602520046563
-54.788248849326166
-54.80451137033002
-54.90657256800553
-55.11935866906725
-55.332092698278096
-55.2927508415847
-55.23251060576275
-55.32747899252793
-55.410353757184126
-55.48304502922913
-55.29958285339947
-55.42657674592117
-55.315478922991915
-55.302429846648515
-55.583608440284074
-55.75782196891719
-55.91375329987756
-56.02293546035372
-55.97896676433498
-56.02821665591207
-56.27976714331528
-56.260761859088106
-56.18619522760655
-56.31827979046723
-56.50374025517497
-56.66489102922637
-56.65496301239934
-56.594641743035154
-56.70367760904904
-56.858805041888665
-56.94541471785512
-56.8523981982264
-57.031481812740196
-57.13190063320357
-57.121847896740356
-57.03769046684791
-56.949660190220534
-56.84404119129839
-57.13678365534749
-57.191762780321056
-57.271075269271584
-57.11268379564943
-57.09626661497971
-56.97444475519246
-57.16466325932536
-57.29292219466176
-57.3939170940169
-57.18576888996979
-57.130988900003764
-57.35338316292599
-57.41048628502879
-57.47538726288697
-57.506747930214324
-57.56022871157219
-57.57227366546105
-57.372967025329324
-53.10556427980291
-54.586159436867156
-56.42291477014278
-57.03200096303019
-57.54137330219663
-57.701160233596276
-57.73101332269866
-57.837820692309016
-57.823431189717915
-57.78862806640822
-57.991793225551476
-57.94272442110653
-57.91748572218007
-58.00750711663016
-58.13539197527129
-58.08389132187284
-58.25497641645629
-58.235836499723895
-58.14374625271764
-58.027188888911546
-57.92080042691067
-57.986011098171105
-58.08714965499681
-58.139089870041815
-58.23711144513097
-58.303595569627035
-58.19521107961391
-58.30781642938482
-58.25307297912137
-58.21818962384914
-58.24963969197766
-58.18488937821881
-58.266118912861266
-58.25056912364631
-58.09734001858481
-57.83784139772941
-57.99262934923172
-55.333683348935224
-52.7032296267049
-55.98574657481292
-57.375933069607306
-57.53066209883526
-58.1006962225355
-58.15525759910715
-58.25831007340859
-58.088682842665705
-58.20389866417852
-58.44445204734802
-58.51662329764202
-58.51552527320796
-58.58304406445602
