109.97860126454255
80.53052881462821
67.33153984053382
60.09507222319471
55.527392512765424
51.19575187769429
45.186002808398214
43.309538590496985
39.895630714194525
37.127296300797624
36.51823408747541
35.388765881801476
34.12338113425107
32.50446157208805
30.978753472453562
33.845907265256194
29.72072483367961
29.38812468277997
30.534297981138888
30.12232591635708
28.48266438831543
27.64539101668473
24.6384609010199
25.03770120339147
24.93461104353954
24.88331440399433
24.669005181319243
23.454403998137547
23.446865750027115
23.870069348991944
24.253113570655213
23.2330681666218
22.575941592968743
23.036729475547528
21.201841997689215
20.946292980606184
21.77755245206685
20.183627875200635
19.232162860190048
20.765575756286754
20.334201898040444
20.63467065630288
19.09246898057132
20.383305508771848
19.626629918813705
19.282727263097104
19.857086420059204
18.244518105069112
18.666268622438455
18.197083555290412
17.70193357717804
18.17029482434536
17.305922603298878
18.182326145341683
16.7097260024527
16.982447857229875
17.740790674655603
16.657952582463622
17.012947092539278
16.456144750375174
16.242642382352518
17.14154911046077
15.658872210517012
17.01571338264079
16.028138018373784
13.847184656380579
14.666696470475692
16.69678451660378
17.134590496533903
16.93927930398234
16.057646808696205
15.511234848535267
16.043064958062665
15.804268266877223
14.9644545344957
15.526077098116792
15.461353311893241
13.286346138487088
13.48307022625773
14.855953538565544
14.922238483768085
15.285227497975374
15.14464538428804
13.474893415796346
13.793055345272196
13.12610953841519
14.692295951062235
13.88755434122065
14.148203855954463
13.208433663440418
14.500279690428027
13.47968246453795
14.10979142810764
13.08902080414881
12.483775882628457
12.58659891938341
12.898982774530506
13.673299890268465
12.852210514118958
13.427731758561627
11.865393642111329
13.151446758416192
12.72849064525859
11.838399459447327
11.83572294787857
12.260150831835023
12.18701871497364
12.584042377256115
11.869167489481383
11.214518779696062
13.0305259809187
11.786730051618711
12.051809781134642
12.025342880651868
12.940348692109872
13.335422175775829
11.34320530597249
11.94775042612234
11.452251961021203
12.063786291999035
11.239349335175136
11.529030683482516
12.400645173829178
9.705576316292944
12.933757428850594
11.252543460449267
10.80603789846445
10.45287495003692
11.655275033851122
10.50456040429658
10.659082606515108
11.135841792160324
11.633951532172746
10.53773641856066
11.022605068467815
10.675422965966423
10.409047406536109
11.312635028156741
9.967531391515815
10.344699700170294
11.829367668078891
11.801867454280627
11.030490098456884
11.028783475851704
10.71692047884752
9.62513007159377
10.601006053002743
9.846160944358543
10.38550629922799
9.353973483987923
10.17085332384911
9.21812729023654
10.48798613976045
11.248042165205396
9.708506888356702
8.88423167477394
9.894624901228937
10.455307247309849
10.887011861027187
9.807788769714534
9.980677764445286
9.501556222038023
10.325561975032604
9.17866526030261
10.160865226953193
10.66611421710394
9.23218470355817
8.918548713084952
10.32361664271769
8.920070880381711
8.39237765672392
9.385593010819164
9.454038825335688
9.22715363420289
9.476337390341635
9.79138369880745
8.752769371061104
9.433986557197981
7.730457385166965
9.328812775683813
9.39178901820861
10.045394078924739
9.15664283057739
8.820294204071677
7.0626828914572455
8.734603745413237
8.893606258748934
9.040151258802105
8.424322921846962
8.964395159020507
8.092308929511185
8.86342541282547
8.804290479948294
9.089234421993124
8.594490927868875
9.141905655891732
7.704472590109398
8.304255300811652
8.391661287124816
8.710008515815797
