-32.90265050735967
-47.52950159640148
-50.33786432290899
-52.45214075261149
-53.16633594858235
-54.671173404003014
-54.80134321800594
-55.105564462727514
-55.75632592110798
-55.9601836718362
-55.50738259327823
-55.76133816817711
-56.032613534351874
-55.649989135306456
-56.46727926977749
-57.0721717805698
-57.29033824082079
-57.451973367353965
-58.22180468871676
-58.45342814819566
-59.306641699938936
-59.57586545882554
-59.5557798681588
-59.36511305488389
-59.68409512782919
-60.12654866535088
-59.952756500449674
-59.8930347479623
-59.71959298849106
-59.93509802016719
-59.9465872922848
-60.07381008205743
-60.28721607039715
-60.47220679603774
-60.39483571052551
-60.62499342910175
-60.8825027254121
-60.933248948434304
-60.762912843761775
-61.08833326347943
-61.12180544179061
-61.15793637879963
-61.07973305932407
-61.243189724354906
-61.20466024505681
-61.301363751806065
-61.308073733387324
-61.460335244392525
-61.462255676244865
-61.327443749740205
-61.33443700239576
-61.78339563155996
-61.64459091630475
-61.70418491959572
-61.87492583332391
-61.9338095794464
-61.979714218912456
-61.87198438315556
-61.941134972818965
-62.12967623307787
-62.09432845074555
-62.227741932046825
-62.12123346328735
-62.04937836219524
-62.00871018089097
-62.05777899252957
-61.96477850757796
-62.17218905790099
-62.240572880054344
-62.318242775982824
-62.22673207932505
-62.23970339832635
-62.23786845906027
-62.18767160279997
-62.35677962467588
-62.35674159177418
-62.14559713108786
-62.195279046379284
-62.214456636330176
-62.24913120372542
-62.276618377915746
-62.38735643748579
-62.316296231130075
-62.243433824900926
-62.36879657568603
-62.35873655409649
-62.36534358715189
-62.39033045028818
-62.48676544222339
-62.431445405401035
-62.21311449079678
-62.36792852858017
-62.43742740565333
-62.50219163606907
-62.4927336080321
-62.67216420790245
-62.55877303460549
-62.492585325035556
-62.678855220819344
-62.558842208878744
-62.579412765544035
-62.64632893636309
-62.70002860036389
-62.715891222501625
-62.68361046396453
-62.66609241633579
-62.729487236203816
-62.51836546433383
-62.647520249259884
-62.69530842838616
-62.707619825313834
-62.67112756289285
-62.8333169283538
-62.77581667386252
-62.74346500635147
-62.6933834367785
-62.63453308672741
-62.746909762250965
-62.86231635767838
-62.928416856404006
-62.83194108255978
-62.8875208692304
-62.9253730979459
-62.79189394979641
-62.8426626098567
-63.00782378788652
-63.04456877297368
-62.864778995513916
-63.00678948698373
-62.96996542400327
-62.95373660120471
-63.035582617439076
-62.965013720865905
-62.95383905542308
-62.9299665792235
-62.79012287074122
-62.84699050927984
-62.88445121872014
-62.868073880672455
-63.058653041206554
-63.0701534912504
-63.14155219957746
-63.13155345464575
-63.17234096136586
-63.15739708625037
-63.13200325801455
-63.066128667058614
-63.141716788555016
-63.16611873589713
-63.17190187141813
-63.07326221054998
-63.013652772739015
-63.186037273242555
-63.16265363014978
-63.152713354291585
-63.1180064986492
-63.132260856957274
-63.10152476203853
-63.07367688725735
-63.08043248077919
-63.19759613275528
-63.13431604566245
-63.17016391301977
-63.19343759273661
-63.212654173374176
-63.2528336603066
-63.2985099245762
-63.368880333571596
-63.24199436861893
-63.24120097427532
-63.26728142746563
-63.232037620297795
-63.24884721739539
-63.29793104323848
-63.237610864228216
-63.29604556231663
-63.266781130741386
-63.29255843881903
-63.339835104243505
-63.32833009238901
-63.290173944728124
-63.42059474875187
-63.393220835718616
-63.33193086755687
-63.33502639881496
-63.41212734168973
-63.33712750467761
-63.39343327900459
-63.48468036487185
-63.461185720460165
-63.42677510812365
-63.37630122694476
-63.39357695086249
-63.35843834280968
-63.324011839669325
-63.322775423526764
-63.347750727472636
-63.34826132655144
-63.31980934944646
-63.39905632261572
