214.30361007821972
153.49937410190188
125.67852948657398
106.91369294092573
96.06600272449954
87.50365602353523
80.88383439286002
74.97829115801844
70.21453205881447
65.3437508231607
62.31297734996368
60.29711229328451
57.60902281876268
56.39163762125476
56.337110302571595
53.63031751636801
52.69781885887014
50.58862218877365
48.35451777125227
47.34819741290191
45.13852310591731
44.44653670335638
41.425098724920176
39.35160192436185
38.39027980381045
38.73545345664024
37.68079424829319
35.52830391300136
36.58535288839504
34.80020800232887
34.89965207155409
34.39198726826701
32.485744976278006
33.35903016657665
31.498075157403946
32.01798875372985
31.682584895142192
31.538604120242184
31.709578331174523
30.52943648603456
29.634048337052608
28.72424836970609
29.86438086988597
26.777983219459138
26.875482662484565
25.97908573263678
26.464394084338483
25.987727548541695
26.635255362453133
24.406582474708557
25.450479905923892
25.19734937415041
23.882204758196043
23.596578531224154
22.05766222780121
23.127532816652593
21.550197984637887
21.054995669886985
21.911776311438658
21.87361118480049
20.43022387808767
20.60428020923302
19.807846795382172
20.11392807138377
20.288401093719333
19.964439717346224
19.895677926468437
20.379022172298924
18.51044788519884
17.75950934481004
17.861442521728318
17.575598298732576
17.971405826509
16.926813868356163
17.230051511063657
16.528293962879427
18.144859438184007
17.075317897865997
16.062890452910857
16.430493742356013
15.6252488228653
16.16654981736993
13.989161069023199
15.307138987784755
14.934976206803373
15.47563710577529
14.614959171619908
15.101928968881738
14.371887653038419
14.525921370641425
14.998993619441473
12.683238192332972
13.8629779353224
13.919201666938848
14.009285405149747
13.339029223369113
14.668359410403104
13.174173120152334
13.60603455910138
12.805760953575373
12.289338964230284
12.83073033276817
13.024208343268677
12.21162856723471
10.907155512607304
12.07362281723783
11.998445530582604
11.976071047371832
11.973041015773498
10.403226650480565
11.408170863729099
11.508063634086785
11.149768705833061
10.917317965196382
10.235808722257357
11.981311333616633
11.476980961859226
11.230718329709408
11.608042032907493
8.739705495407868
10.81709341203858
11.061132771143658
10.919529471161036
9.890553409811751
10.64236604859089
10.32071488928692
10.8781946607191
8.596169548173403
11.05014830466424
9.887066186502063
8.812335186670053
9.078811746732942
9.809800812268051
9.097218872336992
9.654861459444309
9.243096164267126
8.919679509347368
10.213381353942356
8.636103682412669
9.213910748347127
8.137486389998731
8.300968344869284
8.836328222319997
8.377833353034381
7.7684907491864825
7.9983777768653015
8.930803398762283
8.970532736195059
7.652878758722339
8.418743963899283
7.715066707404009
8.176478078139239
7.556816897194447
8.175004617600091
7.745859761722386
7.17853206164878
7.407565563724472
7.939341417481673
7.2261306872141775
6.523756708564429
7.113175276024588
7.321418783924511
6.970412818008456
7.342873090300067
5.777627423405647
7.342822999854026
7.34042612977069
6.707898654300591
7.115743053498967
6.947077115162693
7.133808984838683
6.82490429693255
5.873634207094538
7.225698097127265
6.342242659551316
6.387532850791668
6.230396782272849
5.824393068921977
5.941543155189218
6.116622700773436
5.620891069543773
6.468221637966304
7.177780110132078
4.696156366551616
6.253063141271986
4.835804457551446
6.120047353978815
5.128572032883249
5.372796342290681
5.649051525469484
4.849857164611077
5.399490436346366
5.3039782743515635
5.872861970858327
5.33310368143279
4.226892588467433
5.714362882438983
6.320276344516154
4.566084618326919
5.260340650276891
