17.34277377302448
10.307880776623884
8.478641982873281
7.309938123822212
6.685565109675129
6.189934234321117
5.6240480827788515
5.383729508146644
5.070579419781764
4.8909172964592775
4.674423612778385
4.4466174557805065
4.306390197823445
4.0968499183654785
4.026223765065272
3.958824692914883
3.7123810770610968
3.713456988831361
3.5850620970129965
3.4588864629467326
3.4538096737116577
3.3848120979964733
3.294934025903543
3.201016953090827
3.1016334143777686
3.116091612850626
3.019876624022921
2.950154398754239
2.9013396602123978
2.9309891907498242
2.8627055348207553
2.8241074822843073
2.7347542693217597
2.7315042328089474
2.7015277706086636
2.6441317750761906
2.5792248593022427
2.6167940117418764
2.5989661019295456
2.538623384883006
2.4829245863482354
2.5534015726298094
2.3518397280946375
2.512846343467633
2.3807221412658692
2.3714909742896757
2.3026775625844795
2.2932797043273845
2.265599833987653
2.2234969212363165
2.2493545121202865
2.1699022883549333
2.1862600689133007
2.126697005952398
2.134668318803112
2.1448655234028897
2.0701197276512784
2.070448384061456
2.152213883896669
2.006822648458183
2.0490887166311342
1.9926006253808737
1.969454239681363
1.9554425733784835
1.9882011025523145
1.9874698066463072
1.97137190066278
1.931178180873394
1.8795450696721674
1.9807072471206386
1.8811078031236927
1.8717334837963184
1.8641007969776788
1.86233730999132
1.840040043493112
1.8443679583569368
1.8655356316516796
1.8317847995087504
1.7564843664566676
1.8024578657001258
1.8112221055974562
1.7828318917502959
1.795791010869046
1.7844088453799487
1.7349567264318466
1.7304500040287774
1.7971422266215087
1.7111232835178574
1.7912684655437867
1.7110482880845665
1.7403808864454429
1.6867085799574852
1.6900507553170125
1.735445061760644
1.7034295589352648
1.6736939150219163
1.649718589025239
1.6019780614723762
1.6336361293991406
1.6458864013353984
1.6168806632359822
1.6239100775370996
1.6177888369808595
1.6279050497959058
1.5833149477218589
1.6198790412396193
1.5681642015775046
1.6659685328602791
1.552070044291516
1.5779911477739612
1.6116861612225573
1.5733938512081902
1.6211997303490837
1.584951460858186
1.5237822700291872
1.4945483516901732
1.5260962122430404
1.5782039447377125
1.4871778876831134
1.5176651044438283
1.4787672691047191
1.4894832827150821
1.5115412186210355
1.4826591896514099
1.5314423684651652
1.5258759561305244
1.557066691915194
1.4671268597245217
1.4237076540788014
1.4408028761545817
1.483530473181357
1.5078686052312453
1.4496227299173674
1.48023134265095
1.4667370447268089
1.4440824763228497
1.4758376402159532
1.438626751365761
1.4391623597592116
1.4524325217430791
1.3942709013819694
1.4296186336005727
1.400946824873487
1.394595653191209
1.421123638562858
1.4006409501036008
1.3994555947681269
1.3653562026719253
1.43507462212195
1.406619109834234
1.4208020351827144
1.3803942216249803
1.3918580571810404
1.3982851016024749
1.3954101181278626
1.3744189439341425
1.3593441732538243
1.3738997848704457
1.342362260321776
1.3434194679682454
1.3605505152295032
1.3437460973858832
1.3380340618391833
1.3742758297671875
1.344823853795727
1.36514647398144
1.3441482995947203
1.3407815378780166
1.3171766264985005
1.2821350328624248
1.3252868849163255
1.306821836406986
1.332591438293457
1.3459793532888094
1.274290179243932
1.3042520063618819
1.2928158783664305
1.3355889692902565
1.3176407740140954
1.2815268753717344
1.3462112716709573
1.3016983446044226
1.2353652675946554
1.2743091435482106
1.335365723942717
1.3022468039765953
1.279144538876911
1.3211948473627368
1.273427417812248
1.2579193510115148
1.2603390551172198
1.2421659898012876
1.2664061868563294
1.28802023458605
1.2410030441979567
1.2659802465389172
1.225222317998608
1.2368204619114598
1.2544589942942064
1.2436638971790672
