-47.98864948852309
-53.713279920405355
-56.74488351879449
-56.97372243424942
-57.173942547419976
-57.371348463255785
-56.77607990236118
-57.47135925292969
-57.54070451547359
-57.57477640900119
-58.182775553958166
-58.35759304515247
-58.21479778865288
-58.15848081687401
-57.90520222022616
-57.91111615608479
-58.21378221080221
-57.84291092075151
-58.09247868636559
-57.749695736786414
-58.24850694681036
-58.22055196967618
-58.26032804928977
-58.14711986533527
-58.37806359961115
-58.6949486485843
-58.86867120862007
-58.690918865902674
-58.72369466670628
-58.741875385415966
-58.690806819447154
-59.250942215837284
-59.12233139112078
-59.40881936303501
-59.31497052414664
-59.09160341476572
-59.775524387071876
-59.86641199424349
-59.821688201920736
-59.56728287092571
-59.73103589025037
-59.98287387140866
-59.69367761241978
-59.65874920220211
-59.60309379059693
-59.51351325470826
-59.65564453396304
-59.89662589492469
-59.979132111730245
-59.64869508352773
-60.16557209450623
-60.05123973098294
-60.15256753255581
-59.97654265473629
-60.05719700866732
-59.99298312746245
-60.20478184983648
-60.227337206232136
-60.25572090724419
-60.39610724613584
-60.01237860424765
-60.07950687819514
-60.312308683477596
-60.29389474515257
-60.466462788910704
-60.06140705223741
-60.053248516444505
-60.361337663798494
-60.06138228342451
-60.6685981606615
-60.50434831093098
-60.663360262739246
-60.34061048668006
-60.14053067667731
-60.05906496376827
-60.28740490716079
-60.14568415386923
-60.547418113412526
-60.5832670248788
-60.42121902210959
-60.48736915095099
-60.57455943781754
-60.51357220061894
-60.73366992638029
-60.64561066956356
-60.358700622772346
-60.71625657533777
-60.50818034287157
-60.46690781774192
-60.4111370649831
-60.35801439244172
-60.339665145709596
-60.27769896696354
-60.16693034459804
-60.71853583948366
-60.37677599438305
-60.464911386884495
-60.66534366587113
-60.8099909938615
-60.68361825881333
-60.75516116413577
-60.417117766265214
-60.368703936708386
-60.64758028655216
-60.528942278746904
-60.39741986784442
-60.56882659628474
-60.71272631554768
-60.76197363282072
-60.667482156178046
-60.671036111897436
-60.71103477889094
-60.88833809207226
-60.89506321426096
-60.67118022873484
-60.958631408625635
-60.84393582261842
-60.75776697232806
-60.57174359518906
-60.78093175846955
-60.631653432188365
-60.794434292563075
-60.64331935603043
-60.89816903040327
-60.664375722408295
-60.760334847302275
-60.612088704931324
-60.62026435136795
-60.53038801818058
-60.60302479719294
-60.76482693696844
-60.59083390235901
-60.80771113058616
-60.75478532704814
-60.70662597130085
-60.726912580687426
-60.885132593327555
-60.61059884572851
-60.670701688733594
-60.92197531667249
-60.64576006346736
-60.70237286748557
-60.58674865755542
-60.58144964020828
-60.47772480804345
-60.45358897077626
-60.46452083258793
-60.696433275938034
-60.69385159837788
-60.78689608594467
-60.59203431421313
-60.54103666955027
-60.64418190512164
-60.574218374901804
-60.630047878314706
-60.54676888317898
-60.478153242119426
-60.46990555833126
-60.50893486882078
-60.59891894356958
-60.58281488665219
-60.77571641371168
-60.87501069903374
-60.596329582148584
-60.66503037358152
-60.6523661716231
-60.58245521989362
-60.87743805503023
-60.82206571924275
-60.77565441871511
-60.55892632953052
-60.76089024543762
-60.795677180947926
-60.66793750688947
-60.59666300231013
-60.776347563184544
-60.50551084300567
-60.575187747848446
-60.74743831568751
-60.98574354730803
-60.9964319179798
-60.999395482499025
-60.85476624143535
-60.67033368554608
-60.84393982948928
-60.5857007092443
-60.7209335565567
-60.58712457171802
-60.7529365893068
-60.66954652194319
-60.77587971502337
-60.58938908782498
-60.80641460829768
-60.84230292048947
-60.72412436070113
-60.66832699138543
-60.69661940582867
-60.71662454769529
-60.76727232028698
-60.999178305782124
