1347.993255519867
1293.1265692392985
1281.4354725201924
1273.3999416033428
1274.2873769124349
1279.6771107037862
1267.2991360664369
1262.4016632715861
1260.2937788327536
1254.7678240140278
1258.3062501589457
1259.49709704717
1246.3285170873007
1253.985693136851
1254.434376780192
1255.996745745341
1246.5219002723693
1252.040813064575
1250.5273546854655
1246.740293852488
1258.1679115613301
1249.9894460360208
1246.1510002772013
1248.4621671676637
1248.9363992055257
1235.4538420359293
1248.471847375234
1238.536133003235
1240.7452980677288
1239.9728899002075
1236.5244005203247
1238.149350452423
1243.37022190094
1233.9584495544434
1245.0439694722493
1235.3601115862527
1239.012913163503
1239.900010172526
1240.939927260081
1236.2561213811239
1236.7005025545757
1236.4432488123575
1233.669677702586
1231.8743889808654
1234.3195851325988
1238.7183447837829
1230.5783657391867
1225.697725645701
1238.124144935608
1234.6466014226278
1230.5182111740112
1231.172270901998
1231.3886385758717
1238.1500115712483
1230.8843253771463
1236.0799505869547
1241.1969750722249
1233.2103953679402
1232.300599193573
1229.3432938575745
1234.8877616564432
1231.9025146484375
1223.17666349411
1235.6507246653239
1228.6497641881308
1230.7110175132752
1227.9497404734293
1234.8157374064128
1230.7882016817728
1222.5898941040039
1236.1105755170186
1226.4903603871664
1234.0509074846902
1234.0272318522136
1230.8828136761983
1223.0914461771647
1225.4949893633525
1226.905925401052
1229.8460483551025
1224.7179772377015
1227.6702966372172
1236.8691000620524
1225.0526363690694
1235.2128135363262
1222.0101469357808
1229.8356252670287
1221.861773554484
1229.241350110372
1227.6146960258484
1232.32396291097
1223.8541860580444
1218.5777770996094
1228.6146964073182
1224.8020009358725
1226.9021601041159
1225.2851298967996
1222.3209266980489
1227.8441917737325
1222.984344069163
1224.6254112243653
1222.0966186523438
1222.5849538167317
1226.67662153244
1224.3832667032877
1219.9578301270803
1221.7176232973734
1223.0078450520834
1223.1057587305704
1229.7334258715312
1225.040490436554
1222.6810433546702
1220.787585703532
1227.6101002375285
1221.5759156862894
1220.665382830302
1227.1825400988262
1225.475127029419
1222.6322373072305
1223.1113210995993
1220.9711536089578
1221.4142240842184
1225.9758342425027
1227.9081598917644
1221.8394502003987
1227.2531543095906
1223.2364338556924
1225.7836223602294
1222.5523507118226
1221.1123492240906
1220.4761901219686
1216.269642829895
1218.8480016708374
1219.4665541648865
1211.7040184974671
1212.8983654499054
1218.4336056073507
1219.4398462931315
1219.4386117299398
1216.0376842498779
1223.073015975952
1224.70499458313
1224.5688406308493
1209.3020607630413
1215.3869455019633
1224.1407341639201
1223.2132516066233
1220.8110497156779
1216.3943166097006
1220.8944594701131
1219.9064673423768
1212.209572505951
1219.2088490168253
1221.9947140693664
1216.4558694839477
1211.4831064224243
1222.235212357839
1218.902264467875
1225.5906705856323
1214.8096295992534
1210.9744973023733
1216.9586798667908
1214.3500057538351
1216.8742655118306
1218.0980182965598
1223.5620990594227
1218.6856495539348
1222.2330381711324
1223.2468821525574
1225.7607168833415
1221.023480161031
1223.3828461964924
1220.0646824200949
1213.3000139554342
1218.2036513646444
1215.3913417816161
1218.0019055366515
1214.5017588933308
1220.0359362920126
1223.625702126821
1220.203392982483
1218.3817237854005
1213.3882890383402
1217.4482442537944
1212.8406152089437
1215.8638470490773
1212.9119999567667
1221.2508202234903
1216.390982500712
1211.9724575360617
1215.0722280184427
1218.0544187704722
1217.2379631996155
1217.1682822227478
1214.7866854667664
1219.666343084971
1216.5307977199554
1210.619578075409
1209.1802693367003
1218.3313726425172
1220.2810442288717
