1561.766892071428
1140.2058017664942
1047.5020890071473
985.924203905566
936.1081340395172
899.5051174328245
861.0963896060812
810.5338539419503
783.670231276545
753.326784577863
723.1366224782221
697.3281183407224
670.6250546718466
644.6069135665894
623.7530698118538
608.1801743671812
589.2552493522907
574.2023928083222
559.8951397270991
542.0306695411945
532.9230904579163
518.041922223979
504.98556181480143
494.1222700579413
482.95101537375615
475.5021778139575
466.4572989036297
461.14997280877213
451.4102362517653
447.47885662933874
438.237393592966
430.0857482203122
424.82461903835167
420.829848569015
412.97770819992854
409.5838751299628
409.6950716314645
404.15912122562014
400.0854619700333
392.75830410266747
388.1555456950747
386.1083193236384
382.3999272626022
377.4364462227657
374.24620794427807
372.4322153042103
368.68879250822397
367.1145885730612
363.30455224267365
363.00721637956025
358.7913047034165
356.5640290030118
352.9102894931004
353.4224002690151
349.78334568286766
346.263982369982
346.2393652981725
345.62420961774626
344.3977006879346
340.292886117409
339.48093668345746
335.3520401510699
333.42918402573156
332.7425643986669
330.1093552277006
331.4874808377233
328.5582402903458
326.673460656199
327.37349592406173
325.3018959226279
323.01346601288895
321.9365595291401
320.0790860159644
319.5731540630604
317.9722331885634
315.93983151994905
315.0746531239871
313.9595728907092
312.3004790996683
312.48456747778533
311.18188963265254
310.65692384489654
309.6081922383144
308.18094005255864
308.5964970095404
306.9314696295508
306.78277341250714
306.28930866307223
305.57996141499484
304.273979343217
303.7450749216409
303.6475469737217
303.92621251632426
303.92917107713635
302.08880069338045
302.4184277715354
301.22583358863307
300.4984849814711
299.9883047630047
299.1662165378702
298.6237164530261
297.669645901384
297.9751153649955
296.93676911551375
296.1191206060607
295.43963837623596
294.82868678816436
293.9889129852426
294.28422309612404
294.588102981962
293.4730318908034
293.1589376844209
292.1736042910609
291.7435418244066
291.89560571210137
292.09732051553397
291.45020994646796
291.3453640033459
291.38288252107026
290.8500733786616
291.55834021239446
291.28740681450944
291.0955278709017
290.32871681246263
290.1927002051781
289.8149676816217
289.1845635874518
288.76413345336914
288.694560018079
288.9652581872611
287.86464814482065
288.18407651473734
287.7214129299953
287.2807519600309
286.8156555438864
285.6124907690903
285.80333337290534
285.6091182725183
285.08552943426986
285.32048542746185
284.3251747427316
283.61600098116645
283.449611754253
282.55318915432895
282.1896012569296
282.1386159535112
282.7716420025661
282.3941550830315
282.36910070222
282.2182278468691
281.504522463371
280.65064694963655
280.27504229545593
279.5848867646579
279.322872704473
279.36954628188033
279.4857780029034
279.5179376848813
279.2474812145891
279.1456913701419
278.9102407652756
278.79549714614603
278.8493950449187
278.4945903646535
277.6923095851109
276.6159017825949
277.03884500470656
276.2263726201551
275.9276898647177
275.9879928292899
275.3465160501414
275.3158124479754
274.85164491061505
274.8952474511903
274.5711180423868
274.4834957122803
274.42244935035706
274.2065557200333
274.4256538933721
274.0708604598868
274.00033205131007
273.7869113395954
273.99824802628876
274.12396264898365
274.39551991429823
274.3362475674728
275.0505640342318
274.88984171275433
274.27767029301873
273.4390271121058
273.0666166831707
272.2766520401527
271.6496940316825
271.4229853893149
271.2996606004649
271.0465644639114
271.39925691177103
271.22795021945035
271.11179290146663
271.88301993238514
