-23.78130561524424
-44.96939672786614
-48.54722168219501
-50.70768635540173
-52.34756035640322
-52.950196321668294
-53.34321939225855
-54.52665946401399
-54.66436630898509
-54.78428959229897
-55.51163368595058
-56.038593960219416
-56.26745022370898
-56.176833726208784
-56.63738374052377
-56.62639978836323
-56.47425291558792
-56.710380114358045
-56.67501808857096
-56.8623993550909
-57.00417708836753
-57.05970134200721
-56.90572063059643
-56.751305830889734
-56.82096359030954
-56.84111150277072
-56.82902598792109
-57.100381623054375
-56.54610271083897
-56.596573291153746
-56.765946375912634
-56.805237634428615
-56.83642614915453
-56.60366092262597
-56.42445297693384
-56.45391981971675
-56.26252521009281
-56.20608104919565
-55.94378944203771
-56.21413034817268
-56.57185123501153
-56.981807918384156
-56.4895915419891
-56.67210554768299
-56.48376454669854
-56.68387911956886
-56.74003009549503
-56.67301054658561
-57.067981902895305
-56.72163183524691
-56.76454482407406
-56.21908307897633
-56.78560083693471
-56.946562768056474
-57.038370917583336
-57.31520985323807
-57.306481513483774
-56.98271307863038
-57.00240163350927
-57.03397029535524
-56.81823801583257
-57.66997423356977
-57.22961177702608
-57.60443422814895
-57.81519126686557
-57.54516294290279
-57.631651052113234
-57.56128974001983
-57.90605272095779
-58.23735941484057
-58.227373026568316
-58.65813262092656
-58.967773979080135
-59.43453334220524
-59.48544893593624
-59.34783201382078
-59.75836498470142
-59.9355539597314
-60.00047317661088
-59.93266251374935
-60.657755072774556
-60.57332162610416
-60.45849774212673
-60.96287203657216
-61.30440602220338
-61.29123169183731
-61.013902555251946
-60.70233889489338
-60.61327685980961
-60.297189352841215
-60.606996034753735
-60.30215445674699
-60.50854572551004
-60.39354636237539
-59.99048212684434
-60.542512402452275
-60.53390029483828
-60.37014051552477
-60.82953835150291
-60.92107767483284
-61.12348523016634
-61.164125820686074
-61.65531326162404
-61.50869159451847
-61.77697452286194
-61.7465785710976
-62.05672281569448
-62.032786428928375
-62.153210374815714
-62.21401655879514
-61.79599255117877
-62.30870404633983
-62.402287049540156
-62.288375644848266
-62.05709360899596
-61.886079650500726
-61.85333729612416
-61.82599633932114
-62.30445849176111
-62.12345231812576
-62.34840816464917
-62.001598965505075
-62.43887041252235
-62.18725716451119
-62.04909965087627
-62.38106462462195
-62.38914733919604
-62.447585438859875
-62.11335884702617
-62.3503774795039
-62.463806799773515
-62.29640025517036
-62.43105802042731
-63.039089354975474
-62.86916299215679
-62.612598271205506
-62.86873812716583
-62.5965610588419
-62.337636308423406
-62.710914307627185
-62.84967222501491
-62.58303020637611
-62.73798662835154
-62.69759384105946
-62.953298392994654
-62.85579379262595
-62.74570556755724
-62.77434298704411
-62.88624359102085
-63.16245579308477
-63.09723016414149
-62.57424452078754
-62.79297216185208
-62.956558151491755
-63.16414331156632
-62.83996276608829
-63.25536059819419
-63.20781559163127
-63.21912354950247
-63.408612939818155
-63.52236799947147
-63.518039942815385
-63.38681430652224
-63.01420809482706
-63.08007692057511
-63.10749821621796
-63.10499102699345
-63.089280911560714
-62.93119870074864
-63.057240025750524
-63.24979150192491
-63.17524368495777
-63.135326835615885
-63.3004669485421
-62.89578805298641
-62.837266603420524
-63.1648029972767
-62.942261767798456
-63.00523574187838
-62.10338360173949
-62.920625861348775
-63.3277968188812
-63.36716192241373
-63.53428166385355
-63.514749780811115
-63.481652166309026
-63.39780337235023
-62.96167552265628
-63.402454515983315
-63.57628054659942
-63.116046684569326
-63.28366051665668
-63.29824986951105
-63.49308417377801
-63.08891504591909
-63.36348440112739
-63.27953783705317
-63.47979049024911
-63.37170322804615
-63.23364184848194
