170.58464756505242
131.73789953363354
122.63977362780736
113.46494560200593
109.593823535689
102.27346782848753
100.73353984027074
97.68493377134718
95.69039638083557
92.54788209241012
93.154825993653
90.21552359852298
90.15902257993304
87.89066648483276
87.62947038124348
88.3605195736063
88.09847410588429
85.22264490250883
84.99381582079262
85.17725058259636
85.57687394577881
85.11313434099328
83.90440737790075
83.66892580122783
81.93801290824496
81.37232310607516
81.29317100294705
81.24985740102571
80.0614930925698
81.07146101984485
80.20023002706725
79.78651498926097
78.29978123615528
78.79702073130115
79.2797415050967
78.07702700022993
77.63930431727705
78.1643929584273
76.86637161106898
76.90670015072
77.93834209031073
76.85305040047086
77.04649449422442
77.35674115296068
75.88288131870073
76.56512975692749
76.70177917850428
76.01751161238244
74.77053957560966
76.42561989406059
74.9824753177577
74.29913757998368
76.25690175952583
74.59422361439672
74.85245906484538
74.4856908732447
75.94745686341976
73.92773748266286
72.59877369732692
72.9246470476019
73.35907793045044
74.10521177998905
73.9634135098293
74.59314175720873
73.78998998937935
73.58432815609306
72.11455819113502
73.60316668296683
73.00148541762911
71.82805731995353
71.18130133275328
71.69094830956952
71.96722958416774
72.51090572825794
73.00572560367912
71.26950098111712
70.4123025146024
71.04601641564534
70.8710030481733
70.95023532160397
71.66431856155396
70.1711387428744
71.12366345010955
70.7030782884565
70.79989605525444
69.97595128725315
70.1015659324054
69.34498541930625
68.75422466212305
68.99364956494036
69.96051663160324
69.75851267165152
70.02088092935496
68.92073972266296
68.53229981044242
69.3420008030431
69.83655016586698
69.17532881786083
68.47265368083427
67.88153632755937
67.77341870809424
68.08401076752564
68.56459202026498
69.83388221058352
68.04778354332365
68.49680341934335
69.1075440275258
67.68530499113017
68.27949327847054
67.89238521353951
67.44702453243322
67.4228627291219
67.28412369201924
66.30675034687437
66.8915923957167
67.17437408710349
67.09876628168698
67.51602032472347
67.21787162073727
66.07914913317254
66.97370900367868
66.77169828579343
66.19297617057273
67.10644808719898
66.39296932261566
66.72689881201448
67.05750438673743
66.03961479869382
67.43239655165837
64.9187883673043
65.29369604793088
66.07421882399197
65.71174590340976
65.44223755392535
64.39373960371675
65.72624262448015
64.47703072737004
64.71353620496289
64.63618927988513
65.37884808408803
64.535119064923
64.84092376972067
65.19412531729402
64.78349532341134
64.14337100859346
65.69136360184899
64.234893247999
64.82568685350746
64.62473165166789
64.66471136643969
64.46949138929104
63.01107868243908
64.99954306051649
63.822333549631054
63.55481152287845
63.7992931707152
63.38368479958896
62.99709582945396
63.298746871537176
64.15268568745975
63.12477420938426
64.3269155703742
64.54386901444403
63.55529561330532
62.96020752808143
62.3398970406631
62.46318325503119
62.926102101802826
62.56439776667233
62.84685837400371
64.00733051628902
63.032044838214745
62.07263637411183
63.42932880952441
63.420725575808824
63.09399286220814
61.94903186271931
62.29046822210838
63.78929753961234
61.98689794334872
61.989693958183814
61.58248280245682
62.623434605269594
61.848448346401085
62.02634792903374
61.56113890943856
62.62310806841686
62.38584508978087
63.177160187014216
63.32693421224068
62.28963644340121
61.73455474294465
62.11908351963964
62.607875454014746
62.19828711090417
60.83662199562993
62.00176732704557
62.833596533742444
60.9741543161458
61.05458871043962
