7491.6759349823
6726.56048151652
6683.4344548543295
6770.377490234375
6629.832664489746
6633.3638047536215
6423.591820526123
6494.144873555501
6422.775321706136
6261.287252553304
6151.094615681966
6216.847272491455
6173.766570027669
6412.431642023722
6254.144696807862
6317.8750274658205
6205.009878667196
6297.29183324178
6243.389433670044
6153.858677546184
6190.449263890584
6162.4175001780195
6045.792685826619
6028.2718088785805
6128.040054575602
6057.046492004394
6132.269800313314
5993.961546325683
6107.930587005615
5915.7993593851725
6195.302623112996
6209.8251655578615
6078.02425587972
6229.66479365031
5991.990995788574
6033.763581339518
5894.029040018718
6100.742006429036
6009.672695159912
6056.346615854899
5954.943128967285
5979.002197647094
6167.615326054891
6188.368063354492
6058.07760848999
6038.380243810018
6106.5125094095865
6014.117306009928
5997.0124918619795
6065.59374923706
6098.069016265869
5851.419968922933
5975.188753255208
5864.987309265137
5961.099677022298
5980.724143218994
5917.379803975423
5969.709006754557
5866.38231455485
5989.961383565267
5933.76117032369
5933.322626876831
5810.517479197184
5849.6097696940105
5807.340925089518
5748.99718653361
5783.438903808594
6059.874362055461
6106.2029434204105
5903.297821553549
5950.522604115804
5999.877976735433
5828.381420898438
5843.570524088542
5814.558486684164
5901.078447977702
5703.219746653239
6065.315090942383
5664.250908660889
5740.298972066244
5785.666398874919
5937.482235209147
5919.061874643961
5739.069564565023
5652.31909383138
5790.009632110596
5829.90722732544
5801.755287424723
5838.81803817749
5829.204866154989
5799.690721638997
5924.818025588989
5847.5186040242515
5877.096575927734
5898.667552566529
5873.3524972279865
5743.83216044108
5938.246830368042
5914.261340586344
5885.510515848796
5694.0689576466875
5812.923310852051
5610.812464014689
5704.775103632609
5745.037934875489
5880.865678914388
5967.473397064209
5667.532593536377
5661.286043039958
5743.808187611898
5857.835549926758
5764.56447652181
5844.048507436117
5705.732819875081
5667.605201721191
5672.942844263713
5829.889358520508
5717.552401479085
5827.267991511027
5716.20093866984
5866.09163907369
5776.391808064779
5836.459298706055
5644.271646753947
5665.898378499349
5830.605531819661
5652.597756958008
5744.876335398356
5958.583350626627
5582.748311614991
5817.078110249838
5752.348937733968
5719.051657613119
5572.133285013834
5707.204919306437
5696.028416442871
5731.631878153483
5777.192096583049
5818.363363011678
5941.874377950033
5843.042141723633
5718.704870223999
5666.916866938273
5621.506704076131
5602.169182840983
5565.721867243449
5736.46902402242
5735.70599784851
5559.51769917806
5676.581560262044
5652.276606623332
5555.332661183676
5763.161383565267
5723.962968063354
5720.560460662842
5714.969352849324
5649.705960973104
5659.46276143392
5555.634366861979
5618.031762822469
5514.024453989665
5518.31350440979
5602.827245076497
5623.984784571329
5703.274287033081
5609.585922241211
5562.474996185303
5571.18729095459
5515.278197479248
5420.959095001221
5677.444688669841
5668.854327774048
5903.214899317423
5523.508362070719
5490.808017222086
5550.708744557699
5413.470103200277
5480.7443110148115
5491.3940088907875
5687.940018971761
5581.281521352133
5649.77807490031
5743.022985839843
5615.770935312907
5686.357162984213
5652.483218256632
5755.893425623576
5664.029117075602
5631.571519215901
5620.797097015381
5478.37748413086
5694.264578755697
5531.023534647624
5608.80187886556
5549.007978947958
5651.819757334391
5538.307730992635
5685.460426330566
5696.595539220174
5725.524504343669
