-132.00312590996424
-192.41359002590178
-200.61012419462205
-207.71263300975164
-211.61252329349517
-216.80942466259003
-221.01269631783168
-220.24011368751525
-213.76633403301238
-219.03924361069997
-221.98291674057643
-224.28202229340872
-226.4793529510498
-226.08373810450237
-226.17243638833364
-224.01975085337958
-219.18477720022202
-214.62652787764867
-212.39110021591188
-216.07360754410425
-219.56953178246815
-220.8957810163498
-221.2906091451645
-222.12385662794114
-221.94933036168416
-223.41631406148275
-223.52774329980215
-225.18207155863445
-225.3111944913864
-223.96255332628886
-225.4156412045161
-222.37869933446248
-221.83730586767197
-225.37921918233235
-227.11908388932545
-228.17260230779647
-229.44808311065037
-225.78610945542653
-228.00004311005276
-230.9171340942383
-230.92465097109476
-231.43196370601655
-231.23460365533828
-230.01393874088924
-230.35149559179942
-231.12571052710214
-231.05395527680716
-232.71548068126043
-233.91088850498198
-232.73718078931174
-229.4620951771736
-226.73920927842457
-227.64485043287277
-229.23678429126738
-226.82600359916688
-236.5350566625595
-237.63238302866617
-237.80756308237713
-238.35283836523692
-238.0699718197187
-238.18890474637348
-237.62835072278978
-237.25318253040314
-236.99943969249725
-236.69532016913095
-236.94536644617716
-236.82204949061077
-235.654669713974
-235.6424582163493
-234.0364154378573
-234.4775673389435
-235.89608636697133
-235.14483372767765
-234.5071268081665
-234.8644943714142
-236.29349480867387
-235.29054692586263
-235.64979803562164
-233.8089122613271
-233.11344284216563
-233.80354820887248
-233.71777573426564
-232.44357501665752
-235.12362359762193
-233.3876614888509
-234.44321625232698
-234.19328695933024
-233.28468152284623
-234.75401717821757
-232.20262073675792
-233.4809444308281
-237.2472793896993
-236.92784782250723
-235.29185552597045
-236.26017336050668
-236.72468165159225
-236.56919997533163
-237.1177204767863
-236.85503255526226
-236.796005042394
-235.52575574318567
-234.20968165397645
-234.51392044623694
-235.9228173216184
-234.0873693784078
-231.16334560314814
-228.69612469673157
-232.79036191304525
-233.3980383793513
-232.64519672791164
-233.57442770799
-233.7249335447947
-233.93493978182474
-234.77645401954652
-234.32060114542642
-234.3446562210719
-234.19136560757954
-234.16166446208953
-234.54332880973817
-235.53927847544352
-235.40411075750987
-235.72783846060435
-233.92256855169933
-234.55107955932618
-234.6795052488645
-234.58943013747532
-234.48272415002188
-235.9882503350576
-238.106458234787
-238.09131842454275
-238.39220059315363
-238.54629237651824
-238.46562462647756
-238.43551443417866
-238.15174233118694
-238.25404835542042
-238.33480730056763
-238.31908038457235
-237.57018996874493
-237.19302764336268
-239.42712666988373
-238.6550098101298
-238.46202997366586
-238.79092620213825
-238.72365392049153
-238.72626382112503
-238.39822747707368
-238.42495383818945
-238.27749109665552
-239.8920797665914
-239.52305196523668
-239.16667560338973
-238.82870632012686
-238.81150740385056
-237.42500832080842
-238.43750046888988
-239.42065998713176
-238.9279109319051
-237.8647696932157
-239.51145939032236
-239.2543701648712
-239.67654554843904
-239.71801010767618
-240.39820247888565
-240.29131688276928
-240.62790269056956
-240.92699398199719
-240.97411947250367
-241.190234820048
-241.21463146209717
-241.40093379418056
-241.7429989894231
-241.67311948140463
-241.65311235189438
-241.79940355618794
-241.69312778313954
-241.22929825782776
-241.29346097707747
-241.50387553373972
-241.9710360646248
-240.72438924312593
-241.25711274147034
-241.43545755545298
-240.58154224554698
-240.1982036471367
-240.97892372608186
-240.442702738444
-240.51738913059233
-240.31047488451003
-240.19366647402447
-239.24958288272222
-240.6102957089742
-240.47273094654082
-240.86382242838542
-241.14042208592096
-241.02887535095215
-241.42915471394858
-241.9749341726303
-240.30101493994394
-241.3730353116989
