-45.563937985177695
-58.026335119173446
-58.489946628439014
-57.90861789933567
-58.66325246157317
-58.340661254422415
-58.377097510058306
-59.19706099197782
-59.52289645630738
-59.186408322432946
-59.585877125633175
-59.85890892661851
-60.299200466994584
-60.237624751082784
-60.642918808706874
-60.59248740816938
-60.93953448534012
-61.29590790847252
-61.08212352004544
-61.485524383084524
-61.752168411838596
-61.792230782837706
-62.0304140150547
-61.6056659714929
-61.912969383700144
-62.099156503019664
-62.29989774884849
-62.212250140206564
-62.36509319420519
-62.289156963085304
-62.29820406847987
-62.21090191911007
-62.28395211285558
-61.75761284704866
-62.328971848405644
-62.44377452135086
-62.16550569287662
-62.16380503670923
-62.24299229424575
-62.19296835414295
-62.38623760794771
-62.32013145191916
-62.29760159295181
-62.458364324323064
-62.69004789919689
-62.48268318998402
-62.08516616862396
-61.94920362172456
-61.801956554939004
-61.8222500168044
-61.82283051260586
-61.73688222210983
-61.82510596308215
-61.74096346107022
-61.74626256063067
-62.16581083268955
-62.409525090250476
-62.16256557045312
-62.07372598195898
-62.22780440593588
-62.28371807521787
-62.59296292066574
-62.39388982283658
-62.34292694617962
-62.607435132922795
-62.62319047286593
-62.59913876961018
-62.18901221916593
-62.57918457532751
-62.6890707663421
-62.804976400630224
-62.833234667778015
-62.05231759877041
-62.52955690951183
-62.72118393100541
-63.021644524459184
-62.89409437364545
-62.13938954986375
-62.76422275756968
-62.920475944362835
-62.79842667641311
-62.39834401628067
-62.48189242543845
-62.74004599965852
-62.776302409583124
-62.446258738123134
-62.61516270349766
-62.2246539376933
-62.398181686113624
-62.583740082280386
-62.44262657288847
-62.64749653483259
-62.681933577718404
-62.59645101119732
-62.596976463137004
-62.69743837673089
-62.56434572565144
-62.54288186903658
-62.33555506015646
-62.84080936990935
-62.76270525414368
-62.87376751570866
-62.5881597235285
-62.65368024234114
-62.97586110131494
-63.04499811858967
-63.060730452167576
-63.04338715816366
-62.953073675262516
-62.821157703111915
-62.625337332487106
-62.74761719333714
-63.098927281026185
-63.03574849305482
-63.23145050221476
-62.97964310132224
-62.86165603275957
-62.97143853635624
-63.21596400491123
-63.00242169458291
-63.00918391449698
-63.19437403103401
-63.04419001834146
-62.82194598378806
-62.89275860169838
-62.74772963030585
-63.02385638294549
-63.081431909881786
-62.98925176365622
-63.14852146958483
-63.0761841145055
-63.04310350993584
-62.98803180045095
-63.04414431802158
-63.14320405187278
-63.111166464871374
-63.16915611357525
-63.175985927211826
-63.17057744490689
-63.070702996747244
-63.15326773914798
-63.21516768685703
-63.23910582476649
-63.23148591765042
-63.23033815519563
-63.2540676244374
-63.23734123953457
-63.17398584505607
-63.20313482448972
-63.272524728857235
-63.30995361147256
-63.21124763324343
-62.96642874232654
-62.99007250728278
-63.1091790651453
-63.064586019721524
-62.87894858779578
-62.893282302494704
-63.04849581163505
-63.083768034803455
-62.98321150500199
-63.02180406862292
-63.076616552369345
-63.01206946681286
-63.092221749239954
-63.21315454203507
-63.25604444639436
-63.251952214487666
-63.212090921813044
-63.26273986388897
-63.314566955484196
-63.293490891826565
-63.2245786981336
-63.29285121991717
-63.10824959442533
-63.2374538100999
-63.15135707115305
-63.19145331917138
-63.312014065939806
-63.24633999117489
-63.29199778622594
-63.17833447045293
-63.3961419360391
-63.39665851613571
-63.38683417953294
-63.37189822361387
-63.33059825773897
-63.324520334087566
-63.342737841195074
-63.282376200988374
-63.33465778827667
-63.30129208955272
-63.33968096354912
-63.30888533386691
-63.3777910974519
-63.42077246616627
-63.390285373761735
-63.39812926896687
-63.32335684525555
-63.36189128818183
