-58.113024560610455
-148.2494431893031
-183.8966404358546
-196.24624082247416
-199.89772429466248
-204.5380190809568
-207.71937211354575
-208.25475430488586
-211.90894900957744
-212.25217353900274
-213.87838985919953
-215.07225635051728
-216.90765186548234
-217.2780696630478
-218.88452083269755
-219.5356766104698
-219.25265329678854
-220.5971494356791
-219.92840801080067
-220.56312855879466
-220.5367737054825
-222.86748459339142
-222.94356992642085
-223.79780217409134
-224.17188609838485
-224.38805894851686
-225.82141415278116
-226.30622992515563
-226.7949814279874
-227.4736960132917
-226.9802851597468
-226.958007589976
-226.4362014770508
-226.37647898991904
-223.75508769353232
-225.8751983722051
-227.42181756099066
-227.5904519557953
-225.92116565704345
-224.79357749621073
-223.65768543084462
-224.4915340065956
-224.9246457974116
-226.4083692153295
-226.0401438554128
-225.14347897768022
-225.56308632691702
-226.11747659842175
-227.0720248579979
-227.227559419473
-228.83847840627035
-230.36087165673572
-229.70682011445362
-228.49947871367138
-227.77571163972218
-228.77019480466842
-229.70822325150172
-229.04964280923207
-229.92438900470734
-230.99431901375453
-231.38301893870036
-231.92561147212982
-230.90064768393833
-230.8098792076111
-230.2490436553955
-230.20800513426462
-229.21978348096212
-230.86192212899525
-230.52639741102854
-230.9481470266978
-231.9077162504196
-233.71765061219534
-233.4392980337143
-233.67862096627553
-233.55587944189708
-232.11369512081146
-231.41719804604847
-231.45391441981
-232.72687286535898
-233.7332342863083
-234.62240352630616
-235.21226716836293
-233.75175666014354
-230.3447197119395
-232.4705137014389
-236.0564644575119
-236.73638104597728
-235.73127623796464
-235.2991506099701
-233.71811808745068
-233.5149257302284
-236.4586222132047
-235.02270639737446
-233.69835075934728
-233.47874201933544
-236.81404213905336
-235.9684940377871
-237.65246928930281
-237.26018164157867
-236.59735602935154
-237.90925650199253
-238.3009577035904
-238.72812146345774
-237.9659526348114
-238.85803386767705
-238.80836961269378
-238.33625368674595
-238.87108143170676
-239.66099565823873
-239.8396362463633
-239.27230234146117
-239.29083893299102
-238.44029440879822
-237.9216444094976
-237.48985052903492
-237.24398681322734
-238.78003124396005
-238.12778515815734
-237.39085603555043
-237.15391769806544
-237.27657238642374
-236.86277665297192
-236.2521775484085
-235.82177566687267
-237.300647854805
-236.61818172931672
-236.08991323312122
-235.27284976243973
-236.03189481099446
-237.0481253862381
-235.105435915788
-234.74052443504334
-235.79810770750046
-236.2416901310285
-236.53358022371927
-235.79155913591384
-236.82482442061107
-235.85198775927225
-234.27553733587266
-235.28993676503498
-236.34288947582246
-236.96766310532888
-235.7751707951228
-237.26217161019642
-237.16795034408568
-237.8614021142324
-238.88569138447443
-238.94657105604807
-239.23506464560828
-238.47499239444733
-237.1082912047704
-236.53329497178396
-235.6712905248006
-236.91480351686477
-236.79959219296774
-237.57364242076875
-237.27025926510493
-237.44819492499033
-236.3370414495468
-236.80298866828284
-238.03775535821916
-236.9754056652387
-236.15447473923365
-237.22230343023935
-237.69979169368744
-238.80947687625886
-238.77049774328867
-238.51063987414042
-238.54709154367447
-238.1799662232399
-237.94155013163885
-238.48143384853998
-238.15785811742145
-239.03856461048127
-239.38883272806802
-238.3397602001826
-237.28805507024128
-237.28517889181774
-238.14022880395254
-237.13828326861065
-237.82405122915904
-237.7189687291781
-235.98155495325724
-236.59111351569493
-237.51455554962158
-239.10279548168182
-238.2724066376686
-238.95201962391536
-240.04684693813323
-239.45243428150812
-238.63388397693635
-238.23489151000976
-238.81970127423605
-239.7454839070638
-240.17112781206768
-239.6991942246755
-238.17182984352112
-236.65485502878826
-237.93286088307698
-237.56224749883015
