1305.9016467730205
1280.701427936554
1265.8056022326152
1265.7875266393025
1269.2152813593545
1257.1303246815999
1249.1235555330911
1253.321714146932
1245.2916860898335
1245.840995724996
1245.6043896357219
1250.1723851839702
1242.5405270576478
1246.4391262054444
1237.4792666435242
1237.6869772911073
1238.8490895589193
1238.5717013041178
1235.5629951794942
1234.936346435547
1231.8089053153992
1235.8880325317382
1233.890194574992
1233.539040438334
1232.8798763275147
1230.8277817726134
1232.6045503298442
1231.7668107668558
1232.6624268849691
1230.3130204836527
1234.042417462667
1231.2430000940958
1232.10943886439
1230.0567996342977
1220.7880447705586
1226.3742208480835
1226.5630338986714
1226.6737996419272
1217.216374651591
1226.494972674052
1213.2279297828675
1221.2753571510316
1218.1374445915221
1223.1676062583924
1217.3572065353394
1226.097770055135
1226.396849346161
1214.629407087962
1217.7237658818563
1226.707787768046
1222.0922379493713
1225.5460015614829
1215.7583538691204
1223.6126882870992
1225.8758054097493
1213.2914406140646
1220.5992976506552
1222.964041519165
1219.8145451227824
1217.0542229652406
1211.1917826016745
1217.7258523623148
1215.0581174532572
1217.9117448806762
1217.2611667633057
1215.1767566363017
1218.1318606376649
1217.6090118408204
1215.9178374608357
1214.9050002098083
1221.9288937568665
1217.9837503115336
1211.9522771517436
1212.488906033834
1212.1195154507955
1213.3047302246093
1213.876052792867
1213.5742298444113
1208.1516273498535
1216.1598222414652
1216.452259159088
1213.3244336446126
1213.224800046285
1209.715326420466
1212.5965181032816
1214.0202911376953
1211.1464224497477
1220.7926795959472
1212.6908006985982
1208.1411397616068
1209.7354638735453
1209.894289366404
1219.522849814097
1213.4977842330932
1210.7443614959716
1214.4692132631938
1211.0858681996663
1216.3447266896567
1209.6006323496501
1204.5642534573874
1206.3638723373413
1207.6815545717875
1209.1424514770508
1206.4691402117412
1212.341336631775
1204.2372541745503
1210.4352437019347
1205.6276619911193
1210.6568301836649
1207.3598654111227
1207.9057691891987
1213.5985883076985
1216.3508376757304
1211.376139386495
1212.2828396320342
1210.6925284544627
1206.4534804026287
1202.7197648684185
1203.2510384877523
1207.768865521749
1208.654222393036
1206.43273824056
1206.8095918655395
1206.6753774960837
1212.597978814443
1204.8798360188803
1206.9669461886087
1205.4099299430848
1210.5961983044942
1205.5187386671703
1208.036030960083
1204.4725583394368
1201.7501135508219
1212.8403995513916
1208.934133911133
1198.9279269854228
1205.2192641258239
1203.7733934720357
1206.4863490422567
1198.5919367313386
1209.036851978302
1203.7172197977702
1196.1904815832775
1199.8357352733613
1207.6995213508606
1198.609685834249
1209.1530859311422
1204.9652185757955
1203.7304296811421
1203.477900981903
1200.1490184466045
1210.4966500282287
1205.588756020864
1200.7779679934183
1205.783714389801
1200.1792316754659
1205.4506950378418
1206.9035033543905
1201.8099352518718
1201.2815455754599
1197.8983090718586
1201.19797595342
1204.6770307223003
1198.1045851071676
1197.0182032267253
1197.5273360411327
1197.598237800598
1203.275674947103
1202.289821879069
1199.0462556521097
1198.0299520174663
1205.4030278682708
1209.5786390622457
1205.0683919270834
1206.449210357666
1201.3648730278014
1202.9611539204916
1201.853115240733
1205.4859942118326
1207.3780525366465
1206.830449104309
1211.5075989723205
1200.4294964472454
1206.0466862360636
1205.79770043691
1202.601138051351
1200.7882347424825
1200.637968826294
1199.4799011071523
1199.2667021592458
1196.796077934901
1200.5171444892883
1197.5305257002512
1206.1186247825622
1201.397320731481
1206.003878847758
1211.8132908185323
1203.718408203125
1204.8341232299804
1203.0454581578572
