-60.6547461549441
-81.78638418118159
-93.32151327729225
-100.19386359651884
-106.38458559711775
-105.40224081675211
-106.46028145551682
-104.15335338513056
-108.16067131757737
-104.27763974666595
-101.55042962829272
-104.65987004439036
-104.11195848385493
-103.14095202287038
-106.54113573233286
-99.33494370977084
-107.00876298745473
-118.55976624091467
-112.65492432117462
-97.87400752703348
-110.7088475883007
-109.0956702709198
-109.93410892685255
-102.03391568263372
-101.0760791460673
-91.96651002367338
-99.20368071198463
-103.50672183434169
-104.50083590745926
-103.29698036114375
-100.31311982472738
-106.59595794280371
-104.28624071677525
-100.99415405392647
-96.92319831848144
-102.04880810976029
-103.04062215884527
-99.66208952267965
-98.61492928862572
-96.98457491000494
-102.1232998152574
-96.1168163617452
-99.05355487465859
-99.22863041559854
-99.57634594043095
-99.1481831908226
-101.03161332607269
-100.02810547153155
-99.5941212217013
-97.1670601884524
-94.22360260287921
-96.73250185251236
-99.77049661874771
-96.35859846274057
-100.62560719251633
-99.25229883988699
-106.5582707842191
-106.09045450687408
-100.64925544460614
-103.78110584417979
-105.21614289283752
-104.14467746019363
-102.62016291220984
-101.11122433344524
-101.72636142571767
-100.98664226531983
-105.23169040282568
-100.84074692527453
-99.08691030343374
-100.73307484785715
-98.96931602954865
-102.62708081404368
-102.01292758782705
-99.68470477263132
-102.22292252381642
-99.19719650348027
-101.08094735145569
-100.05385075807571
-97.88049544890721
-100.55124938488007
-99.66051787535349
-101.52372722029686
-100.81878870725632
-100.36965493162474
-98.35095411141714
-101.47046172221502
-97.60878131786983
-101.9368162771066
-102.98105993668239
-98.35799353520075
-98.92514994343122
-94.75763115485509
-98.25053472518921
-98.36025718847911
-101.09557385047277
-97.94574133952459
-101.07819434404374
-100.30472091436386
-103.53506769339243
-100.19018774429956
-98.84682389100392
-100.90546155373255
-97.68295833468437
-102.68912083903949
-100.32701215346654
-99.06554454962412
-102.21955676873525
-99.79958201050758
-102.28302261034648
-99.7595266520977
-99.31063647667567
-99.74504612286886
-98.76119955778123
-97.99232034285863
-100.77948623895645
-98.67358163793882
-97.43121129671732
-98.44636484781901
-98.68300550381342
-98.28191078503927
-99.26847022374471
-95.9619477391243
-99.83384773731231
-99.36915675799052
-99.80585710207622
-99.02258407274881
-98.27327916622161
-99.4689726392428
-98.80431279738744
-100.34817219177881
-99.17009891668955
-100.78953077395757
-100.0314746538798
-104.14682900706927
-101.60854547023773
-95.28094877799352
-102.51585314273834
-98.91172706286112
-99.05578091144562
-99.37474466760953
-98.88196427027384
-99.01443189779917
-97.98632954359054
-96.87097893953323
-98.53492667675019
-97.61254935860634
-99.88053473234177
-100.19049127896626
-96.91071912447612
-101.93138009111087
-102.04017820358277
-104.45015562176704
-99.75281771818797
-104.09543674786886
-102.7602632522583
-98.19408007860184
-102.32955656051635
-103.5981823762258
-101.10761568546295
-101.43427783648173
-100.81182073752085
-99.99460537830988
-99.82670240004857
-99.30131588776906
-98.51062345902125
-100.55799305836359
-100.23463644385338
-100.21600530346235
-97.1839104672273
-98.58162308931351
-99.34342875083287
-103.938987048467
-98.42652654051781
-97.20092916488647
-99.20753827095032
-96.51193414529165
-95.08827098210652
-100.90950822631518
-101.88836191097896
-102.84984285831452
-104.12252504030863
-100.17065704663595
-101.03210499684016
-100.1028747578462
-98.86862567265828
-98.42431059281031
-99.94517680406571
-104.39128004312515
-101.51929187377294
-99.23067335089048
-97.63898853858312
-104.13018585443497
-100.50221576094627
-96.95756710370382
-100.56799914240837
-100.85238478183746
-100.00328088204066
-99.69178986152014
-101.19085364341736
-98.38510062495867
