-132.07998165686925
-193.1662566582362
-204.20791203975676
-209.6022444486618
-210.5838518023491
-214.24372727076212
-217.8138813495636
-214.79732540051143
-221.16246666113537
-215.6551917354266
-206.04631768067676
-215.31772884130478
-227.52441850105922
-227.07189297676086
-224.9958135207494
-215.03915750583013
-213.83781187136967
-221.36509333451588
-223.88976689974467
-224.0867524822553
-225.03116037050884
-227.07753338813782
-227.04787493546803
-227.20610813299814
-227.2889010310173
-225.64159829616545
-226.72848586241403
-224.98562978903453
-224.24442923069
-225.3778263926506
-225.11357781092326
-220.73184976180394
-219.74091336727142
-224.47223526239395
-233.49456168015797
-235.89159660339357
-235.9218109448751
-234.58004891077678
-235.42084253629048
-237.45085400740305
-238.57112663586935
-239.02221555709838
-238.535622994105
-238.6121237874031
-238.53146005471547
-239.25651423931123
-237.85108048518498
-237.63420125246049
-233.2579107284546
-235.55117550293605
-236.26628734270733
-236.51147768497466
-238.96462114254635
-238.82770549853643
-237.74703266620637
-237.55467732350033
-239.11318318843843
-239.63649586836496
-235.36241898536682
-232.90830081303915
-236.4094141403834
-236.46284011205037
-237.45989910761514
-239.31525810559592
-239.59521954059602
-240.8910269657771
-239.66140119632084
-241.21953417460125
-242.06831461191177
-242.4019687374433
-242.73394291003544
-241.36642305056253
-241.94902060429254
-242.77841346263887
-242.23657983144125
-242.09525538285573
-242.40073519150417
-241.5246489127477
-240.2508668065071
-240.96335531075795
-241.56853178342183
-241.43756957848868
-241.27432576815286
-239.3630876024564
-236.64344861507416
-240.36413964827855
-240.96636780897776
-241.77201306422552
-242.80445065498353
-243.5603857000669
-243.31812915007274
-243.05767817497252
-244.11028214295706
-244.0019539117813
-244.23077069520951
-244.46155501206715
-244.1616448044777
-243.9879476547241
-244.0867855469386
-243.3676849444707
-244.14477909406025
-244.20481431881586
-243.95048004786173
-243.55632033745448
-242.92197717030842
-243.65038392146428
-244.34006714423498
-244.6179228146871
-244.62420068184534
-245.05961796442668
-245.26355225245157
-245.37234622240067
-245.37491792837778
-245.34000573158264
-245.21100931167604
-245.0122376203537
-245.1003299077352
-244.9402896841367
-244.33344202836355
-243.51071189244587
-244.77755959431332
-245.18635473251342
-245.3166814804077
-245.24973918199538
-245.42180888652803
-245.4547045946121
-245.36333702007929
-245.52023295561472
-245.74436233441034
-245.694051861763
-245.65137178500493
-245.64264073371888
-245.62764862378438
-245.60425556500752
-244.9811126470566
-244.28528050581613
-243.92743446032208
-244.50326394240062
-244.04201049804686
-244.0288459142049
-244.76930611928304
-245.2045701265335
-245.4722941438357
-245.04422572453817
-245.08316365877786
-244.2488354921341
-244.3831512371699
-239.36594540278116
-242.1022434035937
-242.60702306429545
-242.16241122086842
-243.35699905554455
-244.57976928551992
-245.11938517888387
-245.3556319753329
-245.55339789390564
-245.65717188119888
-245.75356305042902
-245.81674784819285
-245.8394761721293
-245.78076268434523
-245.71546741724015
-245.68279167811076
-245.63640847206116
-245.50714158217113
-245.5056041797002
-245.25321475664774
-244.7566863179207
-245.0028539419174
-244.3660217364629
-242.97805511951447
-244.56624437967938
-244.1779945453008
-243.00513565540314
-244.26720888614653
-244.7887111624082
-244.45156910419465
-243.8600312590599
-244.61463461716968
-245.06332494417828
-244.9324595371882
-244.5854409456253
-244.97490442593892
-245.35942676067353
-245.6342235883077
-245.72039224306744
-245.9043818950653
-245.91901106039683
-245.9681697646777
-246.05774225393932
-246.07506481806436
-246.09979492823282
-246.12966160774232
-246.15535970528921
-246.1550755937894
-246.15952178637187
-246.16744803190232
-246.16091397603353
-246.15677838722866
-246.193488295873
