117.41246536682392
100.06818114683546
93.88164628785232
95.3480427059634
91.77891413302257
93.33190451819321
94.87144599495262
90.20160766511128
91.65645399175841
91.49363315310971
93.73709560468279
91.84542701984275
89.09370852133324
85.32155743960676
94.7480562308739
91.0190171846028
88.26103852946183
87.26470114855931
88.67943020113583
92.0982144844943
86.5149410182032
88.49418116026911
88.72289646905044
88.17013466358185
93.25121936715882
88.5875316755525
88.25074292873514
90.00879765790084
87.7875953090602
89.72710435965965
84.79303383416143
85.33092265293516
85.41244736416587
86.3147521656135
86.39779667813202
86.67592893592243
84.17188241152928
86.84998616473428
87.27214288917081
90.21117739841856
84.93724479963039
84.09957008937309
88.28784589315283
90.7695784651
88.53499736457036
85.82253948162342
85.49145983005393
82.34263671677688
88.9928343481031
85.94212673655872
89.2479651056487
82.44765375194878
84.58218395504458
86.3605836917614
88.01206083338836
85.82739568373253
86.6909854864252
85.40766052953128
89.19724826360572
87.74098325186762
91.01808565855026
89.4251008074859
90.68481448601032
87.90847955901047
86.3351155992212
88.2390346485993
86.53232157641443
86.0792718509148
85.42982340681142
85.01421331331647
85.49923802655319
84.04540427388817
88.78238666057587
87.36344764150422
85.18939862785668
90.4021699469665
88.67026548961113
85.25906235185163
89.44403747854561
86.32328131281096
83.23120051827924
88.17691382251937
86.15120859392758
86.7904423886332
81.39874053823537
85.72939994417388
85.51442098206488
85.27894049266288
86.55993323285004
84.3868355833251
84.99654685423292
86.07001032089364
85.9261381050636
85.25601434296576
85.58036642033478
91.78106973500087
87.17336852797146
82.05754378746296
82.39171955503267
86.2296081062021
83.77716074935321
85.66256811084419
84.76495813912359
85.99420755690542
83.20239710396734
85.65312010255353
84.37008039704685
85.32661390921166
82.07343346497109
86.56278539731585
83.98952242115448
84.95152655141106
84.9736306544008
86.21153893141911
84.39645799686168
88.1334217540149
83.61257568310047
87.42120567683516
85.18157921782856
83.32289546419834
88.69741809573667
89.46316447751275
85.5732753461805
87.99111292485533
86.46786848429976
87.3343851586868
85.4730911552906
83.1799764653732
82.12473270399818
84.78528380496749
83.97215120134682
85.94355017460626
81.61929796893021
87.33772223982318
84.39447914115314
84.41188732714488
85.83780956884911
86.98302171559169
85.97721776263467
84.43183670372798
86.03518438339233
87.95421930839275
84.33996859706681
83.59478409948021
84.99540705927487
81.2582963458423
83.78647247265125
84.35224221492636
83.78150224377369
83.189837007687
86.08344488719413
84.12097271968578
85.49875858117794
83.25719525382436
86.2028220480886
82.54174937461984
86.64283187019414
88.33890694996407
84.93668793809825
83.06787194260235
85.43544768259443
86.83312377641941
83.75780782000771
83.22483600830209
83.39530910294631
85.78863826291314
84.59628722791014
79.93393447173052
81.14759236574173
83.59130417067429
84.21950949882638
84.89700891848268
83.96415464631443
84.58701794106385
82.86344503534251
80.99906622541361
86.27819265373822
86.96805730153774
85.98000688799496
85.4538880319431
82.80203106485564
84.48752464919255
86.49780940290155
83.58152922268572
83.97073869869627
83.64696300646355
88.26693994834505
86.06156955916306
83.97067002181349
86.47218995875326
87.83433680698789
85.8541755388523
87.14411026444928
84.2167020337335
83.72342993062118
84.99217878127921
80.35534349906034
87.8592474789455
87.55231147182398
87.18191463371804
