803.6663341840108
709.2614297707876
670.9219986438751
640.870068526268
617.8296747922898
603.1994356950124
593.2663163264592
583.2215734322866
569.2846303462982
558.2529456615448
548.8989521582921
543.2146445910136
537.7662815173467
527.253560090065
519.4361366907756
515.6056129455567
510.4187929789225
513.5852233886719
502.6552141825358
498.99464048544564
500.71732750733696
493.47862199147545
489.6451860189438
490.0150471448898
489.31948206424715
483.68600017229716
478.60453277428945
481.44590035279595
481.0478214422862
476.0341211636861
469.2607223590215
470.13383348782855
470.9847794055939
464.1961908102036
465.85758564074837
459.4708904266357
460.54080838362376
462.81307731469474
460.14824158350626
457.3613773266474
455.18716726303103
458.6022011677424
453.7419899781545
459.7172584374746
449.7821913321813
455.55051454305647
447.43316961129506
451.5959295511246
450.4798895676931
454.0935066541036
453.0453265428543
446.97296651999153
447.94315445423126
442.04980150858563
447.37868665854137
442.28719238042834
441.25424884557725
442.9592758655548
441.98792564868927
437.0233754237493
440.0318162282308
437.31260640621184
445.0787405848503
439.60905548731483
434.5033415277799
442.1318313995997
438.5996568441391
437.53530645370483
432.7878347078959
440.11181313991545
437.0647540728251
434.97782953182855
435.1783464829127
436.939519572258
432.55333807865776
429.8397888024648
435.3902248541514
433.50998135407764
433.6698769291242
430.5040045658747
431.2447929938634
429.28665688832604
428.0564948002497
431.7019245068232
431.69779825607935
428.3570505857468
431.8829226096471
430.8431826154391
430.99396442572277
430.0440415064494
428.0424051642418
429.03736239671707
432.4616492787997
426.39877573251727
425.1671433289846
429.4649513800939
425.50780099630356
432.23951350450517
425.0640205701192
424.1406391898791
429.2000298857689
427.8919787446658
423.8070576032003
422.40521829128267
421.4021553754807
423.3396818876266
423.36998703479765
425.4744514544805
423.0477881272634
423.9636370499929
426.5313260157903
422.8527250210444
423.40181332826614
421.5809843142827
425.266023071607
421.95937737226484
421.36023924748105
416.93428903420767
422.40456520318986
423.70094676415124
424.683322374026
417.1173693418503
418.73062171141305
419.25875042676927
422.72205975453056
420.80489479700725
422.6911789139112
417.16088541348773
421.9021326621374
419.5421569108963
420.7049405495326
416.22298359473547
419.8184434056282
418.47230232954024
414.82639575799305
414.6145005186399
417.54201135238014
413.1859839836756
417.7921521147092
417.6628254055977
418.8229518890381
416.3434159239133
413.39910250902176
416.04531920750935
418.35966448783876
416.81445797681806
413.1127729018529
413.18932535648344
413.9310250123342
411.1990264137586
411.6349612633387
413.2050317645073
412.89926579793297
415.9198472778002
416.4513732592265
417.38547677993773
412.84281575282415
416.4383095939954
414.56098516782123
409.5813081264496
416.5451902389526
416.4555445551872
410.3341324885686
409.6364254037539
412.79948208332064
412.0206904848417
417.6718722542127
416.0592849810918
412.356119453907
413.7902848323186
411.1082797606786
414.3005834579468
414.27021806637447
413.1192827741305
412.8077654719353
408.43360983928045
412.18078171809515
410.8800617218018
408.60007603168486
413.8191593249639
411.966281914711
409.57272155682244
408.81144569714866
410.6433437863986
413.24251580635706
411.9069664955139
406.42613308827083
409.5928288857142
407.56592914660774
410.15384044647215
411.39917787710823
408.0436042269071
407.95109745661415
413.9933131535848
409.3480516155561
409.4391098380089
407.8630239725113
407.531257780393
408.01121540864307
406.88711821635565
