996.8737098375956
828.4384170055389
762.4106710751852
710.6492300828298
684.5020785411199
656.815578007698
633.5738254467647
611.8773224194845
597.1500407218933
584.3486950000128
562.5964778582255
558.0842446009318
549.9138525962829
544.1503400643667
538.4645449638367
539.8149488131205
530.2308714151383
528.7183569987615
519.3662688334783
510.4894027153651
507.5129460255305
503.6581519842148
492.38841398557025
488.5493668317795
491.66177294254305
485.80399726231894
482.65814339319866
472.09380284150444
471.7208836078644
472.7511469602585
469.34865260124207
471.8197382767995
467.057969045639
462.3911600112915
469.0108841260274
460.23157546520235
464.8273757815361
459.8816960970561
460.53354109923043
457.4829308152199
446.73688940207165
451.09914624293646
453.7374190012614
450.5778400818507
444.16583537658056
446.2506302754084
442.88978650569913
439.6893834869067
444.7523313045502
438.9107563138008
438.09728057781854
435.2006038109461
437.8565335512161
437.18504923184713
435.1120846947034
433.1885810693105
433.2425252000491
429.818550213178
428.12205861409507
430.6449462890625
424.30160467624665
424.43144818544386
426.0855677485466
423.0832078059514
418.9684517343839
419.1927591363589
422.70989192724227
417.5395556251208
414.9490518450737
416.2647080659866
415.04478636582695
415.84876643021903
414.6449053406715
416.4397480010986
411.135499894619
413.7035307765007
410.9021540403366
411.8447009642919
412.32722949584326
410.76097705364225
409.6541436314583
404.6440765778224
409.3078256249428
406.6271886547407
407.71946683724724
411.40630865097046
407.88150229056674
406.8342647314072
406.0171467065811
403.20166376034416
406.567075530688
405.10782863696414
400.3436661918958
403.7917661190033
402.76577504873273
398.5497586329778
396.1556323051453
397.762998008728
394.63781294822695
397.3769457181295
399.16369095245994
394.70702693462374
393.4407334129016
401.00290483236313
394.2580848813057
392.74609362284343
395.54176694552103
393.1122149705887
392.62069130738575
393.2057241598765
392.1730709751447
391.6355374097824
392.7146303931872
390.23290587266285
392.67560784022015
390.7122059822083
391.87853469451267
388.410651020209
390.83960867325465
393.48144523302716
393.8125528335571
386.9976917028427
390.18907539049786
386.4762525161107
385.47635471026103
386.65447074572245
384.02345257202785
384.83250623146694
386.8171732982
383.2538601954778
381.46651859283446
383.25042629241943
380.9155739863714
382.14393303791684
382.59020015001295
379.9092547218005
385.98926382462184
378.91995941797893
381.802040151755
383.1347535769145
378.43335338830946
381.4218125899633
378.0160340348879
381.67051861286166
379.45385626951855
377.72615185578667
379.5255427916845
378.4933942635854
377.2176563580831
380.05306947628657
376.77837390502293
378.3504415869713
378.1009953180949
374.7064857006073
375.99172202746075
376.1541472951571
375.3082689444224
378.4140066583951
374.9799505273501
376.566684448719
370.440566833814
370.2764779249827
374.09287180105844
372.3354794740677
371.5531276901563
373.7378278374672
371.2049710472425
372.65193341970445
371.04249517122906
370.0015784541766
371.352977057298
372.1548054973284
369.5023342808088
370.9001845916112
369.9118709365527
366.1604156215986
365.924494834741
365.5281097372373
367.283913509051
365.4276839931806
367.68935175736743
370.789541220665
366.0420073111852
369.9441679120064
365.59420888026557
365.9320281704267
369.0912277619044
366.0842684388161
365.7211478710175
364.8481015443802
366.5840588410695
365.17876504659654
360.5106162309647
360.8436150948207
363.8504377603531
364.2460272153219
365.40393643776576
364.42600402832034
363.84403712352116
363.6625068902969
