-39.427185944442094
-56.892294937166675
-58.91014463428793
-58.92768583626583
-59.14772137896768
-59.5597029184473
-59.66784491826748
-59.46195462140544
-59.84353700794023
-59.97837439693254
-59.921691568761034
-60.15978176121054
-60.31813276225123
-60.50678797631428
-60.81663361705583
-60.76699032043589
-60.94100141833569
-60.98298305684123
-60.972507963920464
-61.14672270931047
-61.26141295967431
-61.75742346664955
-61.96580559015274
-62.18435897498295
-62.0638647346661
-62.050999447189525
-62.13134496376432
-62.14130229991058
-62.342864789839446
-62.30915115619528
-62.46345938896311
-62.54341303069016
-62.472659883828
-62.49669124545722
-62.585772908967115
-62.636127124572624
-62.54545478882461
-62.64230243707525
-62.60849884871779
-62.59184246330425
-62.7039266742509
-62.7144820844305
-62.71212908933903
-62.795994961056216
-62.83383720804905
-62.862477146345995
-62.87559213926052
-62.74338448253171
-62.881762416198335
-62.82044261796721
-62.854718191870326
-62.868999214007935
-62.80973755696724
-62.48365287534122
-62.78446827469201
-62.85559292908373
-62.88680214511937
-62.876075839174206
-62.94754411126005
-62.90288002737637
-62.870957701370635
-62.87401606810504
-62.71260224745191
-62.863116985765
-62.92200923479837
-63.021326373363365
-62.99990375288601
-62.818058335575564
-62.924135650026386
-62.843890303167804
-62.87137968992365
-62.94335585421529
-62.84650050874414
-62.94099724703822
-62.83615247956638
-62.90351570269157
-63.047320546775026
-62.87318159485685
-62.8588345194685
-62.97175419638897
-62.89863638322929
-62.94052097304114
-62.87869104331937
-62.88776809388194
-63.00054705142975
-62.93319670290783
-63.094452458209005
-63.040092546364356
-62.91453901652632
-63.044144404345545
-63.00746752578637
-62.93599320177374
-62.939532415620214
-63.03524515032768
-63.06032157458108
-62.92328934217321
-63.05480874612414
-63.03762708450186
-62.96047716921773
-63.043012164790056
-63.01928370368892
-62.92353717417553
-62.69893045055455
-62.9801766934066
-62.88030977906852
-62.947407510773886
-63.05543666872485
-62.98621156606181
-63.05274976430268
-62.98947255570313
-63.03234138262683
-62.941353603683666
-62.882429472331346
-62.866017989043534
-62.94494175088817
-63.017626647291515
-62.98804163213434
-63.00970442952781
-63.01240858538397
-63.02987328582797
-63.10353864266955
-63.08810122259732
-63.073186835338326
-63.01458679396531
-62.9318392153444
-63.048990341096086
-63.09560778942601
-63.07631975206836
-62.981444829496844
-63.07741001351126
-63.07916240445499
-62.930845714848616
-62.75423987158413
-62.91276897438641
-62.886363942047645
-62.93608264676456
-63.050537677674455
-63.03796642607656
-63.06236718749178
-63.09205758777158
-63.08026182857053
-63.03996137606686
-63.079227542055065
-63.07087493662176
-63.07788207202122
-63.033571851664576
-63.075470301611674
-63.132589923924414
-63.06582588985049
-62.91225363057235
-63.008846848175445
-63.07518549006561
-63.159591285319166
-63.08177244252172
-63.06507590104793
-63.015280729737775
-62.99892335102476
-62.9904566520247
-63.10789812227775
-63.10038947236949
-63.10559242038891
-63.13079562474941
-63.04808509555356
-63.12497887323643
-62.99606660522264
-63.15084552148293
-63.13957366655613
-63.03054130282895
-63.19358694039542
-63.11289294218195
-63.149320875776226
-63.05710015317489
-63.04027636708884
-63.114145101144395
-63.072844448788416
-63.08091493721666
-63.15008056163788
-63.078108221292496
-63.21659654173358
-63.15096536587025
-63.109828579014746
-63.14203918494027
-63.18600934743881
-63.169552140194796
-63.16481684405228
-63.164138317108154
-63.192866966642185
-63.145855085603124
-63.08536948828861
-63.095559870374615
-63.13811794848278
-63.20200518184695
-63.194896112228264
-63.126543071763265
-63.14287507534027
-63.13274465244392
-63.094830095767975
-63.15783634884604
-62.91143851547405
-63.1218601074712
