-110.77796026865641
-198.2128135840098
-215.73304731845855
-219.6460250933965
-216.42137893040976
-215.99795167446138
-218.06109095017115
-220.4075953722
-222.8381021896998
-227.11364628871283
-227.49314711093902
-224.5145570198695
-226.21108294725417
-225.28465149402618
-226.74197866916657
-225.43865341742833
-227.0658857901891
-227.2513227144877
-229.11421798865
-229.38916672468184
-229.72297177314758
-230.83444170951844
-229.49737239281336
-231.45928894678752
-231.52420200506847
-231.57263566652935
-229.94230409860612
-230.28436246315638
-230.62875971794128
-230.66525299549102
-231.04607847531636
-231.47874874273936
-233.86811741987864
-232.1852355003357
-230.17516459623974
-233.2050390958786
-232.8088110367457
-234.4474771976471
-234.23117480278015
-232.77493484814963
-234.868763367335
-235.84622192382812
-235.19426503976186
-233.94087419509887
-235.3148981332779
-235.2618699669838
-234.75721153418223
-236.19738373359044
-236.2414679845174
-235.37003230253856
-235.37394386927286
-234.4700158516566
-234.8608311613401
-236.35190722942352
-237.20470638672512
-236.97183324495953
-236.44545808633168
-237.00936942100526
-237.2752386967341
-237.05048401355742
-237.24453591108323
-238.7126120487849
-237.87851172685623
-237.33992348512012
-237.47477355798085
-237.78087871869405
-237.97457195917767
-239.07504600683848
-239.41583722432455
-238.4061017592748
-238.71639277537665
-240.00835902293522
-239.6784339984258
-238.84460425774256
-239.9203883488973
-239.47472573121388
-239.45380276838938
-239.84612097740174
-239.71673861344655
-239.82268101374308
-239.64386564890543
-240.31142590840656
-241.59539121786753
-242.48565998077393
-242.03785023291906
-241.04976802666982
-241.0644802093506
-241.70862051645915
-241.94809354941052
-241.20345362822215
-241.20935779809952
-240.47026536862055
-241.4158764521281
-240.585373655955
-241.8466762463252
-241.90329672495525
-241.22337073087692
-240.9481306910515
-240.71378537813823
-241.47682831287383
-240.96153029203415
-240.8687490582466
-242.02265835603077
-242.54840826193492
-242.93169745604197
-242.79804849624634
-242.0469479282697
-242.6674344619115
-242.61319833596548
-242.6255175590515
-242.21020403703054
-242.55698450406393
-242.9871652841568
-242.734576634566
-242.0181395371755
-242.1334781050682
-242.42087999979654
-243.34250503381094
-243.15263651212055
-242.8786300579707
-242.76360070705414
-243.1173018693924
-242.87529662450154
-243.21205515066782
-243.04509530067443
-243.1137989282608
-242.78738180001577
-243.0997657895088
-243.3697226047516
-243.20959735711415
-242.31940074364346
-242.47427032788593
-242.77732739448547
-243.32658458948134
-242.33756288290024
-242.33925183216732
-242.35989914735157
-242.4554253578186
-242.92439056237538
-243.21976774930954
-243.0316769997279
-242.67044543822607
-242.91241065661112
-242.66737667719522
-242.30955866972604
-242.8732099890709
-243.37599088748297
-243.6981010198593
-243.48168819745382
-242.32667407592137
-242.74494603474935
-241.95336606502534
-241.57152652740479
-242.26043092807134
-242.61430815060933
-242.19756189187368
-241.47468728224436
-240.8791026711464
-240.739742231369
-240.96893539428712
-238.95581197738647
-238.17930575609208
-238.830821454525
-237.88696366945902
-239.03382411400477
-237.65504683256148
-236.86630777517954
-233.8484770099322
-236.7394176721573
-234.71279481252034
-235.13671716054282
-232.43967100779216
-236.98705514272055
-239.44544750849406
-239.78246199289958
-237.3806920727094
-237.60169002215068
-239.38819062709808
-238.30408848126729
-239.99977555274964
-241.07397226889927
-241.84678361415862
-241.82918271223704
-241.14805802504222
-239.30954252084095
-239.6752199570338
-239.50773166418077
-240.06027839183807
-240.12107722759248
-241.30005836486816
-240.99390743176141
-241.77406342426937
-241.6558055559794
-239.49811548391978
-240.9343807299932
-241.21574086348215
-239.36083790858586
-240.5492843190829
-239.23215002218882
-241.41031602223714
