3527.1497099558514
2210.245805486043
1878.3331957499186
1674.0406217257182
1549.6172431627908
1420.412761815389
1334.9887311299642
1252.7824729919435
1177.8886324564617
1132.199929936727
1096.3176780382792
1055.7802902857463
1008.2547273000081
949.5506791114807
912.2680638313293
872.7134042104085
858.32198955218
838.5987051010131
811.1558794180552
774.2336573282878
769.2655704180399
758.3916324297587
740.3883366902669
718.8510997454325
701.7550529797871
678.9033709843953
658.2950522422791
662.0966576735178
628.7992131233216
621.5847474098206
604.6665770053863
597.8347123305003
582.2445467313131
581.2395634015401
579.5656931559245
566.8257445335388
556.1913168589274
550.2873889923096
550.780769666036
535.6592863400778
535.0651246706644
521.3636761347453
518.9670176188151
519.838683160146
508.87190240224203
506.36609727541605
502.11082239151
496.7095330874125
488.00400619506837
493.85496377944946
484.97682264645897
484.10600595474244
487.35168466567995
478.0683901309967
471.25164977709454
467.70680559476216
467.4366634686788
455.23795557022095
446.25529176394144
444.9638251622518
443.17507276535036
440.87136589686077
434.84981835683186
437.1249583244324
426.6716025988261
425.42477757136027
420.7559746424357
414.9320870558421
414.2353138923645
410.2258581638336
407.3569150924683
409.8622685909271
402.33215220769245
396.89024991989135
400.73088750839236
402.3374974409739
400.45568033854164
393.6774338086446
389.0043261528015
392.88463746706645
385.3903069178263
385.66652110417687
384.02854992548623
380.55647872289023
382.68583431243894
377.5180252710978
371.4744619290034
371.0622086048126
370.6460225820541
363.6177021185557
370.77236687342327
364.13833731015524
362.92121311823524
359.8609886566798
359.33943567276003
363.22721924781797
357.14603401025136
353.3154923439026
350.0745398044586
349.9743578275045
346.7347469329834
349.27674401601155
438.557776149114
453.37757886250813
425.0274049123128
410.76371262868247
396.66104044914243
385.3549710591634
374.21711738904315
371.29156602223713
364.1799505710602
364.8749913454056
360.7095563014348
352.3046822388967
360.8962501366933
362.5612628698349
356.094135983785
349.0807984908422
347.6864565372467
348.1931087811788
350.8383106549581
352.3823927084605
344.1626143534978
345.9218674739202
340.5612161795298
341.82945318222045
344.63807681401573
338.88398274580635
342.2655769348145
334.9682784159978
336.431312696139
330.6026993672053
329.4323025226593
331.6743501027425
327.16174545288084
324.52202645937604
323.01860660711924
330.10748505592346
319.1719120502472
322.02195960680643
324.4234225352605
322.13700846831006
321.1702889919281
316.3996512413025
312.8558127403259
312.45316857496897
315.2082049051921
314.9154590606689
307.8712338765462
307.06772855122887
305.26597388585407
306.7562353452047
303.6378580967585
302.6438248475393
301.4977017482122
298.6632873773575
304.2044523557027
301.77379966576893
301.82234403292335
299.0425482273102
301.96370952924093
295.3759502887726
291.8429807742437
290.64485115210215
294.06966795921323
290.2767135620117
289.3680456558863
288.5423350652059
287.62928721110023
289.3784149487813
305.97840059598286
307.180159107844
299.20892388820647
300.18317166964215
297.45981517632805
289.97577401796974
293.0533336321513
289.04641447067263
286.1873579819997
285.2354270776113
285.54761871496834
284.0117620309194
284.743942284584
280.8118217309316
280.9522888104121
279.4442186355591
281.15694104830425
281.1068986415863
276.4576442639033
279.6221222003301
278.5151886542638
272.31729400952656
274.20274787743887
275.9836967229843
276.97835750579833
275.0732305447261
276.138659620285
274.6064990679423
275.1138295173645
269.75703423023225
