9.606788252448213
6.317654620984505
5.313945883435422
5.031379985526718
4.619036664736682
4.3528192346466
4.112882966882196
4.11684078286434
3.8548128496983955
3.675935190556378
3.5741713204388987
3.3167201055791873
3.217548215890239
3.09873946120256
3.0548546947538853
2.9265592539490295
2.9162595400522493
2.770602170442199
2.8468045021953254
2.7636012310997167
2.6867473955298293
2.640346966041573
2.6389951820260493
2.5986653688395847
2.641855157269486
2.626476757485291
2.633789080163014
2.635650822828556
2.632771432014375
2.575802938241897
2.563431477302621
2.534788236985433
2.5069369803471813
2.5234855075591596
2.4651218553170047
2.4304963476827433
2.5224307279648452
2.4745266772806644
2.5423023334607997
2.3739129502711624
2.44768335650964
2.443598850598109
2.4609112505768906
2.3410786538673887
2.3806920275092125
2.452626018945513
2.3481429446617077
2.382433668806635
2.381567103145965
2.2931729907105707
2.3156152675249455
2.2773511097605885
2.303493313748261
2.3177577398460487
2.251516070409582
2.260045936010007
2.2071188090304874
2.2182108930729587
2.230582139358438
2.2068129427217205
2.1649069444372735
2.183742103777055
2.2016689884636937
2.1795249560783647
2.1571056707922756
2.102386406333796
2.120588989157615
2.1475420792041153
2.1516230566876717
2.1654042717197846
2.0901524225442576
2.1383920907974243
2.104907490698428
2.045403047175757
2.0525828504870676
2.136494836802113
2.0884041677004306
2.0255261614661793
2.0831394956029694
2.0785957699448896
2.045040314952875
2.1072959779151557
2.017630039168329
2.0538031441512805
2.069421448327344
2.044028254675454
2.064362831156829
1.9940216664610237
2.0143065757021823
2.031833611043363
1.9962111923458248
2.0554998541443514
2.021234773741714
2.029276621303168
2.0431588699334653
1.9770761240145256
1.986782363776503
1.9486271207188737
1.938489511480619
1.9750581095316286
2.0258950673942935
1.950725310835345
2.0142328201889477
1.9836278191671288
1.975353297616901
1.9543377862408244
1.9648602378137152
1.9310029344954367
1.9335217138045822
1.9164480430812671
1.926338382386442
1.9203092461644575
2.0022331566132348
1.9615929077925354
1.8913939645321205
1.932014031143024
1.8787496475952452
1.8931121036153415
1.8938809543334205
1.9266990935751076
1.8741991589295453
1.8978625742140516
1.9049795527203843
1.878152182004575
1.8796393549519366
1.8848673804052944
1.8571529999889176
1.8815910520417423
1.9080498913495705
1.8534973498498057
1.8444872313532337
1.8507910718948677
1.9001907376122886
1.834305311264149
1.884582138845119
1.8367862086743116
1.8753402979466423
1.8335440124481404
1.8525421898812056
1.8785245055011635
1.8505884441065377
1.8417195042852184
1.819570526159529
1.8794417521306153
1.8997034824870784
1.8829964371076946
1.8443350505469174
1.820530799378095
1.849577197580245
1.8208807185292244
1.8372254284933722
1.8368826707632377
1.7813355412719578
1.8132479174126839
1.8713947887821445
1.8057196577689771
1.8424219539196327
1.8167401774433152
1.82109942036713
1.795948641021447
1.8287862139786113
1.8754712317524285
1.8758713729551126
1.8615552581975172
1.8305141684631336
1.8221905173669601
1.816022048864899
1.8068459663411667
1.7940134641168446
1.840928668991245
1.771109142758209
1.8608785877325411
1.8150421901895055
1.7946625192938694
1.8153744978380615
1.811288194634534
1.7540892222896218
1.8024834342108205
1.8195300070761606
1.8169069802709694
1.8011247675608972
1.7569816857255225
1.776789384669271
1.7838582286033138
1.7913181825765763
1.7874196101108502
1.7863385803547913
1.7861317735293816
1.7719129618128826
1.7825712738879795
1.7888833545148373
1.8034198142202764
1.7742636771551494
1.763636347548715
1.7731254335557078
1.766500475944887
1.7964117624636353
1.793949223027147
1.7708074995155991
1.7987126933796138
