85.26677643019578
66.96345517039299
55.89723536474951
46.41825515545648
41.99049414848459
38.74103073518852
37.81619249952251
35.97458774056928
33.77402401741209
32.36936775106808
31.497112484841512
31.227605594129397
29.8207446503742
28.324186855605966
28.8692912436251
27.104559018694122
24.155255059229916
24.360125471805706
24.65122004315771
23.533533446233847
24.447599135853093
23.602215562401145
22.398327795339043
21.06468558131621
21.646537893419637
20.607916377918347
19.73413235411562
20.357690279083005
19.848748968593007
18.82295494655083
19.96628838032484
19.02334930105456
17.90201183459882
17.843391452883854
17.771744050984754
19.229856729635905
17.944668810300787
18.301410883665085
16.859240363384114
17.418126070293887
17.077468132921332
15.338108642347928
17.164109265752906
17.575849387023982
15.210273867537236
15.43782228770955
15.250285478244567
16.105922750486382
13.527450900524855
14.174959244399234
13.466846843089524
15.19372335366969
13.288228215328578
15.04874035099457
13.992372125242676
13.591538861907761
13.91468004856644
13.737651069102617
13.516801614924495
13.178564937977955
11.743841739371419
11.543210197368573
12.586684886879961
11.349748348881459
12.488149967686883
10.89581649496766
10.63214971716034
11.127051149462831
11.342141782270808
10.712385947848189
11.493386151473809
10.224317084291371
11.299258994648097
10.06880665018127
9.071111878572866
10.422078846086716
9.498799390833954
10.398813020951788
11.071937204772157
9.073421195663254
8.945389697777815
9.553351679110321
9.774774650047565
7.7069016448382675
7.607017002357491
8.049656695076104
8.028445297274097
8.274716893917528
10.326728498723742
9.256342985249798
7.77101936974916
8.228711817413568
8.566678993660828
8.874018583446741
7.0068245314298485
7.034854876471619
7.299787995180693
6.121249447384014
8.370908953763287
7.323019434794269
7.784347018291211
7.016414836948288
8.824149005325785
7.864900469547138
6.56697328157466
6.470148822613831
7.000542519935246
6.938406630579768
6.640062314426077
7.788199438392345
5.435041227217378
5.2484772534205995
6.4359765556351896
7.155673936651699
6.042610600462248
5.475774565647388
7.0685716731923405
6.544161522696758
5.568061751409851
5.863268068381425
5.69961937799536
3.935789968689968
4.9210149517347075
4.492387860628037
5.4416528804035025
5.173255166360017
2.603392913166819
3.0126205726430335
4.85557940345386
4.0909231445784195
4.646977791241531
4.037415621095691
3.5145604219929925
4.111792992928932
5.435272826459901
4.297255953324252
3.738566319040697
5.119034451143495
5.386053677776764
3.673506372190755
2.1928195002777824
2.2938697584744157
3.519064527904165
3.8105876993002563
2.7309549394352683
4.60692196397175
3.9558067713575116
2.687194327342099
2.1294900127525986
3.109286917694684
2.7442601631427634
4.1691500544548035
2.3955261188334434
2.737171495012168
2.185759845221865
2.236277541980661
1.7765655951767132
3.502367173482118
3.1057775200440965
1.5912588749980103
2.1766450933084407
-0.2875353092777318
1.88459530280068
2.4287903321714235
1.675532994599178
2.0522433382555327
-0.14604803277500744
1.0715165189627944
1.8416805914763748
1.7639327424353566
1.4864052400506775
2.8507146789082167
1.056242155617681
1.500144845452802
2.0397691695854583
1.5392055007918128
0.9594313796481182
0.41634088908803873
0.4204498490896718
1.550939427239114
-0.11391699005817545
-0.27772298249705085
-0.33422522812054073
-0.47718484442809533
-0.6637671425424773
0.4821131265368955
-0.02223913834012788
0.7292189888399223
-1.1588919252671044
-0.5010117266712517
0.07818888795786891
-1.3261880188666542
-0.18014768446827756
-1.0230195383573402
-1.7464317437903634
-0.006544134740171762
-1.7995560677914784
-0.6591446877553545
-1.2650695057778523
-0.5175538528068312
