-49.29736615563261
-54.45411929899249
-56.25868565871798
-57.206933814903785
-57.17566546694986
-56.69816433355726
-57.610150946625346
-58.3646729516572
-57.971530129169594
-57.94636997683295
-57.81330510768397
-57.46729764958908
-58.51053560293954
-58.61061604269619
-58.40717817174977
-57.92714556023992
-57.73169433865054
-58.38004577468182
-58.28017455544965
-58.32409075005301
-58.08134316678705
-58.23857617583768
-59.10716268317453
-59.142262894531775
-59.2533093177039
-59.378688043561475
-59.38158694423478
-58.96542154509446
-58.81043489431513
-59.43410136576357
-59.601018321925196
-59.103854530844195
-59.2162234557086
-59.588316692360515
-59.35217561804015
-59.01305263001343
-59.491597573305
-59.4719279161815
-59.424390566760096
-59.13779880157833
-59.19786951356921
-59.08160999109005
-59.164409234605984
-58.91699351318951
-58.82268400849967
-59.24570081151765
-59.096169301148116
-59.1545844900197
-58.9397191508063
-58.97399917450444
-58.85987435435427
-59.08607569234125
-59.339944496236996
-58.930216030827886
-58.983123815265195
-59.40776236509455
-59.31970154211439
-59.65694181877991
-59.96080094986949
-59.737522517812664
-59.56059259998387
-59.383470379073046
-59.30963363524141
-59.62099135949694
-59.57814757371771
-59.488444283090786
-59.580574687184956
-59.84125086973454
-59.73211614016829
-59.32630321486243
-59.52801121103352
-59.734272272422395
-59.435946213788
-59.92416694452022
-59.829032694471294
-59.735099142995374
-59.69000587381166
-59.65667559360636
-59.85533954357279
-59.68970724220934
-59.92304662383836
-59.797733738504604
-59.88947665691376
-59.718707643706225
-59.8859589099884
-59.65114785473922
-59.713103512237815
-59.599829616217775
-59.39751497733182
-59.592054044378216
-60.290543607596696
-60.01753837486793
-59.630786042788934
-59.57696037251374
-59.79421715078683
-59.858876004301266
-59.89798259324041
-59.99175873296014
-59.646243979190956
-59.718636165405144
-59.60546954746904
-59.59598271189065
-60.32342557043865
-60.06890393022833
-59.926730936971204
-60.246272545436334
-60.134577730606345
-60.10657788967264
-60.07477340410496
-60.40434348480455
-59.99874958909791
-59.98248010257195
-60.01334491680409
-60.27658066975659
-60.29453584449045
-60.258074791267
-60.043843375197774
-60.08637937800638
-59.896179499297304
-60.08521373107516
-60.43169407186837
-60.313628209048304
-60.6171766992273
-60.446580815931846
-60.42758229683186
-60.57074271707699
-60.32553527272981
-60.51164727786492
-60.42520244162658
-60.2806261222938
-60.37747272540783
-60.29349965473701
-60.48960519248042
-60.25514547372686
-60.52657053182865
-60.141606891977375
-60.27574765065621
-60.74290066340874
-60.70090606500362
-60.74223161565846
-60.32365462800552
-60.2561174990802
-60.295432051707955
-60.729878569471424
-60.69560152806085
-60.84095615354077
-60.74571666840849
-60.79548356759137
-60.552689636575764
-60.551057556579856
-60.51995692993032
-60.72124808101818
-61.02048857253173
-60.93735358632844
-60.81236006884739
-60.53475771895771
-61.013135141339795
-60.96195565421006
-61.06939787289192
-60.95368521172425
-60.752429678522304
-60.78095089978185
-60.86384329713624
-61.07434570892104
-60.865296345332574
-60.89289225792063
-60.70676317297179
-60.424355876856836
-60.724472795067165
-60.72978826226859
-60.71177906209025
-60.931400251799616
-60.76606249500965
-60.541752041413865
-60.65649992022021
-60.977956157306146
-60.94498802670117
-61.26621544052814
-61.17154422607915
-60.99756321619297
-61.003976558816845
-61.02577678705084
-60.87915262579918
-60.8471747821775
-60.7589555094982
-60.723930963154494
-60.59526108051168
-60.5940428828371
-60.510588867910975
-60.91333833439597
-60.682617512242544
-60.7424710269632
-60.883123258064536
-60.65319632867287
-60.727137062056315
-60.81700339810602
-60.79777678436246
-60.486887730401136
-60.71964299987103
-60.80358229423391
