-21.458826673955752
-25.120053765588793
-26.8622358040563
-29.284047414516582
-29.08877765156072
-30.85280377700411
-28.59665239628019
-27.719901449721434
-26.761950499024884
-26.647371693931778
-25.977750883534036
-25.98732058960816
-26.670655205332
-25.748823005577613
-26.817111228046745
-27.56683359269438
-24.297545119092383
-25.1003747356349
-26.85227679230016
-25.10148652206207
-25.131514384314933
-26.569831193521104
-26.21119760336547
-24.5640212009693
-26.626827365879354
-24.871368831601636
-24.262100127236597
-24.170728626950034
-25.38865683099319
-27.459356151264288
-28.316347471085088
-26.267639909324974
-24.58259435563252
-24.905980731906563
-24.82600590381129
-25.407011888664343
-25.038714283499225
-25.428745032384477
-25.14396497915531
-24.98963342093188
-25.623778948496128
-25.664883449673653
-24.513663401891446
-25.366137957264637
-24.696630585810233
-24.343883800095526
-24.56845303136727
-25.489218795093997
-23.570816887349917
-24.39073311871496
-24.672351773442895
-25.709894979822224
-23.939314149577044
-24.642757866916984
-24.544936236636392
-24.878750891521058
-24.921008839689453
-25.952350746968698
-24.438471298279435
-24.443037822328765
-25.71761830921831
-25.460428423922636
-24.88110890830385
-24.181583723631398
-24.475916371263306
-24.66449449493967
-25.06748595628245
-24.846583580148632
-25.19192171507868
-25.614005186948283
-25.485438897691925
-24.806309648628893
-25.247915452924268
-24.774863040652768
-24.128403596836947
-24.557805040787006
-26.205639010873334
-24.466993264083204
-24.930593923248093
-24.31926016971983
-24.37977410339076
-24.936012617472944
-25.937161846407527
-24.601458634795815
-26.084604807968798
-26.001582118971594
-24.67978440841724
-24.29056811743769
-24.883387942766323
-26.64197088469719
-24.2990423065835
-24.63459669927071
-24.883071827477423
-24.6270787407612
-24.5682695194565
-24.61746750720616
-24.663744430089817
-25.308791429832063
-24.481635310526553
-24.577477249605902
-23.90197051136658
-25.165146087778027
-24.622680285881305
-24.72075785490973
-24.16009447800702
-25.177728773704892
-25.966335943546788
-24.84271964739109
-24.83088278462147
-25.320876263852778
-26.082670800644777
-25.851074773689795
-25.18363789957145
-24.526074473200172
-24.480416578979327
-25.14597556406054
-25.460844305054895
-25.28164237789039
-24.07512333886377
-25.718797500791222
-24.815454211728326
-24.924772423403017
-25.175966382026672
-24.69608916907475
-24.338498550756224
-24.855490860754045
-24.873979464173317
-24.394973568875216
-25.234489703486705
-25.010438572743844
-23.42163002285464
-25.893125914807978
-25.305030080778845
-24.799631713793197
-26.270136126156512
-25.50669337963236
-25.16717009194966
-25.446200306045597
-24.95160147547722
-25.465083493754783
-25.06421328207542
-25.721942562481452
-26.155135210218102
-25.378133652539088
-25.034458484115273
-25.59571732940345
-25.523864338110233
-25.28757083415985
-24.648493288919845
-27.06963341246391
-26.042727582413576
-25.865645208235446
-25.348872761274205
-24.890925442350323
-24.21224319112712
-25.312054922868466
-26.13262677500988
-25.747380936967915
-25.56057950597385
-24.734674108439478
-24.90468606352806
-25.69634096478594
-25.524720610215745
-25.59580637463208
-25.625509277499955
-25.42681992619202
-24.83760598096354
-25.261772195840702
-25.742192702046758
-24.27950159177698
-25.703795184863026
-24.512892911146427
-25.31157950697274
-25.26770882770933
-26.93379366808924
-25.530417166907213
-26.099086386890246
-26.083299610121497
-25.321548727051965
-24.882019430912774
-26.13723147788952
-25.54694504984494
-24.775343586144775
-25.616550504647453
-26.251965899919643
-26.102508244843317
-26.621848066305294
-25.681201476475287
-25.668573320939622
-25.092077332837828
-24.348267926224345
-25.414726697165392
-24.275333227268582
-25.133483232095323
-25.405195671422728
-25.90368335360083
-25.509904029554335
-25.33860935219403
-24.84204769237288
-24.083413927205676
