185.6802873214086
116.63799699147542
104.84038979609808
95.1513279557228
95.50366451144218
90.7301016330719
85.26294631958008
83.90234488844871
79.66442321340243
76.69275657733282
75.96499289274216
72.05172822078069
69.1354402343432
68.69153296748797
65.5751524567604
66.07180015246074
62.999467476209006
64.16493690013885
63.32461715936661
59.354019288222
57.45069704949856
56.309581498305
56.054955305655795
54.96756108601888
54.326957599322
54.14200667540232
51.89577345848083
51.25671231349309
50.780947624643645
49.42888952891032
48.05699094037215
49.473257169127464
47.855688562989236
47.96178334554036
47.92775550285975
46.77845361828804
44.0095223903656
45.953245759010315
44.019858940442404
44.63733419577281
44.28377797603607
44.22598306536675
41.80401676793893
44.65306401650111
43.03095201452573
43.23355069855849
43.00912983914216
42.83545649250348
41.96932305296262
40.543933186928435
41.09793100655079
41.721609394749
43.610640249649684
41.5089885165294
41.7165697435538
39.923130857944486
41.29906774957975
40.10531932314237
41.250327265262605
40.762870302796365
38.96940659483274
39.97946856121222
39.87895300189654
39.69806305567423
40.111687322457634
39.703740064303084
39.121750083565715
39.21288794875145
40.13967214425405
38.911504073937735
38.41677152911822
38.86902781426907
37.89844869971275
37.815790932377176
36.919319651524226
36.545592390497525
36.38534401158492
35.741351002454756
36.987870665391284
37.03048307895661
35.86489623983701
36.40542635718982
36.679305863380435
35.882861868540445
36.32467024326324
36.285777336359025
36.54260935386022
35.31984833578269
35.29737262030442
35.345718431472775
35.39465797344844
34.49687328139941
35.33849826355775
35.12575289905071
34.058495698372525
35.39813137849172
35.381573329369225
34.978465632597604
34.70747251907984
34.41072406172752
34.22559160490831
34.20883999069532
34.793692805369695
34.99548295636972
34.807317996025084
33.8373418211937
34.6013340651989
34.037074025472
33.422261152664824
32.772543554504715
33.7973425368468
32.99215413033962
32.84601826469103
33.71487540404002
35.14903099437554
34.06956935226917
33.796841371059415
32.45140273372332
32.90044174889724
33.508375494678816
33.04448829094569
32.63086588780085
34.01956986387571
32.54226660132408
32.11340616544088
32.04509496887525
32.63125399847825
31.79370640714963
33.11711450318496
31.415538276235264
32.523042039076486
31.873947036266326
31.941677248477937
32.73280015786489
32.335485827922824
32.77865440050761
31.265196464459102
32.484918536742526
31.956773885091145
31.77663004497687
31.85085852444172
31.775643658638
32.425933028260864
32.19154265423616
31.527380414803822
31.59586390356223
31.866958423455557
31.226606032252313
32.19067875146866
31.91121450662613
31.17640717724959
30.772201658288637
30.85591950615247
31.14387325445811
31.812808721264204
31.261052908500037
30.99441829621792
30.632811536391575
31.327568331360816
31.779818816979727
30.6212062617143
31.14953052600225
29.56959994137287
30.30619060198466
31.000843844811122
31.62585313121478
30.647560876607894
30.232173802455268
30.966168683767318
31.66683010061582
30.139038322369256
30.78373271326224
31.00819429854552
29.97578970293204
30.133603857954345
30.571831329663596
30.317993714412054
30.697383947173755
29.94111550450325
30.193168905377387
29.309162829319636
31.022938664754232
29.684836227695147
29.21615136265755
30.62821439901988
29.454202351967492
30.263445437947908
29.62611116170883
30.456356155872346
30.063537077605723
30.090407969554267
29.240579783916473
29.231025823950766
30.55360113779704
28.619119535883268
30.441200655698776
29.80379332602024
29.515547412633897
29.45333221157392
29.5510046929121
