-49.40079141999113
-54.827908153163975
-56.454385772861286
-57.0947749265309
-57.544685565192125
-57.904908800947254
-58.29621215113278
-57.808797377964545
-58.16667162344373
-58.1424956999976
-58.31948569417
-58.30583084451741
-58.101112337975664
-58.417213245712475
-58.37461935240647
-58.24573734813723
-58.16814947744896
-58.57352618924503
-58.6809747177979
-58.77690587783682
-58.75436217825988
-58.629987957148714
-59.131007044479766
-58.9302912395576
-59.038378955989046
-59.54408004468885
-59.110114095539885
-59.09985122598451
-59.283589491556434
-59.19292156655213
-59.062939563701896
-59.748335832151874
-59.754797684735266
-59.56522678815085
-59.75646762395727
-59.63716442831631
-59.662250110815314
-59.616263669112634
-60.0334465400926
-60.160865562743155
-59.88914807603277
-60.157457265360605
-60.10395148088192
-60.125766536285134
-59.632296864328715
-59.65046710803591
-59.379310558582176
-59.68343445658684
-60.425877208339756
-60.461218571868436
-60.100130996827424
-60.15797626561132
-59.99585550715183
-60.003196597099304
-60.89586754502921
-60.63273723783164
-60.45108677806525
-60.10206616541435
-60.2152178472486
-60.243112251676365
-60.46548316602049
-60.2992192085447
-60.21616284189553
-60.40254526611032
-60.41634693227965
-60.5969747469343
-60.391426454330315
-60.40974938869476
-60.348093516867735
-60.198579397694814
-60.32569313152083
-60.78057338862583
-60.68833579688236
-60.677477842774884
-60.50984818565434
-60.25682357878521
-60.51656985282898
-60.30250334123085
-60.23132409515052
-60.37705763660628
-60.54561795653968
-60.72572908935876
-60.54950606309134
-60.499758172651816
-60.22744881490181
-60.412659410772655
-60.546142709666285
-60.59927272591098
-60.788613383112285
-60.93985288924184
-60.909553861823575
-61.19221351578318
-61.05580682795623
-60.78837326580081
-60.94364840819918
-60.79857783893059
-60.9216985538088
-60.72448703852193
-60.63020421924262
-61.035762395324376
-61.009082833240775
-60.82029149963938
-61.05829502179705
-60.769706261569056
-60.52249201207325
-60.58870729290206
-60.761790735968226
-60.88690247823452
-60.69465061919443
-60.87625198528684
-61.13741530221084
-60.9619847505257
-60.98664908059712
-60.94266990752056
-60.940721811919374
-60.71029794421689
-61.14660630349455
-60.85595734674355
-60.67067576379612
-60.988227877123606
-60.71944671458211
-60.71341001679157
-60.8627447691457
-61.17390000614627
-60.98041355815427
-60.97498044885438
-61.235042450756865
-60.864696070038036
-60.87631699031797
-60.71313647977237
-60.93958232937188
-60.696793570600704
-60.96264420603884
-60.95908903356256
-60.70157843828201
-60.869785000538
-60.632187109569024
-60.65761534715521
-60.87920852365165
-60.55678440990119
-60.73328959325264
-60.77295603114983
-60.84486280638596
-60.9138990558427
-60.910728875933025
-60.65880973791254
-60.77807822001392
-60.578438978770684
-60.787101170112344
-60.65971529483795
-60.85369447387498
-61.04243429981429
-61.109995404194144
-61.00403616551695
-60.88470063230087
-60.96183708207361
-60.68655885601866
-60.768203405470686
-60.49812142602329
-61.16393192061062
-61.10833838890339
-60.92792987823486
-61.00400705378631
-61.03737235583108
-60.9859639200671
-60.84066986832126
-60.779576657147246
-60.8932759679597
-60.95004196002566
-60.74797123259511
-60.781904128091085
-60.8865507388937
-61.050395838145555
-60.886472564319085
-60.84727235087033
-60.72044007737061
-60.5898656290153
-60.685223243359864
-60.67816513057413
-60.922860342880774
-60.645152512295496
-60.874799064521135
-60.96209706417446
-60.90653404593468
-60.90235921226699
-60.99711730973474
-60.84411793844453
-60.95975638052513
-60.97835436155056
-60.87629538671724
-60.98836489792528
-60.95046202684271
-60.92284589594808
-61.30785304821771
-61.12466977999128
-61.051045334544675
-60.9887212555984
-61.00912070890953
-61.20342689341512
-60.87439423182915
