103.48846075452607
64.3388349434425
54.813626478458275
47.68941218483037
40.48827166187352
35.63169930207318
32.31326876221032
31.081244881810814
29.351655883008036
26.875548012297727
24.990712346701788
22.91921033941466
21.232805783378666
19.630540480387623
18.287760211475963
17.03463369196859
16.55837048436033
15.794041315029407
15.073873307170539
14.311493622845617
14.04166095421232
13.466122482357354
12.980555107367449
12.723538961133052
12.291240392573949
12.11242609599541
11.714760831974704
11.511147629598092
11.322070861684866
11.223948782887952
10.961266317244235
10.713821768246849
10.54803528097169
10.321183565875579
10.201667909992151
10.001842029135803
9.893834882255259
9.737111980031276
9.5578485336797
9.376598282363908
9.27499043247823
9.220432860841012
9.045049286608037
8.888308962614373
8.725673257790763
8.630650028586388
8.544046574882392
8.39811743025122
8.285101856650977
8.167651946174688
8.232565281206163
7.933741710052408
7.856114915989596
7.73020881902555
7.647780993118368
7.532229012970267
7.507851034659764
7.399726182222366
7.3027885676971795
7.270325004797558
7.172501864875185
7.110642381783189
7.034124505930934
6.985248622195474
6.912945843719203
6.865296838098559
6.785370803855616
6.750567897640425
6.711218261384759
6.625600164049659
6.584194801490883
6.509539922635103
6.467296272516251
6.458003768119319
6.385660494324462
6.320666466036747
6.256813192547395
6.211548823220976
6.205200339442697
6.163713951177638
6.119204250260673
6.065223417790799
6.022164758808654
5.996974195642718
6.978323859130514
6.684937296884841
6.431618901933062
6.233981341123581
6.114110043336606
6.092119069834208
5.973868441864334
5.901155115843847
5.90859052448951
5.858569002870856
5.792802434157709
5.742546274744231
5.746748191529307
5.664561143466111
5.617030609912914
5.609092040051674
5.560660934653775
5.560624543577433
5.52808113601701
5.497615136463066
5.450843022429738
5.446774300573201
5.430714262713646
5.393089537348213
5.382902330494132
5.340759675821354
5.327626217542024
5.329158530795369
5.325256984423975
5.279516996751571
5.296023584259995
5.265622595389342
5.236041568605037
5.202854023025981
5.20909776345923
5.7126373842615505
5.294273605249051
5.202425367744832
5.140350356698036
5.121649850288342
5.095371833392258
5.095954590958768
5.068438330215627
5.066385675607057
5.031899417525735
5.036052116803054
5.02361839958306
4.986680634962074
4.994395210696705
5.010730300997865
4.981358811130812
4.974322839029904
4.941053529623254
4.927327710878233
4.92158880084753
4.900807158186518
4.892094784384144
4.851735161424711
4.835716942132547
4.830072545542799
4.820836745587917
4.818958478883423
4.8132458229003285
4.814515461695605
4.7932954132556915
4.767510790891689
4.758248540091103
4.747801841846828
4.739358301178135
4.732826001942158
4.720530540264886
4.700786685763762
4.69248247634748
4.679583309539433
4.667387292302888
4.65815463328156
4.651283982370434
4.673692001993286
4.647123537572293
4.633917968206364
4.61312098801136
4.602945962085806
4.588118740839177
4.581445753831288
4.580991713908212
4.564526154306428
4.558758931940999
4.561072609547911
4.527493917351139
4.514732430335776
4.507916957525344
4.508410011257591
4.504000777314449
4.482854816420325
4.474348310766549
4.474231427985019
4.461707733828446
4.448116369930835
4.452628631915512
4.438159942498495
4.43037634856742
4.432637738385077
4.414630654813914
4.416505340743681
4.403928485409967
4.409543622927419
4.396702331201784
4.401595092667588
4.385070661532468
4.392915870095122
4.370231785008619
4.339008221980826
4.338481742117939
4.329675623055162
4.337053330037101
4.341914543946242
