66.69489251950691
36.32663518395917
30.552906123728587
26.714888738660978
23.601641666786424
20.671935784405676
19.545275334654182
17.91423560010976
16.857411188298258
16.9663732108371
16.255563538136155
15.448945166478897
14.615473062313836
13.881705756588229
13.60228999524281
13.20692793074353
13.104113174152785
12.853546036214665
12.48489442878756
11.749092145469682
11.356065805102217
11.152785915752936
10.6421990266134
10.241014162528105
9.784668591001939
9.465911539977995
9.210355414912618
8.771916503536291
8.659529258464945
8.564754258712817
8.437048037504328
8.247063336187395
8.033418576265204
7.921226496840346
7.759169647148971
7.51641395610982
7.355904868707575
7.167697589972923
7.043673334193641
6.797688906434281
6.689067292444665
6.5238933951176445
6.4547305689032735
6.37017338517411
6.253550043907659
6.179456960923713
6.0499580755572895
5.89413052309176
5.802270873353399
5.7234797711516245
5.6819220714527985
5.6055997103966515
5.4703752151851
5.444922052837652
5.307795318678536
5.2649022294529555
5.212010535186734
5.119799674199573
5.042780375943102
5.021711829150545
4.961631493578697
4.881067728174144
4.86569986903462
4.804617921982346
4.7301634403652155
4.742236309909615
4.67841369029263
4.634244819910362
4.55359541804626
4.5717106327928345
4.490000594021945
4.426886435084302
4.4368662207291045
4.437417393357589
4.379746606894608
4.353412045230126
4.305130501502547
4.274087262179317
4.242388574470734
4.204003190942879
4.157675228884508
4.134876204590345
4.1477722985477286
4.065870470784861
4.052533038731279
3.985378136794115
3.9759236896603274
3.9271056246140907
3.8935102927016803
3.8922139789009917
3.8880611164816496
3.827138633563601
3.8317336722694595
3.764940719923069
3.7598236638667255
3.724294647702883
3.6787078985623243
3.6670463388336114
3.641137638354096
3.6211050807915885
3.616518361429716
3.6044833620303662
3.5849196597419937
3.5656255216434083
3.5318320618364316
3.521432055481549
3.49422013836688
3.485538578110522
3.4670558478040943
3.4424367320948632
3.4532164918451476
3.400092840708535
3.4026593968015293
3.388687653916663
3.3578633265890954
3.3275426855503487
3.297327064234635
3.29811208637367
3.3086460027201423
3.3046532444142063
3.2806944730209895
3.2534535319769176
3.2262174742745944
3.234861571791357
3.20050542544702
3.195617246473658
3.1493388086814305
3.1639683271019625
3.1358545342267585
3.105386887644899
3.1113512059994815
3.111319798141204
3.1054042386340686
3.0739972401924174
3.0579108915709217
3.0697167350043513
3.0362320136407326
3.0080347894209214
2.9861464028985334
2.9808606681381833
2.986975941614344
2.968095385630069
2.9496914021799276
2.9383721440902044
2.9367000554399243
2.914210148990668
2.921441279223253
2.9040412410836796
2.8903672279597354
2.885993509264342
2.900500031509276
2.8704893278793016
2.8548597062713115
2.8466810368258377
2.8291893918067217
2.8252858936401277
2.8263525121427815
2.816969643764455
2.797362476779983
2.779017040762922
2.781836793982777
2.775059998163889
2.754640548200957
2.7523974270142357
2.7576402041033425
2.8093743373736224
2.7679331271812835
2.7324411790047227
2.72265717868918
2.7286888264633458
2.7152145323183
2.689514052893581
2.6971099352913686
2.670200564416832
2.6855836902456036
2.669088768419521
2.659619162886821
2.6657823726277927
2.707540251700015
2.693686315019069
2.6517142242398757
2.640817298329082
2.6264106978116364
2.610780448813377
2.6249834147506745
2.6223804525517185
2.597665437914688
2.594979736440141
2.603903138560468
2.638355301628853
2.593437778474442
2.572702854614833
2.555113641802093
2.556541345499713
2.5382331953994157
2.529078343562011
2.5298568702078073
2.5162675204076645
2.5181280090634166
2.5215798891952326
