-45.45450959932701
-53.05369536218972
-55.07664143217021
-56.35460701379283
-56.56775080849384
-55.56729640734607
-56.782147949111874
-58.11582495940143
-58.726919833956096
-58.63335938905848
-58.33960631798054
-58.506282306950666
-58.85604904643421
-58.838025782642696
-59.35552341876359
-59.22090714347774
-60.10672789606555
-60.90858119931714
-61.755298304146734
-61.82155401953335
-62.086038721018824
-62.211510101269035
-62.43403867195393
-62.48943175632378
-62.86180577401457
-62.754476041629395
-62.907503417853654
-62.856365123699455
-62.23714824175013
-61.62468050368901
-62.53678805458134
-63.00133540507021
-63.19521485525986
-63.22896444180916
-63.2711682566281
-63.2388310555754
-63.24584109824279
-63.19059952682462
-62.62924962619255
-61.24343096387798
-61.77944855237829
-62.26813618890171
-62.589386010992115
-62.732075849483756
-62.687919978437755
-62.50642924062137
-62.31834028918168
-62.82640339999363
-63.04733400714809
-63.167787844764774
-63.17482752224495
-63.01409699690753
-62.93710826594254
-62.951618473077644
-63.21659984465303
-63.23808841972515
-63.18553087218054
-63.033982231699184
-63.031390418266426
-62.977772292392004
-63.006680301551164
-62.64657949168107
-62.70998059264545
-63.186016923394696
-63.22220469857084
-63.15447179613442
-63.141097659694736
-63.22005679175771
-62.79618974800768
-63.116688982166096
-63.304675274881824
-63.44606437868085
-63.38145176295576
-63.31629652812563
-63.341747989942284
-63.16359263247457
-63.33174292383523
-63.1402207654098
-63.14822531157527
-63.16961918719883
-63.212045145445856
-63.26590366199099
-63.15963039110447
-62.92045459870634
-63.26417434318312
-63.3631446752055
-63.3481876490445
-63.25349803217526
-62.995535018115206
-63.0757524771937
-63.00458689804735
-63.36644682185403
-63.4753169396828
-63.51404973556255
-63.53198681823139
-63.54731489255511
-63.54367642772609
-63.54088172727618
-63.50230435153534
-63.35796946698222
-63.03699697811028
-62.96024053261198
-63.14155177104062
-63.03824927375234
-63.132781485031394
-63.16505842167756
-63.10519470017532
-62.98988378253476
-63.168325106645455
-63.14528707697474
-63.25940990242465
-63.170838904791864
-63.35201157372573
-63.338753969504914
-63.27481651306152
-63.281861613536705
-63.27555094710712
-63.12447473715092
-63.33646722908678
-63.37063510561811
-63.20552606829281
-63.206475496292114
-63.18383766556608
-63.260780124828734
-63.234478763465226
-63.08770834783028
-62.88151961153951
-62.88072311775438
-63.23555690872258
-63.35839991939479
-63.237035420434225
-63.330410543186915
-63.17166521836971
-62.88235519466729
-63.28426588198234
-63.42357999291913
-63.40748906752159
-63.221160393336724
-63.14349114586567
-63.251074859808234
-63.38202720263909
-63.38286211675611
-63.09068451153821
-63.14345813825213
-63.19833524679316
-63.23974320806306
-63.13713794330071
-63.08737243352265
-62.96171971847271
-63.108063921846195
-63.01882725748523
-62.928400825837564
-63.26131888196386
-63.31340574087768
-62.77444062972891
-62.75613045486911
-63.08060389859923
-63.05144918067702
-63.09812396661989
-63.26465656634035
-63.171674266971394
-63.11426878489297
-63.240127906717106
-63.1890762016691
-63.23860114607318
-63.20272667449096
-63.23193215296186
-63.14360387880227
-62.763079121195034
-62.87314257128485
-62.84496352590364
-63.05495476517184
-63.10256004744563
-62.89685945983591
-62.88032877650754
-63.017630199933876
-63.150991608356605
-62.94190228601982
-63.0327319975557
-63.09786200934443
-63.13793391297604
-63.19616714942044
-63.10543841431881
-63.30885270957289
-63.30294644524311
-63.12629749240546
-63.01065693024931
-62.933829335303145
-63.068868611393306
-63.26763534134832
-63.15462680109616
-63.2732377422267
-63.306662639667245
-63.28393047636953
-63.380486186208394
-63.32480627503888
-63.177524132975215
-63.22857339526045
-63.24440602804052
-63.238315617216045
