743.3634293635686
642.9473369598388
607.6121134201686
583.7308932065964
569.8779641389847
565.9475975990296
561.401552995046
549.2179033756256
535.401488828659
525.166725174586
517.5676162242889
503.1524451732636
499.67687859535215
493.44969034989674
487.00631810824075
482.37887699604033
485.2622904062271
480.0019163529078
482.18764300346373
478.22897505760193
471.50077057679493
467.6084588130315
463.34832215309143
461.734835656484
460.71012489795686
458.89452211856843
460.6229465007782
452.82108608086907
453.49966531594595
453.6215991973877
449.0217727184296
449.30430927673973
447.3998541434606
441.44006513357164
444.3627661148707
445.03442625204724
442.16284101406734
440.8529538234075
439.7072038213412
437.2083308696747
436.06854178905485
438.57270079453787
438.8064571539561
438.7502331296603
438.2570858637492
435.11430240472157
433.6889608025551
431.79605631430945
432.4522865494092
429.6387304544449
430.31940360864
430.9868436137835
426.9336601058642
423.0934120853742
427.27011277675626
426.25464433431625
430.8825674096743
426.6424454887708
425.6724317153295
424.43527773221336
421.9751848896345
424.4022254228592
421.0637133439382
421.7199884136518
422.0472519556681
423.26885445515313
420.45108920733134
421.51673470338187
420.0640000542005
414.7178726196289
420.31293005545933
416.2175036946932
418.38324472506844
416.73768438100814
418.09390734831493
415.5506842414538
413.24213810364404
415.9790064136187
417.3641283830007
414.40419701337817
412.02857451438905
414.87446384827297
410.3415172060331
411.38087830940884
413.2355849226316
414.7947250366211
413.7702604373296
414.1553244352341
410.77655416727066
410.3550189336141
409.4944008509318
410.3094832102458
413.7740710179011
407.49725535313286
410.59742789268495
408.92046070893605
404.85293302536013
412.46640403668084
404.82888580958047
402.1361664096514
403.5946651736895
403.7366827805837
405.4915546298027
407.14336907863617
406.4300254980723
402.7155965924263
405.6618762652079
400.2180306434631
399.45803213119507
404.17620125214256
400.97906508048374
403.3843733112017
401.1763286868731
401.6538217027982
401.04795559247333
400.708701980114
399.7854798118273
397.2519588112831
400.8103793223699
395.9074799378713
400.2325661977132
398.97559386491776
394.1840217669805
396.3563875873884
401.0551908254623
400.95835550228753
396.7589352011681
399.79699007670087
402.1893271048864
396.15046070019406
399.5681434114774
395.7532063325246
394.58174321254097
397.948415017128
395.0927781422933
396.70801148414614
396.86269321044284
393.0965726296107
393.16439381440483
393.43185766935346
392.8075031876564
393.6452948331833
396.7307627399762
394.45411158005396
396.1719406525294
393.43736736774446
395.7532782077789
394.5976739327113
393.9830708265305
394.2812021056811
389.00150020917255
390.1876916050911
390.012526790301
387.10970843633015
392.2344682852427
394.0871943831444
394.05031135479607
389.27709290981295
388.9653910040855
391.5229111790657
390.46629142363867
385.4680273493131
388.64627447128294
384.6617134173711
391.2600933988889
391.3353942433993
392.46629419724144
391.86187199354174
387.7633084177971
389.06652416785556
389.1260611732801
386.8267585635185
385.9335456411044
390.1125525832176
386.15034563938775
390.8746014793714
388.9536362568537
383.05206542015077
384.71945852041245
387.9417813460032
390.63542143106463
385.7602292776108
388.6995165427526
386.0192562421163
386.5432862440745
387.5905099272728
381.6176310181618
382.67016152540845
384.5986111243566
381.73635062774025
380.5911002000173
383.34461631377536
382.9735337972641
387.4771065473557
386.56630844275156
382.83259731531143
382.2086298505465
382.0557857950528
383.7020515203476
382.27846964200336
