-48.23834552436039
-57.131865131443945
-57.973987503298396
-58.25203837094636
-57.79819391205393
-58.62266603112221
-59.395205595369994
-59.54631113492209
-60.0846926467172
-59.814517515486685
-59.77822812877852
-60.19564628806607
-60.34873720900766
-60.0928904229197
-60.45567767990047
-60.55374201412859
-60.36060438073915
-60.55800006101872
-60.97908565607564
-60.819057501595594
-60.690442022578466
-61.06096557091023
-60.840468282329624
-60.94836473978799
-61.40323266489752
-61.19279758683567
-60.94117458113308
-61.13402770099969
-61.27205823824323
-61.0386094286524
-61.22721826208049
-61.309477748541994
-61.36862890062661
-61.48852797417805
-61.23244419796713
-61.28159978677486
-61.213496653170424
-61.31225181242515
-61.49897732097527
-61.57723989979974
-61.55905701271419
-61.883340704030005
-61.94303949228649
-61.86751720823091
-61.831177094887046
-61.82289919051631
-62.050895181195486
-62.09196993194777
-62.126699731267735
-62.264288542599516
-62.291999812783864
-62.35358499041919
-62.44144693325306
-62.35358530488507
-62.20997850545521
-62.206169528180155
-62.53474561715948
-62.35947655809337
-62.51941734449617
-62.48483225189406
-62.48085088770965
-62.44864335964466
-62.56398348561649
-62.40871040368902
-62.56703933354082
-62.54922695509319
-62.703215539455414
-62.55634149806253
-62.5471425560014
-62.5316703031803
-62.3515410937112
-62.47801689238384
-62.27580707854238
-62.41957840426215
-62.38145924025569
-62.36199194809486
-62.57520368181426
-62.81085578532055
-62.88895254196792
-62.660907713503676
-62.37470347922424
-62.508823197463464
-62.496913613944216
-62.63237518894261
-62.37463592249772
-62.46852370685544
-62.694586018036155
-62.2265394473898
-62.16018482528884
-62.399806914658384
-62.48318290504916
-62.60623909687174
-62.84317597438549
-63.00587511884755
-63.079150251273454
-62.76326254112967
-62.71777973195602
-62.48049136276903
-62.441884775613914
-62.099182190566225
-62.16976178514546
-62.37902644790452
-62.55032787446318
-62.44662699000589
-62.144946922516
-62.2526025155495
-62.469460764835624
-62.49931959550956
-62.78953067393139
-62.773657028017375
-62.96911397884632
-62.96003540939298
-62.74722981452942
-62.94834357705609
-63.196974864293786
-63.19603906828782
-63.085453271865845
-63.1445016675982
-62.59236060853662
-62.90057417339292
-63.103342200147694
-63.01271937016783
-62.83896010497521
-62.29964199764975
-62.79008884882105
-62.71769591652114
-62.61424311481673
-62.90002619192518
-62.69969903908927
-62.629517489466174
-62.92749614140083
-62.88152600978983
-62.67500756526815
-62.9003920637328
-63.03418760258576
-63.13425074158044
-62.79925008477836
-63.0411863429793
-62.846160794126575
-63.28015555184463
-63.27642643451691
-63.220613173369706
-62.76287676137069
-63.008264479966
-62.99069352704903
-62.60028245942346
-62.98807868875306
-63.067798772762565
-62.951730170126616
-62.971894514971765
-63.11528116053548
-63.18947770472231
-63.261877373374745
-63.055346963734465
-62.90571856704251
-62.981984691373235
-62.925637574031434
-62.942862243487916
-62.774581996531325
-63.05790504915961
-63.1540837740076
-63.129730215360375
-63.088895602472896
-63.04488931236596
-63.134745412859424
-63.32802553320753
-63.04408490143973
-62.75749524297385
-62.84905829100773
-62.87569147142871
-62.589100694861905
-62.789330661296844
-62.83893179482427
-63.07537268153553
-63.316118856956216
-63.343132133113926
-63.386158645153046
-63.10026120933993
-63.07773661407931
-63.22394384803443
-63.144621035148354
-62.95008850097656
-63.102975501068705
-63.1158029745365
-63.16779153305909
-63.177032954733946
-63.225452207285784
-63.29304178624317
-63.20348801181234
-63.15332492055564
-63.22526977802145
-63.189863819500495
-62.99807273416683
-63.163434311233715
-63.240544832985975
-63.26820931660718
-63.2480697446856
-63.21817911082301
-63.203159195595774
-63.26367017729529
