1364.6315726280213
1306.8130268414816
1282.949895954132
1278.3583608945212
1275.1689493179322
1273.901632722219
1269.2991157213846
1258.0218874295554
1261.9196249643962
1255.962309964498
1247.9949451764426
1256.8618319511413
1259.1901810963948
1249.826582368215
1255.9481519063313
1244.456385485331
1247.0903220494588
1248.3426582654317
1234.2129431406656
1240.2536820729574
1244.9936975161233
1245.816548760732
1238.217128054301
1241.3923885981242
1234.97548383077
1239.9733004252116
1233.5301148414612
1231.26893119812
1230.999102497101
1223.8926637649536
1228.7506956736247
1229.235950533549
1230.8628908793132
1222.7429017702739
1237.4235569636028
1233.5551336924234
1234.8683222452798
1225.9502279281617
1225.3690869649251
1224.6669662793477
1233.5962684631347
1225.2142724037171
1220.7684713363647
1223.081955464681
1229.2432486216228
1230.9183770815532
1224.0000723203023
1220.705346361796
1221.7995621681214
1219.242306804657
1216.658753967285
1223.453413995107
1218.6213879585266
1217.831900469462
1218.6846778869628
1221.9826823870342
1211.5442849477133
1222.6520326296488
1213.0069426854452
1213.5192231178285
1223.3740506807962
1219.7706829547883
1224.4933510462442
1215.2335539182027
1216.3108862241108
1217.0599434216817
1214.0307360967001
1224.642867978414
1219.6766205469767
1215.0079491933186
1219.0174205144247
1221.3444679578145
1219.7858999888101
1214.6037649472555
1214.837943649292
1212.7030628840128
1214.2692415555318
1206.2350196520488
1208.0077288627624
1210.0991649627686
1214.2362823486328
1209.550507736206
1212.2931519826254
1213.5352631886801
1214.6564242045085
1209.5892519950867
1211.5521849632264
1211.0743885358174
1212.3490827878315
1214.9175470352172
1202.8619490623473
1206.0321371555328
1212.3902065594991
1216.1947481473287
1205.7248518625895
1208.6092478434246
1212.561843554179
1212.5769529978434
1205.1549430529276
1208.4163587252299
1211.1011800765991
1211.969373734792
1204.6276213963827
1211.2693792978923
1208.5867227872213
1202.7190132459004
1212.5381689389546
1206.6039593378703
1211.5667094548544
1214.2681316693624
1209.6469339370728
1206.5206085840862
1205.9005759239196
1202.745359071096
1200.8389156023661
1205.4570703188579
1206.8681350708007
1211.5651281674702
1199.535153834025
1210.167993481954
1204.5023290316265
1208.7673904418946
1207.3399415651957
1209.3629055341084
1207.1382254282632
1206.0496607144673
1204.0109065055847
1205.7676786740622
1201.1746861139934
1205.7104310035706
1201.4192989349365
1201.391184679667
1205.5018673578898
1202.355276075999
1198.8874306201935
1202.0109900156656
1207.9247664769491
1204.4424828529359
1200.9219340960185
1203.6631459236146
1200.611427783966
1199.8786441167197
1206.1475975354513
1204.0042758782704
1206.9278465588889
1210.2052174568175
1204.9519423802694
1206.8187266667685
1200.7040025552114
1205.602046060562
1205.8765158017477
1203.202405579885
1200.7174611727396
1212.2908935070038
1209.4817041714987
1201.4815722783408
1207.9661430040994
1204.2431268056234
1211.910225200653
1202.3741890271506
1201.4888388315837
1204.6182017962137
1196.5624289353689
1200.3998846530915
1198.280997435252
1195.4651658376058
1201.5980573177337
1200.7858404477438
1202.2726674397786
1201.0793227513632
1199.3277020136516
1205.3920230547587
1203.3245531400046
1194.7691873550416
1209.6084980328878
1193.817062250773
1197.249345175425
1200.1365331967672
1199.8728785673777
1200.4458915392559
1203.090899769465
1206.507061545054
1202.976223452886
1203.9538535118104
1203.5695937951407
1202.1657506306967
1208.647759215037
1198.905283689499
1200.2034791628519
1200.7612931887309
1196.570136642456
1203.8076252619426
1198.886758295695
1197.5980622927348
1201.0726527531942
1200.2660219192505
1201.6645860671997
1199.9503464698792
1190.3924541632334
1198.1441750526428
