253.52347629234708
249.75330728498
245.03660243955153
241.95859985927055
240.73728894365246
240.54407245948397
239.24999488222187
238.50525832587275
235.45018915883426
236.78725672179255
235.28380751609802
236.95717032613425
238.32481560213813
234.7682964596255
235.9803175268502
233.4916512267343
235.49905663112114
235.6229254418406
234.63016598800132
235.55474308852493
233.80388329769002
233.35941620119686
233.39368001756998
232.9115837647997
232.01923143041546
231.6765561227141
232.94745085568263
230.88046362893334
231.92322804598973
231.28321763153733
229.78624208631186
231.2812172133347
231.32552877376818
232.223609229614
229.93633123101858
231.50472673876533
231.13233539975923
226.89805026301022
229.96072100770886
229.3511249114727
229.32848576841684
229.51313309422855
229.9698815962364
231.3276616006062
230.12916594538194
230.50161432397778
230.39661075740025
226.95285757245688
229.54320242076085
229.671371336641
228.58225629658534
231.2189709235882
229.88357110270138
230.85287425435823
229.85731578695362
230.01074285753842
229.33153498994892
227.40279824569308
228.6498272172336
230.46152051974988
229.11912519767367
226.02043691174737
228.7596859192026
229.54940893321202
228.16786888139
227.84276283609455
227.46875009043464
229.63184429859294
226.8939472806865
230.10027973816312
225.86602557527607
227.81035521523705
229.6720228852897
228.08930816321538
228.02307787023742
227.7520932699072
226.49311263807888
224.77142187233628
226.7410225786012
226.85433066713398
228.99032478496946
227.52244414543284
225.8154394791044
226.61268545019215
227.37063258680803
225.46414993549215
227.2947090905288
226.9670152869718
226.56223815885085
225.17790575274105
226.57544554513078
225.89861025070323
226.78364892663626
225.58487295693365
226.11894271291536
228.87727571766953
226.04427775021256
226.13245114375806
227.29962408131567
228.1258917265925
224.5733770584238
226.29261712370248
227.69894751598096
226.99724483901056
226.59381026646187
227.99645090925281
226.44057179319447
224.46569828740482
228.42916090324007
225.92384815216064
224.9809737945425
225.42841882952328
226.07107157131722
226.21548726229832
225.72237678231863
226.24226234699117
226.98261903072225
225.22304757299094
224.0314513157154
225.64364686505547
224.00670677629012
225.8177525997162
223.12469281821416
226.0118818653041
224.94385415521162
224.3805378182181
225.89254246497975
225.48810852807145
226.5921405060538
225.35989942221806
224.81147937939085
223.77201244748872
225.25188487151573
225.1880751026088
225.2822110858457
225.1429077016896
225.1320203008323
226.36344411455352
224.6254196989125
225.21494490113753
224.93765356622893
226.8881516209964
226.07631111967152
225.49075357256265
225.634420731972
224.09700491921654
225.05480397158655
224.19819095628014
222.6309847461766
223.28402973454575
227.02699413381774
221.64034878796545
225.28317556299012
226.49525782568702
223.75876528641274
224.9016068927173
223.55626001440245
223.82651744217708
225.7188603672488
223.7938690308867
224.5166827193622
224.56147030304217
222.07588083168557
225.20895733915526
222.3649695988359
220.79246223383936
223.51872002667395
224.3290216347267
222.01762446452832
224.42567051279133
222.98893113793997
223.75827081039034
224.7016100513524
222.36866917281316
223.909668914203
222.37107514101882
224.23741483688354
224.03795744221787
222.19681475902425
223.81968272143396
225.2652876459319
223.6320377464952
224.49154202280374
223.94594384061878
223.44176703485948
222.62421351876753
224.16843670812148
222.17231201714483
223.47907319151122
224.55602952529645
224.10894315407194
222.0784792242379
222.37628240831967
222.45851831600584
222.78670828095798
222.74185460189292
223.90083539896997
222.92909727014344
221.67156791687012
224.2271111381465
