60.68558722220618
45.55508104275013
43.84735700385324
43.056234334049556
39.78000888536717
42.05513852372252
37.51331672380711
41.06074619293213
40.749905979838864
38.92304764842165
40.1608665338878
38.27023138979386
38.90285775270955
38.843438990157225
39.08633533017389
40.72349409091061
39.90335569813334
41.2420201260468
39.45404061983372
39.08668107976173
39.892941423531234
38.108446831333225
38.353995859622955
39.492472639371606
39.98516376778997
39.59568189752513
37.62813594115192
40.2803545028999
37.09241516836758
38.12851399799873
39.44291677557189
37.900682242779894
38.430364552756835
37.18521069401297
37.16758326415358
38.05689543382875
38.383874284810034
37.1653019847541
39.9929883387582
38.99932158712683
39.52546020931211
40.30467502926958
37.8128196422396
38.320259081906286
37.16600496604525
36.80500286612018
39.34910345077515
39.01479516255444
38.78123128825221
37.40788816326651
36.58621070148616
38.87245219226541
37.85615916190476
38.87409375453817
37.35745973833676
38.609603235947674
37.70413001549655
38.24858884153695
37.68388447216873
40.053798927829185
37.51127069520539
38.53114775337022
41.429575871804666
38.10616187186077
38.65606118584501
36.19577221675166
39.68275273257289
37.12876642007252
37.80848535175981
39.035898125377194
35.261416630498296
38.42084865117895
39.57427311560203
38.6152304698681
37.978808828982814
38.09249537977679
36.21046046347454
37.25855993196882
38.60608120005706
39.63076098263264
35.38262271161737
39.800251766011634
35.6512309569737
38.68362139936151
38.09111593406776
36.39916997531365
37.50401965143352
37.42174981894164
38.35152775563043
37.485132966575954
37.8219186499201
38.1181049706607
36.965822758345766
37.00614225453344
38.99010765552521
37.27518764652055
37.69259348665846
39.429255345772056
38.2286776304245
38.541638181127354
36.089902078283245
38.799504673172684
37.32498211798997
38.979141881753655
37.86213104786544
35.347169088906256
36.16514889741766
37.96909515405523
38.901356646726875
37.04731642120871
36.38070741038898
38.50439441049921
37.63457482744907
37.62659746768146
36.46528967444239
37.00159300709593
38.24599809071113
35.69833968220086
36.997960724707305
35.833029397602736
36.24892139126514
36.645420807188955
35.56324425647999
36.636155997884686
37.355096598637516
35.25271754018192
39.00307172947917
38.196110410936946
35.59434839363756
35.87739907359255
36.80479568499943
38.32580509165238
39.52120904984145
37.10454114809119
37.55479441531773
36.69257705478832
37.42446243043604
36.22893192130944
39.476728126920506
35.37746777822231
36.11361156249868
37.21066600443988
37.30673276350416
37.8093385943051
35.52996756187801
36.76087031384994
38.11471771423159
36.678832853662556
37.86976749115977
36.01204061405412
38.3895254494815
38.39086537063122
37.41785478797452
38.56391410426847
38.78442640859505
39.23751827046789
36.47854662866428
37.70272563038201
35.68970153146777
37.92320116737793
37.02522953933683
38.33933468625463
36.9171753402414
37.0119321130473
36.07802836751116
37.70084779015903
37.43616752788938
37.4336965782889
38.509211642988795
37.52786794613148
38.27207351655796
36.44324515040579
37.756211272601426
36.34520505625626
38.15203929872349
36.997695113050526
36.88281135929042
39.04279880071508
38.33252173662186
37.823348615703914
36.842039006537405
39.639552123587706
36.87531530343253
37.38106135150482
37.517191839629206
37.74596293065055
35.82402372257463
37.81481556954055
37.83882593594748
38.38885303509647
34.61277218985146
37.97600286531037
38.68026464972003
38.007296455831366
37.12059010000065
38.03880989243244
36.60754802412
37.68394157290459
38.399363187880354
35.64891062933823
