573.2946351478839
448.50961258493624
409.3667126935104
392.1388750651787
380.4920170224946
368.3792512581266
357.52922773361206
344.47782599514926
334.34365275810507
327.06043439075864
324.6353953131314
314.2183154369223
312.63404398951036
308.3950330060104
301.83968201999005
297.31439238581163
296.74718864210723
288.8280980422579
288.89866945661345
286.79572112806915
285.24603126788963
281.0738903242966
281.980262764569
276.9902285707408
278.7532496863398
275.04483788588954
277.32152354306186
274.5598476179715
269.4422191751414
266.901155726663
268.35108097668353
266.27034179917695
262.97197913301403
266.3579498981607
261.5414397716522
259.9206453438463
265.2390854112033
265.97104031464147
259.9503774971798
258.8394981252736
259.48061273015776
253.4270593380106
253.4524530871161
253.91946718610566
256.7062487848874
253.4701294652347
250.22104629976997
247.98852146905045
252.60144914429765
249.9667344175536
253.28469412080173
248.93948115973637
248.48651165797793
245.3538853053389
248.42199282810606
250.83420601384393
247.36579294862418
245.8916917422722
243.56563654439202
243.11102649261213
243.78276587354725
244.62193313138238
240.4399094252751
241.613096993545
242.1833380008566
244.26000392848047
240.2593405082308
237.57189046103377
237.77568753012295
239.09591413366383
237.68408936467665
236.7307039951456
236.7775962188326
238.25544984587307
236.77128275509537
235.42517201653843
236.91900067493833
235.4485111154359
234.964420803662
235.78461755555253
235.12247629823355
233.13198197299036
231.86906341848703
232.09531511931584
231.4824038127373
230.60536826890092
232.44821308399068
228.08337626375
228.44762724021385
228.918287260779
228.3922916198599
228.4975962063362
225.4218817579335
223.8900970426099
225.47184425386888
224.31465788956345
229.09456844165408
224.40888216577727
223.0883603589288
224.27104494078407
224.5131088454148
223.61021262612837
226.27443736997145
224.4737374330389
226.06522564230295
223.8453467878802
218.9338080800813
221.37119441607902
223.90346051906718
222.69043994772022
219.40918603025634
220.76612119016977
220.14288595216027
222.32908216016045
219.54644738394637
219.18814623766932
220.67127360146623
217.82459532803503
219.79872858113256
219.06885766983032
216.36932315497563
214.79786953432807
218.95359714688925
217.0153159601935
214.2282817733699
217.3037434857467
216.63850740728708
216.44446569475633
213.921341369892
216.0091882245294
215.77188276422436
216.2218797412412
214.50983146141314
214.69107286683445
213.65375567304676
213.58130406922308
214.3827985319598
217.13939170179697
212.4331360479881
210.6545681501257
211.45237170416732
209.23721609444453
211.72535113630624
207.2492379320079
210.08902646344285
209.48318949650073
210.30466096976707
212.71132118537508
210.8706968406151
207.73836302346197
208.28823903922378
208.03579638744222
207.25730614826597
209.0367833499251
206.68813454693762
206.64914427954574
206.16010333340745
207.46005494430148
207.13653868642348
208.6965407420849
207.7037816705375
206.6907914630298
205.76682455786343
206.45022655355518
205.3808631979186
206.30978477412256
205.70284406892185
202.3851165935911
204.70558749396224
203.40924131048138
204.29650004156704
206.16096141831628
201.9749719767735
202.35064440760118
199.90852390486617
202.54872877844448
204.38336973354734
201.34319144281847
203.8447104322499
205.18625490418796
202.70351545975126
199.06481862890308
202.54610099052562
201.91099966805558
201.1896562000801
201.48666818388577
200.56307490118618
199.51398081615054
197.93263309577415
197.44743321270778
201.7659124958104
199.6423977983409
201.40928928605442
200.36950713190538
200.837827107002
202.07274213741564
196.49289420966446
197.64078284132069
196.2631577787728
195.7974264580628
