1322.540273475647
1295.420201587677
1288.2873755455016
1275.3442684809368
1273.659197362264
1272.5354605356852
1264.5247744878134
1262.0647022883097
1255.3114619890848
1254.411192671458
1249.9813963254294
1246.5118515650431
1243.8622137069701
1251.0719530423482
1254.6655826886495
1246.6481578826904
1250.1165672302245
1243.9471451441448
1240.8589911460876
1233.3705133120218
1238.1893167177836
1234.921300061544
1241.0259105682374
1232.0638758977254
1232.797186279297
1227.1769623756409
1234.9378889719644
1234.1341060638429
1237.4528601328532
1235.125837834676
1235.275451183319
1229.4924621899922
1228.3652081489563
1226.3378542582193
1230.3292256037394
1226.5860143979392
1228.2699903170267
1224.1349815686544
1227.1155742645265
1222.3409295082092
1218.1254729588827
1223.4185759544373
1216.7567041714985
1218.293103981018
1225.1584215482076
1212.0444870313008
1222.9141745567322
1219.0007886568706
1216.0596174558004
1220.980075931549
1223.0524275779724
1215.1237264315287
1218.5551772117615
1219.027507019043
1216.017668914795
1214.4902512550354
1218.0984919230143
1213.8926226298015
1218.9585567792258
1215.7738067944845
1225.449040699005
1217.025683816274
1212.6553085327148
1219.5051537513732
1214.4290892918905
1211.397654438019
1212.3481991767883
1214.6782544453938
1214.1016792138419
1223.130340496699
1210.7787738323211
1207.573610719045
1210.0940797170003
1219.0981082280477
1214.6907540639243
1212.7897362391154
1212.0427995999655
1209.7434683005015
1211.531952126821
1214.4155251502991
1210.2350929896036
1208.8565097808837
1219.8491064389548
1209.022705968221
1212.206287542979
1216.5016795476279
1204.9203910191854
1205.8699336687723
1206.182285340627
1214.6224352518718
1204.2283431688945
1210.772894446055
1206.7507785638174
1217.0881959915162
1209.618085193634
1203.7425943056742
1211.999358622233
1211.2617947896322
1215.6469502925872
1205.689462153117
1205.2165520032247
1210.4329208691915
1207.5714748064677
1207.0083722432455
1205.993169593811
1204.0646566390992
1214.3604149182638
1213.8491028149922
1207.4564771652222
1205.8635294914245
1205.0609069188436
1206.6448853492736
1210.486253674825
1203.2427436510723
1204.8301685969034
1209.7546511014302
1204.977940686544
1197.2954010009767
1206.7736305236817
1204.8495589256286
1207.389479637146
1205.5778149604798
1201.4882943471273
1213.7787167549134
1207.9985323905944
1209.2600942293802
1206.9970078150432
1208.5064969698587
1204.120527903239
1210.9883074124655
1205.993516667684
1204.8628556887309
1205.008686319987
1203.4513181686402
1205.5430716514588
1204.8010974725087
1206.2053496996562
1202.3764881769816
1209.6084259986878
1201.495129553477
1205.3623305956523
1203.4556464513144
1202.878881708781
1211.7031523386638
1208.160910065969
1199.696400229136
1198.8158482233682
1200.912341594696
1198.2050104141235
1203.5098147074382
1197.5733956495922
1202.8440059026082
1203.7632656733194
1199.0586305618285
1205.6802571296691
1206.6464765230814
1194.789454650879
1199.5733660697938
1200.7814129193623
1200.4372465928395
1199.8232495307923
1198.4124632835387
1197.732675266266
1206.8928040186563
1205.4148873329164
1200.045821317037
1198.165195496877
1195.0281612714132
1200.1052269617717
1196.9778458595276
1199.5189730008444
1193.4694958368937
1208.418573697408
1203.9045666376749
1195.350678507487
1207.737601105372
1197.865379301707
1199.1027991294861
1195.0220793088276
1201.653286743164
1205.405052534739
1203.7912055969239
1200.9301751772562
1201.4416216850282
1200.7797366460165
1196.271592060725
1200.6646566390991
1198.8544513702393
1205.3076211929322
1197.5863518397014
1200.415229956309
1198.6134844462076
1195.0451404253643
1199.1146393458048
1209.4657404263814
1202.317256418864
1199.9970783869426
1197.0598595937092
1206.166440931956
1194.4842506726584
