3529.7450786590575
2404.080540974935
1970.0156496683755
1721.7070104599
1549.5509028116862
1416.3525769551595
1313.0366928100586
1224.7888637860617
1161.2739951133728
1115.064221350352
1063.6087645212808
1035.7429546356202
1005.1343647956849
967.2398101806641
936.9000728289286
909.2618084589641
889.773518371582
864.9284478505452
847.3344846089681
830.531634012858
813.0390003204345
797.988383547465
782.0057881991069
767.1948946634928
753.4254130999248
742.6973284403483
736.8235768636067
724.7509001572927
713.2702839215597
708.8891467094421
700.470135418574
688.9830493927002
682.7591244379679
672.6024052302042
665.6364549954732
657.1724050362905
650.5163732210796
643.4477926413218
640.8323546727498
631.7474768797557
626.9190484364827
624.2542330265045
619.0392069180806
613.4440134048461
609.5142691294352
605.862613360087
604.2667179584503
596.1754805723826
597.6200146039326
597.5536995569865
584.3063322703043
583.0623296260834
579.1233377774556
578.7537151495616
573.4332379023234
567.3181561787923
568.5760685761769
565.0946495056153
560.2091643015543
554.1809844175974
556.3926636060079
553.5748195330302
547.8662165164948
544.0527841885885
546.0638386249542
540.5485798517863
540.7132401307424
533.580332326889
534.1414406140645
529.9883656024933
526.6990598678589
530.330761273702
527.1447170416515
523.5071336428324
520.4356787522634
515.6729532400767
516.244465192159
514.3354991277059
514.4108572324117
506.3112608909607
507.1979077498118
505.1128541469574
503.7482621510824
500.5640204270681
498.68944401741027
500.3459397474925
498.9297816594442
496.71913771629335
494.27366978327433
490.3933771451314
487.60292884508766
488.9273755232493
486.9980761210124
486.5975653966268
487.5619476795197
491.03154412905377
485.4334821383158
483.7070542017619
484.8696974436442
483.10994839668274
478.5189145088196
479.97714619636537
476.2657656351725
475.4930493513743
474.7652769088745
477.3814731915792
472.4998270670573
475.8571924686432
471.30258394877114
469.07131927808126
470.91421275138856
470.31423095067345
475.83458515803017
471.853477080663
468.5350484053294
472.2806426684062
465.6929115931193
462.8811024506887
459.0673880894979
462.18925965627034
467.00829370816547
463.3523285071055
461.86822530428566
456.633048470815
457.4386957804362
452.6426331679026
456.59349451065066
454.860569858551
457.147662003835
455.5277563095093
450.9343689282735
449.2852696895599
446.02867558797203
452.3284156322479
450.40818367004397
448.04238516489664
442.0185219605764
444.42060379981996
444.5886859893799
444.88318235079447
444.6392949104309
443.9470513502757
442.4015505154928
446.9129173755646
441.97194237709044
439.24647261301675
439.07659837404884
440.40345838864647
444.83926568031313
438.07208189964297
436.67747066815696
439.41814034779867
437.6178670883179
435.4704151630402
440.78840810457865
437.45285805066425
437.7370300134023
435.96908683776854
431.0156626701355
431.0986396153768
432.42159201304116
434.30190978050234
433.72092129389443
437.03502643903096
434.02096536954247
432.43042678833007
436.34988102912905
432.9969305038452
433.04486049016316
430.55786004066465
428.0778743584951
424.07882661819457
425.6076903502146
423.7595990975698
426.0870812733968
420.5063628196716
422.70145355860393
423.5264363129934
422.9047616004944
418.15407587687173
418.8885100364685
417.93054587046305
417.77662577629087
416.9297739982605
416.7923968633016
418.6351344426473
418.05140419006347
417.78234367370607
414.722235584259
414.0153728802999
418.3245820681254
417.7939870039622
414.8997343381246
415.1562131245931
418.11598552068074
415.7706580003103
415.65192492802936
415.21734183629354
409.3072808265686
411.377092329661
