144.47721983646525
100.5310073166058
83.86084423599571
68.82095954952568
59.46413477741439
54.489665366452314
51.33755824689207
49.53424460209649
48.67554040201779
45.43621027675168
43.17597564797977
40.451734676443294
38.49947083253285
37.335650063280404
35.1474884347669
32.717923037964724
32.65530558803986
31.41707033586913
30.80953180378881
29.15080919450727
27.42008987737113
27.766986784236185
28.171693546247894
27.185639465677326
25.83246029810659
25.12798268861812
25.247087246898946
23.841542854391296
23.667708894815938
23.302561796944715
22.057026241616956
21.87687117477943
20.420487453711445
19.635563846806
19.8483746976688
18.492975887296527
18.52407327641187
16.542709182690956
16.768571351622715
16.30943264067173
16.480129150224144
16.175786869793104
16.14248342837753
15.00207432218153
13.953600771018657
15.024759620074825
13.487080473838182
12.873938956779652
12.500616289032944
11.645989439225403
13.08444096449891
11.919627149685704
12.041878962632397
12.149961199868342
11.301668800156692
11.412030866433835
10.171663251994499
9.868301890469317
9.893370131223366
10.425823250303752
9.684137136257927
9.389575657723793
9.687765682758442
9.52214210981439
9.008145023651164
8.805920059824812
7.772957154678116
7.399579253689996
7.595100179057697
6.718219331562005
7.605502767295673
7.611987019664254
7.075261106521919
6.6465027679143285
6.808049875857501
6.518620893294955
6.565015294428529
6.85782444798227
4.343917173301351
6.663479867166486
5.689637243490795
5.749629355967045
5.3991075522940735
4.565400928258896
4.849247085123227
5.6748971511320825
4.235711914968902
4.373969965967639
4.042572089567266
3.59505511768933
3.2636846468366425
2.707721150383867
2.6001551891195365
2.7772474759097756
1.6592605874456208
4.383425023021369
2.238594555649264
2.271292763537374
1.749909106256633
2.3202761470757682
1.576298206016935
1.8333592861890793
0.46090419564781515
0.7073674810857609
1.087150023415171
0.5032057484676098
-0.10990005680199327
1.1176404051225761
0.8186670212910093
0.5631581447247801
-0.27997584640979767
0.6089390603632763
-0.10018876130724776
0.47497576166843547
-0.030785522584257454
-0.40948901993447334
-1.7721503207395817
-0.4224530304300374
-0.7521883480507752
-0.23797925073525
-1.2378432177777947
-1.200338189458025
-2.426746943901325
-1.5756478443227966
-1.5894384977632556
-1.2103784248746674
-2.6649460612699905
-2.682506257090075
-1.9830264551886196
-1.361974407115887
-3.2734507378833047
-2.2328913083364226
-2.755842935422371
-2.0398991454778046
-2.4257125741448897
-2.0202758964793435
-2.8789047706743767
-2.9564486469688087
-1.9372451870605862
-2.9345553756274025
-2.60680718514426
-3.5792638448805643
-3.180191305690798
-3.5355495335213067
-3.356896368594005
-3.592561075913495
-3.692489746829559
-3.7274799269848855
-3.1884860961601653
-3.931121477793003
-4.192346064181163
-3.465024700966375
-5.5966898017916185
-3.8422532585160485
-3.9868339325847297
-4.98959318471366
-5.154829066375206
-5.17124997490439
-5.435277408566968
-3.572993357119889
-5.270938514635481
-5.872140843806596
-5.804303005851549
-4.4816681023301745
-4.69399442292493
-5.222133669873764
-6.639442566653778
-6.789351362606575
-7.071763507251082
-6.202902673647322
-5.469137921415526
-6.499840733819995
-7.018712401903909
-6.530007548373321
-6.566514064011903
-6.5301624562205935
-6.573355991778703
-6.54901852946857
-6.401597940202417
-7.423147863869009
-6.947254856598788
-6.059799612596117
-7.583998196083924
-7.874549915050638
-7.320080699077968
-6.643803116576425
-7.407515306411119
-7.110542927322717
-7.8526764943681915
-6.90073074400425
-6.230628854241864
-7.237098059777556
-7.650694975051387
-7.937548475018863
-7.818092282476096
-7.598411880690476
-8.110934687071833
-9.263989563132155
-7.858679441028628
-8.158941850066185
