562.096374686559
439.7986706614494
401.8081164638201
374.081151441733
358.1426248550415
342.2648944000403
336.65103938579557
328.2255194962025
319.55602385004363
312.2082128485044
305.73687778313956
302.90189829071363
296.6154647628466
294.05468730131787
289.17283544739087
284.8849924504757
281.67349040110906
278.45438328385353
276.5832757095496
273.4084933678309
273.1378739158312
269.9960539708535
269.9746665418148
264.91622285842897
265.5978837370873
263.20104467173417
260.2614868670702
261.87111784617105
258.0012832512458
258.51971127887566
256.62162625193594
254.0444081793229
252.74864790936311
253.86384448309738
252.53332323829332
248.0125955750545
249.45853600800038
249.2472263733546
248.87819634576638
248.06800713638464
245.82830103139082
245.2116433441639
242.94725381881
245.22749139666558
243.98047123849392
242.73196735034387
240.35990686366955
240.4117408454418
240.50805917779604
238.22196368624768
238.1163812910517
235.25710880408684
235.50877961417038
234.52946763709187
234.96807064116
235.30445043295623
234.17151148021222
234.16159627934297
231.98597968891264
232.38536836616694
233.61132090240716
230.7060321589311
232.92485092480976
231.8683282673359
231.23369139432907
234.40685165872176
231.28016794423263
229.22313128163418
229.16896450345715
225.86632412886246
226.9858592433234
224.9837656237185
227.54196530853707
225.3236954341332
224.85373903935155
227.1889132966598
225.93378802090882
221.83413730201622
225.70514910724015
224.9595944085333
225.3709035307169
224.85175256220003
222.23398749083282
221.9606978835538
220.6712305876116
222.28866071915255
223.5340022288263
221.01401185703773
219.96093452014028
222.4507730643071
222.1442860705157
220.84553255395343
220.03087773186465
221.02947590202092
221.9657093043478
219.6724030195716
219.25440260814503
219.75939885129532
219.98546865781148
216.75771238316472
217.06790318849187
218.27778475376155
218.7018371625493
217.72816817462444
217.85430868479114
216.54484931627908
214.85390962958337
214.76846068054437
215.16456078588962
218.82921345463643
216.03813831334313
216.79267579341928
217.37407825804354
215.5693101912737
215.91553531115252
214.4650971541802
213.32296890492242
214.92200748945277
213.51323756525915
212.42789559715118
212.0055926303069
211.09117288850248
212.316297232608
210.6518144475917
213.57063353583217
214.53378782911847
213.6673805602516
211.51525144303838
213.26378726406645
213.28442906712493
211.86460026254255
213.02726392050585
212.12822362035513
211.3061218306422
208.74051126961908
211.79327381849288
209.88912046849728
212.24128816202284
209.98369668722154
210.10944171361626
210.41718203437824
211.18451010566204
208.70480413163702
207.19447993313273
209.25005782519779
208.51808659310143
207.75616341183584
206.79805298348268
208.94390110423168
208.79232610619317
209.23370459961396
208.61660779664913
209.77485875884693
208.0768783738216
208.42153999457756
206.69753025273482
208.4013869424661
208.82354698429506
206.11320917109649
205.45291626726586
206.85057282497485
205.36138068089883
209.90562860245507
207.13970967059333
208.66128778755666
205.779517942667
206.15596463779607
205.23853648950657
206.8497138020893
202.898277122279
205.1202897762259
206.59239971538383
205.68704057311018
205.1002235919237
204.59163836153846
203.82269277597467
202.86548355172079
202.704390446345
205.41118124028046
205.03032517979543
204.56392454952
205.56360135575136
202.8259972800811
200.67379728406667
201.30623236596585
202.91252904434998
202.3902565094332
203.11588387414812
203.39318766941628
203.81507731278737
203.34370474765697
205.17474571565788
202.31335821102064
199.3718275591731
201.81679237460096
199.90509671866894
202.12373311519622
200.55809086710215
201.1323419176042
201.21321293860674
