804.9255817731222
703.0134447733561
662.7445305506388
631.6621025641759
610.5490204493204
603.1112947305044
594.3335888862609
566.006269343694
564.977728954951
558.2384355386098
559.5977974414825
546.3559963067372
545.288674680392
537.6828931093216
532.636924068133
521.9200229247411
516.3197281122208
510.17287525335945
509.5189581076304
500.8926796277364
495.2932085911433
501.0807517051697
490.7301944891612
489.0540094216665
485.5421504497528
484.83433123429614
488.5332229614258
479.7198387940725
474.6684849421183
474.0175939877828
474.3173838774363
466.5042267402013
470.6974521716436
463.42754134337105
467.441011929512
463.478986008962
460.94533694585164
460.7916157881419
461.58835775057474
461.7001211086909
455.05488245487214
455.32847955226896
457.17231028874716
447.7907544453939
447.213133641084
450.0969403306643
447.2299542069435
444.91090070406597
447.47323485215503
443.7923416852951
446.29772419929503
447.8401007056236
444.49621934890746
444.6459092219671
446.66917936007184
441.34098920822146
441.2022823969523
441.55483151276906
441.302527542909
436.3509777704875
437.81453606287636
436.96464304129285
438.009606552124
433.3012780666351
434.6984078725179
439.710733906428
433.8031086206436
436.5148973464966
429.2554296374321
433.51199091672896
437.18590241273245
434.14370417992274
432.4019555489222
425.89412140051525
432.41824365059534
430.09146687587105
432.60838101704917
427.4375375390053
429.5279699126879
427.2291979789734
427.0621660868327
428.25299444198606
422.1818166653315
425.02768932183585
429.6933834989866
431.521766769886
424.9879507700602
424.7611895720164
427.5245674570402
424.8751904527346
422.77387096881864
425.1177505413691
421.30326085488
426.1469509681066
422.0757354736328
419.0243088960648
423.0378047267596
421.01399418115614
421.97599031527835
423.3480790813764
424.7613759438197
419.63064209222796
416.5458516518275
424.46065220832827
416.5924182335536
421.71867237091067
415.5559088309606
417.99824810822804
416.66135438680647
418.1245943228404
413.04979368448255
416.0594579378764
414.13867242733636
415.7705976208051
417.5601275642713
411.4361520210902
414.0838072697322
415.2033851822217
410.8185207883517
409.3998055934906
410.7281480987867
413.4624272664388
413.0387310266495
412.5203234195709
415.7428606629372
414.7196801106135
411.6880602200826
413.14991943041485
414.40499554077786
410.641514023145
410.4939838687579
414.73627862135567
415.970644001166
413.84570916891096
403.24588715235393
408.9763380527496
413.09148292541505
408.0339228749275
412.9519019961357
409.86412506103517
408.7600052038828
407.1580188393593
413.4435675621033
411.52330182393393
410.94855005343754
411.13342344760895
410.99704978466036
409.3185910105705
409.3605613986651
410.383161063989
406.1268807609876
405.5995075345039
412.1505287249883
408.0590430855751
407.9683828949928
411.76360197464624
406.8602780501048
409.2881126920382
403.5115150332451
407.90828431447346
410.969032339255
405.15740625460944
409.1840840895971
410.5787621776263
408.6095436453819
406.6557620167732
403.29206460316976
408.2476717154185
405.0085248112679
403.67339750528333
407.430135345459
407.03734416564305
406.2173882087072
409.48656396865846
403.88383891582487
400.49613909721376
404.4065995256106
405.2283143401146
402.84319010178245
399.54855112234753
402.450931541125
403.1358884294828
404.6539851029714
404.2146103421847
402.5008287469546
400.1244546612104
401.3452092607816
404.80915905237197
402.88804128964745
400.88500034014385
398.94616448084514
404.86457494894665
400.4041227459908
401.70979302724203
404.61209607919056
402.47661602894465
398.5497254729271
401.34255139430365
404.6145491520564
397.40313930511473
