1294.232627013634
1243.4327570487712
1225.304484005632
1211.265668803248
1205.0890130338998
1176.569789524736
1203.7546915185862
1150.5324755372671
1187.6503743138805
1160.7062225341797
1162.1364156788793
1139.245460740451
1158.9533337560192
1159.0403522622996
1153.0430355729727
1121.7463297679506
1161.2770274918655
1096.803117423222
1156.257701413385
1111.3151035966544
1114.9846037831799
1134.0346387665847
1148.5746659245983
1123.90663643541
1130.5682873561464
1165.8662980836014
1144.2466516823604
1123.4008960395024
1086.3730336222156
1135.0972142055116
1133.5707497432313
1150.5580690975846
1126.9954332483226
1106.978209659971
1129.2616058218068
1116.0820681473303
1120.4212019032445
1102.493956171233
1151.7754024637156
1150.492139290119
1134.0710741569255
1103.230533534083
1123.9427690834834
1128.5622413569483
1121.581077707225
1105.8685389551624
1117.8015948986185
1097.7002688440784
1120.1375162190404
1143.2375073926203
1102.7466760503835
1127.390052992722
1107.7030510737977
1105.3723997576483
1108.847317629847
1120.7624621884577
1111.2245039117747
1111.8507417152668
1122.9727091624818
1125.3521570994935
1090.8821307215198
1117.9987005365306
1114.3161891739944
1117.068702204474
1096.9189410374083
1115.7808766858332
1120.842848876427
1101.982703324022
1149.7269891212727
1104.396480691844
1111.3401923344054
1106.1040272219427
1092.616007837756
1075.2508694550086
1114.0275105443493
1129.8058487793494
1110.1241481386382
1127.37497441522
1121.524819735823
1100.2741838981365
1105.0228927546534
1129.4564257654652
1118.3736809697643
1107.80089026484
1123.175971458698
1094.1329121754088
1103.7474164633916
1108.8333911895752
1107.5007798425083
1109.172448848856
1079.6453263841827
1085.4181166681751
1107.039401942286
1132.0643753841005
1121.5172743632875
1081.3926166665965
1131.4300056983684
1120.7928212593342
1089.113481061212
1120.62596735461
1100.4038491413512
1105.4323296053656
1128.530154787261
1130.6704184762364
1102.3411888911805
1124.3514548992289
1117.24387754243
1118.7083236431254
1071.6242724615952
1114.1011145361538
1087.5312512496423
1088.010230064392
1094.9141587224499
1111.1717223463388
1096.0935893223204
1106.1474232673645
1077.2924581396169
1117.8698758750127
1100.548767944862
1114.2909103590866
1110.3077437959869
1118.0683049497934
1091.733806478566
1085.8182636129445
1106.9891796440913
1085.2854785261484
1095.3491475664337
1095.0942502186217
1089.9771480889156
1117.9720120265565
1093.0099320247255
1099.3103692284947
1080.6352138190434
1090.497396041607
1086.0188818142333
1102.8113511184167
1105.3837499947383
1088.0454603721355
1089.118529089566
1083.7499626751603
1083.1402040021173
1083.4664847933013
1064.7748390723918
1087.8828199320826
1090.896201955861
1081.6729016797296
1084.8528794584604
1074.6151927421834
1076.2004483321618
1099.6959221609707
1083.2869071302744
1085.1349198242713
1093.3980664549204
1106.470186595259
1102.5904338442047
1076.8201915806737
1073.6730614695057
1063.8007507324219
1073.5165650926788
1074.6701995586527
1108.6692673255657
1063.6346728226233
1105.928022318873
1077.9311825982456
1089.7568234410778
1107.3735056910023
1077.180076072956
1086.618010816903
1074.8824678618332
1068.850697320083
1079.872027923321
1085.8859539689688
1102.5353955564829
1068.60340864905
1103.650135188267
1078.6694089626444
1094.8452270442042
1057.3830336044575
1096.4680369804646
1079.7815359378683
1098.1376974829311
1067.4473276467158
1070.018332448499
1081.862785602438
1096.7486756423425
1076.3481180585663
1052.5434989271494
1082.8640297199117
1068.0731828294952
1074.159469999116
1059.1257464310218
1082.3507776753656
1086.160365992579
1072.5038958911239
1055.6008209360057
1054.7077586733062
1078.255323081181
1059.67431436736
1093.5199738535389
1090.7640740953643
