261.53589852925006
253.69194571725254
247.13211299222093
242.9618964606318
242.93399188025245
239.7456552776797
241.26754540410536
239.1655070987241
235.09626839489772
237.75367529638882
238.16346411047311
235.04516585530905
237.0661906702765
234.09543010695228
233.28993267437508
233.34732939868138
232.9972574135353
232.72817286129654
232.41666743673127
233.68264884784304
231.571394332524
232.69494524495354
230.901891794698
232.0723685724982
232.61316058964564
232.75298077895724
232.35308234033914
230.0978911991777
231.6094495263593
233.12572256861063
231.85099586125077
231.6686364617841
231.90299544663264
232.32673173526237
229.57536386210342
230.1132954893441
229.2775148769905
230.56776128555165
231.89018521637752
230.62456606174337
230.46218849050587
228.55252039432526
228.7545596772227
229.0151047131111
229.3449659840814
230.01154095551064
227.816717530119
230.76494009330355
230.28058484504962
227.7584645789245
227.68862104004828
227.5108316849018
227.52932847368305
229.04357140228666
228.12225026508858
227.86704891714555
228.54964239021828
228.519546693769
229.47148988164705
228.3021551822794
227.9897756247685
227.0231495561271
229.8942747691582
226.65229077585812
229.82414733130355
228.66278960787017
229.1642949375613
227.82017078892937
226.70241741887455
224.87060104567428
226.95131027698517
226.2921267994519
226.41182912629228
228.47966325694117
225.54929027886226
226.79052877837213
227.14788304937298
226.36133215345185
225.50190800633925
225.12577750765044
227.2055401925383
227.02908714064236
226.3668803141035
227.2677299483069
226.31127604122818
227.38484865632552
228.01290194330545
227.99808615651625
227.9417569472872
226.82625673146083
225.73894836984832
227.13382751777254
226.70057744404366
225.73861907268392
225.28318832660543
226.16173515648677
224.4625124273629
225.3029794939633
226.96567890972926
226.41688707368127
224.21225269909561
226.27425995366326
225.15701878481897
226.50648712289745
224.9580680625192
224.56751216280048
226.32186581759618
226.18725297368806
226.89047034855545
225.44487986071357
227.18041351334801
227.2088853449657
227.0451351321977
224.53354870861975
225.4401863361227
225.38524278690076
227.0196276862046
224.75907037587
223.68539839777452
223.12754499501196
224.9147412776947
225.14195137188352
223.47153018260823
223.8892627707843
224.73996726397812
224.17916855318794
227.61909287140287
224.9918395527478
226.2274467945099
224.67104971408844
223.4453904464327
224.17902677634666
224.53366368803484
224.21769242862175
225.04892351709563
222.05685714606582
223.7311896003526
223.70359084112891
226.4851756013673
223.42259750695064
222.7543923484868
224.04520971610629
224.69413047823411
223.21413162658953
224.1956704402792
224.50061415392776
222.87487538518576
222.15291238242182
222.946687443503
223.96233767887642
225.6890939227466
223.0712051679348
221.88470419110922
223.77165522657592
223.30644706610977
225.58376076714745
223.3458978348765
223.6766554898229
223.97133933264632
224.83904327606334
223.6858407998907
223.47538422305007
221.31968204728489
224.44576085024866
223.0282052508716
222.84738116839836
224.64904578389792
223.0615553609256
223.56162715369257
222.34504099549918
224.14232623577118
221.24919759816137
222.67604348577302
224.25505045364642
222.70269052324625
223.5153884106669
221.60639986498603
221.61480557507483
223.87576839019513
221.80794160530485
221.07579603277404
222.79589774690825
221.97670472901444
225.0078738722308
222.08181271881892
223.92206370008404
224.02259576320648
221.38145686018055
222.7241783840903
221.37174936820722
222.0031693680533
222.6817559949283
223.01680273023146
221.230506917526
219.87005392436325
220.44533242439402
223.61989412225526
223.44118569637166
223.04492136527753
222.13425007359734
