725.2038682937622
647.0108657360076
609.034001104037
582.920997985204
576.4028500477473
559.7870749870937
547.1419795354208
531.1477291345597
522.7063266913096
506.23471052646636
505.0218322356542
496.6735503435135
486.48797128200533
488.902549235026
485.1198276281357
489.59174422423047
484.0121986468633
475.0641245524088
476.682568971316
471.64293854236604
468.6146644194921
464.27748346328735
465.27565941015877
459.7491677204768
458.52581572532654
459.7904047807058
451.8928999900818
457.5109809001287
456.4318733135859
449.6426244258881
455.5567601680756
455.97351267337797
449.9702439705531
450.0607806523641
451.1682788570722
444.5377017498016
443.3108092069626
444.11140278577807
441.3561112721761
444.23145512342455
442.26197693347933
440.4840558131536
444.3307535330454
439.41077039241793
444.39545069535575
439.09804367224376
434.4467775543531
438.80780668258666
438.99827740987143
435.0278206626574
431.2466302275658
433.1940443913142
433.1774361769358
427.42783731619517
432.86818294127784
434.54340494473774
431.44020152489344
433.2216835061709
431.18886471589406
428.69155504306156
433.13142270644505
434.28536327282586
432.56360766887667
427.77674130598706
428.27700877984364
426.9955878297488
431.2609960993131
427.47183812061945
429.55550711949667
424.8933122118314
425.4230137308439
425.72977977196376
423.7802216966947
424.8368181268374
424.1531768719355
418.8233986258507
421.54040676752726
419.96671960353854
426.10295576254526
425.4737720410029
422.8218857924143
421.676669160525
422.01128641764325
420.28203011751174
420.2351110180219
420.1192377924919
419.45350107351936
418.67149716218313
421.3228646953901
415.5076127886772
416.5123530983925
417.5194781422615
420.72060064474744
418.624959230423
416.9777459065119
418.10044749180474
416.6134220520655
418.6508214910825
416.2564043521881
416.030253191789
417.86224438349404
414.0168363134066
413.65376036961874
413.74609948794046
415.2042608658473
414.8502289732297
416.7857044259707
415.5770429412524
416.1187395811081
417.3368595520655
415.03035607735313
410.13329072793323
413.27358953555427
412.51505690018337
413.2999284585317
410.1598129471143
408.53043944040934
412.32604079643886
411.2707232197126
410.5694965402285
413.7342728217443
408.69931219418845
415.5477500081062
410.993952357769
408.2890897870064
409.68950392802554
409.2418078025182
402.6246777733167
411.282427640756
407.2923483570417
411.30282681385677
409.6361282229424
408.08240987062453
409.84209425846734
406.26473898092905
410.0590052366257
403.850799715519
408.92439159552254
407.1826313018799
412.7328120470047
407.64075856606166
405.94001288811364
410.32441400289537
407.55677235921223
412.13065278927485
407.1372705896695
409.1948178529739
408.12773508230845
401.1806239883105
407.61805711984636
408.71118171215056
401.29182742039364
409.2898556232452
405.5310829838117
409.3681617617607
405.11811752319335
406.10239351590474
407.5516065041224
404.1603941440582
403.97787456909816
406.8743554552396
408.34801798264186
403.99238928953804
399.91560940742494
402.84971321026484
404.6277553280195
399.63743858337403
406.8685725172361
405.4647805651029
409.18052665789924
401.6669576684634
399.41274182399115
401.3012605150541
401.7790483991305
406.7619472225507
402.5857082247734
402.45392516056694
402.6425217151642
397.7936019062996
408.37365968227385
402.67275450229647
398.4845120946566
403.9713150858879
400.38324847618736
407.12333999474845
400.1504255056381
399.088400220871
400.4472479343414
398.4881131092707
401.4345556855202
406.1659264206886
401.37673099040984
394.32975430488585
402.7236071308454
406.3421393672625
398.54736002286273
395.71089622179665
401.590117029349
399.1474334994952
397.2081976334254
