47.139364264134706
23.522924884639938
14.487036674247316
9.064137430797363
5.079974645684505
1.8762052624390042
-0.0949723507309782
-1.2775964454330246
-3.577912466793225
-3.9335246504894616
-5.908962964497763
-6.034542918976011
-6.550572648644447
-7.436963285865454
-8.332960460720392
-9.057712882243354
-9.991215040457659
-9.21017256790194
-9.972476140178482
-10.403737835329155
-11.75782723365159
-10.994179102881201
-11.273218218108703
-11.865406290210526
-12.003904557433621
-12.009085155766586
-12.762525807680754
-12.644951205829095
-14.122401580728333
-13.379129693425934
-13.828410223640244
-14.205866574213422
-14.676576743352003
-13.190674025950761
-14.651753631645235
-14.95322669580065
-15.451177794357825
-15.806065216146667
-15.62497559755013
-16.294818510269298
-15.835069591629095
-16.478962249283132
-16.464373093740694
-16.809449184043654
-16.488392587365777
-16.410443022333343
-16.930465031800598
-16.065138064581774
-16.961001856573695
-17.01073543059415
-17.036292070972507
-18.144070927439063
-17.45400702696422
-16.837626685356273
-16.818155899130065
-17.0979845272056
-17.067562472717515
-17.612540355530278
-18.36186248680641
-17.385949426683887
-17.245206751700106
-18.267468287513175
-18.204321902373742
-18.089397299906302
-18.550667128686246
-18.57322765938167
-19.00850273514616
-19.201183498933396
-18.481945593295425
-18.174045548356812
-19.689331765318737
-18.654638975344856
-18.558673474295386
-19.109126570923575
-19.047456827656976
-19.662371322512627
-19.426810308777053
-19.634306825440504
-19.74186718669431
-19.17254792924585
-19.50200354590498
-19.094389917521642
-19.764868291287588
-19.606406007347434
-19.452260717235763
-19.987205302920835
-20.437778529422037
-20.121219652480093
-20.472788015316272
-20.392391747441785
-19.861385067989087
-19.93681663634448
-21.096544516497644
-20.22097117941955
-20.564556582220668
-20.802677747504465
-19.98687050671413
-20.591348549929158
-20.29980873650518
-20.206723481930535
-20.86384755373001
-20.616823923998865
-20.4040212343479
-20.571940379409956
-21.11767673903498
-21.243515360458144
-20.784521621362916
-21.06027411797951
-21.479806808562113
-20.822806977506342
-20.637676937826747
-20.920623418586008
-21.866973751577838
-21.18814296969052
-21.2358340333248
-21.40871166463556
-21.86839608025962
-21.78371906999884
-21.725617369701123
-22.06723602475791
-21.687059100845765
-21.7169106839032
-21.643896197450573
-22.084044775058484
-22.172253663169926
-21.979406870644667
-21.88782138454503
-21.620397618104672
-21.422789027978634
-22.30673903843452
-22.05344593524933
-22.020940938900257
-22.06395503313377
-22.237732823552758
-21.91099438790617
-21.445649265215316
-22.55807836353779
-21.715671295235897
-22.73933656873374
-21.919670096759138
-22.56369825992091
-22.658854410566132
-22.32759963027362
-22.384587479562594
-21.91353058917769
-22.648881939978434
-22.861199097386724
-23.24338398514123
-22.217612470532284
-22.352515189298266
-23.11612541202841
-22.85467130973421
-22.540097197581982
-22.62911699969193
-22.632796910302392
-23.21499887519869
-22.92620163642127
-23.296517632130918
-22.78160923719406
-22.930006163901297
-23.184550327473673
-23.11806843558262
-23.512418917540845
-23.71406053982932
-23.175912043143963
-22.97556799444659
-23.563474937759597
-23.339361879332312
-23.077783641630205
-22.842616884872832
-23.027317121111114
-23.331056444809356
-23.015803384369818
-23.865854135875043
-23.378994923213433
-23.222205772482116
-23.89868702970702
-23.806774749838073
-23.642322421073914
-23.08721498682581
-23.36532741579516
-23.778442279018204
-23.352018059327683
-23.492870742904728
-24.535990605066562
-23.092960385413004
-23.337912255320056
-23.27899608324314
-22.973790274611837
-23.208885278167397
-23.482333029652462
-23.64201626078836
-24.33408245135998
-24.140426611078198
-23.36029731816259
-23.748259470380585
-23.723683688147315
-23.194584480647382
-24.048923428716332
-23.42250162465819
