102.01689668893815
65.42862379749616
56.808400719364485
52.26648646195729
48.660471467177075
46.19168472687404
44.89372472961744
43.01059681077798
40.870303585131964
40.611821454763415
39.03134767015775
37.01184828281403
35.35208963255088
35.39093435605367
33.49273750980695
34.00293055176735
33.45105821192264
32.03234150707722
31.73690002163251
30.841866747538248
29.349564104278883
28.671739861369133
29.159941819310188
27.90504954457283
28.791329891482988
28.57935510377089
28.353554175794123
25.66003862073024
25.911767761409283
26.012710294127466
25.49184078077475
24.95646572113037
25.453859280546506
24.939676359295845
25.17807548145453
24.199914888044198
24.324444168806075
23.422502039372922
23.910095332066216
23.47586522301038
23.396160182356834
22.70648417373498
23.309675074120364
23.533646930754184
22.577459359169005
21.840120592713355
22.548554062346618
22.214182008306185
22.33440778652827
22.496911053856213
22.631694870690506
22.420819807052613
21.83738248348236
21.909408537546792
20.933359251419702
21.37446538557609
22.21207325855891
21.838979506492613
21.42490527033806
21.91636749356985
21.320815245310467
20.60569620728493
20.292340409755706
20.927702092627683
20.431512796878813
20.61151011288166
20.77788831392924
21.03625258853038
20.327376033862432
19.782489970326424
20.011258874833583
20.567596127589542
20.393310140570005
19.521203733980656
19.850691934426624
19.530782712996007
20.07419823259115
19.63166017929713
19.92724536458651
19.02929695745309
19.305622181793055
19.06256262511015
18.89123590240876
19.809234046936034
18.662875076135
19.110741312305134
19.22251429160436
18.926884700854618
19.324997878074647
19.48118261794249
19.520525785287223
19.504032175739606
18.369324877858162
18.6751662949721
17.90070905784766
17.792337927222253
19.01016783565283
18.178062052528063
18.215875416994095
18.255720561246076
18.48601731310288
17.78990328858296
17.86910428504149
17.46609254082044
18.15918257435163
18.17611226340135
17.370825686057408
18.135880988836288
17.45075976550579
17.927004957199095
16.966189904510976
17.683400307099024
17.522008930146693
17.434341997901598
17.3471275712053
17.094112737476827
17.54843000868956
18.049588459233444
17.573442109922567
18.07253337353468
16.76915081838767
16.63265343606472
16.98625196516514
17.385427258412044
17.065400607387225
17.466217464208604
16.941795168320336
16.754019485414027
17.192132369677225
16.48146006266276
16.933164569238823
16.88215632388989
17.337831738591195
17.50995132625103
16.922048381964366
16.38921471287807
17.429120376706123
17.035070919493833
16.960982944071294
16.96286544005076
16.58558555940787
16.66127140621344
17.098508088290693
16.098956244190536
16.33777344028155
16.577142765124638
16.02187338868777
16.552756552398204
16.340017497042815
15.962556277712187
15.985060522953669
16.50253993223111
16.093587282299996
17.111676451563834
16.511104094982148
16.847033015886943
16.384154682358105
16.053211312989394
16.17699146171411
16.071631544828413
16.70636885960897
15.808678710460663
16.5982370386521
16.054518933097523
16.646645618478455
15.867867569128672
15.268874075015386
16.216135808328787
15.896790576974551
15.73907617131869
16.652119399110475
15.957404958208402
16.246262524525324
15.595674311121305
16.17698040306568
15.933623840411505
15.439815518260001
15.497140029072762
15.487145905196666
15.98542586416006
15.942732314268747
15.67618792951107
15.51729881465435
16.36039275576671
16.171530571083228
16.640194237728913
15.50636265774568
15.720423290133477
15.658020065228145
15.664585856596629
16.375410402317844
15.630209150910378
15.679293358822664
16.02764851053556
15.479369854430358
15.871066258351009
15.52624330073595
15.761956132451694
15.964936797817549
15.576645988722642
