3964.9508341471355
3062.96116549174
2642.3840815226235
2405.682658259074
2250.0472683588664
2111.4825775146483
1980.007336362203
1891.110698445638
1868.4106160481772
1815.649991607666
1742.9436915079752
1718.399597676595
1648.7571879704794
1619.1271268844605
1590.725049463908
1553.178662745158
1556.162820784251
1522.7787079811096
1522.797482140859
1467.6297823905945
1449.8055262247722
1420.3196252187092
1389.3903281529745
1396.7770071665445
1395.055694325765
1368.2893867174785
1346.2932754834494
1363.1841211001079
1329.474504439036
1318.777123705546
1275.8911101023357
1273.3467738787333
1281.6794712384542
1281.0324520111085
1265.0961855888368
1242.840476735433
1224.990243403117
1244.1103420257568
1233.994563293457
1201.146097501119
1196.9991738637289
1196.480185254415
1184.4992570877075
1175.4028493245444
1154.3679597854614
1163.8395038604735
1166.1064969062804
1150.9177806218465
1150.807999674479
1152.6340930302938
1161.086006641388
1136.7678780555725
1119.8615800857544
1128.9434698104858
1120.2155988057455
1116.7268535296123
1108.631835969289
1129.6048780441283
1103.0946467399597
1094.9132683436076
1105.9138266881307
1115.6124234517415
1116.4467922846477
1087.9545017560324
1094.9856318791708
1095.7026090621948
1078.0304425557454
1072.0086066246033
1047.1557742436728
1043.738792991638
1061.4811017036438
1051.7965926806132
1039.4213742891948
1036.4373631159465
1028.9890747706095
1060.6290557861328
1059.6991272290547
1045.0519140879312
1036.0546579996744
1041.8192882855733
1052.1303051630655
1045.485711924235
1021.7076067606608
1019.4183753649394
1032.337188053131
1024.5779750823974
1023.1940013249715
1030.971016661326
1010.4922054926554
996.8841419219971
1018.3093987464905
996.9896597544353
999.801718489329
987.3512784004212
996.6099897702535
995.3680485725403
985.1257612546285
983.003050549825
996.3092411359152
1006.4330578486125
987.5630615870158
986.7916926383972
1004.256134668986
973.2215034484864
998.3642102877299
987.5486119906108
961.4273204167683
978.2594404856364
973.5866143862406
971.2204266230266
975.1963657697041
967.1488817850749
974.1975341161092
952.8132919947307
957.7711214065552
957.60622215271
951.9367354075114
955.5626403490702
952.5206843058269
959.4659572283427
944.6807598431905
965.1447894732157
963.1562247276306
965.575315284729
944.5989233970643
958.5276422182719
942.3173576354981
953.7524794896443
921.9167333920797
945.5954873402914
924.9241613705952
932.2607717514038
932.0222131729126
927.5179662068684
942.2006825764973
934.0199641545613
926.530164941152
919.3663891156515
907.9858439127604
907.8879775365193
918.369064839681
927.6953636169434
936.4652507464091
928.3099147160848
925.696693166097
896.8620802561442
907.4960180600484
898.0806207021077
890.589440981547
907.6310717264811
922.9544913609823
911.7533674875896
899.5135261217753
910.0890202204387
905.044848505656
887.7034947077433
894.5648897806803
899.9026097933452
913.6513880093893
908.925182723999
890.8836652755738
918.8733289082845
888.2712854703267
883.1752111434937
905.2539602279663
899.1920067787171
887.4096839904785
880.0453976949055
886.8135572751363
882.4603415171306
877.238685353597
888.2020804723104
880.8828027725219
879.6950769424438
868.922167078654
878.4348806699116
896.6603028615316
881.9469546000163
877.4360776901245
878.013430595398
878.1161857604981
876.331794611613
869.9894945144654
855.1278146107992
881.9999687194825
862.9444518089294
878.0627894083659
866.041965675354
850.2433244387308
850.0084005355835
865.772001361847
861.6793526013693
858.4505259831747
855.1706331570944
858.5775086402894
851.8745772997538
845.1197988510132
851.9355655988057
873.9457803726197
847.6818268458048
