-45.77437332868576
-78.70867857138316
-90.45544689893723
-93.88715735872587
-95.46202687223753
-95.96476920843125
-100.76260021130244
-97.53623721996944
-96.28343316912651
-97.19940689007441
-98.64527223904928
-100.84024516741435
-98.80546325643857
-96.81476096510887
-95.35256932576497
-97.27399969100952
-98.63185398976007
-99.66114324331284
-96.63073974649112
-95.83852853775025
-93.84583426912626
-94.63777329524358
-90.71591345866521
-90.15032065312067
-95.64021079540252
-98.00224904616674
-93.44565663337707
-95.47157976627349
-95.39954812725385
-93.82362230022748
-94.19001946051915
-94.33208113511404
-93.00844277938207
-95.65795292456944
-95.94148092667261
-92.04628968040149
-92.2888563632965
-92.63299795985222
-94.02523707151413
-90.9246822198232
-95.43313795725504
-95.30886738300323
-95.95912742416064
-96.35372401674589
-92.86886027654012
-93.4261457045873
-93.2241263071696
-87.79251040617625
-88.25371784766516
-91.5443490544955
-90.26426573197047
-90.3371006389459
-88.56904985507329
-89.42329470713933
-92.93637408018112
-89.74281520247459
-92.24222081899643
-93.46393913427988
-93.62766007184982
-95.22004337906837
-95.24022028048833
-94.3809158205986
-92.28879613478979
-91.541291842858
-93.85064812898636
-93.4016099413236
-98.23283792535464
-96.07921330332756
-96.07514213323593
-94.51303473512331
-99.27806186676025
-97.79769685467085
-93.89654090007146
-94.88256772557894
-95.73885473410289
-92.00086435874303
-98.89695879220963
-97.57515441974004
-95.19298208157221
-98.03810915152232
-97.85476192434629
-99.44367534915607
-95.32309376796087
-93.19709286292394
-90.37524868448575
-95.22306874593099
-93.354163479805
-96.21614108085632
-92.2508900086085
-94.98380066951115
-96.35964848597844
-96.71096411148707
-97.30913477738699
-94.01572562853495
-95.08911864161492
-95.25586563746134
-98.64022479057311
-99.10501189033191
-96.67287417650223
-97.58238299290339
-91.8993549644947
-92.53373127778372
-93.19091074268023
-94.15890114307403
-93.07896787325541
-93.06476676662763
-97.5638644417127
-98.42721930146217
-96.7015957156817
-97.23207029104233
-93.77493014534315
-95.52030487855275
-96.60367140769958
-93.53049720128378
-92.91335818370183
-94.22081163525581
-92.9105832139651
-95.82538795471191
-94.0304045021534
-97.62724320093791
-93.83179190158845
-94.56724480390548
-92.47323206265767
-94.85900762081147
-97.04527510801951
-93.30337061285972
-95.09155232906342
-94.07396724224091
-93.89325818220775
-94.13567049105963
-91.72877643307051
-93.54953304131826
-94.80163986285528
-94.23953020970026
-95.56840684811274
-94.32161758740743
-93.76927417516708
-92.84276695648829
-90.30023796955744
-92.54599061608315
-93.83414009213448
-98.4589205344518
-89.67600722114246
-94.77412927349408
-94.98559127648672
-91.5608911673228
-94.796186876297
-94.07948224941889
-93.69724330504735
-91.66593337059021
-93.75762213865916
-92.09371551275254
-97.32244650125503
-94.15571970939637
-94.32672048608462
-93.22232137918472
-94.03228503465652
-94.51877423524857
-98.64167328675587
-96.29270742734273
-95.78853293657303
-90.64082250595092
-97.70173348585764
-94.10459886789322
-97.49683935642243
-99.6316619237264
-98.45886998375256
-96.33604365587234
-94.32204519907633
-93.55567552646
-96.56029097239177
-94.88451800346374
-93.65618034203847
-95.98738845785459
-94.56444977124532
-90.96159672737122
-94.79434337417284
-94.58405296007793
-92.4028162141641
-94.30697229305903
-93.95627258419991
-94.89360316991807
-96.35927942792574
-96.0543650507927
-96.00700462063153
-94.58800402084987
-92.08142890135447
-97.89180075327555
-96.043303668499
-96.83878940343857
-94.90077174901963
-91.35995315909386
-93.3954814751943
-93.89224291245142
-90.74876937468846
-93.25891198515892
-91.88125238021215
-92.15812708536784
-94.59368071158727
-95.30254582166671
