35.76070895636904
15.38839843894901
13.270533279869063
11.541910062576163
10.592773651254587
9.678298768041463
9.069607769877747
8.259470448668662
7.932912195550984
7.4524946811384165
7.030658470916337
6.488952923309187
6.5501764229145545
6.065944976076998
5.78964107509317
5.913024365388114
5.646620461909936
5.447194544791148
5.302094757299999
5.201281813455039
4.974760831686957
4.840297228046532
4.635474499700399
4.731810519150619
4.607058600618921
4.45430729332669
4.428463042039295
4.269054278731346
4.254608513851618
4.083692371716787
3.935716242882712
3.8859899374816953
3.859659299575563
3.746403966163253
3.684127552499031
3.6950451138204543
3.710604827465682
3.6644694846894206
3.649287797253707
3.5909751021656495
3.5370138755774705
3.5948295422412198
3.5912462107451826
3.4600907248798114
3.567917648253256
3.4829124830791662
3.4586390427731235
3.555957303864175
3.4797484337769706
3.4074262649720084
3.4271252879808687
3.4167693480206975
3.4163498437867084
3.3124358547401838
3.401317729775248
3.3234254910514274
3.2933991368988464
3.1938100886884433
3.2009353585027416
3.109601664902835
3.006093020454563
3.0475921001413773
2.946808316520062
2.9056665983436436
2.834687552896553
2.8671157818030695
2.7606175702450604
2.7713210106152912
2.6940661607117486
2.6930348984897137
2.6791068061800867
2.6437272501402886
2.6358440550493785
2.5885204511598268
2.576054308113867
2.563728869154022
2.4977410108107945
2.524487248718225
2.547017026178796
2.4994417783515206
2.4588266085062562
2.4523909366850196
2.4249293335295956
2.4036299840643487
2.388087717109713
2.375988336472676
2.3550559035020657
2.3812842419820615
2.2979868122472844
2.30419577690291
2.282051735011668
2.292291018726497
2.2539033767735135
2.2238619950567853
2.251291137060215
2.1972233841902225
2.251963504879125
2.205818648032587
2.1896472965078106
2.175204362977168
2.151114850594052
2.136998008294352
2.178164000398126
2.128863975277235
2.103049334652465
2.109936800239415
2.1121879069712657
2.0629464547181953
2.0957067390454225
2.059659625435698
2.0310378939812552
2.0516048910032056
2.049544312830629
2.004885372095581
2.0336684627008847
2.002978035602076
1.9973439467621261
1.993603966616351
2.028665282089135
1.9872339186740333
1.9895586341876408
1.9875315475309718
2.0220346032031653
1.9698132850743573
1.9682554029056738
1.9627423216428221
1.9741447843482782
1.9730015073356957
1.940430993406937
1.9688323574975646
1.8926885165916434
1.8988968193659495
1.943304318934679
1.914360711286808
1.924914696478638
1.917830435751841
1.8975922659296414
1.8976183195180933
1.87468131914221
1.848502965194398
1.8750537670506486
1.9133404321840097
1.8878873732454817
1.8624050486190566
1.8478601191128636
1.881075535740318
1.8888839347095325
1.896995403129479
1.8129662547645897
1.823255923351851
1.847673563222433
1.8208312312590664
1.8336663281480814
1.8819274302443554
1.8549020354603898
1.8413176377914076
1.8653971794350395
1.8200819164129167
1.8323389099075877
1.8178784571074207
1.815688017370372
1.8139465388938272
1.8118692360304554
1.8038256704036533
1.7921219962681163
1.7878079586501778
1.794196008222884
1.7815705830680912
1.7720614160443175
1.8031257304266608
1.7907412038024129
1.7443190063510476
1.759098292039386
1.7678357935350002
1.7439860375276928
1.7787466353640473
1.7531203666123851
1.7599115103868574
1.7168381780642887
1.717164642562897
1.743958195093377
1.7083322543265491
1.699434141339413
1.7137267824647755
1.7014576305217783
1.6756939985628785
1.6844934330739338
1.6764035281436196
1.687472796998918
1.6494012725186245
1.6883002022473976
1.6616884782460744
1.6529401931911707
1.6674549311142544
1.6599309983952293
1.632585871001256
1.6199431159565676
1.6451779889135525
1.642935103126641
1.6532261229666143
