58.62214090032824
22.751256034163564
11.423906763437493
4.4745862509669925
0.861274661175136
-3.188690388510967
-6.295230980063307
-8.561144924883184
-10.737857351529188
-12.735766373317817
-14.728167806719911
-15.156244683882285
-17.125318379237733
-17.150555429273638
-18.863087985022315
-18.53058254924314
-19.496232617517997
-19.87180010100891
-21.265704023426977
-21.418666716279656
-22.110915721490464
-23.202716355693752
-23.432984651162705
-23.539638399050155
-24.40663208838167
-24.659371189002332
-24.714730161017386
-25.465879590346894
-25.00060501180846
-25.912094184036913
-25.106757095147824
-26.325588775092157
-26.627258693349773
-26.464776248767457
-26.873906433582306
-27.838623519601494
-27.776685168003215
-28.401965523588245
-27.772766485296447
-27.845389833738064
-28.494768633924682
-29.16797085774356
-28.94462217236387
-29.256658845934375
-29.128805911746518
-28.904263347387314
-29.591534594009662
-30.134686598490024
-30.169651091098785
-29.89466569958062
-30.321327678088483
-30.164099852586613
-31.37942140780646
-30.628343256383108
-30.811405641251596
-31.54018339309199
-30.910740961288585
-31.767336500102076
-31.93831050601499
-31.671338841832917
-31.327143977428303
-31.575554551749395
-32.124146675241406
-32.206871807575226
-32.7906247243799
-32.071322013591896
-32.664449485211534
-32.908816485569396
-32.801080254645186
-32.80026225385995
-32.47967477708027
-33.1500515578122
-32.92311533771712
-33.44982122038973
-33.320042810563386
-33.09794809694948
-33.50430240507784
-33.47346446842983
-33.34715690797773
-33.834449913995016
-34.47565038964666
-33.685316746604855
-33.538904241446794
-33.995188385248184
-34.220422128151206
-33.59788222148501
-34.77372434221465
-34.444137095377364
-34.99153947316367
-35.67655247244342
-34.4646501654181
-35.269538720106254
-34.904522743718374
-34.88692318982091
-34.7677373135912
-34.71334914914493
-34.61829788623185
-34.998531328193074
-34.377203432650404
-35.00591825514004
-35.59327954567712
-36.048952493174326
-35.27277298836872
-35.46680211198741
-36.20351002750726
-35.574076987546064
-35.51680739275341
-35.15721351935946
-35.767350475335945
-35.64038800884937
-36.02038842747952
-36.34866714169239
-36.27003681351398
-36.319123025598195
-35.96175063375769
-36.15388417346724
-36.675967530957585
-36.37307735249914
-36.467873699706175
-36.526885905142485
-36.16919079628484
-37.13196275460309
-36.21881956889712
-36.84147866738254
-36.598041549838825
-36.99888292879894
-37.48267386082945
-37.18909481065027
-36.80009218639341
-36.971716868466345
-36.42192752505171
-36.262138248517594
-37.38010113917548
-37.44612801074982
-36.97935143935269
-37.21949542082589
-36.826121858481706
-37.65170692883689
-38.02395648175273
-37.723888126940565
-37.290581281842854
-37.945292412207046
-37.56216146206034
-37.586881198759734
-38.008460331579734
-38.00598887122911
-37.97325175178462
-37.73389290632873
-37.37305681458835
-37.834122051452766
-37.7154102582356
-37.24860318775835
-37.66264926667871
-37.22160612303635
-37.69414082169533
-37.80668369654951
-38.03215568949436
-37.83589863160561
-38.66255295584942
-37.65645229610904
-38.20976541885014
-38.79122680425644
-38.54307290603374
-37.81930293296946
-37.6358130584503
-37.925305922483574
-37.88808679991755
-38.778958462435625
-39.03104681701496
-39.02678539526874
-38.330898166730485
-38.93176097499913
-39.329359861283464
-38.92172488467447
-38.85010294667606
-38.55276842158416
-38.26944375346447
-38.578216193051176
-39.00342173720228
-38.715950380111565
-38.8079906599275
-38.89505295815139
-38.687628520973796
-39.09585398332826
-38.72055292540583
-38.21645148663685
-38.6107713230725
-38.834789068534455
-39.19809956386172
-39.48453009539637
-38.697037977391275
-39.220156804240986
-39.15919678581172
-39.2123396427467
-39.09832426186266
-39.43626126338695
-39.36810542694454
-39.51630872693555
-39.73955197786463
-39.64300476271531
