250.9408410006556
245.39678783252322
241.95324348992315
239.847519233309
239.20344990697401
238.49566985820903
237.33696327949392
236.39842857574595
234.58072824313723
236.65079715745202
234.72956200714768
234.94318843298944
232.68526765395856
234.33420575487202
231.0547313279119
234.2113701433971
231.003642172649
231.7850211077723
231.6708771894718
231.2659220407749
233.20153066207624
232.47910367620403
230.8082970997383
228.93488766407145
229.71830466697955
229.38024463324712
229.13255890073447
230.77294140026487
229.71391353113899
229.11059597031823
229.11994157577382
228.57709348201752
229.52423897693896
230.45006831761063
230.0931499004364
229.76805522524077
227.0626108851926
228.74223764189358
228.55099700237142
227.05349603603625
228.33653057032618
228.24355045269274
225.54760749586697
229.39016290368704
228.2479682790822
227.20983598561122
227.4042306521843
226.50717225979113
226.77019228195323
227.56318536298028
228.5484599080579
229.5620294973768
226.8548106078444
227.70854119185745
228.01295133705796
224.50336709926867
227.88064511891068
226.66937390278125
228.96524792704088
226.25397050791773
226.95929306539995
228.67717453529096
227.7060100456764
224.0861064277846
225.30073981860588
227.28401056651413
226.748676690562
225.84963845384533
225.59194140187626
227.4152790513532
223.2782057688154
225.38332055766006
226.97827779424603
225.9778234547582
226.2726520258805
226.52492536758555
227.22862209122758
226.04992684413648
225.26123922857744
227.0427920325049
224.9789372148185
226.85583525690538
226.02716425780594
226.7804117038332
223.74906095965156
227.86663048842857
225.53329166461683
225.32102354641617
226.1755340058228
226.7142130465343
227.09337367682622
225.6527592025954
223.36891767074323
225.8505290500049
225.42798313190198
225.48446847652568
224.05915596156285
226.11810229153468
225.18998250468024
226.0609855364109
223.41024902360192
224.6834343877332
223.84323866202914
226.31195483536555
226.7531019202594
224.00534389347865
225.81747970909908
223.82606540466176
222.78512173685533
223.99671283672595
223.87522059473497
224.91143918037415
223.35699391776117
225.1020394686995
223.23169426260324
223.22097435901904
223.49696914491983
223.5651730668956
225.55937189480355
222.79023473427213
221.30966283946202
224.80573802980882
225.28031487300478
222.70793211460114
222.87367182764513
225.38068089402955
223.73842817339403
222.2130462136762
224.72714463595688
223.4401925555591
223.95227559681595
224.88700938635859
225.29166916321063
223.84557870338702
223.4292198995064
226.15352344924005
224.6920839548111
223.59075066550025
224.4346230482233
222.2114279886772
223.66940432992476
223.30817643527328
223.2132762053917
221.5947825333168
225.34664485372346
222.9761290920192
222.91434222665328
222.56229984760284
224.03370484812507
222.99756921570878
222.83394162408237
224.06298318813586
223.75394281847724
224.82829287545434
222.39307887800808
221.64696669989618
222.8280687825433
223.17481088638306
223.26137009571337
223.18223242513065
222.4512393556792
223.67736764200802
223.42062123068447
220.82231858680987
221.195156381048
222.7861959646488
221.26306196738935
223.22071618869387
222.78489171225448
223.81827691505694
222.05416353406576
221.65230429583582
222.65665229435623
223.75784313678741
221.31279072268256
222.97174714762588
223.28219157662886
221.94862875445136
223.9763258490069
223.52200534837
223.51257655949428
224.08438098019568
222.21272779744248
223.23434106234848
221.7949914603398
223.01820681835042
222.38173289956717
222.9097394491064
221.4795722139293
222.45249714522527
222.74724187933165
223.47635558555865
221.7375140231231
224.76334784770833
221.35423375820292
222.4356355831541
223.67341562797284
222.6064249647075
221.93247551753603
222.66481605891525
