228.20524549484253
186.51796474059424
172.29553547700246
159.03465007146198
160.57995131810506
170.63851560354232
154.40946216980618
159.89017445643742
147.613174589475
145.9914512594541
141.31424456834793
144.98410191933314
144.62109773556392
141.0777958313624
148.43082026640573
140.37381075223286
145.27032588124274
144.40968945821126
142.84318512678146
140.5196416179339
142.2517237106959
133.60148765246075
148.64935407241185
146.30106964508693
135.28533279101055
142.57259418567023
148.94054777622222
144.71269702712695
138.22420370578766
141.8602498928706
144.21255960861842
141.4142983297507
136.5579159895579
142.71340715487798
139.21752752463024
139.6494219303131
145.07125524282455
144.93494778474172
138.48346336682638
142.1301245411237
145.40411937236786
141.13552609086037
144.00915764570237
148.49363858302434
145.2817042986552
147.27127031087875
142.93819172382354
154.54079588651658
141.43251314163209
137.2294028798739
134.80981233914693
146.54095846017202
133.93880690733593
141.30851235787074
135.5004403869311
138.4264179567496
134.26672636071842
146.7320603529612
146.06554992198943
132.73792894681296
143.05892958839735
130.96203935543696
137.73951944907506
146.28926668564478
132.76865129470826
142.46683730284374
130.6675285021464
143.3293383181095
137.7270523250103
130.66464665730794
137.88414799372356
141.01341583331427
140.49255443811415
135.0198422193527
144.32443024317425
128.71552226146062
135.70047270059587
126.06004501581192
125.71953180233638
144.7892624616623
134.50054520368576
145.73234485785167
142.12130293448766
140.51650511026384
143.15163515607517
130.83213534553846
139.19452958106996
132.0939238667488
129.58510957757633
143.83511335055033
138.34747031927108
134.68572512865066
130.52981250683467
128.63920964399975
131.67159580787023
134.30479230483374
133.79303661584854
129.71394237478574
133.49512257973353
143.69566354751586
129.987341996034
138.9138721505801
133.88841632207235
129.15317184527714
134.87947161396343
135.72830515503884
147.068694237868
131.7070975979169
134.39164128700892
133.03840456803638
135.53217333157858
127.34444171190262
123.70141071478525
125.39930305878322
142.40029874245326
130.16028072635334
135.73725289901097
135.85489044586816
138.93362823724746
133.71370086272557
138.39667815764744
138.60409983793895
137.46787681380908
132.37003583113352
135.40854047139484
145.78493510286015
137.53633604049682
135.93108711043993
133.88871233065922
134.34550698002178
130.6895400126775
124.35756483872731
145.46311518351237
136.02981131275496
133.05059552192688
126.6533645172914
127.4947517991066
131.29308222532273
136.9336488922437
131.85720516840618
127.70126547018687
127.88621233304342
133.26168505946796
135.33125735322633
128.4240089058876
126.20099899570147
136.8173902630806
123.61386199792226
140.2367807050546
136.00343432625135
134.0515402475993
144.66569701631863
134.4631611784299
127.31753937800725
132.0161903222402
143.11067617734273
128.46815808614096
137.93520071109137
137.92698143720628
131.48448548316955
137.58522205154102
140.71984291871388
132.97209788958233
142.08352845112483
130.69978736241657
130.55379379192988
125.87289117574691
131.2939475953579
134.71066278616587
140.49554566144943
132.26499594847363
135.47094738880793
127.03830508391063
124.97378115852673
123.14681901137034
129.5260399321715
147.86667140324911
129.83493012984593
125.05796890258789
143.88272054990134
123.71004609664281
124.7442334830761
120.70004945794742
138.5464394271374
125.59867011109988
116.06717556715012
127.290402674675
135.16749737461407
141.8221863826116
144.00838887294134
131.71474317709604
133.19779306650162
134.32788261373838
132.21433680852255
129.01094235976538
129.97315492630005
132.34169927835464
130.58796654542286
126.60302169720332
134.18920006752015
