72.90458781321844
42.8640904635191
33.498178261518476
29.081602702538174
26.879123335083325
24.114392455418905
22.304905392726262
21.416564098993938
19.776887284219264
18.673349374532698
18.003376210729282
17.05060820579529
16.34090427358945
15.884629680713017
15.241478874286015
14.581068576375644
14.20368290344874
13.62562648554643
13.229552836716175
12.75445488890012
12.332672446966171
11.972367496788502
11.544209793955087
11.467965657512346
11.257979898154735
10.881545472393434
10.646277917921543
10.659391575555007
10.117023393015067
10.185862771173317
9.891421721875668
9.68349777162075
9.640125954647859
9.263806891689699
9.181755878031254
9.041454380502303
9.038749766846498
8.79649352505803
8.706233726938565
8.626778855919838
8.36538428813219
8.374394252399604
8.35634978711605
8.202800112466017
8.137593379120032
8.081328247487544
8.058730581402779
7.926591765880585
7.738398211697738
7.67346700578928
7.715093473345041
7.904229505856832
7.70285256455342
7.505835007876158
7.568742371350527
7.287227463225523
7.2580711737275125
7.176616631199916
7.259180597464243
7.094670256227255
7.103814747929573
7.035770826538404
6.8301201574504375
6.778104068587224
6.649182374527057
6.670862549295028
6.640432460854451
6.541577723622322
6.496426260471344
6.606491189450026
6.462569446613391
6.443821792304516
6.365725038200617
6.4038726734618345
6.234791784236829
6.2281884844104445
6.2872180685400965
6.104922141383091
5.98141300107042
6.15454888616999
5.949276121209065
5.969614825149377
5.899082472920417
5.986689882228772
5.9598813804487385
5.78178074657917
5.87963347012798
5.676984400550524
5.68124278212587
5.65883995766441
5.7079785615205765
5.7310730045040446
5.692529117812713
5.669101201742888
5.6252393844226996
5.556581208854913
5.594050182153781
5.45898704007268
5.51475205073754
5.579905060927073
5.495808969438076
5.453130369385083
5.3484517354518175
5.311163727318247
5.322845782587925
5.248462987566987
5.399483136336008
5.418368340159456
5.3622269332408905
5.308398415893317
5.374949627742171
5.217195957899094
5.202139844124516
5.149806467443705
5.1733921498060225
5.1954689563562475
5.230651461581389
5.146102068697413
5.048055970792969
5.0061438210308555
5.148398548861345
5.010980212440093
4.981882324193915
4.999982325981061
4.952239201962948
4.902362030868729
4.847042378038168
4.8846394798407955
4.827071210741996
4.835863577574491
4.730415285006165
4.863865949834387
4.890635370463133
4.7701579131186005
4.8989905913670855
4.807687052339316
4.749421989172697
4.741426692157984
4.682351714620988
4.741858531658848
4.670439690848192
4.74215087989966
4.7011067407826586
4.714816625664631
4.610185138508678
4.572650788724422
4.61584474320213
4.539017624656359
4.561926427856088
4.628870712220669
4.626829022665818
4.608231486628453
4.5373470683892565
4.528119648620486
4.4868272166699175
4.435193214192987
4.4846951382855575
4.492380661020676
4.62502925756077
4.405221135169268
4.4180396196742855
4.372199839850267
4.481377306208015
4.5091585213939345
4.3700697804490725
4.386402346690496
4.3128480563561125
4.314417079711954
4.244303811962406
4.367206573734681
4.3671160767475765
4.271729699522257
4.301554456725716
4.310224155584971
4.28983980367581
4.318377162019412
4.245809417590499
4.241014775137106
4.167939700682958
4.150069628780087
4.186749622722467
4.147323101262251
4.242812160526713
4.22138323833545
4.288426359991233
4.09763791958491
4.136569994936386
4.088727506871025
4.224720992272099
4.155819638694326
4.1252492185682055
4.027811750521263
4.144098409886161
4.211226242656509
4.205421773468455
4.055262108519673
4.085647569224238
4.035507148255904
4.062214432780942
4.027475941802065
