-41.40806316507274
-51.3308852438269
-52.16849245696232
-53.499744291963246
-53.84665122114379
-55.19080508782946
-55.22930208156849
-55.58586422328291
-55.71727178528391
-55.68770321073203
-55.99568483541752
-55.61196163399466
-56.093158493781914
-56.278285965837284
-56.0871961445644
-56.36013367669336
-56.39584633194167
-56.39421205479523
-56.49081820352324
-56.80360106353102
-56.907608661158335
-57.21389508863975
-56.98358051221946
-57.48883520631954
-57.38461269386883
-57.07125118477591
-57.253613328111584
-57.68051695309836
-57.738665430710235
-57.59653037375417
-57.766236570374716
-58.025430827305236
-58.0428111923152
-57.75115580908184
-57.73174643002707
-57.80110540677761
-57.36209369527882
-57.57688653571852
-57.97734684163127
-57.78637990663792
-57.911937935598964
-57.72865191615861
-57.88970227488156
-57.997789716926114
-58.00685006996681
-58.40820383820041
-58.50829813911997
-58.515484816041486
-58.45273597898154
-58.580951401899604
-58.716027007020756
-58.653440687163126
-58.82944900516806
-59.07462427533906
-58.95315709812888
-58.91799713619824
-59.009229861456774
-59.13687843906468
-58.95667263043338
-58.91128417438474
-59.104573873610335
-59.15212053471598
-59.229996515759105
-59.36444872206655
-59.367908437704216
-59.423972111323785
-59.12605534545307
-59.401513488128266
-59.311680111391794
-59.38173751276115
-59.63215081136802
-59.76399386854008
-59.87737069150497
-59.819721369907775
-59.382881761624894
-59.69775218593663
-59.66866451707379
-59.67587009997204
-59.71319606386382
-59.76181628786284
-59.813655569635586
-59.95744606030399
-59.88446843418582
-59.798077899834205
-59.701308394300526
-59.72759820880561
-59.86582053324272
-59.9861586813269
-59.89585476291591
-60.01454503782864
-59.838947865469706
-60.00726600145472
-59.88682817282348
-60.08879590240018
-60.10336966966761
-60.33379841261897
-60.21832566014652
-60.161711657869404
-60.38936443986564
-60.34591195603897
-60.069452379284236
-60.22545535605529
-60.40587601990536
-60.43827393753775
-60.50274510938546
-60.60684295974929
-60.609826228741944
-60.63639421709652
-60.87333014710196
-60.72008180412753
-60.95110133804124
-60.84675537923287
-60.89616601426026
-60.90399186159002
-60.95713405568024
-60.822013199329376
-60.783718520197375
-60.80172099018919
-60.68196697481747
-60.96487635990669
-60.9512105512208
-60.90479399212475
-60.840175451903505
-60.76794748162401
-60.99556216083724
-61.01772191401186
-60.88391314087243
-61.11424478991278
-61.250167073874636
-61.177686701560845
-61.05780336980162
-61.287076023118246
-61.26165019438184
-61.30788245694391
-61.478604003273205
-61.32700226841302
-61.311296321194746
-61.123335945195166
-61.13313255638912
-60.9373693846423
-61.06188840085063
-61.22909136681721
-61.54262203800267
-61.55891116939742
-61.477816579670744
-61.63503229207006
-61.526767648499586
-61.5217697312092
-61.68728099609243
-61.8557972055057
-61.58179107205621
-61.521206099411536
-61.50616514785536
-61.652241033726725
-61.62459128684011
-61.372191710718745
-61.60021815628841
-61.674147090007516
-61.664810149834075
-61.42657352315968
-61.4939395107072
-61.48004639354245
-61.36835809617207
-61.6475666802505
-61.7503405213356
-61.65185275160033
-61.58270518224815
-61.82138852620947
-61.62143496603802
-61.894841261978804
-61.9060592291684
-61.90629421534209
-61.891047921674
-61.873545991963354
-61.802757493380845
-61.82706153392792
-61.983004930718195
-61.81709934000311
-61.78621346375038
-61.80733489887468
-61.86557207025331
-62.12704044683226
-62.033631353542724
-61.90618283789733
-62.202118075099484
-62.41410292530882
-62.4066904444119
-62.16751428616458
-62.4602372153052
-62.123509014474934
-62.39968584734818
-62.44824010955876
-62.50457017175083
-62.659175405214576
-62.506525105443494
-62.28543067492288
-62.57042321973834
-62.54677020064716
-62.28036586683372
-62.057238034133256
