-47.701742452383044
-92.52422782381376
-97.1175038377444
-100.39618031183879
-100.41119108994802
-102.40742927392324
-92.68878671526909
-95.50911114613216
-101.82965450684229
-97.60324995120367
-101.38647136688232
-95.58375916083654
-96.99728548526764
-94.58524148066839
-97.2062017639478
-99.48659640749295
-92.7810424844424
-95.898643775781
-96.47134311993916
-101.4131619890531
-95.29904456138611
-95.18238285779952
-100.93964165051779
-98.24309750398
-93.1613129635652
-97.8490591009458
-96.42201451857885
-96.96625362237295
-95.34479148785273
-98.28253264427185
-97.91025269826254
-96.8295603632927
-95.55160107811292
-92.78233830928802
-95.2060155371825
-90.05831122398376
-94.87572806477547
-94.997270154953
-95.45251842737198
-92.38231107791265
-91.36450053056082
-93.75034915407498
-93.63768234650294
-92.05589428941408
-96.72908176978429
-96.18414905468623
-91.92426254550615
-94.03717997670174
-90.64168861707051
-95.05492686827978
-94.82026153802872
-94.33220415115356
-96.13063907623291
-98.67953532735507
-96.55347374280294
-94.74045501947403
-95.27236047784487
-96.5062063018481
-97.10786503354709
-100.61376770734788
-97.74649496475855
-94.5761392434438
-97.11068996588389
-100.5782170255979
-98.03761765559514
-94.75027100245158
-95.95271236697833
-95.67378058036168
-99.79180523355802
-102.35929697354635
-103.61624241868655
-98.28199522892633
-99.21518431901931
-97.13974930445353
-93.7302084406217
-96.69437726140022
-100.23158924182256
-95.78758136630059
-94.62393601735432
-98.38436627189319
-97.53483973741531
-99.20021039843559
-96.35003628333409
-97.49950589338938
-94.43023147185643
-95.50355997085572
-100.35651986201604
-94.03664231697718
-94.89196242888768
-92.89823002417883
-95.57367137471834
-101.4994077126185
-97.17279358506202
-96.59976774851481
-95.32531747420629
-98.49470148086547
-95.5325726032257
-97.0166791598002
-94.92970949014028
-97.86196594834328
-96.29772166808446
-97.21360540390015
-98.72303590774536
-98.60444596807162
-93.77232736349106
-95.24903768698374
-92.94667905569077
-95.93271054824193
-93.30190947055817
-95.88071552117665
-96.09019459883372
-95.82611801226933
-99.17478470404943
-99.32245111862818
-96.1107212026914
-93.82927342653275
-95.4426738301913
-98.0567567984263
-98.59895248015722
-101.13220545450847
-100.77061320145926
-99.91657849947612
-100.69860098759334
-100.58369022607803
-97.38145875732104
-96.78376853664716
-97.79501021504402
-101.85006797711054
-97.43668801387152
-97.97223136425018
-97.61930156151453
-92.66154809792836
-97.00552442471187
-99.18695992231369
-101.10425643523534
-94.70852255026499
-96.30177085002263
-99.43200614054997
-98.1747998893261
-101.15368724266688
-98.74162883559863
-94.96005731423696
-97.28761639595032
-101.28095736900966
-95.72828818360965
-100.78139831622441
-98.53253329197565
-95.87234055598577
-99.6535476664702
-96.40914209882418
-96.46526297728221
-96.23425083557764
-95.9882652759552
-92.22907748619716
-100.77602592110634
-98.37556549708049
-96.4166589419047
-97.57898858388265
-96.63491679032644
-95.90735613505045
-98.72698250412941
-92.3286892135938
-93.67467989126841
-96.19682250618935
-98.73853123188019
-98.30207676887512
-100.61730440855027
-99.25049204826355
-96.10479199488958
-101.38163599173228
-96.53262981573741
-96.96404265165329
-96.29001195033392
-95.72327341039976
-100.0092214345932
-96.26079509059588
-95.86375231941541
-95.98741162816684
-98.06456197897593
-97.59590990146002
-96.96611515283584
-92.7137314816316
-97.52882645924886
-97.19331007401148
-100.13173518975576
-95.76054625511169
-93.89420273900032
-93.94152797063192
-95.36787879069647
-93.39890522956848
-96.26496336857478
-92.48039439121882
-97.98310986359914
-99.83487670818964
-95.60071750084559
-100.54768478473028
-94.94697928031286
-97.21434679031373
-95.66907126307487
-94.24362091620763
