1143.3876741250356
952.6960314909617
847.1844140211741
793.7472468217214
743.917520459493
707.3934793949127
669.7666269381841
648.5984790166219
627.6818322738012
612.8801984628042
592.4966055075328
580.2362037817637
562.7873852491379
547.8612202644348
541.8386612733206
524.2618798653285
512.5782489220302
496.9714290301005
484.10648520787555
471.53508368333183
460.9821736097336
443.8389135758082
433.47664918899534
421.37391049464543
419.3113623102506
406.75599711736044
395.52744212547935
389.85904322862626
379.71310104926425
376.65092136065164
369.1746437072754
362.26125216086706
358.0669774214427
354.2533267100652
345.3794908642769
341.2661080956459
336.4462751487891
332.57129644751546
328.37457900047303
324.12540299892424
316.8098483522733
313.70249112844465
310.6258447706699
306.76232572992643
301.530830325683
296.9641021688779
293.5948185006777
290.8270720342795
288.3737063844999
284.8306212345759
282.85690023700397
280.77323138713837
278.0957776228587
273.99538941780725
273.87403776248294
269.6607855806748
266.6442674179872
264.0039237221082
262.84425816933316
259.78212216595807
259.39308290183544
255.10857941011588
255.14676313002903
254.44445037841797
253.30991967817147
252.14394114514192
249.96054905553657
249.33572676479815
245.9262841194868
245.3209912116329
244.76483760972818
242.16418314824503
241.16972895512978
238.51576384405294
237.72194409469765
235.0211875597636
234.74450820883115
233.5828808416923
233.14823988402884
231.4097024815778
230.14781384939948
229.63622302263974
228.0665661275387
225.82180129438638
225.65336578227578
224.99521346576512
224.45945440797757
223.26650550700725
222.12906723258396
222.90087537554402
222.35520863107715
221.05406074938364
220.3071776195119
218.66513322181999
216.8232387755066
216.86189325594654
215.78860052339732
214.57359901374826
214.06851096103588
214.13583291247488
214.10477210730315
213.79500880551834
212.3245487060398
211.59442750203112
211.85430331279835
210.99253629098337
211.12282101040086
210.88004135216275
209.58112747967243
209.37324432457487
207.6233618510266
207.2282147894303
207.31781774337094
205.7562360232075
205.58004281247656
207.19813647766907
205.70631471226613
204.18374177590013
202.9370834718148
202.136244824032
201.28277855118117
199.51601415773231
199.1988277549545
198.71812671720983
199.00059422701597
197.6619858165582
197.8466475735108
197.00526916136343
196.72607655276855
196.76720989346504
195.9832178970178
195.84480619132518
195.97251847038666
195.31939162363608
195.52167133639256
195.0350939815243
194.41148350536824
195.9382550984621
195.12511763622362
195.97539993226528
194.48919554650783
193.3451848273476
193.91232956002156
192.74280591607095
191.36969213585058
190.52431164781254
191.06880345841248
189.33615688135225
189.4020911330978
189.49244319051505
189.29594538311164
188.74128738939763
188.72527510424456
188.54837602774302
189.1650060534477
189.20255005111298
189.15471865932147
188.09162118534246
188.44638624290624
187.26744452416898
187.02886624534923
186.35142219762008
186.42116578618686
185.05934781730176
185.58353139360744
184.71638095875582
184.5294860402743
184.4871585259835
183.40562572280567
183.4584663728873
182.76319760481516
182.89883887867134
182.63351101080576
183.3762070665757
182.02899857660134
182.21679839690526
182.38866414129734
182.053189098835
181.3413717597723
181.7371782998244
181.7399129231771
180.35503241916498
180.0741605222225
180.34966320892175
180.4190537293752
180.12289865414303
179.5288217008114
179.28632009426752
179.40648969809214
179.88458382984
179.01154950459798
178.57540821135044
178.47009334862233
178.45603597462178
177.8710223386685
177.39749410450457
177.8190839479367
178.0416153838237
178.26121803224086
178.0024160027504
