490.58704605102537
422.9108034769694
353.62699975967405
348.8892649412155
338.6628846645355
342.05014770030976
334.04788562456764
320.28967661062876
334.55624266465503
323.46023251215615
338.75211351712545
319.4784499804179
329.69879440466565
330.7774998267492
342.8345500866572
328.50665829181673
320.6470524628957
328.95333868662516
304.0413646777471
317.88134950002035
318.84693381388985
303.10497914950054
303.1958937803904
301.6981072505315
310.6649582624435
324.5997388760249
296.2331330696742
288.1311025301615
319.46145865122475
339.51844951311745
321.24273524284365
315.4857204198837
332.42329780260724
306.3472228606542
305.89783393939337
308.5129159371058
315.44609646002453
300.11749526659645
324.2717569430669
295.5750056028366
294.68489241600037
322.79887123902637
323.6548926671346
295.3619218667348
292.96178985436757
302.9132807453473
327.9108633120855
321.82274651527405
298.6594542105993
302.54756668408714
285.9460434675217
307.8346987406413
328.6147166967392
299.3107132116954
314.0825177033742
278.73789716561635
274.0255565484365
293.0097206433614
294.126543434461
313.8692555745443
277.4298278093338
284.5504217704137
270.2640179316203
329.1140148719152
318.7342138290405
297.71034421920774
293.34779256184896
281.2432136456172
293.742819360892
274.3282183369001
308.56608131726585
308.0098107655843
292.70443964799244
303.1982012669245
295.1210994283358
292.29402829408644
297.6279611666997
302.3974759578705
306.9889535506566
303.77565507888795
314.2854371070862
292.95879723230996
300.51006644566854
295.2532156229019
310.7318051258723
306.5063082377116
273.49026194413506
288.2126838962237
307.57820776700976
267.18153956731163
300.44649674097695
283.61523296833036
281.6818832596143
270.1555307984352
285.85562859376273
304.42124364773434
280.6855043013891
277.14737373193105
281.88701321283975
320.51396498680117
291.62891497612
285.25979672670366
292.5229001959165
296.5451642433802
279.15744832356773
291.94561576048534
316.18368871212004
270.797270321846
286.6250092665354
278.1891458829244
289.7855336467425
296.62270048459374
293.44280094305674
302.6006907661756
277.9766952673594
300.52040038903556
291.2904006242752
244.4599533478419
268.7332880179087
284.10250762303673
298.764603916804
279.1746101856232
296.4643610715866
285.6844903548559
271.0140370130539
283.07848234574
298.3587647040685
289.39726809660596
301.7820591489474
279.7844966411591
275.5800941626231
295.987012108167
300.0271639744441
296.2376477718353
269.24100154240926
266.65196344057716
303.4044424931208
271.1596066872279
282.61962813536326
283.31808413267134
275.7233981013298
272.8803349018097
294.6719867547353
277.8950969537099
280.7389399846395
294.8502128044764
294.5333372831345
264.9554324388504
271.7414641817411
285.23792460362114
270.67780333360037
275.9665252526601
302.5849884748459
281.5901529709498
286.1059118906657
294.7064226388931
280.855101553599
308.15123682816824
263.840522201856
276.7519804557165
293.9816254695257
307.99571035703025
298.1343943198522
257.0874578793844
283.52735819419223
280.60182979901634
283.739455584685
268.96353457371396
306.04055070877075
290.26183287302655
285.69079076449077
287.644447016716
278.9414420604706
279.9933295249939
270.730850871404
275.45852950414024
267.8274686296781
314.11379268566765
262.4390782912572
303.7411676843961
284.8248934427897
266.5176047205925
278.1659203608831
274.76100525061287
276.5737212141355
264.2263815879822
268.2481169303258
301.2877049922943
294.60414603948595
280.96034870942435
296.49399008750913
276.6536669254303
278.28438296715416
269.8240050474803
288.09943370819093
268.2937889814377
279.4869596719742
292.88106066385905
269.1711092710495
300.96021124124525
