103.72645508215345
77.98893281714669
65.45507470595426
57.691373724361945
53.540706123771336
47.40253199431403
41.6996262417785
39.724668245891046
37.308682360525786
36.3570750735957
34.35108228284737
33.51543749611953
31.94767275503997
32.225631393235304
30.429509285708953
29.082529113724313
29.291230073776738
28.112399784141573
28.764936114179676
26.75686752796173
25.938434571027756
25.4343826284889
24.90670798564779
25.083986256656974
23.825140746503042
22.855241804544267
22.650808111347
24.22652200358952
23.6386848748501
22.648929222647485
22.655892522812916
19.80661748760733
20.32956268586989
19.872796272409374
18.738514142945924
20.7753084928825
19.10490240413567
18.861432979076074
18.553886221978686
17.263780686618954
18.252817631667032
17.873300784620117
19.08428398031613
18.102924219461094
17.639403150513253
17.035677744330567
18.52682132094071
17.9926363437854
15.072705366584504
16.890602613317554
15.023490885079935
17.87724846691407
16.37435337400128
15.596260241907219
15.06622901713026
15.614119079220911
16.265736914801828
14.083149959365356
14.654411888071175
15.30920221348261
14.409797359386395
16.146228020175776
14.241585990478253
14.229071725994862
14.807024013572212
12.961116127669811
14.372571210746235
15.671970547658615
12.824982753216192
14.357579203964821
13.641479676910516
12.864717007775244
13.794289497016319
14.592612560581545
13.94813854517094
14.678467615942093
13.532335657305245
12.250925167656407
12.987939820335857
12.409809943545481
13.275571337804712
11.728023135713462
12.577520933516066
12.951450033948339
12.906452412106868
11.204766184348484
12.818103171146378
11.843492016388938
12.720088278168234
12.031682511341982
11.533216935389772
12.188456407972964
12.157226807084577
11.557839520789425
10.272693425930779
12.369187798094133
11.822156291069655
9.864990929286156
11.957067723879751
11.906111088035436
10.746263802693836
9.990871240095846
10.455052541890021
9.8727561974063
9.956516943871975
10.548036562214637
10.79329636420027
10.533598874406568
10.74733395977267
11.217454539098103
10.645512727442487
9.507648114243459
9.423578961912927
8.2195719565297
10.01620716922756
9.018484828800991
8.72394216317555
9.844875082373619
9.656805376393784
9.941284364667432
9.329219220430943
9.1581123881042
9.625052680229318
9.381218171036192
9.840509943407158
9.51072180772136
8.678507947202387
8.822836674749851
9.438428898566755
9.04650799981479
9.320032492151547
10.489374802608427
7.529886504217726
8.937705057191438
8.633285117046587
8.672822732205406
8.76955062838207
9.485264247090653
8.842942379671952
8.857147889902237
8.363724827766418
8.217904161019572
8.63622584784853
6.708957441921892
7.566573471987042
7.84393724285323
7.747919976582815
8.00353019922201
6.542266246316762
8.441465113954298
7.652735119428614
6.86459874246141
7.213097835569803
9.072334320123854
7.9015720119250235
7.864141408097128
7.329781239145789
7.546745052625393
7.809346443106389
7.571804126018081
6.356102549824222
8.508891004619413
7.790566915003904
7.725549108220329
6.162655614444922
6.770284985296493
7.1659109525639435
6.596001117393889
6.380325736156825
5.812290396798273
7.6338674007304785
6.400949117695463
6.81611291010832
7.209004004967624
5.993547253824514
6.440312919110574
5.839707738109704
8.10377078220762
5.543101192869503
5.670874964188913
5.483778814303464
6.03742581695832
4.0520782585031
5.928617155243611
5.851874284189323
7.2833063823395765
5.2053956909683246
7.6303510733976445
3.736333999397426
5.986931346870702
7.693642268021559
6.942837721186465
6.152124370705208
6.196127069600183
7.979368807169898
5.47745020019597
6.56144455897397
5.45301008173104
5.3015799736604095
6.685964335912261
