724.5772363980611
617.7007322311401
569.5152418295543
551.0520085652669
546.661643520991
544.172576824824
547.8343947251637
529.7768284479777
507.21856072743736
477.6479283889135
510.6081425666809
520.5018200238545
525.9166968504588
485.8343784093857
521.985787320137
491.2709500869115
488.12606507142385
487.84479541778563
517.4441632906596
491.9750559171041
482.04843811194104
514.247974395752
501.1435167233149
531.3309301376343
509.3227409919103
489.21554679870604
522.3658922036489
501.13153070608774
551.1452998717626
508.9938752333323
491.4543372631073
499.6275118033091
507.325209013621
495.8331789334615
496.99748187859853
477.7039793729782
536.7358424186707
482.9476076920827
472.931826043129
495.3200076262156
461.6311882893244
463.1035314877828
498.043112484614
489.88101596832274
451.55881594022117
527.8278619766236
497.16951917012534
489.3781017621358
475.2747757911682
508.74892676671345
500.3864053408305
461.4954554796219
430.8497762918472
457.77939847310387
452.568674882253
469.2905554612478
468.29795212745665
478.9691109895706
507.92661856015525
456.10205284754437
484.8483280579249
480.17536028226215
522.2871313969295
467.5467096805572
461.33216042518615
445.8822707573573
482.5183363278707
482.6533879597982
490.4236774206162
494.48965929349265
463.8778509219488
458.4538386027018
465.90573867162067
481.78183619181317
483.34569595654807
472.0726474603017
488.1087639490763
458.70364890098574
477.7503235975901
472.39886379241943
443.69833215872444
487.64166535536447
481.3692325115204
494.64039103190106
466.8519267956416
484.52384498914085
457.2144303957621
450.38839356104535
558.1709101200104
423.7418328444163
469.2133706887563
447.47520225842794
475.3920128027598
456.07496663729347
477.0855661710103
463.47761432329816
510.3950438181559
457.34918297131856
454.2407687187195
434.69126706123353
454.3255964914958
505.18724249204
492.5634932041168
471.0320512294769
479.7619027296702
504.55750155448914
467.537438472112
440.57032526334126
474.5213073571523
486.63339207967124
464.02644243240354
445.4174139022827
496.22487853368125
482.22303291161853
414.51558005015056
469.6356799761454
439.08865297635396
543.2913421233495
467.98094135920206
447.7339272181193
435.1933326562246
483.8690976301829
424.45367036660514
474.5763616243998
427.5927517970403
434.78906230926515
488.1156952937444
466.1385459184647
476.4589333216349
456.3410237073898
469.7309092919032
445.1460433801015
466.03037321567535
493.13350892861683
424.04072484970095
466.7797167936961
471.7587089300156
455.86639337539674
459.177716978391
446.6265851656596
469.5344180425008
442.2073911031087
468.27423293590545
473.2804522275925
474.00727596282957
498.3839462121328
466.77584276199343
444.10474540392556
457.5120794773102
482.5182363351186
442.5587506771088
440.19218521912893
457.2333284219106
458.0547220071157
432.9483043988546
468.5117716948191
445.4033130248388
449.9276755332947
450.5762895584106
464.702735376358
451.45982554753624
454.97785417238873
449.3364357471466
474.60467805862424
500.9141645590464
450.56302919387815
469.3016783555349
476.38049184481304
467.2864195664724
453.2561877171199
499.405633020401
482.98175066312155
470.2049448172251
459.1141069889069
473.13335234324137
474.91995832125343
452.9242745320002
466.82849238713584
466.9276366472244
496.7911905209223
435.40844068527224
480.4218677361806
439.72709395885465
445.99582498868307
449.92506092389425
468.7197727362315
454.40506790479026
489.0913588921229
456.9211961110433
462.3452289263407
481.0663612047831
458.21426397164663
438.1852916081746
456.14357268015544
494.6958004395167
435.6070667584737
480.85918669700624
442.2114264806112
482.21696372032164
493.88751455942787
