1283.2452217737834
1135.5452032725016
1048.3056517759958
970.9700630187988
924.6499976952871
875.4887185573577
830.3608667850494
793.0998314062755
760.4827534039815
737.6584381103515
717.6841560840606
706.439724667867
693.3625802199045
679.4437026500702
668.649320268631
651.944465303421
649.761014342308
639.3408460060756
632.0789419571558
623.4360957860947
620.8370700915655
607.8537269115448
600.560846098264
596.7836225827535
589.7172685225804
583.4041046937307
580.0979529539744
580.9518628358841
571.4215326865514
570.8893062194188
570.2993671337764
563.8862081845601
560.814080619812
561.4707547744115
559.0966971556346
550.7464977582296
554.3395950396856
543.4000836849212
538.413516831398
534.5238129933675
531.3335507710775
528.264141201973
520.8538058201472
522.8603916009267
517.9511944611867
518.8864757935206
515.0652940670649
508.77728596528374
506.9772083441416
504.3707840124766
504.81847059726715
504.7152504126231
495.8824125846227
500.32154013315835
499.78564175764717
496.594382015864
492.50488622188567
492.66371707121533
486.0295814196269
486.2403921922048
483.973068634669
484.78606039683024
482.759006524086
478.8906451781591
475.19958923657737
474.31373556454975
477.0169133345286
476.01861600875856
473.35784277121223
467.98178391456605
465.35409664313
467.8313097000122
465.7216937939326
466.4428410609563
461.52566916942595
461.7306888421377
464.8805850982666
462.21836934089663
459.8043401479721
458.4894155184428
455.24794891675316
455.7753591775894
453.82204929192864
452.7458887338638
451.537286734581
449.96838858922325
449.43696946700413
448.7932558218638
443.79910886685053
446.53120173215865
447.1153501033783
444.62662692864734
445.133590110143
441.08938597838085
444.6905718247096
441.5345169266065
439.1472019950549
437.15220206578573
436.0899620215098
438.4137413223585
439.0969948490461
434.6682268381119
431.64581921100614
434.5506935040156
432.67422041098274
431.4327241381009
430.94428482453026
428.66104510625206
427.5730596661568
427.0750962734222
428.2108548482259
430.2274936437607
427.4809615135193
423.30883314609525
421.3862541794777
424.20563583374025
423.89594282706577
423.5244847893715
428.2205172777176
424.8023817618688
421.8728991905848
421.7012560009956
416.1398247798284
421.20985184907914
418.3845476826032
420.79070473909377
419.1828925569852
415.69755428234737
415.1444009502729
415.70577880144117
416.8480674425761
412.785344294707
413.546462504069
411.97672888835274
413.2837351044019
413.24255580504735
411.44290124177934
409.9699372490247
409.01989724636076
411.59513940811155
409.36681591272355
411.0472265481949
406.752261586984
410.786219783624
413.4736254056295
411.3061245083809
406.8006363987923
413.09693938096365
407.8021104812622
408.2143703142802
410.09692234595616
410.77038419246674
408.50824869473774
403.87225290139514
407.54422263304394
407.49816131194433
405.5570723176003
399.7919045726458
403.58521201610563
403.12368969519935
403.2864964842796
402.6017433365186
403.34764777819316
405.9666893561681
399.6241888721784
400.0558132092158
403.2118325511614
402.8476915478706
403.1574532071749
396.8346952398618
398.430060617129
398.72424070835115
396.56161635716757
397.51235133806864
399.4912736058235
398.0114834944407
397.95458825031915
394.5188208500544
396.6519996166229
394.18938858906427
397.04973766803744
396.5026654044787
397.3395288070043
397.3087527235349
393.61010393699013
394.8851626594861
400.64272435506183
395.5290890256564
392.5714219133059
395.29915043910347
395.217928814888
396.14696547587715
395.8900571982066
394.62653851509094
396.8194191257159
396.0421130975088
393.9437050700188
392.45538708766304
395.69570046663284
392.5188003937403
