503.8417447487513
415.5998393257459
388.2440162579218
372.5250831524531
362.80727326869965
350.05970000425975
342.2946260492007
334.30478361050285
328.77704154451686
322.26781698465345
317.0136110007763
311.3530497868856
308.18736203312875
303.77890445192656
299.67698331276574
302.8549600839615
299.26309846043586
295.43132034142815
292.3170594771703
293.63916146357855
292.17143129905065
291.0466777086258
289.26204509139063
287.50025677283605
286.6793780942758
286.3238014717897
286.66591017444927
281.4002896646659
281.7959933698177
282.56254564126334
280.6456842124462
278.5954028904438
277.2206729233265
276.27647931575774
275.8096077998479
276.15852632125217
276.7902134915193
274.3385186513265
272.9524245162805
272.621544850866
271.3906991372506
272.00007818142575
271.94727544784547
271.14344742099445
270.9988956769308
271.6167147139708
271.7393490761518
267.8839900910854
270.82122757832207
270.508748002847
269.33279600242776
269.73003019094466
265.5279150535663
267.2441771775484
265.11793760855994
263.49990228613217
265.0904363612334
263.9969960192839
264.84553237954776
263.78802269200486
264.86347796221577
262.5425721714894
259.6102878222863
259.85130346119405
263.4615483611822
257.5799354006847
259.1288165340821
260.1356643050909
262.79128228823345
258.7138903061549
258.95111765960854
258.11783668994906
258.6970157514016
254.9466102838516
258.12291636765
258.5188696444035
259.81362361609933
257.49386096298696
258.505438798666
259.18712723851206
257.06832855840526
258.23902166187764
257.2831190685431
256.7908323287964
256.58832840820156
255.92026462952296
259.46239766279854
258.203985675176
256.0403139144182
255.39126067558925
254.52732920547325
255.15339218477408
256.14931472142536
257.0662694176038
255.4426266103983
254.7314103871584
256.30356128513813
253.84252678851286
253.81092426478864
254.60469005505243
255.5175880988439
253.015315066278
252.83716903428237
253.2740599979957
252.3535458450516
252.40575796266396
250.2388774653276
249.63242201060058
252.32210281193255
252.77757871647677
251.59480808178583
252.11853901545206
250.90960817188025
250.9044853279988
249.86910195449988
247.95484990775586
253.96341546376547
250.76748086810113
252.59824846188226
250.46556596159934
249.97946594059468
248.31226984461148
250.53545011281966
250.42747731904188
247.73020004034043
247.1164631848534
247.4590091754993
249.39265892008942
246.55012309898933
246.49902593195438
248.12837689419587
246.71977000484864
247.01342834979295
246.7479789103071
247.62891721030076
245.95746931731702
249.92405142287413
248.04527838081123
247.50622136443855
248.0023022512595
246.88080997069676
248.15946725110214
249.32906665305296
246.98961379329364
246.42510701020558
248.24988073309262
245.15242631087702
246.80340490788222
246.0041332051158
245.51878012518088
246.3201311459144
244.26195332854985
244.49544748663902
245.79096665183704
245.9521932547291
244.80637091199557
243.92777577241262
243.90009735623997
245.06423652519783
243.61480134328207
245.01882760425408
243.09227320551872
242.7141660446922
242.6487449541688
244.61741091907024
243.35463968714078
242.83761737893025
244.19581777999798
243.728125064075
240.83182452867428
244.04813469747702
242.38310759365558
244.91524550765752
242.20294721027216
240.88779942890008
242.68082613696654
242.08726956744988
245.3910007039706
246.0579825371504
243.48568990826607
242.1829628656308
242.8986099054416
243.06925512601933
240.73532716929913
244.397304174304
240.99683612287043
241.44838021049898
243.07164650162062
241.1344264532129
242.94882377386094
241.38803896556297
239.23483273188273
239.25572670648495
242.2550570949912
242.54078907966613
240.06828875591358
240.58287371347348
240.66322360932827
240.54588400324187
244.29905538509288
