-132.1806022743384
-194.61006712913513
-206.9870509147644
-211.40559527079265
-214.67439512809116
-219.47083335320156
-222.95043841600418
-223.714193157355
-219.54240318139395
-205.14455650250116
-218.07561118602752
-219.4086903333664
-210.3248988946279
-209.44696792761485
-211.83403638998666
-217.207843875885
-217.26921045780182
-219.2965833266576
-219.84750969409941
-220.68981498877207
-219.40613570213318
-216.11667545636496
-219.9161369283994
-221.97506219943364
-223.03869993686675
-222.31872512896857
-220.462860027949
-221.46175797780356
-222.13860357602437
-224.20229115486146
-227.41476764281592
-229.29681808153788
-232.24455589850743
-233.82129599253338
-229.00611543655396
-228.3640156030655
-226.31379302342734
-231.77523937622706
-231.2646552483241
-233.90806144475937
-235.13332437674205
-236.39855182965596
-236.86774045626322
-235.68703467845916
-237.66547923882803
-239.33228769699733
-240.57042439381283
-240.75785399278004
-241.455675582091
-242.2751123269399
-242.65030332009
-242.48148758014042
-242.93169933160146
-242.9926891009013
-242.42588010629018
-242.8614507595698
-243.07921907901763
-242.85130817492802
-242.87513228257498
-242.9757747968038
-243.55719105799992
-242.64949124654134
-243.23731440703074
-243.12385785977045
-242.73612746397654
-243.06472928524016
-242.77474926312763
-242.98402746518454
-243.44259549776714
-243.20907733043035
-243.38471202850343
-242.2549265384674
-241.50083374182384
-241.21811574697495
-241.00619960228602
-239.04433254400888
-237.6213291168213
-236.3363614956538
-240.3965626001358
-240.34919376770657
-242.07275484402973
-242.09185882409415
-242.80922633806864
-243.67546927134197
-244.01404108206432
-244.30168387889861
-244.29508565266926
-244.47392258644103
-244.5632268110911
-244.354696726799
-244.42094983259838
-244.08725803693136
-244.19808132251103
-244.14092273712157
-244.01033129692078
-244.11469165086746
-244.1179124434789
-244.2567072868347
-243.92495398124058
-243.80725003083546
-244.4515549937884
-244.33530237674714
-244.34574115276337
-243.60146192709604
-244.192125137647
-242.96119709014891
-242.43603992462158
-242.5039843002955
-240.60481115182242
-241.508429590861
-241.22589219411213
-239.924900440375
-241.46712654034297
-243.05670171578726
-243.5175901333491
-244.00318795045217
-243.87491195201875
-243.41920499801637
-243.14765464862188
-241.56614017486572
-241.6457333087921
-239.14647580782574
-241.55620538393657
-243.01363674004872
-243.46970609823862
-243.46017588774365
-244.14170382817585
-244.28906251589459
-244.1383944272995
-244.11899805863698
-243.75047884782154
-243.1215422709783
-242.81854076782864
-242.75981852213542
-241.86715168555577
-241.9726412932078
-241.62011431058247
-242.18973060448965
-242.5801677664121
-243.4316358089447
-243.23071571191153
-243.68282407919565
-244.1228907505671
-244.2183226943016
-242.58514762719471
-240.99653613169988
-240.75018951098124
-241.09889760812123
-239.71142411231995
-241.43012653191883
-242.15092803637188
-243.23761741717655
-243.80949036280313
-243.68443701664606
-243.0356072664261
-243.9122292637825
-244.27171991268793
-244.55076480309168
-244.78939657211305
-244.85632524092992
-245.02703966299694
-244.9921676715215
-245.16983943780264
-245.36935424804688
-245.3512490908305
-245.46817671457927
-245.41118723551432
-245.26367661952972
-245.23231760660806
-245.38869166374207
-245.35978705883025
-245.3583608309428
-245.2815580924352
-245.28000384171804
-245.39970334370932
-245.01453159252802
-244.84640419483185
-244.97896150747934
-245.58785587946574
-245.79282918771108
-245.88245698610942
-245.89908283551534
-245.93017520507178
-245.90920523405075
-245.8955451051394
-245.92445647716522
-245.9164643406868
-245.772927014033
-245.63030295769374
-245.3643616994222
-245.28388481140138
-245.41520138581595
-245.03596885999045
-244.09575308561324
-244.5436763127645
-244.2267789721489
-244.75810590585073
-245.26100961764652
-245.5173593799273
-245.56384131908416
