-112.2998386780421
-205.9560245792071
-219.14644735654196
-224.1030824859937
-225.70749680995942
-225.8313903570175
-223.3811638156573
-225.05469859043757
-224.62486662069958
-225.02241758505502
-226.22834091186525
-227.01872869332632
-224.44976914723713
-223.36685310204822
-224.3049923102061
-226.54579204718272
-229.68590109348298
-229.37104057073594
-229.76190836429595
-228.72164739767712
-229.1332901398341
-229.68484214146932
-230.9533385515213
-230.22917250792185
-232.41740301450093
-230.4369640747706
-231.4497348546982
-232.2965589205424
-229.73771433830262
-230.826624751091
-233.21446044445037
-234.2406317750613
-234.71582044760387
-236.00095731019974
-234.9682184298833
-234.8921311100324
-235.31315451463064
-236.08297009865444
-235.1944594303767
-235.65268816947938
-236.46431329250336
-236.00329666137696
-235.8808939774831
-236.08811351855596
-235.8529618024826
-236.6477224111557
-237.07563814719518
-236.53361507256827
-236.34004264672598
-237.89618906974792
-237.4658722003301
-237.54688836733501
-236.40746474663416
-237.17026023070017
-237.2671563943227
-237.5029673020045
-238.78124310970307
-238.8502249956131
-238.86810886065166
-238.961368060112
-238.99749002456664
-240.03907821973164
-239.9924567778905
-239.51409569183986
-239.45128373305002
-239.71375395059584
-239.84617761770883
-240.11657237211864
-239.9787087082863
-239.69272854328156
-240.01530832449595
-240.42340658505756
-240.78551448980969
-241.61531389951705
-242.11074714660646
-241.27184053262076
-240.79864698648453
-240.52192788124086
-239.30586141347885
-240.70173451900482
-241.22971580028533
-240.64806656837465
-240.38418679237367
-240.8148220340411
-240.97913750012717
-239.98241163094838
-238.00399847030639
-238.76003648440044
-237.94387464523317
-239.5267308473587
-238.36729014714558
-236.61202583312988
-239.70874695777894
-239.8496494849523
-238.78896666367848
-240.4934709072113
-241.8163629770279
-242.50377926826476
-242.4383076588313
-241.27646028200786
-241.1772746960322
-241.55963023106258
-240.56974572340647
-239.95906718571982
-238.31734881401061
-239.3948433915774
-239.26987211704255
-240.77991010745367
-239.8260227004687
-238.29772803783416
-238.75597387949625
-237.1605010867119
-235.89233016173046
-233.59003174304962
-234.17749853134154
-236.15046746730803
-238.23803219397863
-238.54105223019917
-237.07242010434467
-237.56506813367207
-238.4323191245397
-237.13590507507325
-236.9504475514094
-236.66189754803975
-235.38256829579672
-235.0867614110311
-239.11001867453257
-239.75392709970475
-240.8820614337921
-238.40713214476904
-236.0913772980372
-239.14432076613107
-240.47352226575217
-241.02775563398998
-238.42343277136484
-238.83783847490946
-234.62362374464672
-237.33040599425632
-239.6030744433403
-240.94649244944256
-242.23366107145947
-238.1166178226471
-238.66640041669208
-238.4670181552569
-242.40077058076858
-243.7967792113622
-244.2898442228635
-244.3463414867719
-244.38421617746354
-243.89981254736583
-244.5409602801005
-243.728546500206
-242.32387285232545
-242.3822003006935
-242.53165278434753
-243.1218809167544
-238.7508083542188
-241.65654509862264
-241.57250414292017
-239.89026680787404
-237.8414524912834
-240.88173933823904
-236.97767332792282
-241.76677719751993
-238.00921310186385
-235.3899635195732
-236.7144064426422
-233.9704167286555
-231.15963935454687
-235.88395585219067
-238.31407895088196
-236.43620768785476
-238.0128815372785
-240.18251133759816
-242.98555720249811
-244.27343107859295
-244.9435824394226
-244.8203511595726
-244.33053522109986
-237.93721475601197
-240.05811960697173
-241.92799708048503
-242.8087223291397
-239.33281832933426
-243.08731517791747
-242.21566860675813
-240.37698216040928
-241.2241988023122
-242.66832929054897
-238.87997527122496
-242.05708049933116
-241.7800583124161
-243.39868810971578
-241.48227368593217
-242.8619302034378
-243.14905080795288
-243.13864514033
-244.01314709186553
-244.3267596324285
-244.5029829819997
