790.0816223703582
560.5663648473806
509.0660235635165
470.65384535953916
443.11234309755525
414.1263119927768
393.22322713917697
375.43613159245456
357.8884255968291
342.2577103910775
329.4234422733044
322.4052768822374
313.19044562865946
303.5017192281526
295.3034797290276
289.4094279223475
283.70357337491265
273.3383811260092
273.055488093146
268.1082585186794
263.34947426565765
258.62686434285393
253.6852342260295
251.54808024702402
249.6266242306808
245.26735301675467
241.5960083665519
239.98870345641828
239.40752306477776
238.95184326994007
238.7502873683798
232.55683270816147
230.34085705773583
229.9417188743065
227.30591014335894
224.83060479164124
224.93459135088426
223.73728789132218
220.2477520745376
218.39139745564296
218.32006541613876
218.31248906563067
216.4869394466795
214.24351242492938
213.5728649805332
211.11397071131344
212.26653004103693
211.2461404471562
209.1364222189476
208.94711756706238
208.09634468473237
204.25536872600688
204.5580602843186
204.33260976035018
201.82421206605846
198.8091360782755
200.41293583245113
199.09222064758168
198.08237446587663
197.2201140091337
196.99385936506863
197.4454440330637
195.5685779390664
194.72403432171922
193.65191383608456
192.3326010046334
194.2601512095024
192.1520312449028
191.02377167652392
189.1240835354246
189.63069635013053
188.56427903010928
187.07304881770034
188.29291779419472
188.41329901793907
187.30237431772824
186.4565209314741
185.29544214955692
184.23468267917633
182.37694864026432
181.36154765096205
183.0385827730442
180.16139636368587
180.27371325164006
178.82019062699942
179.26359674437293
177.27082567379392
178.00873650764598
181.23875530012722
179.84743690490723
177.7952244363982
177.27084669573554
177.14603451202655
176.96001146990676
174.8940122374173
174.74889900355504
174.90449113270333
174.88415333731422
173.79743094690915
175.40212999952251
174.26517313102195
173.68283439915757
175.29070956542574
173.06753193921057
173.02048782644601
172.02609067949754
170.95163709952914
170.0032000788327
170.10663693526695
168.3492875674675
168.15657207883638
169.9573507637813
169.19901361547667
167.77295280325
166.32665489870925
167.57853392896982
166.23106783833998
166.15242096062363
165.23864385588416
165.06358879599077
163.9826509623692
164.31704029954713
164.55205555208798
162.99739251054567
164.03626811504364
164.60063274564413
164.34489944885516
164.34741668454532
163.53088519490998
163.40743970459906
163.48730404623623
161.70112174132774
161.50818628278273
161.52426144994539
160.0790078270024
159.94652161927058
159.1157523969124
158.81338255158786
158.4855402543627
159.00472715805316
159.05238475059642
159.55185072586454
157.97157135503045
158.0856911560585
157.919527016837
156.41737417517038
156.92885285821455
155.70158632870377
155.1866952920782
155.4914812096234
155.63465235973226
155.17997567818082
153.7377265938397
153.65033211379216
151.76660694747136
153.0633776722283
151.6486120552852
152.84933364802393
151.32270785857892
151.19410955083782
150.83486087568875
149.613973773759
150.75820013161362
149.90263600185
149.67813321639753
150.04919935917033
148.8666276767336
150.8371252150371
148.45096810932816
147.46250966088525
148.21246563155074
147.24533540215987
146.38259605292617
146.74705155553488
145.68018636210212
146.4501335538667
146.58706415521686
145.74006702982146
145.26318430900574
145.42708939519423
145.24089328996067
145.3178317957911
144.82729797527708
145.87502753323523
145.41876741113333
144.44639359671493
143.6760812052365
143.48035391856885
143.36188780028243
142.69567128296555
141.9737815815827
141.66757812171147
142.0517392322935
142.4279481008135
142.3471944167696
142.281996098058
141.69634344660003
142.0606714692609
141.89260738060392
141.70316323329664
