1160.8099800109862
991.3340283075969
888.1450676123301
829.5914783795674
783.4216744740804
744.2698327064514
716.5800928751628
684.0141631762186
663.7405592600504
638.5048697868983
627.4392084360122
614.7555166800817
595.2679929892222
586.8849393526713
574.3094500939052
558.2383889516194
546.2694638649623
536.0039960384369
529.3525040149689
520.1989330291748
505.50678679943087
498.454727435112
488.6022805452347
487.13883854548135
476.5005869150162
466.1953547080358
461.29496507644654
451.7262337207794
448.7299405256907
443.9276547352473
442.5025903781255
438.96081489721934
433.5658903837204
425.43694822390876
424.34283944765724
421.2894433180491
419.3782344977061
410.8548266728719
404.79585038820903
397.54127775828044
397.64141093889873
391.56036431392033
390.1557939291
382.20632380247116
377.54835136731464
371.56318240563076
366.4691249569257
369.53599815368653
361.47209739287695
360.9453743497531
356.28142780065536
350.84123179117836
351.61069498856864
344.73586581548057
342.93839360078175
337.33186364571253
334.3381648937861
332.7906324048837
327.68133364518485
330.05289322535197
329.1508202513059
324.2717620054881
322.27958262761433
322.26653869748117
316.99701471328734
316.23616159160935
313.7764280875524
311.0163842399915
307.84274007081984
307.38689457972845
308.1214359541734
303.53877222537994
302.242867320776
301.7067658921083
302.4789370795091
297.16632160544395
295.1080823560556
296.80728351275127
293.62186571558317
291.8683546721935
290.957007163763
290.92531502246857
289.3717934389909
284.7059981286526
285.6305036783218
282.8537434796492
282.89205559690794
282.7852491796017
280.8431147197882
279.17444796562194
278.52813406189284
276.19522111415864
274.4291096707185
274.4641209940116
274.8763864715894
273.09015006025635
273.4422476311525
271.9038085182508
269.9801246086756
269.2593693693479
267.2499765833219
269.73969397942227
266.84661887188753
266.6035888413588
266.47373442947867
266.21945905784764
265.7470128883918
264.81491821010906
262.83078050017355
261.1826854010423
258.3909211695194
258.1221112191677
254.97135639886062
255.6509241928657
254.38795895477136
256.02884687681996
253.89240818023683
257.01907344261804
254.79535154004893
253.74379038115342
253.1550995349884
253.57561181187629
251.66977995038033
253.09784588416417
249.81011682649452
250.58039714892706
251.03073407610256
248.31730623145899
249.3219388027986
247.49468632042408
245.71161695420741
245.2708159416914
245.2924932609002
245.24558252791564
242.47635697921118
242.67853911717734
241.8985017478466
241.39266360898813
241.70688015520574
241.62714626789094
241.6884529983004
238.06630410204332
238.98863419393697
239.56908132185538
240.84679704705874
239.29284476935862
239.73172942996024
240.06100602249305
241.30971338053544
241.3341460376978
241.1874774148067
242.3396554648876
238.80352004269758
238.763105960687
235.44630745251973
234.76791459470988
233.7794573272268
234.01382835954428
233.00132426768542
232.44129672646523
232.58179085006316
231.72457986573377
231.71878778437772
231.64319975376128
229.79538913667201
229.45403871685266
230.73944744318723
229.81200411617755
230.93896003415188
229.91971857597431
230.7824940820535
229.41143038968247
227.65730209201575
228.67716060727835
230.28582277446986
226.54811359345914
226.16950758645933
226.5324722920855
228.3236607765158
229.72992396603027
230.93719952205817
230.37346831957498
229.00324668337902
227.68141285131375
227.24011780122916
226.36994993786018
226.90272322098414
226.3015968148907
225.04662256538867
224.8493928377827
224.5648254794379
223.9357483488818
224.27522341310979
223.82742466976245
222.96480619286498
222.7144747003913
221.88330482269328
220.6005071376761
221.36030539634328
221.47399787430962
