743.0930451393127
641.2871178388596
605.7641358931859
581.8588798364003
569.0882949829102
567.6266069332759
560.7579845428467
548.7455992857615
533.8139909267426
522.7191238721211
514.5478250583013
501.0227743148804
498.1203813950221
492.6520849943161
486.5659575621287
481.31885826587677
484.431928785642
479.2957246939341
482.11076904932656
477.72650758425397
470.6603509982427
466.00418787002565
462.94235906600954
461.9289521376292
459.91335820357006
458.3160331567129
460.05110551516213
452.85423946380615
453.4412115732829
453.270384311676
448.7185892502467
450.0119898716609
447.24383144378663
441.27485406398773
444.297136759758
445.56088149547577
442.3810129006704
441.91944923400877
440.64279281695684
437.2748021999995
435.9170638958613
438.48402774333954
438.50475144783655
439.5681534846624
438.7540342609088
435.6410544792811
432.9135261416435
431.356720328331
432.2582716226578
429.74933320681254
429.84709229071933
430.1847815752029
426.23535479307174
423.50169664621353
427.77042569319406
426.89701957702636
430.345724217097
425.8100624005
424.33313283125557
422.84236303170525
421.0393692016602
424.11314853827156
420.4871733824412
421.09094396432243
422.61806420882544
423.4078332622846
419.97155811389285
421.30615323384603
419.52304046154023
414.2573564529419
420.39968148072563
416.67119322220486
417.9060813864072
416.3121489127477
417.99579745928446
415.9583471218745
413.40634502967197
416.32930461565655
417.6805705030759
415.1594189922015
411.58680533568065
414.49950024286903
409.9629434188207
411.60127253135045
412.63001724084216
414.6462705612183
413.76373179356256
414.0447067260742
410.4980995456378
410.88940423727036
410.0515033920606
410.1445309519768
414.25256199439366
408.3047432343165
411.16642270882926
409.7696711659431
406.3489326516787
413.3640738248825
405.69876852830254
402.7305824200312
404.25733917951584
404.357789738973
405.4429194529851
407.57081115643183
407.1594299475352
402.7157742500305
406.41775190432867
401.4943543712298
401.0167719602585
404.2726211587588
402.29901096820834
404.8978262503942
402.1461209535599
403.0228021820386
401.68683432737987
401.1543652176857
399.72870347102486
398.79186124006907
401.29720961650213
396.90343094269434
401.5520981470744
399.99765693744024
394.16789673964183
397.0946931044261
401.1799660205841
401.7504746596018
397.4360685904821
399.8421444416046
402.51453242699307
396.3866047302882
400.08596475919086
396.4278122663498
394.9350816567739
398.2323194543521
395.56155716578166
396.67789287169774
397.79196079969404
393.40703185796735
392.65172294378283
393.7000952800115
393.12347133159636
393.871940779686
396.5243746638298
394.8976915876071
397.86446845531464
394.26379212141035
395.749460152785
395.4877285559972
394.6104502956072
394.18668588399885
389.22440975109737
391.32449810504914
390.75904172261556
388.06883008877435
392.57173034747444
394.32574226458865
394.13864396015805
389.7776111960411
389.6064065694809
391.66450200080874
390.8915057063103
385.537365825971
389.045030550162
384.73122129042946
391.59887475967406
392.40326328277587
392.2364397883415
392.56684507131575
387.83905605077746
389.36936935186384
389.2172849814097
387.1098254124324
385.81049898465477
390.1167001485825
385.7606626311938
390.4648954709371
388.34109767278034
382.61086916923523
385.0467339118322
388.8133164087931
391.07362454334896
386.7833084781965
389.79324297507605
386.27482908566793
386.5963400006294
387.61571230491
381.74563283920287
382.65736068487166
384.8601755301158
381.7483691374461
381.0359361251195
383.30571157534916
382.8008145531019
387.16770629882814
386.617147286733
383.79151103496554
382.2002355456352
381.3611429174741
383.3384278575579
382.0610805908839
