3997.569461186727
3052.530489222209
2637.4085971832274
2410.18208694458
2255.1928007125853
2115.2833103179933
1976.8059062321981
1900.6895844777425
1880.106901550293
1830.6477785110474
1750.2282536824544
1715.7765066782633
1652.3359454154968
1621.3765773773193
1589.3247535705566
1552.4783730824788
1546.5737412770588
1524.4117162068685
1517.1342577616374
1474.7805825551352
1450.245035648346
1419.5354253768921
1403.6844800313313
1411.07364915212
1407.8881292025249
1370.497070980072
1348.858516597748
1367.411061668396
1336.6651742299398
1329.0746201197305
1276.3087582588196
1275.1802434921265
1283.6407498677572
1279.2534819602965
1280.8560196558635
1256.6766235033672
1230.516158994039
1250.9619408925375
1238.954009882609
1204.7288667043051
1194.663392829895
1201.3484002749126
1180.6570262273153
1179.6483645121257
1162.160533396403
1174.9242993354796
1169.9120634714761
1158.1919586817423
1157.221544265747
1159.6082793553671
1166.1488439877828
1141.8803334871927
1125.1554525693257
1132.851412264506
1120.5030150095622
1113.9991905212403
1107.9842595418295
1130.9254733403525
1103.8548089027404
1100.5901632944742
1106.6664492289226
1118.6951057434082
1124.1365933418274
1098.5545316060384
1105.5864411671957
1099.9305046081543
1085.3814914703369
1076.7067353566488
1056.013530667623
1049.8661397298176
1065.6665269533794
1057.5758658727011
1039.846261024475
1037.4265852292378
1033.2545696258544
1065.7419358889263
1063.4017283757528
1051.4555737177532
1039.5410848935446
1046.312258084615
1051.819037882487
1039.3412362734477
1017.5403961817424
1015.4517455101013
1029.3953631401062
1023.1569458643595
1019.9626852353414
1027.6155069669087
1012.26879418691
996.2463961919149
1012.7386140823364
991.5407641092936
994.9923574447632
984.5661089261373
995.4681414604187
995.2716698010762
982.0428174654643
985.7299377441407
1001.6757027308146
1010.5716080029805
988.3881851196289
986.7440399805705
1006.081484635671
973.04645652771
998.5407799720764
988.742343711853
964.1633815129597
977.0887332598369
972.386558787028
967.5880539576212
978.4690205891927
966.6124736785889
977.3752591451009
954.9528153737386
958.6603535970052
959.5462454795837
953.5881708780925
956.3261719703675
949.9512832641601
959.1185763676962
948.5101937611897
964.3058701515198
960.3281556129456
964.3145928064982
943.8171288490296
954.8565102259319
938.2504038174947
953.5133061091105
920.8603829701741
940.9793073018392
926.8920353571574
933.2269828796386
933.0388107299805
927.9377855936687
941.4932885487874
932.7764823277791
928.9130864461263
924.3867546717325
910.7148307800293
909.650814596812
915.292483329773
926.8692479451497
934.6247584978739
929.8436545054118
925.6150418599447
899.0224808375041
907.3104986190796
899.5900939305624
894.2819906552633
906.4307361284892
922.6560617764791
914.1152620951335
899.8085109710694
914.6803271929423
914.1916500091553
891.9163954734802
894.6920094490051
898.4263592402141
915.0440038998921
907.4635231653849
891.8618667602539
917.7083629926045
890.7706577618917
884.5599797566732
903.0803157170614
899.3738713900249
888.8445443789165
880.7182851155599
888.8630139032999
881.8222866694133
878.4594834963481
878.881225681305
867.8013825098674
870.5168952941895
866.8722631772359
873.1105482419332
891.7331474939982
885.6737436612447
875.6094342231751
874.0323370615641
879.3424864133199
875.9612749735514
871.3274806340536
855.9185788472494
882.1480114936828
863.3310945192973
878.0755014419556
869.1295289993286
851.6412082354228
850.8948550224304
866.269274743398
861.9298052787781
861.8324971834819
858.3630571683248
861.7485863049825
854.206408437093
846.1365506807963
854.6679081281026
874.868307463328
853.0834718704224
