1282.6031889597575
1136.3376354694367
1051.0598695437113
973.6469423453013
927.8046620210011
875.5135106722514
827.0709753672282
791.9361078739166
762.2302255312602
739.4042385101318
720.1287350018819
707.9215006510417
696.9950096130372
683.187125547727
670.8369044621785
652.174418203036
646.6967218637467
637.1968576351802
627.2023535490036
619.2259691238403
616.5604237715403
602.6484757820765
597.3715499718984
594.1741250276566
588.9377887805302
582.3193832874298
580.1077566464742
579.6162611881892
572.0183510065078
571.7620931704839
571.4900591929753
565.2248918374379
563.0701608181
563.6776602506637
556.2402927716573
550.7854829390843
553.4572401364644
543.0822440783182
538.0455075422923
532.6004227320353
530.1951044797897
527.6281646649043
519.0554502169291
520.5983034292857
517.037335507075
516.6016619126002
514.4614352464675
509.9139855225881
506.1086932023366
506.7018487135569
504.30040481885277
502.64871133963265
495.69056119124093
495.63563363552095
499.38852377732593
493.7188672542572
491.9453900416692
491.0704404354095
485.0659937063853
485.17167438666024
480.91218563715614
481.8052876551946
481.3233952522278
475.4299528757731
471.8974948326747
469.06003239949547
472.48717392285664
472.6492446899414
467.33654478391014
463.247136704127
461.74016494750975
463.61872740586597
460.1604600310326
459.93166705369947
458.96647613048555
457.3464339017868
457.9657032330831
457.1199061234792
453.6984552780787
452.8722633043925
448.94314960638684
447.0961451212565
449.4485803365707
445.9876509110133
447.7116702159246
444.6745781739553
441.4542855024338
444.1528327425321
435.8019364039103
441.6204455892245
439.7087578455607
438.7565302213033
439.21038316090903
437.9262428363164
438.6050114870071
435.9234651486079
433.24599668184914
432.0018877506256
430.7559810757637
432.8802631298701
432.0570090333621
429.11542055606844
427.2887515306473
428.21732445160546
427.37620733579
426.94017802476884
426.2304408788681
425.56958168347677
423.8874710957209
423.9893052816391
426.38286411364874
425.5992481311162
423.99194105466205
422.3646316607793
420.9032572666804
421.565814212958
420.30072991847993
421.35701468785606
424.7949612617493
423.2722113807996
420.00283906062447
420.1253310799599
415.857441341877
419.2827084183693
415.87239944934845
420.8159965991974
417.9093035499255
414.39839892784755
412.40515726010005
414.6572258710861
415.5044192910194
410.24289091825483
412.1618720730146
411.54414705435437
410.6858993848165
411.03795460859936
410.6946918050448
410.8068367242813
408.8563700556755
410.19943605661393
407.89088971614837
409.0035520394643
407.0864375034968
409.0155485749245
409.2871272087097
408.51572859684626
404.00707769791285
408.691531252861
404.67288297017416
404.8721283952395
406.1670529564222
405.1785312573115
406.01282114982604
402.9901001612345
405.3202594836553
404.40695583025615
404.29570585489273
399.8993891835213
402.4688444892565
401.34694228172305
402.29844739834465
400.60174396435417
402.7133231838544
405.6993665178617
400.95174491008123
401.7799945910772
402.40166225035983
403.64777004321417
404.17616336345674
397.0662016272545
398.5050310174624
398.16136899789177
396.83231204748154
399.41713847319284
400.1353683074315
396.1942688822746
396.9806049545606
395.82860480944316
396.91477531989415
394.9955920735995
395.8591448108355
395.39171427090963
396.4411945819855
395.81864606936773
393.172088209788
393.9541468938192
398.6314656654994
393.8486833492915
390.3666754007339
393.4058338125547
394.4307614485423
396.5571966290474
394.30991536776224
395.3369483868281
395.9551391005516
392.8800815582275
392.12914887666705
391.52819385925926
396.35369898080825
392.10277595122653
