-155.18715964158375
-220.96606667439144
-223.372295153141
-221.0969029744466
-224.00674389203388
-226.9254152695338
-226.44186634222666
-227.06271770795186
-226.5016861597697
-228.8808695077896
-227.87716105779012
-226.60745540857314
-230.1661536693573
-231.06434581677118
-231.8839965661367
-233.42131179571152
-233.69329330126445
-233.46963204542797
-233.72904126644136
-233.52282950083415
-232.88631223837535
-232.31279060045878
-233.7839123805364
-234.6878064552943
-233.5555206855138
-233.1809025367101
-234.32581929365793
-232.87457510232926
-234.99811141490937
-236.03382363319398
-236.52052277326584
-235.05723534425098
-233.37649318377177
-232.25352421601613
-233.58013741970063
-233.95496685504912
-234.53037065267563
-235.6495637655258
-237.02817006111144
-236.8746024608612
-236.04825826485953
-236.57355258464813
-236.31866898934047
-235.73275117874147
-235.3718050758044
-235.12509464025499
-236.02103874286016
-237.29425779978433
-237.55882116953532
-238.67472605307896
-238.08337281545002
-237.85713947614033
-237.9381486773491
-238.51960641145706
-238.76954902013142
-239.3690687974294
-237.8918498555819
-237.70990268389383
-237.91593794027963
-238.11250861883164
-236.46384348074596
-236.78367261091867
-236.82210699717203
-236.75140454769135
-236.41923536459606
-237.217840107282
-237.32626444498698
-237.08438578446706
-236.99293150901795
-237.43598138491313
-237.2922666788101
-236.9297034184138
-236.49131146669387
-237.44213137229283
-236.3128743012746
-235.9396476984024
-236.79425964355468
-238.6014623403549
-238.81830506722133
-238.7999058643977
-237.52489012877146
-237.94142256180444
-238.0206427137057
-236.4154747804006
-236.63414736588797
-237.45900901556016
-237.5414309342702
-238.6478099822998
-238.17387377818426
-238.73760495583215
-238.7315654317538
-238.82218579053878
-238.10921469926834
-238.05012381076813
-237.47718875010807
-239.01322677135468
-238.5219863375028
-238.5643096526464
-239.05024508635202
-238.73725164731343
-238.88739902973174
-238.66889760096868
-238.34708060423534
-238.72204346656798
-239.25733867486318
-238.96456938584646
-239.84194932778675
-239.4986654996872
-239.57483338514965
-239.68438632090886
-239.49125133355457
-239.50698577165605
-239.47997845013936
-238.68273357550302
-239.0073562224706
-238.65494514306386
-239.41434898376465
-239.84578320980071
-239.56691160996755
-239.3422134478887
-238.76544439792633
-237.64071351687113
-238.64134113788606
-238.4148891290029
-237.84244185288748
-238.6827844619751
-238.95730898777643
-239.35724840958912
-239.3019787510236
-239.34231080611548
-238.8802341222763
-238.93794798056285
-239.01482975085577
-238.4084323922793
-238.53546934922537
-239.70629035234452
-239.5427686214447
-239.9430926322937
-240.24779340028763
-239.78383072217306
-239.71474958260853
-239.76029705206554
-239.02362845738728
-239.4449487129847
-239.6700388908386
-240.02094438870748
-239.78294392029446
-239.27044796148937
-238.8591315984726
-238.79470257759095
-239.28053012688954
-240.46021420955657
-240.33447087605794
-239.61931877533596
-240.11319642861685
-239.80083437760672
-239.52202705542246
-240.02309404214222
-239.931352130572
-240.20921635627747
-240.13318316936494
-239.7722799976667
-239.37963679234187
-239.64721649885178
-239.2300926764806
-239.30469901164372
-239.8581838329633
-239.87475193341572
-240.29761108557383
-239.91928188006082
-240.12875569661458
-240.51925268173218
-240.99175519148508
-240.54324632485708
-240.8225535472234
-240.42747030258178
-239.5667536576589
-239.75884564717612
-240.4620467185974
-240.22742247581482
-240.34903486569723
-240.29675481319427
-240.6917990763982
-240.3122411330541
-239.938889392217
-240.77203557888666
-240.97798088391622
-240.80022890567778
-240.85928127765655
-240.52326383988063
-240.1161182165146
-240.28627254962922
-239.94702874024708
-240.08965848286945
-240.29116516113282
-240.293590315183
-239.77924672365188
-239.88426224390665
-240.35490575234095
-240.70443222522735
