4.34516559721067
2.852898344397545
2.4183186028024246
2.1929685902492753
2.0103907896013093
1.8938041738523492
1.737113290626941
1.6915582674073761
1.6504784538571178
1.550328819627135
1.5113274079008863
1.4544933199368675
1.4166677813206254
1.3743399166148798
1.3600744148395185
1.3185999863620461
1.2986117818489158
1.2684400241565088
1.2530377180283438
1.2330877260658248
1.2224743309077517
1.203605165094908
1.1737303991063401
1.1790690449355492
1.155245607301336
1.1485899731773754
1.1328651975390727
1.118518298748752
1.1470614422176932
1.1271353169376481
1.0911611562659
1.1200972493609478
1.0740252341111671
1.0655855937893022
1.0708097500469664
1.0688810502018393
1.0420552779245993
1.0478781548425042
1.0390878632857368
1.039236082213706
1.0509164380873073
1.0280630767409658
1.0323209343478084
1.0156287580471615
1.0049920970381334
1.0241979353194093
1.0081690442587794
0.9752218871987586
0.9675048298427257
1.0052273233003657
0.9796447641184104
0.9865228102124971
0.9666381208226085
0.9647425556683848
0.9892185731180783
0.9467716974302612
0.9426420096886056
0.9448962470773479
0.9577156263885314
0.9502167228673553
0.9399392684472019
0.9266070726745087
0.9456361702418533
0.9358524612697035
0.9289079758434974
0.9209842015507406
0.9344696150129211
0.9045819884872642
0.9156172035326218
0.9086240064995043
0.9210553602154913
0.8999282730550602
0.9176432694276345
0.9020254940179915
0.925178397061496
0.8948677476367046
0.9005138190655873
0.8749039963465827
0.9050791222473671
0.8857623588871854
0.8736421379164375
0.8708939902355959
0.8780687358230352
0.8631409863331194
0.8991581819437701
0.885213207100229
0.8640255056128934
0.878137453555547
0.8715291871239657
0.8588661354613202
0.8772191549330179
0.8623411045570312
0.8801192488392879
0.8606324260733251
0.8715430028608133
0.8433419290030825
0.8385252102824121
0.8410158684669897
0.8620442379073336
0.865366759549441
0.8503703076777787
0.8542917756973927
0.8297745819877962
0.8257600164747444
0.8245055695417626
0.8280201953803671
0.8513177431284867
0.8447537760025469
0.8305967591446022
0.834478073833703
0.8138236843113755
0.818011212082387
0.8277245166486707
0.8236961771477143
0.8365458583234456
0.8187542819771273
0.8238475568078715
0.8068034161396068
0.82297542861438
0.8150677981240482
0.8190233134182876
0.8038793711377115
0.7985549572020255
0.7996199454726844
0.784387261670982
0.810477877260539
0.803608606569469
0.7957526463051808
0.7902150268120498
0.8083487962019341
0.8117599703114609
0.8220286861640113
0.8084446230646352
0.7990666905996101
0.79545113617747
0.782384060580155
0.7847863277580974
0.7774843004018325
0.788029161297941
0.7694399063314857
0.7694622690082881
0.781086769276138
0.7686114841911557
0.7770788775564268
0.7639564290995998
0.7794267311049946
0.7579978856836157
0.7609169579207383
0.7642872492172594
0.7683925773819973
0.7965072103101631
0.7839591370831276
0.7687507920481008
0.7563674742644974
0.7650755615423208
0.7455177641762741
0.755840462728821
0.7598364440692139
0.7661119942585456
0.7565340238526977
0.7579215288740294
0.7504796273364075
0.7804275976558184
0.7785162755673558
0.7629986524838825
0.7746276249948504
0.7674972436166015
0.730176051757459
0.7442503851388806
0.7566292740661522
0.7843260776636929
0.7528346153297301
0.7683723627043695
0.7555255348601475
0.7422994524079921
0.7450327451405083
0.7510256717816509
0.7373352553534868
0.7434733348641673
0.7419569332409521
0.7388360087824022
0.744227334632185
0.7713193246002855
0.7576207591798799
0.7468371701523148
0.7623153356835246
0.7439209930598736
0.7251486561646492
0.7230631243758674
0.7423758453143567
0.762501158398287
0.7294740533648894
0.7176015608590739
0.7383202365439
0.7289435726044506
0.7472385792382832
0.7271772326644639
0.730232301746206
0.7431463153454764
0.7306453477398589
