-64.25870004494985
-92.5020732998848
-92.01501284042995
-101.1028877099355
-101.04990260402361
-96.96098405917486
-100.6934446255366
-102.4732696612676
-94.4159315387408
-93.95539632240931
-94.42278553644816
-96.93830798467
-98.21733790040017
-98.13235183755556
-99.96102441151938
-98.07081174254418
-93.97139332691829
-100.8209533572197
-101.53236713806788
-100.77254694302877
-97.6168368935585
-98.97290362715721
-99.93228658040364
-100.13750521938006
-99.85573213100433
-95.24400923252105
-99.16509183247884
-96.44781414071718
-95.69440179268518
-96.39122206171353
-96.69737434585889
-99.87510772546132
-99.98413391709327
-99.67727204561234
-94.96761364936829
-96.4128748257955
-98.8840133746465
-102.57936274607977
-98.45762726664543
-97.4311223189036
-97.67983898321788
-100.95857743024825
-96.58637167016666
-95.9856877287229
-96.06516879399618
-95.91164086262386
-97.51539566516877
-101.19765073855719
-95.71123522520065
-94.07901422580083
-99.42919297814369
-99.1955715417862
-95.54519172906876
-97.43108630776405
-100.55503635803858
-99.93431654373805
-98.02974107265473
-95.22272441387176
-97.11725552082062
-92.59054441650709
-90.89147814512253
-95.01334212223689
-99.29570238987604
-101.48109002113343
-102.42634453376134
-101.21165663798651
-102.99980866114298
-99.87588812510172
-98.99982311725617
-100.27070817947387
-100.10655872424444
-99.93228973547617
-101.41701640685399
-101.02149559656779
-104.00541416406631
-99.74374466339746
-102.2018202662468
-96.30650455554327
-98.3680332660675
-100.08016571998596
-99.17687604029973
-99.76667983531952
-98.64784289797147
-97.0442632595698
-96.6526394089063
-94.53355342348416
-98.69130230347315
-96.11152251561482
-90.79060351053873
-100.18424111008645
-100.21634726921717
-102.32763716975848
-99.5280492345492
-101.57681845029195
-100.344058461984
-99.17202596267065
-101.09344058831533
-98.61518972317377
-98.29417549371719
-100.12197703123093
-96.06270378629367
-98.24329682588578
-96.6131098707517
-100.42938672701517
-97.05763873259227
-100.07290213505426
-100.18254408439
-98.3097153544426
-96.20460169116656
-96.81570153931777
-96.27362194458644
-95.56400953928629
-98.33356545368831
-100.47703315019608
-102.37813816467921
-96.4985445022583
-101.34321872790655
-97.36309048732122
-98.81802310943604
-97.5260360399882
-97.8145147482554
-98.1278133392334
-94.72106013894081
-96.10151857535044
-97.93227102160454
-97.86481616894405
-99.90366743008296
-97.29639560182889
-98.16140205462774
-100.68228922088942
-98.4749502758185
-96.85146234432857
-99.92493137121201
-96.0544933438301
-98.65292471845945
-94.83546373446782
-98.5330411752065
-98.47273488839467
-96.00038843552271
-94.26007239619891
-95.30171065330505
-92.31991059780121
-96.26947621504466
-96.61753709316254
-98.92776315808297
-100.67045561472575
-99.83659258286158
-97.64312450488409
-98.35196793278058
-98.44083638389905
-97.69437673489253
-96.92916095256805
-101.43966747919718
-96.22610805829366
-100.09875594377517
-100.57329972783724
-100.74573138157527
-95.06639883319536
-95.51517873207727
-99.77742139895757
-96.11745706399282
-97.36370764772097
-95.47457367181778
-94.54934349854787
-98.9301692545414
-94.44707309802374
-93.93578468958536
-99.91556022763253
-98.99441217184066
-97.46679075956345
-99.30836450656255
-100.93662332495053
-98.49276855985323
-100.12419670025507
-98.48623859286309
-102.65276941855748
-97.81214750607809
-100.924471950531
-101.01995662053426
-98.86199450294177
-101.9396322965622
-93.01301696697871
-97.38633183638255
-96.96120255788168
-97.9999434888363
-93.87984066009521
-94.99832674662272
-92.70212043523789
-100.35279032786687
-97.88063879013062
-99.84667239189147
-103.61562717755636
-100.353748969237
-102.2625539859136
-101.36391964753469
-102.01666260759036
-99.27775129874547
-98.63097982009252
-98.21495077610015
-100.39146394729615
