36.07360313421693
15.412686955055285
13.384989791903003
11.601976821648664
10.719104206767575
9.805206903095904
9.231507212437432
8.511758751653392
8.063626009585528
7.546769544353773
7.167080196327176
6.670833856895052
6.647677378022466
6.142493770554148
5.948192160319666
5.882221593168275
5.859973722490771
5.664962273604911
5.461261513931998
5.27208643753467
5.062502529857488
4.861172816876707
4.6887983556451465
4.591199022428743
4.471086037570033
4.2586909307745
4.108722594277612
3.951860405247787
3.9603797465819737
3.893527491853155
3.8151206394721724
3.7781646759088696
3.777168033516099
3.679659593721916
3.6053242570367354
3.6032382989751883
3.598987849108104
3.6335300544983355
3.5936125479638577
3.522474690757949
3.465063256564839
3.4782568836777377
3.5391128538497565
3.4035746279847006
3.4658460049922097
3.39459638734316
3.365756815106704
3.4047269092808508
3.3651336174586723
3.300416116570604
3.2637137701285295
3.203229822603793
3.201644175782286
3.1173020353990384
3.163412239145616
2.9812872427162427
2.999395257504336
2.9396072229177785
2.8871417186897377
2.8313045350770496
2.829739006814258
2.876877043974297
2.812507220704494
2.75973998947904
2.7556790273379663
2.7936722984344793
2.7269419002635726
2.70095877773289
2.6240658006020663
2.650173284306095
2.653963263564069
2.619639197171762
2.6058718463213277
2.5808408730502785
2.54004573783484
2.5485333127194436
2.4981985144830983
2.5159328182966543
2.499471002804308
2.4794428777591935
2.49291184717982
2.438148635343231
2.4322082807534726
2.3929946924848804
2.377695855716693
2.352195721826163
2.344446695056455
2.385930440677651
2.315829305620543
2.3011753898884715
2.291501769860243
2.2897383853921602
2.2619331251701404
2.2263705068235766
2.2578302866554467
2.2146043155727715
2.2553485263267468
2.2095090633836287
2.2132671512663364
2.1703384270056567
2.1656695861240913
2.132572382560064
2.1824441607399234
2.124304639817826
2.1068159046358077
2.1077333417688977
2.1189636836021113
2.0557548108285872
2.097163515101219
2.0646571666002274
2.0254854538060467
2.017523462659326
2.016344894494476
1.9921056908266297
1.9946381824797597
1.980974718928337
1.9747934485303944
1.9439668384348523
1.9892359986130534
1.959566606594057
1.9334148079927624
1.9369104502016101
1.9581066597381542
1.9273819276613409
1.915297777488314
1.9306446808422435
1.9136872996800933
1.928070108695277
1.9180492354107315
1.9084787041205784
1.8607752449039756
1.8663374606263021
1.9012694931107348
1.845023099397277
1.8589926325427046
1.8523375227533538
1.8437331544941868
1.8386147304855545
1.8149052946346587
1.7848385265418167
1.8097825243683725
1.8018093655078575
1.8011515005009955
1.7813274124958391
1.771171296978819
1.8042562241698135
1.79013533915939
1.7812302054773117
1.7196173551652967
1.7274679768316705
1.7409189895180792
1.7332319272360925
1.7256795093417168
1.7422991919748743
1.745094593228965
1.7115324113903374
1.7402374834978376
1.6977415698869476
1.7017556658528488
1.6901193380612751
1.6900393903769295
1.6935699162041318
1.7193550585672772
1.7067495162502444
1.691922094480231
1.6897132399267163
1.6813219601994958
1.6642625174517263
1.6623163076824155
1.675945769931222
1.6634476449790185
1.6378518811844547
1.6390890915846001
1.6505212058666452
1.627506078060331
1.6482173812993128
1.637090540523159
1.6482836065878128
1.620845565508152
1.6114984141855404
1.626209389835853
1.5971083933294847
1.6022001456083923
1.6142966557165672
1.5997737995509445
1.5833999933353786
1.5793574882093175
1.5749203404732819
1.5850755754408652
1.5604139960788448
1.5696929633488943
1.5491755508400242
1.543891705058772
1.5623611549622025
1.5420143551610668
1.527478253854246
1.5341914482093577
1.5357615033421537
1.5341087338225594
1.5435054079982742
