720.9104313532512
637.363586918513
606.2104996681213
581.383873685201
563.7972124973933
555.8950048605601
545.053562092781
530.6604632616043
522.2587203661601
515.4168707211812
505.58553912639616
497.65841320355736
497.0483777443568
489.0623128414154
479.9260407845179
480.423415350914
479.55850106080374
476.0636830965678
474.27587847709657
472.3561165332794
467.67677264213563
466.51921886603037
464.7028264403343
458.03208691279093
459.6567383011182
454.8590716759364
452.65049311319984
446.91505210002265
453.6771229982376
449.7219250559807
448.84071286519367
447.82114509741467
444.49048413435617
438.48599785168966
440.3493945042292
445.0964394489924
437.3869798501333
438.6558925867081
437.4414467573166
435.34858489433924
438.572402826945
440.98775719801586
434.6343640724818
433.1075914939245
437.6816984176636
433.05708058277764
438.76336007912954
428.6836230635643
430.63612732092537
426.0234521150589
429.74172951777774
422.5323587854703
426.22370207309723
428.05120081504185
430.17702077627183
427.95013407071434
424.4132638812065
422.6899002710978
423.2473374803861
428.5717006444931
423.9014124949773
425.84026664098104
423.1557461380959
421.4448226094246
420.1875331203143
422.3459830999374
418.9494087735812
422.1837916692098
418.4999871532122
417.19047230879465
415.1667627731959
416.5380830725034
416.23644483089447
413.0034603873889
417.6001439809799
416.0445625027021
415.7995155572891
417.97338691949847
412.7009871761004
413.68564698298775
414.3921105662982
412.9539475083351
411.60309534867605
408.84028449455894
415.5218204339345
413.7418296019236
414.55214816331863
416.30095082124075
406.5107172091802
407.98005125522616
410.60589350064595
411.0834002216657
409.4547635912895
412.4844248493512
405.10297751029333
408.91087618271507
405.5372905055682
406.2371825695038
407.70072606007255
408.52634604374566
404.7071783900261
406.6053401271502
407.9597572684288
412.284188469251
402.0648638010025
402.8694536248843
407.24805915753046
405.2930385748545
401.00518469810487
406.44658356110256
404.76761737664543
399.5359230677287
401.9934149980545
401.6776126424472
402.50085206826526
400.7307524204254
399.23577729066216
401.92626784245175
403.53900201320647
402.1486639380455
399.366891626517
403.5893403808276
399.8675882220268
402.9280914147695
404.4002082149188
401.4415034850438
400.3681227485339
401.6176490386327
399.81229533751804
401.2882755001386
402.1098935683568
401.92423670689266
398.9812279701233
398.04828627904254
398.214830215772
395.7632023056348
398.3493883172671
398.0404855132103
396.89949131409327
393.91737668911617
395.2885941942533
396.7619411110878
396.52142542997996
395.2579998572667
394.24614433844886
396.2048621813456
396.2155270854632
398.3500063618024
397.21360017458596
392.0631219824155
395.898206448555
394.48428986469906
393.20907849470774
397.525997364521
394.87935740152994
393.9561368306478
390.9885526140531
391.27461253007255
395.2067859808604
392.3398364186287
388.80421608289083
394.2120810985565
391.28560545444486
394.32242883841195
389.1358620405197
388.1619155128797
390.1537743171056
391.1775947411855
391.63962229092914
387.15857611497245
388.0362137436867
392.79971611499786
389.06309663852056
382.95939693848294
388.0559740583102
388.8365820169449
390.0213722507159
387.27589039007825
395.1081010222435
388.9801698088646
388.2137683550517
390.00324660142263
384.2809569001198
390.4539770960808
388.95780005455015
388.9283555428187
384.27388573090235
380.7833761572838
386.96307694911957
384.54130628108976
386.55371944506965
385.7756873925527
387.86545384724934
379.58324481248854
382.9707029064496
386.34327067136763
390.24403640429176
384.7544125517209
382.47691607872645
383.97082094748816
