455.0016152858734
333.31651256824364
300.4632348685429
280.60072313506026
264.3409131477619
253.99030229963105
244.86186851304154
235.3761932849884
227.20109366548473
222.69998025894165
217.4739293476631
213.27526557856592
208.9436098296067
206.30333674776142
203.47957154389084
198.54057304612522
196.5991977576552
193.43149145718277
191.478750705719
188.3664175724161
186.64711493459242
186.63946049788902
182.69129584986587
181.35901232423453
179.15028063182174
177.382443962426
176.37872206753698
175.78497505599054
175.3488872421199
173.4148713103656
172.38353174719316
172.55220791389203
170.80925660708854
170.19002091473547
169.35036557707292
167.4583410600136
167.40267967355663
166.2456982587946
166.187701443146
163.95412932593246
164.47175608421193
164.51350210863967
163.6948824298793
162.28062987327576
162.1872790887438
161.7911342382431
161.0725522493494
160.41998882129275
159.04099982360313
159.06837671789629
159.20214176177979
158.4240439061461
157.83912946026902
158.23487481577644
156.8243138050211
156.50968584109998
156.30322486778786
155.5973925138342
155.70464217251745
155.4638636605493
154.4151418907889
153.94150620082328
154.1232505502372
154.13207121142025
153.38198447638544
153.18196877117813
152.68748593330383
152.84513772356098
152.34951901846918
151.99722379651564
152.07270850395335
150.64125452781545
150.66303051340168
150.46443461138625
149.6767070704493
149.39637062878444
149.77607375999978
148.9823749681999
148.32769764702897
148.57968499742705
149.27457590760855
149.26697088110035
148.4340675904833
148.8569083090486
147.85351923005334
146.95041431640757
146.9903040055571
145.83504922636624
146.59244289480407
146.19323895717488
146.81218946802204
146.35613456676745
145.8594681682258
147.01453855530968
145.84427850410856
145.42814426997612
146.20245511367403
144.71019785568632
144.43489678563742
144.0477283247586
143.93610284657314
144.36474208174081
144.15900857695217
143.5462348831111
143.14355310900459
143.29066903837796
143.64919299503853
142.09531617575678
142.66843222338576
142.12770674968587
142.7115477200212
142.3109974614505
140.980726505148
141.52841171313977
141.68996530154655
141.02216106858748
141.06879116748942
141.17436122072155
140.84442572758115
140.48229117640133
140.36052270182248
139.99871827405076
139.84333754407947
140.15061838462435
140.10390945549668
141.0371452282215
140.01226803352094
139.6899307884019
139.76091146880182
138.66558715392804
139.47501585401338
139.01947758526637
139.3079207190152
138.77861325083109
138.68199147027116
138.43844944033128
138.71753537654877
137.80864036083221
137.55969102218234
136.65920753725644
137.67263171179542
136.97048190133324
138.1984485264482
137.82737416645577
138.01759534046568
137.8825475470773
137.81227018093242
137.33050408445555
137.29319315532157
137.0625493033179
138.15561516531582
137.3313673488025
137.08492131479855
137.6799002844712
137.2953105959399
136.25454897305062
135.65537793882962
135.70163865747122
135.468311683885
135.49602143928922
135.73951485239226
135.59272395331283
135.9683119634102
135.91023752607148
134.58453720602495
135.187404747667
135.30330133849176
135.4158455708931
134.77783034998794
134.80371355188305
135.59853349060847
134.46887971203904
134.44018154308714
133.97470124014492
134.63680463001646
134.67634389729335
134.59606303839848
134.09319374479097
133.8943313278001
133.81551648830546
133.87829770713017
134.26632693718219
134.0463330046884
133.16252079914355
134.1140748303512
133.6214123553243
133.58490536130708
132.86629921814492
132.90747144304473
132.90969284649552
132.15736809270135
133.2555110249026
132.81311106270758
133.01507643995615
133.08846187591553
132.71017490995342
132.66535666893267
133.14522097028535
132.44756276443087
132.11596852746504
