2312.059321436389
2097.5535377305127
2113.6145515441895
2117.6947940957957
2101.205841064453
2094.3642654418945
2089.890964475171
2051.7222598503377
2081.556991544263
2066.9814204183117
2023.914277964625
2071.3881858957225
2056.2577821468485
2000.4875936179326
2017.0628773919468
1992.0168135412807
2026.3176623377308
2008.1543869150096
2015.2989520368906
2040.024806943433
1990.913967296995
2000.8326610367874
2023.3357699164028
2019.0084012130212
1999.2871262122844
1987.3912090433055
1985.221766504748
1985.732753128841
2005.2019747043478
2001.2044957917312
1994.1763592424063
1983.3040311747584
2030.8851964227085
1997.6262602970519
1981.3024610322097
1969.0160478394607
2011.464908665624
1963.0556625826605
1996.4524704505657
1993.6328657742204
2016.2729707586354
1989.6590455153894
1955.4301928816171
1981.7919324677566
1948.9142758928497
1976.8249790586274
1985.1055966738998
1959.4793465055268
1928.8425629056733
1971.66623161579
1957.2357720013322
1963.2954469220392
1986.105287255912
1947.3159127070985
1959.73449526162
1969.7380352020264
1983.2475574098785
1951.1787427376057
1945.10337231077
1955.6003072015171
1912.784732358209
1949.4903392134042
1956.4023887371195
1962.647277174325
1920.5373329622992
1942.0418025707377
1933.2434035662948
1921.8066898214406
1911.0500516233774
1905.8954647984997
1943.8773001309098
1938.512199763594
1907.423565765907
1929.5418486101873
1934.6218399837098
1917.4289616551891
1971.2611668356533
1882.7226403335046
1907.2892134436245
1902.1463518471553
1919.79466596143
1925.237690498089
1934.148473016147
1898.955910649793
1940.7957611412837
1954.1581389328528
1936.954187754927
1902.5184497833252
1883.963426195342
1946.2507268313705
1913.6760161169643
1911.975766609455
1945.3143391115912
1924.424648679536
1922.8189509819294
1914.5550543357585
1921.9222567985798
1895.0337286324336
1880.170796295692
1890.5720272393062
1928.9756927490234
1899.592376380131
1893.839474513613
1926.5500144958496
1926.728536408523
1897.5563358438426
1899.6493556910548
1873.9585234872227
1930.8699590748754
1911.5006083455578
1884.7930180122112
1937.973709895693
1884.939396923986
1921.2242535229386
1870.1279572782846
1876.9321079911856
1881.2647242052801
1919.8634312070649
1899.7579314133216
1891.7744529329498
1873.7926172716864
1889.83273039193
1858.2876805272595
1916.7591114701895
1881.0318879752324
1928.9555729833141
1909.2241379310344
1873.1554639092808
1870.4232694691625
1871.1803002193055
1875.8557793847447
1931.0507227798987
1848.3030324146666
1886.7125180343103
1901.0499465218907
1902.0000749456472
1900.253378769447
1920.7592171307267
1882.8567520667766
1881.9116990319615
1874.660207024936
1915.7408355186726
1881.7972469329834
1848.348856070946
1904.2420833850729
1894.0212374391226
1817.868986458614
1900.9048283017914
1826.0131942485941
1893.5765422952586
1871.9468275267502
1883.6046714782715
1865.7794132232666
1846.9443099909815
1851.7598621105326
1857.1060671313055
1896.12267836209
1904.8657731352182
1878.8337656876135
1870.7283609982194
1919.3146103826061
1847.3965604058628
1868.337899635578
1835.1590920810042
1875.284271306005
1866.2495010639059
1851.2885368281397
1880.282319299106
1868.938080820544
1880.5567300730738
1867.3812012507997
1829.5961996933509
1849.2741011257829
1866.990445137024
1850.7894542957174
1837.5681495995357
1833.979854057575
1858.8983806741649
1886.9986036234889
1787.633507366838
1858.203359011946
1823.2916013783422
1860.3722442758494
1819.3727029603103
1802.9252611686443
1891.700648176259
1810.2268100278131
1827.9445372614368
1846.3941566204203
1795.3652514424816
1865.1147830897364
1830.482675223515
1865.1240638864451
1834.6762757136903
1849.6318172915228
1853.171678871944
1820.2327853235706
1814.8918043991614
1812.7901953335465
1838.2016817290207
