109.59756642991098
80.51724311401104
67.1476275674228
60.59129758127804
55.49204702007359
50.81896088452175
45.37961270685854
43.37469029580725
39.427573563723726
37.246803796496884
36.10827325592781
35.832586536633556
33.961694921912816
32.37619196803406
30.906605447417704
33.48307932014095
29.713227409740973
29.30295580163084
30.28122757478007
29.598775146079475
28.061307478053816
27.501774295136848
24.85341666510393
24.55483569230499
24.41101202009053
24.572969148385113
24.87932500679945
23.08937039714435
22.955336915521787
23.824287694589845
24.02570041654439
23.270617864255247
21.831351589539956
22.646749880807153
20.918328642845154
20.928044516079385
21.746101380679114
20.370752988704318
18.936314263413177
20.67408047308182
20.161532110181348
20.21128680377171
19.075802889620437
20.406054589255103
19.499672066548776
19.09876059355407
19.600196356917248
18.243740579948344
18.43016302290148
17.79777817132658
17.388979287769903
17.87066480774304
17.127479464843354
18.19879700153552
16.252424704617468
16.568013379992596
17.468495219046698
16.341277878988407
16.519290302847995
16.188480823975183
15.827105449062996
16.914589546572675
15.760160577708277
17.139633034837658
15.71168084558228
13.885337623542753
14.379887990011223
16.870034505195658
17.093757457966948
16.793621369476977
16.031831696372606
15.240261532671365
16.177562967199705
16.25645836879467
14.835410026255353
15.44583385514802
15.5163682451279
13.084874937985221
13.411177629926081
15.068511363311574
14.919339748484822
15.400472518442006
15.249626049065384
13.695793799863294
13.781083952250151
12.974931103659086
14.875989722537584
14.02541751966908
14.046243098725018
13.372987673569728
14.711506295306929
13.422170739235549
14.251925381350107
13.11439797950202
12.405520315057245
12.72708820538788
13.024431053484822
13.445897406673637
13.324359745557967
13.6883934738821
11.93172907833299
13.685800745055593
13.05623206258591
11.989207634638095
11.938200236844091
12.441412598408501
12.228814572352787
13.056063498530921
12.109293730672578
11.454933714571185
13.15564033196404
12.10593124125795
12.140668037363552
12.348796028130014
12.801981459917693
13.157739117227752
11.335669440570577
11.998057930633939
11.86560733629198
12.521330337586074
11.693371317863207
11.62153741152122
12.757708647256267
9.995965419272924
12.714104569934566
11.455712142175642
10.871716082609932
10.53451852770201
11.839664900611186
10.524493301736898
11.096197728453012
11.250845338025227
11.620469071741763
10.66392532877367
11.39345862594401
10.550386275196898
10.932206322246328
12.003022661239937
10.228643742839582
10.676808665795573
12.197104954770927
12.313134014606476
11.335330466129657
11.42371859440002
10.660645043027811
10.108826569699009
10.841995573249356
10.183774292581425
10.602707850522009
9.728054669203944
10.4251777537424
9.06625021839964
10.624869742591319
10.910239303934164
10.18074073514034
9.36042894936841
9.741848157911464
10.375619668561708
11.113158616389887
9.958157284056831
10.231768729711144
9.620973523063906
10.323912937707941
9.492427527005303
10.326895453035831
10.913011116328938
9.447485094504623
9.410462241491366
10.297026222122126
9.264437310526084
9.08859606523966
9.674282710356959
9.576782791040324
9.484774550358797
9.775197253787312
9.711169932808343
8.75760399328609
9.60455165238216
7.712059401874912
9.608424141489227
9.522627656315935
10.024303363860938
9.095702894802752
9.030922972179692
7.644737614126041
8.828673698144547
9.029355181445336
9.309819589208427
8.724092259746174
8.985070119644034
8.235304526470859
9.144646066273081
8.996373186337538
9.209294188382296
8.817371674138924
9.231302696312296
7.87075616817536
8.806781242376772
8.628007383182132
9.119740823018846
