303.38536425705615
199.68400886963153
172.35770323358733
158.60053959797168
149.10504721773083
139.01783699824892
132.86004773501693
126.26057243141635
119.96770363429496
117.70009650855229
113.90891654738064
111.86822328485292
110.2146047004338
107.93543158728501
106.65548018957007
105.34591408844652
104.28051489797132
103.36680554110428
103.44905223723116
100.46801739725574
99.69211473958245
97.76976888138672
98.70378989392313
95.14129991778012
95.5013361244366
95.44214791676094
93.25737912901516
92.792702831071
91.9481488918436
91.83477513749024
90.88430027509558
90.7550784000035
89.86022790958141
89.1948583372708
89.93701028412787
89.06338595727394
85.82541582913234
86.57468118133217
88.97609048465202
86.52498357254883
87.5294229079937
86.17103956280083
84.21141796276487
84.8410180067194
84.00084042138067
83.78036876588033
84.37464435758262
82.34014831534748
82.02809322908007
83.10478946669349
82.76470902253841
83.3432521285682
83.46584445854714
82.64533345658204
80.4701105520643
79.69997963000988
79.33319199496302
80.18647202541088
80.22889083007286
80.07538902759552
80.08363698885358
79.24967198125248
78.01457252173589
77.46734543504387
77.94845303379256
78.1453801455169
76.77026760989222
76.11542537089052
77.52407944613489
77.58584798204488
76.94565589469055
77.77889534933814
76.21079710434223
75.864831433214
78.00395809781962
76.1600598569574
75.07569400195418
75.00948235906404
74.34468965694822
75.52464461737665
74.07466571289918
73.95884856684455
74.1434270205169
75.55504477846212
73.50347900185092
74.02233929058602
73.4162175655365
74.38347439930357
73.23804923994788
71.59531709243511
71.845878321549
72.75709926670996
71.83598032079894
71.68796634468539
71.78230800299809
70.93546556604319
70.45449720580002
69.82107323202594
71.20506364312665
71.60853295079593
70.26970211801857
70.86147208665979
70.2444061780798
70.5244842808822
69.51113170179828
68.96759246957713
69.93100984754234
69.44105676535902
70.01875038599145
69.26759769587682
68.61594725477285
68.77168398067869
69.59718353994961
69.43927195770988
68.83905135763102
68.6327010537016
68.33838356774429
69.01149967210046
68.5627917667915
67.39012752935804
67.72960550620638
67.59795891827551
67.66464991610626
68.67519130172401
68.25778966936572
66.85484195577688
66.83278265287136
66.620450258255
67.030911490835
66.5640961753911
66.9283309866642
66.40462405722717
66.12449680525681
65.29944669789282
64.92457722178821
65.71176208298782
66.23264518893998
64.99215825672808
64.91239556361889
64.54447150230408
65.7600308492266
65.41568759597581
65.04346813004592
65.5973599923068
64.90442136649428
64.30600018131322
64.73835048182258
64.61492939653068
63.4033671370868
63.52360285972727
63.973238020107665
63.90959989407967
63.10747426337209
64.0052899492198
63.86751405740606
63.70363010825782
63.77049296477745
62.96358303366036
64.29509769637009
63.083354427896694
63.4484749909105
62.18699169775535
63.07994240727918
62.06047192318686
61.564672305666164
62.53497604871618
62.77550251113957
62.91745846024875
62.04898979951595
62.322380781173706
62.76534638322633
62.32481625984455
61.64648189421358
61.62568787665203
61.2536620209957
62.210932928940345
61.298735131477486
62.03221840282966
60.932485792143595
61.00202610163853
61.16035704777158
61.70709561273969
60.529260405178725
61.404744740190175
60.493225348406824
60.37060070037842
61.65802413841774
60.411483485123206
59.7843150064863
60.61571511523477
61.51543591967945
59.93823528700862
60.015982009213545
60.18758669598349
59.73216755020207
58.836134842757524
58.84248007165974
59.62999278820794
60.36971989993391
60.588208338309975
