-40.87546899966125
-52.35090613570706
-53.52478901065629
-54.25817477086495
-54.34426345496342
-54.951008060882835
-55.89542610480868
-55.69104001234318
-55.78972199456445
-55.66802668468706
-55.54562360870427
-55.89322080077796
-55.7385932741494
-55.958849614036495
-56.05584376639333
-56.330644991891134
-56.7632474015499
-56.702776204923104
-56.95388230167586
-57.207482818899486
-57.03777339129612
-56.75555263922132
-56.96042330306152
-57.40183128467922
-57.84335719922493
-57.569180630404375
-57.875595477120626
-58.24189820680125
-58.04379093852536
-58.23958495567585
-58.34275860930311
-58.56854818812732
-58.50576878416127
-58.61663685173824
-58.83597530578745
-58.90043615678261
-58.998155736717685
-58.80878055609506
-58.79504923984922
-58.832533687353134
-58.96839986484626
-59.06486893933395
-59.33309802515753
-59.24499962555951
-59.34126143414399
-59.070211825699644
-58.97898293158104
-59.29541455363405
-59.05114983381896
-59.3482147804622
-59.26991183182289
-59.436603477288934
-59.41129692052973
-59.803310875234935
-60.09216549889795
-59.996565560842384
-60.036954956835714
-60.2734506541285
-60.178176707234876
-60.19171126238231
-60.54705142152721
-60.36749057523136
-60.64761129535478
-60.831071500120494
-60.5287371647769
-60.37253586588235
-60.52245845671358
-60.368685724406404
-60.356536505551176
-60.63035737440504
-60.47187931167668
-60.5674090447097
-60.85609075529822
-60.5522804928237
-60.70611548834834
-60.739542089659594
-60.75427005003239
-60.95233659086556
-60.83640642823844
-60.71937486426584
-60.820774459633334
-60.96506457493223
-61.120779602692046
-60.876918640629995
-61.20301514041835
-61.09131435381955
-61.02480602675471
-61.00608808007733
-60.96147905135977
-61.25810820069806
-60.99947357074968
-61.144918125251245
-61.14565448514347
-61.09661029125082
-61.39025096441137
-61.28640094091152
-61.340633108698086
-61.42319056391716
-61.40043519899763
-61.53208229356799
-61.22413548621638
-60.883622098585654
-61.15841886092876
-61.306863772458044
-61.297061071313664
-61.2741778297671
-61.3496324399422
-61.47745971844114
-61.27212751117246
-61.22984272344359
-61.38789113431141
-61.618096187196926
-61.64739523879413
-61.623846589491286
-61.46299060665328
-61.72096936456089
-61.634678054472495
-61.45232285507794
-61.55451350068224
-61.5644700013358
-61.644816468501915
-61.49218716703612
-61.36725125641659
-61.53670045938985
-61.800334829708625
-61.84029721083312
-61.542379317612486
-61.51112845848347
-61.49926056533024
-61.546985656023026
-61.70887797968141
-61.72804570609126
-61.93336920080514
-61.64878047026437
-61.69118756877965
-61.71171579587048
-61.762514132877875
-62.013663074065896
-61.985040685226174
-61.95130354988164
-61.865208886820696
-62.191873275000475
-62.13790004006748
-62.27944278203208
-62.24837380853192
-62.19340618519947
-62.0785487571667
-62.09053853256949
-62.085470427726875
-62.27398071001316
-62.212601289666935
-61.78787438622837
-61.96123275263556
-61.82748501465238
-61.948294633421405
-61.96964472737805
-61.929139816555484
-62.28692792612931
-62.25142478326271
-62.664564708183555
-62.273257927647954
-62.37266901649278
-62.5939655550595
-62.61208284928881
-62.482920647695146
-62.70357427720366
-62.62514708679298
-62.442426021756795
-62.501032041064626
-62.40822773246929
-62.47404297878002
-62.419498026371
-62.480544688372774
-62.44523461008894
-62.41441829862266
-62.51040244102478
-62.62702553333907
-62.697326933515484
-62.26978438887103
-62.21762390794425
-62.319458986150806
-61.80269973853539
-61.80893075671689
-61.87625887989998
-62.097253999833406
-62.1303295369806
-62.561533337009365
-62.166108102634034
-62.22463962332956
-62.414667826274346
-62.346394100065886
-62.008538342755415
-62.187427329606024
-62.4551795114731
-62.30814090884965
-62.01669106812313
-62.34078780227694
-62.44446183278643
-62.460887748619605
-62.402215499302436
