491.34661272366844
420.9060527086258
353.18649577299755
347.63445958296455
337.7243621190389
340.7913931687673
334.11900386810305
320.6093891064326
333.70553665161134
326.31070761680604
341.5026296933492
319.07547722657523
335.1722705125809
325.96539797782896
338.0341462294261
330.3684549331665
322.6151075681051
326.99386355876925
296.024444937706
320.4238690773646
322.06311825911206
304.2016640822093
304.9696653286616
303.24940514564514
309.89651534557345
326.7749238332113
302.08763381640114
290.2345808982849
319.95117915471394
338.3123476823171
320.77451390425364
315.4459266026815
324.0371775945028
294.24556039969127
299.12779752413434
299.9184373617172
315.71998761494956
298.0597502191861
323.6714466889699
293.6302659034729
294.88629465500514
321.32541211446124
322.3253606836001
293.4161851008733
293.00561648607254
298.585740907987
326.0958876927694
324.76306300958
296.21615006923673
306.77280328273775
284.1778953154882
308.4040603081385
330.08043039242426
298.7698059082031
311.37912418047586
277.9770940303803
273.38603231906893
289.25435140927635
291.2187804778417
312.77945703665415
277.9033255418142
283.431857641538
270.3893827199936
328.52857468922934
320.41643475294114
300.069134982427
289.7866349856059
277.86983504295347
296.71070512533186
273.0077111442884
307.83158473571143
309.32596094608306
297.81993567943573
302.1814634958903
301.0281070590019
293.46772866249086
293.9786135514577
295.31200892130533
309.8004409869512
304.77549470265706
314.11741263866423
292.03959938685097
300.2235654155413
299.6814657529195
311.6574882189433
309.4915489435196
278.14061714013417
289.2608431617419
313.3733122944832
270.0919361035029
297.7805564880371
278.598040831089
282.6859544356664
267.7588593482971
291.09221680959064
303.2164214849472
281.2093776901563
277.36241617202757
281.0532118797302
322.2986449241638
289.2635108947754
286.2931641340256
291.41981470982233
303.20117854277294
283.6743245124817
289.2106770714124
321.21678771972654
269.81707282066344
286.9260665178299
274.80016202926635
290.6895697991053
300.3468720674515
290.92869067986805
302.8920462886492
277.0403897603353
297.43958651224773
296.93570508956907
246.68080024321873
268.5835811297099
279.40982429186505
301.6126007318497
281.1235146999359
296.3599874099096
288.16252030531564
274.92484058936435
281.87442539135617
298.65319531758627
289.44189040263495
307.8176324129105
282.62035663922626
277.6705964962641
300.9340377608935
300.8644193490346
295.9336042881012
270.37643195788064
263.3085851430893
304.50788743098576
270.59576047261555
283.81051869392394
282.43792073726655
274.8923777023951
265.7855567932129
302.8199324607849
280.1933698495229
271.7366820573807
287.6484082301458
299.4879546324412
264.0008680184682
268.7415975411733
285.7484295129776
269.92855687936145
279.78625547091167
305.4083263198535
282.4490095973015
284.44558950265247
299.27785688241323
274.6101441383362
306.93077807426454
258.77027376492816
282.6894381602605
290.0431726376216
307.41324253082274
293.59385372797647
255.3984088341395
285.59950970808666
274.28659723599753
280.6435143828392
268.2898403843244
304.782698114713
294.1799596150716
282.9589657386144
285.65842956701914
277.5158325990041
278.76862548192344
270.7041425585747
273.3283774455388
269.03361863295237
314.04199397563934
257.75697257518766
295.1957946618398
285.6211459716161
263.2329086105029
271.6363508462906
281.13354377746583
278.51859621604285
260.3582088390986
269.3695864121119
305.6836180289586
296.5076778213183
279.1583615978559
287.80990897814434
272.6201830625534
278.493142859141
273.23662405808767
295.2391258319219
268.02116754452385
275.3842183192571
290.3006130695343
269.91231000820795
303.6050138076146
