562.6958911172275
517.7629009772992
516.9897072726283
481.9669886375296
514.1283072767586
499.48865592890775
494.55814117398756
496.3476545646273
478.87107592615587
488.04689136866864
490.1652678785653
471.51308710821746
479.9457434785777
490.95680684056776
480.27490854263306
494.06166754097774
481.3265519964284
471.2605359883144
466.4469441874274
489.6361602339251
486.4417025303018
497.8569741166871
472.60016641945674
473.97911166322643
471.09126876140465
476.40748715400696
473.31792602867915
476.31739825215834
472.0015582216197
465.53757103558246
487.943286747768
471.161916009311
470.983810556346
467.7391973035089
479.94003761225736
481.19011237703523
471.4588501864466
468.05516372877975
475.0264709489099
466.18560308423537
471.03626593228046
458.4951342220964
469.1964521983574
475.15359003790496
477.48792582544786
474.43473988565904
456.64363528120106
464.3520839296538
471.9077045177591
466.7780995697811
471.81277065441526
466.81999913577374
463.3054931246001
472.5489463148446
440.4716008696063
484.09310118905427
463.73850465642994
475.9860938499714
463.0172147422001
473.7297985142675
463.1178344940317
433.0567254855715
463.7339118266928
459.2245814635836
458.5178428353934
472.68727130725466
464.78223932200467
458.3006441017677
449.49749232160633
452.9785988413054
445.1936840682194
454.4179445299609
456.56017616699484
444.9410509898745
469.18259105189094
454.8351326153196
456.5383403547879
457.09713033149984
467.54913851310465
455.21463321817333
454.8561336747531
452.5006695369194
439.34805442546974
463.70063373960295
461.90023826730663
447.8912684259744
471.8407016047116
469.1185129428732
447.47032862696153
463.4289878401263
467.99007667344193
468.11282259842443
470.9575635564738
459.2287663591319
451.6993712063493
455.2229460683362
456.92083231334027
461.3644859790802
449.7091963044528
447.9573577190268
452.66909961042734
467.24189932592986
467.79084233579965
449.2404905023246
445.88837820908117
455.9907554840219
451.3788984561789
468.8726992113837
449.7674825766991
449.002642911056
459.2716853947475
466.057835989985
457.79287387584816
452.5488634849417
454.5523048104911
449.88866233825684
451.1636761714672
466.38958394116366
466.5489617709456
443.6391307238875
466.07756570289877
458.2032426801221
459.3810791887086
456.4195957430478
464.84156289593926
447.3562152467925
459.82197484476814
451.1143070089406
461.16524183339084
441.0883548177522
453.56395767475
457.5579807429478
456.59569855394034
462.3393362883864
444.1609934116232
446.41111899244373
454.78796465643524
451.6299877988881
467.1683785339882
463.49441990359077
453.09542531802737
464.82168631718076
448.55657713988734
451.45977549717344
464.15906230334576
469.92943956934175
460.5170541138485
446.7613708479651
453.2267653695468
436.91652978699784
460.2590064838015
454.69343139385353
458.84951658906607
453.9224195644773
450.5242060792857
457.65344304874026
455.9380591491173
454.8066005131294
453.9598181987631
464.75299896042924
453.47054814470226
438.99819320645827
452.6057887981678
448.4996712618861
449.65280861690127
453.0932412805228
438.28618932592457
460.65081241213045
459.5220663794156
464.2770441482807
450.00010028378716
451.20901684925474
457.5503902764156
455.0047644089008
444.83350618954364
450.4396315278678
464.01926362925565
447.4883845756794
460.2674427361324
457.86256060107
455.21756052148754
455.5120921134949
462.6219592258848
441.2640311471347
446.0209030693975
448.2491281608055
447.40348654779893
443.3506824559179
454.1917612141576
462.24214243888855
450.64305435377975
438.63940306367545
455.3731685013607
440.96833187136156
446.69593946687104
452.33760294420966
446.3789338654485
456.27420435280635
441.9160889510451
452.9791179443228
