-149.05314957300823
-203.07824125289918
-210.79811902840933
-210.3030993819237
-212.75687800248463
-211.00619405905405
-215.77268312772114
-218.3228028734525
-216.6195277651151
-221.69025058348973
-225.6909647544225
-226.20782361030578
-223.9612208922704
-217.63498702049256
-218.09098400274914
-222.31394807100295
-223.64942638079324
-224.717441089948
-224.70525870720545
-224.65806018511455
-226.57452878554662
-226.21664337317148
-226.17751125494638
-227.866846092542
-225.17327575683595
-224.68632473945618
-226.3813023328781
-226.19016794363657
-225.1579838514328
-222.33177405198415
-221.28159947395324
-225.59771570364634
-226.4260249574979
-228.24584879875184
-227.39430565039316
-224.82407115300495
-226.63130643367768
-228.8820234100024
-229.45824658870697
-227.37549982468286
-226.49591481288275
-226.89010517199833
-225.80992056131362
-226.43903296788534
-226.53842205206553
-231.32724206447602
-232.1164342244466
-233.242499935627
-232.40542849699656
-233.0356341203054
-232.42245199282965
-233.05687601566314
-232.6527297417323
-231.9473945538203
-231.5445219596227
-231.19540439446766
-229.51200890143713
-227.69608798424403
-227.5819290161133
-225.40124853452048
-227.17695128917694
-227.5116561571757
-227.25281109015148
-226.97663012345632
-227.14746169249216
-228.1836101134618
-227.955280204614
-227.9076998313268
-230.02890592416128
-229.288715950648
-227.36723511219026
-224.37691283226013
-226.31601911385854
-224.94722620646158
-225.36529815594355
-229.91468806266784
-229.66567464669546
-230.06422970294952
-230.1893873532613
-229.85933769543965
-230.68533876339595
-229.70354384978612
-229.56398269732793
-229.84817700386049
-230.33427636623384
-231.1790545384089
-231.02171258926393
-229.73158043225607
-228.90339888334273
-228.3616372068723
-228.08099952538808
-227.0898440639178
-226.73252230882645
-228.1284291346868
-229.12422294219334
-230.8546596566836
-229.4384083390236
-227.94516592820486
-226.78617319266002
-228.9069841504097
-230.87427401542664
-230.49822310606638
-230.44582165877026
-230.81640338897705
-230.99387221336366
-230.54741006294887
-230.9154386560122
-229.25296961466472
-231.57562373081842
-230.4279713988304
-230.3622714360555
-230.98704928954442
-229.98336001237234
-231.05863721370696
-230.3206269065539
-229.05085151990255
-230.1848577141762
-230.014619632562
-230.10137320359547
-230.60711508194606
-227.55170829693478
-229.48530537287394
-227.9988258242607
-226.96943198045093
-226.56909631490709
-229.3313796679179
-228.33895605405172
-226.3419299999873
-228.11247774759929
-227.511239417394
-228.43343278566996
-228.96101711591083
-229.24216457208
-229.83854438463848
-229.47659038702648
-228.77841374079387
-229.01919898986816
-223.40371453762054
-227.4499200661977
-228.59179174900055
-227.94594041109085
-228.2178564866384
-229.16758357683818
-228.09190924962363
-228.71192274888355
-227.74623819192252
-226.10440812905628
-228.49569483598074
-229.95493576924005
-229.81604221661885
-229.64482747713726
-227.0492746114731
-228.28163665533066
-227.77806657155355
-226.4041643222173
-226.66417021751403
-229.11739406585693
-226.36708745161692
-226.48385511636735
-227.49435085455576
-229.27258394559223
-229.86662791967393
-229.1181986371676
-230.2143585364024
-229.57344449361165
-229.59442461331685
-228.63772351344426
-230.00302050908405
-228.8975152492523
-227.70544498761495
-228.77398920059204
-229.9470133225123
-230.1809170126915
-229.82919053634006
-229.17165564695995
-228.4569327513377
-229.54677883783975
-229.018079272906
-228.4286357164383
-229.02904407580692
-228.23452738920847
-228.9925925175349
-230.44124031861622
-230.11951507727306
-227.62385804653167
-227.31142068703969
-229.16838515599568
-228.17978015740712
-229.22029135624567
-230.75334680080414
-230.20061637957892
-229.64558974901834
-229.99146760304768
-230.023191456
-229.24228490193684
-229.06938448747
-229.75446529388427
-230.49252854983013
-229.09316767454146
-228.3762352069219
