-48.04119471023823
-56.95267450603946
-57.952832949572596
-58.14628949966924
-58.715195466732155
-58.69802003585059
-59.44234050142354
-59.270536250081555
-59.64009736015879
-59.43605977707896
-59.906468030707586
-60.24169227378122
-60.25276558871927
-60.53467363941258
-60.39116153223761
-60.54859625984882
-60.90457123929057
-60.74017460798395
-60.68956595864789
-60.97502351629323
-61.193892378231574
-61.12030374798282
-61.221742103839745
-61.26086295062098
-61.19066193494304
-61.160723655388274
-61.43155362893795
-61.431168064988896
-61.682223011707435
-61.709552676513276
-61.88086197807871
-62.02943225359095
-61.96299149455695
-61.803968383320445
-61.98663740219741
-61.84711570986386
-61.859118087538356
-62.0097330490063
-61.9502377900584
-61.85505714293184
-61.70417204088178
-62.333764867535955
-62.396231235101304
-62.33769600041981
-62.10672461781009
-62.19190247922108
-62.24772581355325
-62.07241595819079
-61.780824254299034
-61.83269860004557
-61.798491393697674
-62.15729643558634
-61.64335989438254
-62.046940318469346
-62.30216579396149
-62.01508323077498
-62.026574181071645
-61.04424847302766
-61.43119806667854
-61.63293124067372
-61.70015798868804
-61.97805537026504
-62.1206978621154
-62.1708035201862
-61.881356634970366
-61.83382147550583
-61.743339592012866
-61.495710769603996
-62.03434517671322
-61.80911849284994
-61.527057678535066
-62.04303527289424
-62.317148253835484
-61.476270841113454
-61.80671567135844
-62.010608432621794
-62.331714465700344
-61.99773470697732
-62.41466118138412
-61.87844934751247
-61.4870725212426
-62.07918686907867
-62.308505789986974
-61.816932733716634
-62.021488682977086
-62.48151993134926
-62.14490551784121
-61.55779896727924
-60.91937064918979
-61.13326547269163
-61.387069309579914
-61.441985798293146
-61.86218376098008
-61.87391786328678
-62.647412606354415
-62.085966360980066
-62.56387034366871
-62.28611263118941
-62.951517756642964
-62.98423740576054
-62.742724537849426
-62.8661813458492
-62.29660248961942
-62.14212384306151
-62.424862070330256
-62.25328299300424
-61.84670609852363
-62.71302609094258
-62.331975859814676
-62.65749307953078
-62.66507574299286
-62.92839889074194
-62.837740378133184
-63.006877580593375
-63.25411658143175
-62.68011967375361
-62.656836121246734
-62.29904651539079
-62.585971867216045
-62.904736327713934
-62.77411077968006
-62.531199204510656
-62.50127916911553
-62.62962226723803
-63.00126603142969
-62.38502977839832
-62.840096072904
-62.59484924941227
-62.79263519624184
-63.036838471889496
-63.093875977499735
-63.24482387715373
-62.94782352036443
-63.103584680063975
-63.167069880099135
-62.876214337760004
-62.64814474664885
-62.97361938295693
-63.012098746053105
-63.06094823006926
-62.90006198554203
-62.860001927819745
-62.68374350769766
-62.918287832161475
-62.94422237215371
-62.780573657874406
-63.093029181505074
-63.10486363542491
-63.10401409247826
-62.8205460988242
-62.70543777326058
-63.02951992277441
-63.15901112967524
-63.20892168119036
-62.999978747861135
-63.10427120225183
-63.14504813017516
-62.89088287332962
-62.98282906515845
-63.01426282833363
-63.25568879472798
-63.24035642681451
-63.084216137384544
-62.832719152343685
-63.12634198316212
-63.09695714403843
-62.91532124733103
-62.944676565712896
-62.97265943576549
-63.00392219218715
-62.90000201504806
-62.96908275320612
-63.1126326034809
-62.97843322877226
-63.10583967484277
-63.09246598235492
-63.02841631297407
-62.963473911943105
-63.22834477034108
-63.28412260680363
-63.09582011864103
-63.247423539901604
-63.124159788263256
-62.87936615532842
-63.220882393162825
-62.852501832205675
-62.890608279869475
-63.015689025665154
-63.06934345179591
-63.253946429696576
-63.217734246418395
-63.216163641419904
-63.303468085568525
-63.26330838121217
-63.16933468703566
-63.10538449369628
-63.31824334428228
-63.21415530813152
-63.006463548232766
-63.21569236804699
