46.79239454968222
32.23243442691606
29.387631413751635
27.80959766383829
26.183475477942103
24.281495964732663
22.978938970072516
22.380756664892722
22.05521533407014
21.582618822311535
21.028837629433337
20.02131298184395
19.63218827597026
19.047341131444636
18.512923816154743
18.017021546589916
17.98417461175343
17.7851930024295
17.12419866847581
17.380771967871436
17.046615011733152
17.138739411173194
17.143692294585293
16.514714687548835
16.682545716392582
16.449749718966157
16.45818520208885
16.2862148531552
15.947395847018424
15.768883057195564
15.943688440939475
16.380976325479047
15.962710871264852
15.400589855066661
15.78539300324588
15.87404684157207
15.433892921127121
15.855325477390453
15.257402461150598
15.495263707021188
15.427186427445248
15.04326245856696
15.215885041602727
15.192601253760271
15.075029034552903
15.146597236908715
14.65282751671199
14.485765754405794
14.487394571304321
14.360345183775342
14.61623899176203
14.502692614136071
14.689428259072633
14.34086275023633
14.08451927042213
14.351335602073833
14.184393327297835
14.041318269639179
14.203868397607886
13.931479670364281
14.090089391531615
13.75505181787343
13.681011198923505
13.748010143637657
13.849046526284054
13.99215275768576
14.185728350590015
14.004696992707663
13.860622987921897
13.362412805187292
13.556250732777448
13.477700730849957
13.56842592153056
13.469799180482996
13.43460412015175
13.50774155454389
13.393700644373894
13.20214331663888
13.115208518916162
13.148155560267382
13.326575160540383
13.335850892909642
13.368192491346392
13.086540473432377
13.127201356764498
13.270342766724784
13.426065215776706
13.127059195062209
13.247783704050656
13.184730400299204
13.220802885191194
12.91353478668065
13.098671667791645
13.244937372361791
13.13933580240299
13.069524048731244
13.09020574699188
12.985918299391352
13.000360216560034
12.899245981255483
12.900141488375334
13.021661159807238
12.634736410502729
12.96821689682788
12.762893928022221
12.70022636035393
12.976228518475747
12.92598021030426
12.706573218107224
12.799577512103935
12.882566397560053
12.768624413116225
12.75923181941797
12.586970265055525
12.7514002251214
12.809673877111797
12.668180727239314
12.392841830335815
12.464113991322188
12.56551057254446
12.606319508162038
12.667477167372045
12.615455550366434
12.574904909678574
12.460618796790468
12.617449696207869
12.45272119780039
12.374009291673529
12.408924899481494
12.377868712462227
12.397664933369077
12.107659063462552
12.218875247342833
12.166763399181695
12.115745863010144
11.843827210623642
11.92005168492424
12.383540133463926
12.158247346508093
12.040555447853844
12.249991624262826
11.937680515749701
12.403901979841034
12.415773970299753
12.25941949928629
12.03367419926257
12.08529227560964
11.900119870901108
12.230283199456231
12.193704057613324
11.92231193005011
12.020860022768892
11.966309300784406
12.254794818317068
11.942382972559024
11.971894436098378
12.056797137291268
11.969647634645987
11.82980089711732
12.225966001892912
11.874641555136648
11.991096823893745
11.944734354214422
12.011700096572268
11.655157642631695
11.75942441769715
11.721919661195114
11.732011530676793
12.005253622244144
11.85960249191728
11.708865003853008
11.773870575016943
12.076444947000208
11.861140409677192
11.947456191069094
11.56934917358489
11.883079195587799
11.830318522864374
11.748954192317765
11.76650477688888
12.058165754223692
11.838146829656486
11.786783301110926
11.904094662645768
11.882642266051523
11.632586523376663
11.723286735600439
11.755014144141098
11.674944545431384
11.726879778607138
11.49531686742758
11.633663947983035
11.64044334867905
11.565823670605134
11.63127943308189
11.532646225958034
11.596517263301488
11.680817780566626
11.686657481409352
11.754831687900527
