228.0637762784958
186.85380660692852
172.0971171617508
159.44368958473206
160.7141957918803
169.784026269118
153.82651817003887
157.952568089962
149.74785539706548
146.00005025068918
140.87563694318135
144.6482756257057
143.88832514683406
141.34779899517696
148.62260902722676
139.57159073352813
145.17019485235215
145.16167472600938
142.84126830101013
140.66496123274166
142.84206030368804
131.56331028938294
149.52555958827335
147.21914842526118
136.06734282970427
142.9150161186854
150.1076750199
144.77071482340494
138.28256691694259
143.31393966674804
145.23663592735926
142.99133332570395
135.74692651232084
143.1101353307565
141.92067222793898
137.98145400683086
143.81939565738043
147.4879770596822
138.99388789335887
139.35668869813284
143.34684839844704
140.46638999183972
142.68046143054963
146.5130865573883
142.70325814088184
146.10717838803927
143.33311815659206
154.1071316242218
141.6498432715734
136.43290311495463
131.92990494569142
145.30109371741614
133.3631184776624
141.95395650863648
133.74505681991576
137.14176642696063
135.57702247897785
147.5495815594991
145.06017332871755
131.46627427339553
140.31640226244926
128.50536809166272
136.83692603905996
143.4598634759585
130.03230378627777
144.0034308075905
130.3061932861805
145.17290381789206
137.29187044898669
130.41248058875402
136.9984746336937
140.66322615146638
140.78031594753264
134.04553805589677
142.55625170866648
129.30384732087452
136.09040050903957
126.95169905026754
126.52851844827335
142.09032753308614
134.36172317266465
147.94487586418788
142.60590956608453
139.03092340628305
142.69842618107796
129.7235361814499
137.09525531133016
131.13414988716443
130.32608957290648
143.73562054634095
138.08427905639013
136.12690184116363
131.47014827529588
130.3670140663783
130.09913658301036
134.3372220158577
134.96941687266033
129.4299644033114
133.83189673821133
143.27182830572127
130.45107427040736
138.7672779937585
133.86945433219273
129.22368451356888
134.26371853748958
137.33129250605901
146.078364944458
131.0603710492452
136.28035224278767
134.86477097471555
136.61097311178844
127.65668191711107
124.66605295936266
127.28036692937215
141.98661367495853
127.21218945582707
135.3713654398918
136.20308120648068
140.5958014369011
133.66039638519288
138.73079348405201
139.2482421954473
139.76002575159072
131.82903360923132
137.0867488503456
146.1278602818648
137.52247970898947
136.52855166594188
134.4472325762113
136.1453688601653
130.95522135098776
126.47851402759552
146.4120737393697
135.26223201751708
132.57306513388951
130.3357710957527
130.73497971693675
130.23295404911042
140.88919931650162
134.5958173394203
129.62934080759683
127.41468262871106
135.84413011868796
136.30874059200286
129.6056544383367
128.5076143682003
135.23979271650313
125.68552869558334
140.7886043548584
134.24100875854492
135.24486127098402
144.08237872123718
134.7215328971545
126.95344690084457
131.5925888299942
143.2152325908343
128.48555006980897
139.07445463736852
137.6799149552981
133.13118217190106
136.31773915290833
140.4744552632173
134.72964103221892
140.59949309825896
129.88964264790218
130.6135489344597
128.24653708140056
128.57166931231816
134.74279416203498
142.0445053180059
132.76359335978825
132.94747969905535
128.47319817145666
125.54205193519593
125.10302990674973
128.02702594796816
147.97625034252803
129.17967911163967
125.91925686995188
143.88482358455659
123.50993755459785
125.81318667729695
121.383378581206
137.5770617842674
125.55422545671463
115.32489035129547
130.48701263864834
136.51519155899683
138.89019396305085
141.98139134248098
132.8255796432495
131.20322449604672
135.27611744006475
131.18742967844008
127.09328862428666
129.12386285662652
132.51082924405733
131.28127362330756
126.10752240419387
133.18706274231275
