1429.559622001648
898.4854940414428
742.2916032950084
658.6295945485433
601.2351624329884
557.4568987051646
523.9045457363129
497.2031367619832
475.4371448516846
454.2789545694987
440.36140449841815
426.4048768520355
414.8314091364543
401.81480639775594
392.7500888665517
385.2230657418569
375.0645017464956
368.994189453125
365.28949580987296
354.23382132848104
347.3037313938141
345.8612172762553
338.9886493126551
334.5774211565653
330.4296556075414
324.7438949108124
321.8199015855789
318.9967029651006
313.9572286049525
311.3871243158976
304.81378542582195
304.429678885142
301.0693468650182
296.05511326789855
292.4768196503321
291.4297569433848
289.2349991242091
285.9327904542287
285.73531535466515
284.2083988507589
280.0359441359838
278.6134700934092
276.0609159946442
274.94771877129875
275.3668847242991
273.9532467921575
273.4247052431107
268.9842508474986
268.7420135895411
267.2581624984741
265.53203474680583
262.4754407485326
260.01167211532595
262.04086501598357
257.21433010101316
257.47813885211946
256.8215324481328
256.8381601174672
256.06923847993215
254.32102421919504
252.4428812265396
251.48241751194
250.04874913692476
249.8157671848933
248.30582135518392
247.8497983932495
248.61386143366497
246.24459768931072
244.8023006995519
244.7978820323944
242.41083682378132
241.142600051562
239.76269979476928
240.0755663951238
240.9774753967921
240.6054205417633
236.7854292154312
235.33371710777283
234.8336301724116
238.13602364063263
236.28200229008993
235.67485190232594
233.0612922668457
235.4603393872579
230.3075170437495
230.73912597497304
230.9795090119044
230.90070674419403
227.61257593631746
229.4948268254598
231.48148505687715
228.4518851518631
225.98046145439147
227.437779657046
226.02799191474915
228.10281774202983
223.49047457377117
222.30990767478943
226.37019880612692
224.36321557362874
224.7305792013804
222.62002209027608
221.57026381492614
223.0161956946055
222.04178043206534
221.89256075223287
225.6818197806676
222.6931040128072
220.15157366593678
219.77024636268615
218.80612669785816
220.0287545522054
217.26278545061749
217.8678918282191
218.95010667641958
219.08521707057952
217.2733985821406
216.40100015799206
212.83628497123718
215.5805769364039
214.2335408528646
214.21991277535756
215.29462080001832
213.4850194056829
212.11675397555032
213.292497809728
212.53758069674174
213.8060705423355
212.39622214635213
212.76662813027698
210.79597519238789
212.03519652684528
210.11973850727082
210.54673568407694
210.54921718438467
209.76555320421855
208.03328002293904
209.9865485827128
212.51035279432932
211.08038897514342
207.473987754186
207.74004305203755
209.2197396039963
206.86945996284484
205.36765456199646
208.03342474301655
206.71646758715312
207.4203335841497
205.9714805761973
205.35644478003184
206.17500393390657
205.82741463184357
204.85484336217243
204.72098520596822
204.24823541641234
203.91602875391644
203.5100133816401
202.46446307500204
202.67880794207255
202.2315447807312
204.2496510585149
203.1446801106135
201.50221490859985
202.8714321533839
203.8387054602305
202.82060368855795
201.87094827493033
201.02124156951905
198.03286968072254
198.9290690501531
201.00987474918367
200.53578860759734
200.03607274691265
201.14805816014606
199.92268721262613
198.54679165681202
198.27651523749034
198.85591390927632
197.49353272120157
197.5400044520696
196.81280250549315
197.38607939084372
197.0266417344411
198.9614063660304
197.23892312049867
197.11634312470753
199.1450173854828
196.25141717592876
198.65356333255767
198.24401551882426
195.91941614151
196.73482584953308
195.68646825154622
194.03711768786113
194.76572144826252
193.72113852500917
195.3295537630717
193.14840036233267
194.58800457318623
193.27897118727367
