47.0615153590153
23.64978343864967
14.400305825012639
9.266801229324834
5.882305739511704
2.805012286480131
1.1186130886961674
-0.8547346350447885
-3.101710420487256
-3.5552394639315277
-5.69850314536999
-5.771880468417859
-6.702866671414211
-7.397240210196068
-8.352125701205484
-8.862674597008475
-9.694722251131617
-9.104422256350517
-9.993695293521059
-10.23899839047728
-11.558978440946547
-10.740277154178456
-11.338150693424817
-11.834750729902037
-12.028769360020243
-11.956280223768333
-12.523372405561908
-12.49556388320594
-13.706467863814584
-13.101336937526177
-13.74029379723401
-14.146472412964393
-14.412385283359166
-13.062436739946234
-14.45397233706096
-14.767021469001111
-15.244244330915912
-15.292748746686968
-15.462222730805134
-16.10852136745535
-15.812780496889147
-16.216106328470953
-16.126427787131277
-16.860756195310888
-16.314709097146988
-16.28233527109541
-16.619184994492038
-16.094920737476183
-16.975805188561306
-17.14095360092048
-16.80141774898973
-18.010264810303163
-17.405871472482023
-16.83839791293802
-16.924312132699736
-17.196417058336323
-17.26418476423313
-17.746884774545144
-18.473317405273175
-17.641554282143197
-17.537015952940646
-18.33775598067662
-18.327259370992923
-18.354513258769593
-18.759382965749708
-18.787279923414363
-19.097440924110085
-19.434945279154284
-18.728486044139697
-18.325090122633966
-19.93641376598128
-18.853828398831958
-18.81139774980216
-19.392531476657965
-19.453718357045076
-20.054867139150357
-19.8275582112115
-20.180989703227734
-20.056978693810002
-19.858859340692387
-19.938179864965637
-19.101005890246096
-20.271245329544463
-19.91013085739366
-19.654496460639198
-20.622704727896327
-20.562370885035087
-20.678113806350478
-21.04829104707159
-20.875788977433896
-20.19695559812003
-20.156888963333493
-21.232766849213633
-20.721496337446673
-20.96407714948572
-21.085409107907065
-20.302835118154
-21.185500766696602
-20.895860739823046
-20.54942069999103
-21.23719362503496
-20.909274945999012
-20.677731103424367
-20.910228911658812
-21.618118861625934
-21.686879244343988
-21.298224243624457
-21.352795492986154
-21.734343684952833
-21.2672045595687
-21.13686969002773
-21.33313863441862
-22.387416794382293
-21.362545414217585
-21.613265291370194
-21.945487789038953
-22.230498200346684
-22.02840505900054
-22.180407698812157
-22.28755421576829
-22.108252914815115
-22.335020816531674
-21.830155024240756
-22.368377407049312
-22.79667246444472
-22.42106816583666
-22.096232173771693
-22.02968288392856
-22.066595815379046
-22.557169671716363
-22.317150022963
-22.34477135230755
-22.412853579069004
-22.177493412946834
-22.13940997832808
-21.815700927685047
-22.585830038477635
-22.14866791665554
-22.9729635551058
-22.055485288644658
-22.780279262312526
-22.852466233845416
-22.625721792208736
-22.745951396124116
-22.00072032213211
-22.74913143083967
-23.09049766536417
-23.30991234861571
-22.805635120334298
-22.778593954341165
-23.531178001699775
-22.77938071612654
-23.05792922809206
-22.963911089403876
-22.83385137340118
-23.4752743552471
-23.07692346182363
-23.271049817060604
-22.809619376371646
-23.168887834096775
-23.395569159039134
-23.344534400208243
-23.676082651162968
-23.918356463826935
-23.332266296806008
-23.0405441317065
-23.68759296063719
-23.74644966680428
-23.246227548040192
-23.038204132482925
-23.02116359307848
-23.35441950169103
-23.128566130481918
-23.802197978414338
-23.51432577289384
-23.508091921436375
-24.15335477426134
-24.03396672729788
-23.969693805637032
-23.210780357492382
-23.39100744806487
-24.056646375820556
-23.498062158453052
-23.674005451901206
-24.551292372160944
-23.145579735780583
-23.46916064311718
-23.366724546613366
-23.073800148635076
-23.182673618711274
-23.626794723601176
-23.879857286297042
-24.65514345518474
-24.172178401001567
-23.130328610025604
-23.91556666123456
-23.737715486822456
-23.512913040046033
-24.08686926960945
-23.50140141824196
