-35.529911655187604
-103.86901443401972
-152.46037011941274
-171.51177790959676
-177.57113033135732
-183.02866702079774
-187.01391944090525
-192.70474976698557
-195.30300698280334
-198.2860924720764
-201.51349136034648
-202.3834725022316
-205.35960202217103
-207.85074508984883
-209.12899378140767
-210.81572589874267
-211.9162108540535
-212.32020111878714
-214.55955565770466
-214.3703440030416
-216.12303188244502
-216.3820033033689
-217.26504236857096
-216.20838491121927
-217.84605365594228
-218.14850837786992
-219.06498398780823
-219.11715462207795
-219.3243648846944
-219.91095491250357
-219.04978385766347
-218.59076777299245
-218.33530680735905
-219.37722032467525
-219.97861502170562
-221.0446118036906
-221.4747900088628
-220.6208896478017
-221.09179214636484
-222.2150121450424
-222.64540662765503
-221.46757725874582
-221.15332609812418
-222.06708931128185
-221.8991103887558
-220.33303742408754
-219.33489497502646
-220.8013546148936
-219.5571231285731
-219.33285548289618
-220.8414230545362
-221.4698612332344
-221.65238151152928
-221.21493469079334
-219.7329200108846
-219.13985246419907
-219.68110885222754
-220.06487520535788
-220.09221036036809
-218.3958579579989
-219.497341187795
-219.87610767682392
-222.1105985879898
-222.71154187520344
-222.88482960065207
-224.17010739247004
-223.08238949775696
-222.26211762428284
-222.10143344402314
-222.67580805222192
-224.43570001125335
-223.54934243361154
-222.79124095439911
-222.09987750848134
-225.18219774564108
-226.91514982382458
-226.63796449502308
-227.14297227462131
-224.82643208503723
-225.88658752441407
-223.41378207206725
-222.6860504627228
-222.30678882996241
-222.63897011677423
-225.19691511789958
-227.8015469590823
-227.4016973376274
-227.69651060501735
-228.11483563582104
-228.03539003133773
-227.25624445676803
-228.2680798212687
-227.70539460976917
-228.76058092912038
-229.4021634499232
-228.21926378409069
-227.10671119292576
-227.8476202170054
-228.1497925758362
-227.8639825661977
-228.3771192073822
-225.0700622479121
-225.36604764461518
-224.02033247947693
-224.2319984038671
-226.91681729157764
-229.8472221771876
-232.5991346438726
-231.3240756114324
-232.38798922697703
-231.90170394976934
-231.53445151646932
-232.1451585372289
-231.39571617444355
-232.36944820086163
-232.98883098363876
-231.68617169857026
-231.8110052863757
-232.91652468045552
-233.6991638024648
-234.2245932618777
-233.9642999490102
-234.46390759944916
-234.23177289962769
-233.60080149173737
-232.59659135739008
-233.38151497046152
-232.08047598203024
-232.06587603092194
-234.98397455215454
-235.86062916517258
-235.15443439483641
-234.02993367115656
-234.018868124485
-236.3029384056727
-235.30468029181162
-237.84241808255513
-238.7635534207026
-237.82213898499808
-237.713098971049
-237.0326261440913
-234.2909767786662
-233.95194241205851
-236.36680462360383
-236.7701111237208
-235.6563420534134
-235.60526697238285
-236.18680826822916
-236.62685829401016
-236.96685937245687
-235.37352613608041
-236.87695841789247
-236.18112138112386
-234.63918066819508
-235.4738892475764
-235.3369159301122
-235.22916974226635
-234.891645693779
-234.25596896807352
-234.72716505924862
-235.49058849016825
-235.31441256602605
-238.09405868053437
-238.63889571030936
-239.0175082286199
-237.96886368195217
-236.94040929873785
-236.81512231032053
-238.920193139712
-239.1467668135961
-238.2966419140498
-236.23290383021038
-238.61281587680182
-237.95959800084432
-238.32823310693104
-238.40962518056233
-237.87614421049753
-237.48887763023376
-236.86458448966343
-239.00200448433557
-237.84479964574177
-237.8395615418752
-238.41036593914032
-239.37730953296025
-240.23542416890461
-239.8625187198321
-239.70633955399197
-239.134903438886
-238.94928548733392
-239.77918004989624
-241.10710313717524
-238.64966033299763
-240.51043889522552
-241.81676486730575
-240.30953415234885
-239.42451405127844
-240.34255579312642
-237.53725803693135
-239.50221807956694
-241.10672443707784
