-57.34293376505375
-158.04399325052898
-180.48418944279354
-186.62545574506123
-190.29037311077118
-193.40586611827214
-197.85413071711858
-198.7956259806951
-201.0916476806005
-204.3632000565529
-202.2565801223119
-202.3443481206894
-206.16994928518932
-205.53678199450175
-206.19893717765808
-207.58893239498138
-210.0827151974042
-210.61923602422078
-210.37019103368124
-209.09945650498074
-209.3433560212453
-211.98828402757644
-214.70629049936932
-214.66574974854788
-213.37742335796355
-213.209454258283
-213.93536315361658
-214.4041779756546
-213.76855631272
-212.56844221750896
-213.63701183795928
-217.74070760409037
-217.57206726471583
-216.2503679672877
-217.20723038514456
-216.66678620179493
-219.51811486879984
-219.87424034277598
-221.3548781633377
-221.80246037244797
-223.59768981138865
-222.8824921687444
-223.26919477383296
-224.64740823904674
-224.85116381645201
-224.712803653876
-226.90907324949902
-225.53637114365895
-226.88520963191985
-227.67038133939107
-228.8008135954539
-227.21975208520888
-228.03709859450657
-228.38920816580455
-229.9790073474248
-230.09944175481797
-231.12381784915925
-231.18142286141713
-231.2739338239034
-232.45719943443933
-232.602993730704
-231.44289702574412
-231.4249001820882
-230.99226762453716
-232.01531411012013
-231.83812798659008
-230.4613383293152
-232.33000690142313
-233.379130756855
-234.8156147400538
-234.71241075197855
-234.07897305488586
-234.56351188818613
-233.79712139368058
-233.66828175783158
-234.09073277314505
-234.16664271354676
-233.94574976762135
-234.51163258552552
-235.24356753031412
-235.9210643529892
-236.52444943586985
-236.45639793872834
-236.60144884586333
-236.34447391033171
-236.5809602499008
-237.6483757098516
-237.3773936033249
-237.25875244935352
-237.6212860782941
-237.435191265742
-237.75585834980012
-238.06008602778118
-237.49253840843838
-238.3430454015732
-238.23123884995778
-238.3855423728625
-238.75539366404215
-238.9482359011968
-238.27829480171204
-239.11143796841304
-239.05425493717195
-239.49543549617132
-239.79789672692615
-239.7839857896169
-239.9050633072853
-239.56440940300624
-239.30590198834736
-239.60667963027953
-239.06062206427256
-239.29023943742115
-239.4420069416364
-239.0270874977112
-238.91265459060668
-238.60522052447
-238.54301415284473
-239.03291125694912
-238.9877344727516
-238.61440576712292
-239.1935589472453
-239.44053398370744
-239.90357100168865
-239.84232929547628
-239.33300692240397
-239.27398999532065
-239.37841797669728
-239.7258552034696
-239.81204999685286
-240.20609143575032
-240.43484452962875
-240.26394141515095
-240.4665132045746
-240.15140976905823
-239.9547809680303
-239.7940985918045
-239.85899617671967
-240.16302905082702
-240.18033428589504
-240.17723012765248
-239.6001784404119
-239.33175445397694
-240.21988549232483
-240.0546649456024
-240.76840641498566
-240.71461364428203
-240.37222702503203
-240.42447752952575
-240.64916245937349
-241.01004374424616
-240.6903439919154
-240.64661768277486
-240.79045053720475
-240.6538111527761
-240.32898266712826
-239.6034943540891
-239.8995040933291
-239.57624808947244
-240.11598648230236
-240.1391922235489
-240.8215157945951
-240.701170027256
-241.0991599559784
-240.7748986283938
-240.809632897377
-241.04910905361174
-241.13432110945385
-241.35391842126847
-241.53784679571788
-241.35499917666118
-241.28267284234366
-240.85533324082692
-240.5369859735171
-240.824620060126
-241.4526158173879
-241.7575359582901
-241.90907178322473
-242.1381060441335
-241.88867279688517
-241.82253166039786
-242.0111042579015
-241.89667750597
-240.98432328303656
-241.2720247944196
-241.07399864196776
-241.0289816657702
-241.1238446633021
-241.32983209292095
-241.28707654476165
-241.38099324305853
-241.80105229616166
-241.72757949829102
-241.81513365109763
-241.99064158995947
-241.92855781316757
-241.86852113405862
-241.8191563129425
-241.5545346736908
-241.79621470769246
-241.59279854695004
-241.77764423688254
