561.9752135276794
441.26253313620884
403.0432320356369
376.4666316350301
358.4873288154602
343.08320691188175
337.0333514134089
329.1158557573954
319.9583144525687
312.3277271966139
305.9734923779964
302.91411066850026
297.05325195590655
294.13245658278464
288.39994486570356
285.2006732364496
282.55347756147387
277.9002032915751
277.2200209101041
274.0427205085754
274.61606526970866
271.8240837136904
270.1901986648639
265.0168326119582
265.6192424972852
264.107369290789
261.6936261713505
262.5126105328401
258.40258567929266
258.5399229904016
257.14867476622265
255.26994842588903
254.0516415764888
254.95782641967136
253.9817470719417
248.77538739740848
251.02650387088457
249.9882317185402
249.6569350818793
248.33879774063826
245.6246092095971
245.52683854003746
242.8731320619583
245.05500264167785
243.14406559516985
242.60984467615683
240.8445946837465
241.587987635533
240.45950256884097
237.97964651038248
238.83383135596912
236.20291746159396
236.54818530132374
236.00934262871743
235.79165264715752
235.93403530716895
234.9291052232186
235.33845795045298
232.72325986474752
232.59799518100917
235.74223404179017
233.2899567047755
235.2947121247649
233.74643231928349
232.6928011742731
235.67248234351476
232.26829886411628
231.07403381764888
231.35963685189685
228.0601440007488
228.29158794445297
225.83848958835006
228.91400778119763
226.36538888625802
226.13312604700525
229.05858546470603
227.38514890298248
223.26722471155227
227.32358006363114
225.72867600874355
226.12988159134983
226.13771412422258
223.95495978506904
222.7394072179993
221.56256549221774
224.00785922730964
224.26785555134217
222.13785094891986
221.4463575873524
223.26684660408645
223.11276175988218
221.7014232478415
220.78729527456065
222.139590506504
222.54455186102228
220.07946695766103
219.76737122852356
220.15831459661325
220.72502106279134
217.9892140944178
218.15231085636964
219.244227401237
220.10912609721223
219.01596108774345
218.5737988902877
216.82847222226363
215.74405016303064
214.94087578480443
215.55204255096615
219.7647456639058
215.83676030188798
217.06292305601139
217.32495311097446
216.81166193832954
216.56785633216302
214.8924422584474
213.84051758026084
215.84918374940753
214.64673444256186
213.3624505802989
212.19338699554405
212.28228204846383
213.77113574097555
211.84805459727843
214.57030736704667
215.11149464324117
214.6209605993082
211.81921152422825
213.70775621427845
214.04264772335688
212.0804629057646
213.8290359026442
212.9678525487582
212.1456077779333
210.12450731769204
212.62609467531243
211.2263997554779
212.83626425166923
211.4813674767812
211.46210646557932
211.65812073188525
212.3883076108992
209.63297701776028
208.13233250056703
209.86850422658026
208.75445583884914
208.3572150702278
207.56400082955759
209.54367433836063
209.436519642442
208.02314310943086
207.11006371726592
208.91134207844735
207.85900065129002
207.1835674708088
206.23395777816575
208.3341839760542
209.1267956316471
205.76859947939712
204.99905168215435
206.8504113872846
205.72828759128848
209.91615290592114
207.22603297010065
208.73240318646035
206.5808645049731
206.91138395418724
205.7582047695915
206.78302196065584
203.4300942917665
205.26582971662282
208.27886127034824
206.80452404841782
206.6133370935917
206.05272415168582
204.8712533975641
204.38643088191748
203.14582991153003
206.00750087251265
205.83249380290508
205.42182328154644
206.5243872905771
203.57419812927643
200.86038289467493
201.97150360097487
203.4153895114859
202.53029234545926
203.54188574552535
203.62087887823583
203.5658197681109
203.64760799209276
205.12044948587814
202.68282329787812
199.93379963338376
202.24228369891642
200.45454691996176
203.19097343037527
200.9698251304527
201.52026076217493
201.35400056988001
