649.3569777886073
509.16651690800984
458.4950049718221
432.21115690867106
409.8343706607819
393.66018858750664
376.9006464044253
371.37732586463295
356.7721294879913
349.5372997879982
341.51614769299823
336.2587381899357
328.4470376253128
325.59837714831036
319.8371400396029
315.9430851439635
309.90342678030333
306.13887067834537
305.3798332691193
301.9439260840416
295.4421401619911
295.49307998418806
293.44748576482135
290.52751914858817
289.31400156219803
288.1801990946134
285.21269704302154
282.8330245792866
281.1252757370472
281.08614447315534
280.46896081169444
274.2933432857196
272.9051997313897
273.98644903699557
271.8519263068835
269.66980042656263
270.386491338412
270.1955593377352
269.3660536378622
266.3729100714127
266.36469001173975
264.6138457258542
263.31717475950717
263.5899427374204
264.72888360619544
261.5839968621731
259.39035149812696
260.3946409026782
258.44283880690733
256.3655659804742
258.7832244694233
256.72966268459953
255.40006020466487
254.55276303688686
255.59985932757456
254.72480512658754
252.5491031507651
254.48480553925037
253.89521918098131
251.9129563043515
251.1040735522906
252.1002847244342
252.88836158017318
251.9087111433347
248.75306520164014
248.8231027667721
250.36358232994874
247.6431256165107
246.214330269893
247.98015946845214
247.1826534152031
247.37580968141555
246.506008280317
246.08733184238275
248.7827645848195
244.49057562996944
247.536941242218
247.89475018978118
244.4271408935388
244.01439219415187
243.7490921318531
243.79242356667916
242.04582154651482
243.1532222658396
242.50912411957978
242.55086103950939
240.9127266595761
241.45691920419534
241.03374451696874
241.11952420274417
240.28721945981184
243.81402561068535
240.12285797894
240.63751483261586
237.90472929726045
238.49034535040457
239.39800545821586
238.02448724210262
240.18389928539594
238.81441524376473
238.77382178703945
239.09947934746742
240.62987437744934
239.45727891921996
238.11443654249112
236.9244146461288
236.71035937716564
237.83298539072274
238.35542027155557
237.54952147603035
238.73858208805322
238.1893687054515
236.49418106476466
236.58987431675195
235.2858767437438
234.66988254537185
236.29995212058228
235.2088270376126
234.75000683367253
235.93326526731252
236.23296283856035
235.09330194294452
234.7066918581724
235.9051314905286
234.16705659677584
235.87894594271978
235.67081392308077
234.14091907093922
235.2426842768987
233.2481042544047
236.2525757879019
233.72617476681867
233.22391431902847
232.65534267028173
233.38720902999242
231.60136399740975
231.27157027771077
233.32176112383604
234.1060151408116
232.8447213585178
231.4766656095783
232.07322101468841
232.88888786435126
233.43049357185762
233.5273308262229
233.5059231152137
229.56066245237986
232.65929106622934
232.54566329469284
233.7493626455466
232.34277708157896
229.8386597007513
228.37857623447974
229.01570070038238
229.60279634756347
230.86767328505715
229.4068612009287
229.27185745040575
228.81491623545688
231.19704334934553
232.30672692308823
230.99090994050104
227.62672528425853
230.2910667076707
231.53399000813565
230.4641241605083
228.72137257804474
228.41736224715908
227.82103855659565
226.52344330828637
229.761894954741
229.87142498642206
226.68141000717878
229.91588644236327
228.69581355514626
226.77636368672054
228.29284301499527
224.2857429638505
228.42733798821766
227.97644518837333
226.7949008176724
226.7894968540718
225.53304225454727
227.9428986789038
225.23824422222873
226.19527322935562
226.16675757070382
225.17002101714414
226.13652723456423
226.7467480239769
229.26435767660539
226.74221326013406
223.75325488597156
225.89367817491294
228.81445130805176
226.1101872007052
226.7757684983313
226.47888436714808
223.97698885165156
227.21365326891342
