193.1175014150554
132.28497555543638
105.21929773174483
88.74993162525111
78.25908467276344
70.0127714605167
61.056705215881614
54.987963466808715
46.931753183233326
41.21666607620387
34.28501359964239
29.370615403200016
25.367627438286256
22.091076203975184
19.072698592625816
17.00075590234764
13.796249378729483
11.159715125851076
10.236653667521374
6.62598488081632
3.5528636286356328
2.5971200640859275
-0.45216121807180604
-0.5907211555489178
-2.782781077356174
-4.385825469576079
-5.701450476358676
-6.922639809291939
-8.276370231961382
-9.13174684294339
-10.30521051688441
-11.431476923926123
-12.017560080721461
-13.815556984009413
-14.423283860087395
-14.918013165223188
-16.130881892196065
-16.74029051795088
-17.680334193439318
-18.070986116754597
-18.61909664910415
-18.883708400972957
-19.8158467288675
-20.521335821727227
-21.034592296542794
-21.67526723598612
-21.625745771260096
-22.274307895323325
-22.817083807854818
-23.138895180718652
-24.161274909973145
-24.49234098298796
-24.389582249624976
-24.526581184617406
-25.35556288012143
-25.349585777726666
-26.2335471058714
-26.315521761261184
-26.92214091379067
-26.669431920709282
-26.93213315153944
-27.67188494472668
-27.488462834522643
-27.57225124281028
-28.377162970345594
-28.563875537494134
-28.938050899012335
-29.327873021364212
-29.5293320972344
-30.218956890805014
-30.166414252642927
-30.559079359317646
-30.435047839222282
-30.694704494599637
-30.84451080807324
-31.5760768508089
-31.904851595903263
-31.76400990630018
-32.079826117589555
-32.10929815522556
-32.47935542567023
-32.43602861823707
-32.68216933978015
-33.02837582086695
-33.114776947375
-33.19118417953623
-33.487015148689004
-33.39677268780511
-33.885863220897214
-33.701272522581036
-34.1830643384621
-34.37655837576965
-34.45153117077104
-34.11604803183983
-34.181717022739605
-31.829494782562914
-29.883841178540525
-32.0438876748085
-32.86611858935192
-34.079897062531835
-34.492966649861174
-34.74883642587169
-35.10014009475708
-35.09264330411779
-35.62297151931401
-35.3570259871154
-35.91061082893405
-36.39128412665992
-36.48681701668377
-36.07924853727735
-36.56751734326626
-36.574471417172205
-36.49620768530615
-36.60139206462893
-36.73176134352026
-36.91671336108241
-37.17419099910506
-37.2558434009552
-37.10607180307652
-37.357270018807775
-37.250096401263924
-37.414068914692976
-37.70121635136933
-37.79025421471432
-37.55756276434865
-37.79968223489564
-38.15011926971633
-38.18501048046967
-37.89688178896904
-38.19956978641707
-38.2179987810809
-38.35253559515394
-38.60035440120204
-38.86613856101858
-38.72010005137016
-38.761566693412846
-38.78974632867451
-38.8706288933754
-39.035126308942665
-39.00543290376663
-39.29347533295895
-38.965948973236415
-39.248457040252354
-39.726134876752724
-39.51744691667886
-39.612110468848
-39.61421739952318
-39.18624971652853
-39.38963242132088
-39.39988159105695
-39.794870282041614
-39.885231506207894
-39.90996920959703
-39.879859404317266
-40.03045715751319
-39.940571870269444
-40.094169764683166
-40.30210209817722
-40.431534428021
-40.230289493141505
-40.50505001997126
-40.68322611882769
-39.77607067905623
-40.12425367277244
-40.61082654780355
-40.67290874288
-40.88568040317502
-40.76157709956169
-40.680659635313624
-40.71335556281024
-41.321583929760706
-41.03018798190972
-41.22679761257665
-41.56613535305549
-41.401550233364105
-41.206248759195724
-41.04456449274359
-41.22077689499691
-41.524718072907675
-41.3529203390253
-41.456579043947414
-41.42246571183205
-41.50298285484314
-41.544790837271464
-41.59116236814137
-41.74790004512359
-41.59230953557738
-41.76222235992037
-42.00351957000535
-42.19064222944194
-42.11337157878383
-42.170102527429314
-42.12192754087777
-41.97962954126555
-42.26045302892553
-42.083387065550376
-42.1795345729795
-41.90345891796309
-41.945910953242205
-42.36454691146982
