1298.3351362820329
1251.6420901068325
1221.6603436305604
1212.4720543170797
1215.7864250972352
1190.6196480783924
1211.0894716854752
1164.9794216813712
1212.973061627355
1183.885155842222
1179.1847208615006
1163.9701702512543
1177.6145999842677
1174.4814211417888
1161.800231769167
1145.3987500420933
1172.5651459529481
1124.6319608688354
1172.5026631519713
1125.179494759132
1138.049408945544
1148.6544871494689
1155.9752359061406
1143.426772446468
1140.613226791908
1180.5469986159226
1153.9329861608044
1138.841913354808
1093.8564710617065
1140.194367573179
1138.6611128182246
1158.9826144514413
1126.7637520822987
1102.223552144807
1126.2168729058628
1117.373911660293
1123.9852216325958
1102.2778820169383
1159.1067550264556
1157.506006569698
1146.088640969375
1113.2416182550892
1113.7513219570292
1122.4696929208164
1123.2837957513743
1112.6493064617289
1118.173466583778
1101.1864125481968
1131.2398914797552
1142.5267626663733
1091.8955282671698
1121.9011016714162
1116.8991867262741
1104.4781401732873
1112.5172298036773
1117.7846658969747
1113.4479770331548
1106.119707584381
1143.986411851028
1129.7447591978928
1102.8486583315093
1125.0773880399506
1104.8241713293667
1133.7917602802145
1113.3097067865833
1129.6840791044565
1123.4252036522175
1101.1223438526022
1141.9454778473953
1117.1983735972437
1105.1804920064992
1089.8893403020397
1105.5581120458141
1087.9926318135754
1106.6631151889933
1133.8708509576732
1122.053127354589
1115.871874579068
1118.815481679193
1106.7317227988408
1103.836905051922
1131.4736169946605
1114.9791547183333
1114.2952460913823
1115.0773894869048
1081.8040384424144
1098.0421389546887
1116.801738147078
1119.834550364264
1109.172986490973
1086.1867694525884
1098.5397649962326
1103.0878324179814
1132.3566695246204
1113.0049963983997
1090.8820645562535
1122.5765931359654
1113.1142457764724
1096.4036872304719
1118.9537381797002
1098.0360781242107
1120.8732956853405
1123.6595867091212
1141.9174220315342
1117.1377476659313
1119.9285163714967
1116.2047293103974
1123.2531863574325
1073.206527413993
1114.2244285057332
1086.08052240569
1096.1667016128015
1092.160741279865
1119.3819083509775
1093.9157655650172
1115.8550593277503
1083.2502791634922
1116.745354060469
1101.8314217205705
1114.2266213647251
1114.4779626254378
1116.7080860795645
1091.4934810769969
1085.3406834109076
1109.571306557491
1088.1673750055247
1104.9745140075684
1095.0330520498342
1081.4749633854833
1114.2916758307094
1095.4074275904688
1102.8989249262318
1094.094069727536
1100.8579859240301
1091.8975561733903
1105.7876708589752
1110.5757574870668
1092.9152288765742
1097.7273487222606
1096.6496034161798
1091.2712855503478
1103.9441957638182
1077.9091900463761
1108.9593437457906
1106.2451670745324
1093.829658738498
1088.0599868544216
1076.9823882662017
1079.9145417049012
1115.265150859438
1099.3609174531082
1098.2157450051143
1099.2939119010136
1115.534791420246
1107.0762098246607
1082.9955052671762
1080.3713500088659
1079.9344746819859
1073.8813685055436
1083.8463391928838
1120.7025097814098
1079.5078613018168
1113.0408968432196
1089.4174276220388
1099.5015554099248
1119.6945219039917
1083.2895358513142
1097.9101848273442
1080.4265858222698
1074.5427407560678
1084.9864260574866
1096.771534229147
1106.8793574037222
1085.6591203294952
1118.563699294781
1087.3196643303181
1100.0197224288152
1077.002873091862
1106.4271293508596
1084.761688758587
1104.8908485544139
1082.2314744488947
1077.4780530600713
1096.6028543669602
1098.0358456249894
1083.2358971957503
1057.6210968083349
1095.8209737251545
1075.8729171095224
1087.8268228728195
1065.2162916578095
1095.1893963649354
1083.1758802512597
1077.8919116710795
1061.3833291612823
1064.2584713574113
1090.31265969112
1072.2208805084229
1099.95802264378
1107.265113699025
