-42.10983215221043
-51.91936048557018
-52.25640561868404
-53.16718064916545
-54.27588528086399
-55.1840410109224
-55.26820040160212
-55.83513737958053
-55.56125381383403
-55.585421686542446
-56.10013237492792
-56.19762768211036
-56.08255379775475
-56.26903067786118
-56.50998566685052
-56.398911478190584
-56.569745548840224
-56.1806705162443
-56.36319954950234
-56.946031240553694
-56.71662651464857
-57.50356038685503
-57.01315845497723
-57.65863737977784
-57.3063527448424
-57.467234319654004
-57.53895179567666
-57.70425426343392
-57.81770623655155
-57.70498346871343
-57.62484994325145
-57.77140698350709
-57.97777777601932
-58.05151657605993
-57.97730903584382
-57.768960182009074
-58.20156317127162
-58.17863166126712
-58.182702483802004
-57.78933782824154
-58.22416745999764
-57.85947688694658
-58.52743458336797
-58.6666886868148
-58.176998892734794
-58.66419254603057
-58.514964165358705
-58.86538325918132
-58.84538555350797
-58.81120369865977
-58.78450162040776
-58.86146827607319
-58.579480072547646
-58.912467575278775
-59.09542943485852
-58.98595104751916
-59.11202545823722
-59.60517634194473
-59.10347035013396
-59.28490760203066
-59.103964955642304
-59.34370286094731
-59.30883253237297
-59.609976278296834
-59.541481733322144
-59.63025704231755
-59.36761391265639
-59.38976793453611
-59.32599629718682
-59.54722942874349
-59.61106160283089
-59.7559754612117
-59.92881425393039
-59.72671284552278
-59.66439853659992
-59.995690826711986
-60.08063412534779
-59.95757172847616
-60.32620441708072
-60.260875660797645
-60.171983839109025
-60.20335962751816
-60.212973670712834
-60.19746977193602
-60.439301718925606
-60.3217321469866
-60.50754051989522
-60.558091632251084
-60.26195094914272
-60.42838655258047
-60.36698927756014
-60.52035249718304
-60.36624756558188
-60.243566624049485
-60.391564863509146
-60.398093509263006
-60.668028761600624
-60.60956001487271
-60.35334491524203
-60.67740315609965
-60.432413574950445
-60.5446584985174
-60.62472182717816
-60.591245936936346
-60.87103216709762
-60.86094390215545
-61.01279148767735
-60.95835234173413
-61.11361327459072
-61.00261783291553
-60.952400976213916
-61.209922880961976
-61.02889084199379
-61.13344023248245
-61.182366694869664
-61.158536749667135
-61.42695150293153
-61.44070341463747
-61.348414475547855
-61.3282228441074
-61.464045735268755
-61.38013908369788
-61.544986819398815
-61.3990810801243
-61.60376559249286
-61.56559093142378
-61.49928532386648
-61.692023678072566
-61.33580777151831
-61.288625151946626
-61.397040979615575
-61.2709746566312
-61.54228437769002
-61.41179827369493
-61.69828319960627
-61.7441273639942
-61.64930181256656
-61.587082433289495
-61.60191291878964
-61.4136296675123
-61.55930161681668
-61.756770257292125
-61.63340047104605
-61.8394615711837
-61.77606606997293
-61.857561419750084
-61.91036428870826
-61.84372203720027
-61.7517885709631
-61.81267216493343
-61.7103131618993
-62.03551416972588
-61.72904030927296
-61.91405013922987
-61.69745476081454
-61.772584222514055
-61.76361556094268
-61.793481810339564
-61.82089953586973
-61.94567645829299
-62.082458508425745
-61.88823121888884
-61.87680206935981
-61.94433502082167
-61.784310673845226
-61.96455465822384
-61.822144467255164
-61.656168111439406
-61.723107877476465
-61.81645047664642
-61.67852410365795
-61.80913927534531
-61.9137917582331
-61.94193438825936
-61.95690226657637
-61.759689566390264
-61.88550228805378
-61.94509058060317
-62.096334984590264
-62.16584642693914
-62.01770762122911
-61.856102102789386
-61.91282055295747
-62.02713436607657
-61.98765962493831
-61.990135686150914
-62.11282964924286
-62.038142558829534
-62.12117505484614
-61.57301839363986
-61.828278816979505
-62.08510668318847
-62.18637912643367
-62.19765955826332
-62.257847459151826
-62.29671094335359
-62.166144085341486
-62.22775789375963
-62.272475832495196
-62.09194019128536
