7508.324929682413
6725.377919260661
6678.719162368774
6793.304319254557
6645.281109364828
6608.552222824097
6415.277282969157
6445.589138285319
6360.675320180258
6248.412770080567
6127.674790191651
6189.284576161703
6172.860746892294
6413.702640279134
6218.966337966919
6316.808890406291
6153.279800415039
6293.814205932617
6223.8850537618
6120.20394821167
6142.368328857422
6135.15469233195
6046.234273020426
6029.260722605387
6048.400127410889
6074.752049509684
6111.091017659505
5960.793118794759
6020.10579922994
5782.595637003581
6061.797402699788
6094.153601328532
5963.6306570688885
6084.287552897135
5896.448873265585
5960.152798589071
5795.255547587077
5994.705100631714
5905.719721476237
5940.459511820475
5809.9482785542805
5823.629564666748
6067.992351786295
6119.479461034139
5985.100795237223
5943.026677958171
5827.625652821859
5849.25485979716
5929.094937133789
6039.283504231771
6031.101486968994
5817.091053899129
5959.828319422404
5829.325920613607
5954.762385686238
5934.847348531087
5889.051634470622
5927.615052286784
5844.691613769532
5992.623743565878
5898.287398910523
5934.892718251546
5761.711881637573
5871.159889094035
5801.613784535726
5717.389502716064
5749.0913757324215
6071.760422007243
6084.760970306396
5896.790863037109
5914.3719871521
5950.759876759847
5778.1157875061035
5848.594184112549
5792.78998336792
5859.778922398885
5719.556191380819
6073.5799327850345
5647.0729242960615
5701.234328079224
5798.131275685629
5908.810625712077
5910.255053456624
5719.985796737671
5665.334229151408
5828.081192398071
5814.490419006348
5807.847839101156
5811.913340123495
5842.934830474854
5832.994481150309
5910.420397949219
5897.445190684
5865.142433420817
5912.306487909953
5853.067953491211
5777.297764205932
5911.455012512207
5935.0571762084965
5857.797960027059
5684.275203196207
5817.220532862345
5626.133582305908
5704.832667541504
5722.976208241781
5981.586373392741
5957.242204284668
5656.647622044881
5640.231279500325
5748.633331298828
5870.585493469238
5791.623103078206
5786.465174738566
5720.902627309163
5679.838165156047
5659.0586390177405
5815.8967361450195
5725.8276926676435
5810.321214548747
5707.403033955892
5851.5650390625
5755.896062978109
5856.854229990641
5693.075895182292
5686.636422729493
5828.8909638722735
5657.085313415528
5761.629321543375
5942.558969751994
5616.220517985026
5807.775659179688
5754.829306030273
5705.998353322347
5575.316742706299
5690.401494216919
5720.682795206706
5726.3140725453695
5785.8328495025635
5803.731573740642
5889.592646535238
5864.818584187826
5716.543547821045
5706.17851486206
5641.872688802084
5552.799842325846
5600.811664326986
5741.019902038574
5723.916593170166
5560.113501866658
5687.325571187337
5664.888409296672
5565.842094421387
5767.832076263428
5728.178674316407
5720.822183100382
5759.587719853719
5663.134963989258
5673.1814743042
5567.334167226156
5658.7194845835365
5549.859359232584
5532.234881718953
5612.895221201578
5621.749561564127
5681.505424118042
5604.866924794515
5572.526181030274
5606.455547332764
5499.149435043335
5455.144161478678
5697.527619298299
5675.206525929769
5889.108443959554
5519.436528015137
5485.608689498901
5547.207791010539
5379.2849573771155
5495.240947469076
5495.225713094075
5637.203535461425
5598.714221954346
5641.632733027141
5767.310890706381
5643.08820177714
5701.052562967936
5674.634269205729
5722.730172602335
5669.676160430909
5658.872297159831
5612.907857513428
5457.33630472819
5682.464719645182
5523.828746795654
5621.00263671875
5541.7779135386145
5643.7281899770105
5543.27445119222
5665.41514116923
5715.982122294108
5707.03770980835
