631.0057308912277
528.7809239864349
483.0966734170914
460.78901770114896
441.0868067383766
423.42750393946966
412.53433149258296
399.87031898101174
391.04669008255007
385.5796060919762
380.00293640295666
374.2737300634384
366.7265207608541
361.232248767217
358.76284238497414
356.4084520141284
353.8269082546234
349.8521226445834
347.67651328643166
343.88487913211185
339.8472741564115
338.2726412733396
336.5773162404696
336.3581468582153
330.77553433974583
330.66408220132195
331.37615425984063
326.9796066761017
325.0355728586515
326.64440940817195
325.07862741947173
323.5469450294971
319.9027857820193
320.8493170936902
321.457968856891
320.8999000708262
318.55377486546837
316.18419969280563
314.56539427836736
314.9110482633114
314.93203279773394
313.29291127125424
312.89482705195746
313.23348507086433
312.5822481095791
313.0230528255304
309.2029870927334
311.5634737054507
306.71491893728574
309.17208532889686
307.4755378862222
307.0678978939851
307.34402945041654
305.3085234661897
309.1946275452773
306.9180346151193
307.05175866882007
307.7317874948184
302.8525993625323
305.79791146119436
303.3246288994948
302.5862413565318
300.7209267914295
300.5701798717181
301.6654357691606
299.96975478927294
299.88860212167106
300.28266588846844
299.22260654767354
301.6838189383348
299.0738763689995
299.68388048609097
298.0397155880928
299.83085320393246
298.63129275043804
298.7714426239332
296.38879119555156
296.93724827567735
295.88951808810236
296.89933507641155
297.28339907924334
294.22335082888605
294.13180731336274
294.9863468090693
294.0330124596755
294.47533555428186
296.341317186753
293.63303941488266
294.2695428609848
293.9755507528782
297.8378023306529
294.1960284670194
294.052892524004
292.607147616148
295.31328347325325
292.01522968411444
297.211311541001
290.63739875356356
294.50078719059627
291.86101110577584
289.65857481161754
290.6977969745795
288.94128045638405
291.9166066368421
293.11613044540087
291.78694925109545
291.8958012799422
289.4149990598361
288.9231841464837
287.9740544319153
288.59903290867805
289.8773624320825
288.21630891561506
288.17074908415475
287.6534310400486
288.7037600119909
288.5571565250556
289.28514885902405
288.5962747772535
289.7696785728137
288.6141539990902
287.66218403577807
289.3211388250192
287.6419977148374
284.8459146360556
286.2592986087004
285.5645307600498
287.2059754212697
287.67587294975914
285.5593347231547
285.27027342120806
283.7268217424552
287.1213341832161
284.4570619980494
286.0960944434007
284.98165723284086
286.1233713785807
283.2218711078167
284.9246061861515
283.6671914001306
283.98861014842987
285.0107202410698
284.9953800400098
283.59468989570934
284.6859726766745
285.2955092271169
282.67538296381633
282.08090259432794
283.9759754538536
282.95957984924314
284.4064023375511
281.81985982656477
282.0606878479322
284.3013457636038
284.4862365484238
283.7239605128765
284.5551223198573
281.8604755560557
283.0414971788724
281.2156854867935
284.0085167904695
281.11929574012754
279.08146763046585
281.41019477248193
282.6618769943714
281.10697356065117
282.3248366713524
282.1371865212917
281.2091664294402
280.0619220018387
281.0734921336174
279.27680285771686
280.9908538162708
279.86043383876483
279.9448464135329
280.13097288807234
280.5298647224903
282.92700246175133
283.87329649329183
280.67027206023533
279.67203461329143
280.9015196144581
280.0508046428362
281.172166933616
278.0209559092919
279.4834307988485
277.4864302019278
279.2865100999673
278.95649529894195
279.0700704991817
281.8846570968628
279.3420256098112
279.3798272271951
278.66175950169566
278.41626841227213
280.53788782954217
279.6661903540293
278.83331771095595
278.38281409343085
277.4863163948059
