-15.458264167966513
-23.28164488590997
-24.89041411773912
-25.087276182298
-24.812423125937066
-25.130357748475568
-25.386736494199983
-24.861780602356482
-25.273491595325797
-25.541905326062235
-25.297493637121956
-25.46929215614138
-25.70773168781708
-25.563651998495235
-25.047858161145243
-24.674901197696553
-25.691048842051934
-25.099334307785693
-25.73686113748057
-25.106593730120824
-25.889406393828065
-25.280049149332374
-25.747267005772425
-25.21682217100571
-25.668518358263476
-26.032271607168788
-25.326997735377017
-25.541922419235625
-24.38013978662162
-25.122240857831365
-26.27183276260721
-25.425343243212534
-25.86915107482466
-25.24375786966291
-25.68189940781429
-25.94697758349879
-26.464022179102077
-26.37805897408518
-25.598339329505787
-25.640439421452324
-24.938470255711984
-25.71129092471353
-25.581845736709134
-25.72346003507746
-25.475979599459418
-26.818232873904293
-26.3938558255804
-25.589469414332818
-26.090454986897008
-25.4453936321982
-25.539091650268126
-25.90865850037542
-25.560518795560146
-25.85041867556243
-25.051133783726858
-25.13656753044704
-25.434317477818194
-25.75127973176282
-26.212495743200698
-26.139303998700505
-25.06057870696331
-26.386188560518725
-25.878683502817974
-24.716272415785955
-24.81421816451796
-25.60837853365931
-24.533899379187616
-25.08649025600532
-25.94859504699707
-25.653300657354553
-25.160787930776333
-25.138656813522864
-25.231058177249185
-24.547541278189627
-24.493219382804014
-24.53418868420453
-25.00348403638807
-24.829018503427505
-24.43951059004356
-23.599338236553915
-24.295568687134775
-24.19219599612828
-25.351070916858212
-26.335180849864564
-24.939529391198324
-24.55805295500262
-25.184341597916752
-24.653478985202725
-24.153827671346992
-25.02921953283507
-24.58468921790863
-24.55726064484695
-24.935551570407277
-25.338745478926032
-26.094083877473043
-24.873566904458507
-24.791115591238285
-24.260068056912257
-25.32335189344554
-24.737009464152926
-24.71475245161303
-24.773266132535607
-25.2519775356712
-24.51356204522067
-23.955351099885743
-24.468003397357876
-24.765756983181525
-25.119968712329865
-25.27354869965849
-24.478141620241363
-23.965148605149366
-24.60732660930732
-24.525576943467403
-24.44054788351059
-24.396508006700152
-24.514422317517216
-25.310361159772707
-25.715473865640575
-24.444323962618565
-25.484874086133367
-26.02257531470266
-24.842720111896252
-25.056189617720143
-25.142134093005083
-25.105606369931124
-25.87549211958359
-25.598494634546082
-26.48568648716499
-25.377224884156522
-25.086575277920428
-24.95717791750513
-25.663567329275196
-24.65978733630016
-25.351664119753345
-24.985367509311644
-26.487984958907653
-25.2326829834231
-24.93001427527132
-25.28802973597214
-24.722865308153217
-24.987874332173117
-24.93344106653641
-25.69826628935748
-24.650548706280773
-24.962593961378623
-25.770340051116616
-25.016429639068143
-24.837781884033106
-24.68367366441365
-25.322100615706937
-24.971829427727336
-25.545608206041926
-25.73103326970133
-24.943570874888323
-24.79570874160734
-25.269919762323642
-25.30445204109981
-25.952744072881238
-25.15577390173386
-25.649397986716238
-25.486753040346606
-25.06969880543906
-25.094220152188992
-25.62194667499641
-25.4134944384468
-24.765384587748297
-25.362837928122488
-24.82074685240614
-25.365889742970467
-25.383259040014497
-25.43741255587545
-24.910707155178333
-25.49740547250057
-25.12268873740887
-24.920480939334837
-25.896725723455692
-25.321307201837673
-26.44873802620789
-26.04126519221684
-25.44652941206406
-26.5782052299072
-25.509584701266782
-25.423745382448722
-25.297311678014953
-25.198608466263476
-25.64601264996775
-26.086297179090565
-26.34219172802465
-25.546925868453652
-25.729429446931544
-25.92640619647914
-25.45004465713583
-25.741682440042496
-25.72259986195071
-25.298468673023685
-25.291807336026224
-25.3140718484747
-25.67418637152376
-25.518678595279827
-25.93360532974375
