91.23602900320085
68.63908403084196
59.180342733860016
51.851331077773
44.23645133396675
42.633132964372635
38.568934979109926
38.205738481776464
35.8565265454095
33.80874221797647
31.645649767384448
30.358663864690683
29.337429433033385
29.329392271052146
30.265405848365404
28.13988684888544
26.100433716229325
25.210949353359897
24.227204360838595
25.48897413395602
24.58619978535792
24.59413877283705
22.787108431602345
22.359609716154377
23.469612985335548
20.810686855737504
20.407783919367297
21.650845921758947
20.08789737920823
20.425245971001427
20.411147880014674
19.35534083689081
18.92982630071969
18.93566690423879
18.182310544693006
18.077269694221943
17.35833228006959
17.95480606871946
18.672097185433937
18.28299830169899
17.024250101362323
17.092367625442044
15.976521766391294
17.244109133065773
16.52057785874811
14.69949413938769
16.147665086844615
14.19725277653799
14.517202133248592
14.40996479917446
14.031792064213418
14.370882310872448
15.486624160845732
13.79647845650445
14.061323942937728
14.10234386782194
14.516112731866025
15.154233736467772
14.184079848101426
14.26910493330195
13.077862002019739
13.14338172997894
13.314317152482168
13.026700680882767
12.167619661781295
12.235682413624279
11.267314583833876
11.491074176440979
11.162109484703377
11.635368969291449
11.417173226717217
10.440764539072227
11.292765971787016
9.820073159090404
10.1144610211767
10.429014710484651
11.023690513303054
10.652555068376763
9.654476069877374
8.639616011545575
9.631874657781987
9.243547779732737
8.749878073689239
9.920427981378703
9.066434461848232
8.35574215452251
10.383585342816238
9.643846897440481
10.44895340964712
10.195081433088616
8.469314690550853
7.387921335111404
8.712656646067726
10.392571047012662
7.715036116026599
8.046821634253037
7.675974560580377
8.250296311388755
7.945369683206081
6.833464983356956
7.6629899676632265
6.551148822370531
7.545718476947012
6.34238360809355
6.485800015258378
7.099211432810487
5.6700195937321105
5.821220330893993
6.024736189122858
5.177723315512312
6.3262164152131
6.482305203275434
5.261817111408916
3.6897473741515445
5.2664792691839155
5.357901754564252
4.542170716770764
3.941675518093438
4.327531333884289
3.149380784608717
4.080641015336432
6.149000904169576
3.4507803469896317
4.177385290442356
5.693215084743911
5.350666795311303
4.697562753383456
3.9240660955165994
5.158861440477957
3.299381489576451
4.046178811454568
1.7409643199423264
3.3047121162044593
4.9253318037452365
2.862757938689199
2.7985526410670114
3.134199178039
4.105583091748172
2.9354321049719023
2.555322567450589
4.052386392807138
4.383468947951393
1.3764597128691345
2.0390276973103654
3.746395326380072
2.5146679785744896
1.759584253718113
2.7975181402831244
1.6762179444576133
1.4796542499599785
2.2346210913925337
2.7178718378317765
2.5387593422984254
2.038121366295321
1.724599770944694
1.6093288886698027
1.5944785552805867
1.5353034847769245
0.3383152536277113
1.20674688497494
0.5264773715672821
1.965866602186499
0.44142237768091
0.5052421280536158
0.6084710624197434
0.21402520904767103
0.09111999514801748
0.8737504716063368
0.9492289436788395
1.4267512513645764
0.5470386451945223
0.26028862056033364
-0.8377293412541521
-0.7091771407887854
-0.15514252668824688
0.5287289164703468
0.7339482446169031
0.9626359006968038
-0.5761964860661276
1.369179328967785
-0.13447708379605722
0.37675703034318725
-0.7969543037229571
-0.8544858128860079
-0.1762324766866092
0.6080869020059191
0.8953310811314089
-0.4337431166706414
-1.7403064719561874
-1.8369205971730167
-1.3767186287662079
-0.49472315275463563
-0.4567718043409545
-0.060323825170253885
-1.699463722520861
-1.5498369636720624
-0.14534908404638028
-1.3542186998087784
-3.2899488025698167
-1.4684001603003205
