-35.866745438041356
-51.02281882331289
-52.62033890444657
-53.21124385554215
-54.47584423731114
-55.455969163056075
-56.256852226010686
-56.93520585627392
-57.42843584973237
-57.29541062486583
-57.32085748787584
-57.5993136876616
-57.907704219735905
-57.92826395815816
-58.04098766220027
-57.69833327367388
-57.85230763205166
-57.629943857932915
-58.0597683448216
-58.763253051659156
-58.60843614257615
-58.750972011993674
-58.83092122242368
-58.78006112369998
-58.92276841915887
-59.134019573187004
-59.52665179762347
-59.44847084427702
-59.463032470694905
-59.72131536027481
-59.74884752980594
-59.656260342433534
-60.03260557815946
-60.088867863704415
-60.17176873519503
-60.30612964054634
-60.42462004258715
-60.53307829643118
-60.66969816746383
-60.58141633970984
-60.55434186294161
-60.797044273080495
-60.746197632674516
-60.790169015012935
-60.83819707714278
-60.94817490104971
-61.019326635475814
-60.880761987176435
-61.13877346597869
-61.17974319745754
-61.229285430291604
-61.115719032698664
-61.33158358623241
-61.37732933718583
-61.416160865076655
-61.52763312438439
-61.3127635809882
-61.148025824078196
-61.21698663460797
-61.153411275353925
-61.21435123887555
-61.08696307190533
-61.022733756180465
-61.249594116005404
-61.14361655095528
-61.14420560413394
-61.36311939769778
-61.27530435035969
-61.30845179228947
-61.36932680730162
-61.20645598707528
-61.48624977161144
-61.632906913757324
-61.565719565440865
-61.651870604219106
-61.88485427457711
-61.841304801661394
-62.005009573081445
-61.913478199777934
-61.782506186386634
-61.830171326111106
-62.0081202624173
-61.90131941540488
-61.88219995128697
-61.96902175401819
-61.96654903374869
-62.02891293887434
-61.926314818448034
-61.855529113062495
-61.98722123483132
-62.192314815932306
-61.95261206195272
-61.82775103634801
-61.970429944581
-62.12656678002456
-62.15506448416874
-61.89350182229075
-61.842389608251636
-62.149126325188014
-62.333977364260576
-62.39353200587733
-62.30184007307579
-62.30992444424793
-62.12425212202401
-62.062038963210995
-62.24344890384838
-62.09565145393898
-62.09584991068676
-62.122107986746165
-62.14483186088759
-62.247235135785466
-62.35768203180412
-62.32022505176479
-62.2589096879137
-62.15725017416066
-62.281081328104285
-62.22510875607359
-62.26948684248431
-62.335850593344915
-62.37940606166576
-62.42959414268362
-62.605045388484825
-62.46940675480612
-62.48342254655115
-62.44164559861709
-62.553209648050114
-62.529210146131184
-62.44901051089681
-62.36171646159271
-62.5725468078564
-62.519310036609916
-62.4971099824741
-62.45302823083154
-62.606792538330474
-62.54723457837927
-62.48961566028924
-62.449402196653956
-62.337920151907824
-62.51166129112244
-62.3488875648071
-62.484127553372545
-62.53636936894779
-62.55341170985123
-62.592945679508404
-62.638684079564854
-62.579599380493164
-62.69766286323811
-62.602269377174046
-62.636406380554725
-62.653962312073546
-62.32566256153172
-62.39061339970293
-62.57953827237261
-62.64317276971094
-62.56343686272358
-62.45530943418371
-62.41289200453922
-62.575047895826145
-62.74012037186787
-62.821943091935125
-62.76104995711096
-62.81145960811911
-62.81928241458432
-62.803907645159754
-62.80062540337957
-62.732364208533845
-62.75343580389845
-62.76147250265911
-62.825175075695434
-62.81174774519329
-62.73481795500065
-62.76774838052947
-62.77996174528681
-62.799563325684645
-62.74399154556209
-62.805286533873655
-62.733201920986176
-62.820924045710726
-62.812734460008556
-62.78686209999282
-62.83564114570618
-62.84987545116194
-62.917002667640816
-62.88736893801853
-62.92235205913412
-62.922535318752814
-62.92846666430605
-62.95567697492139
-62.95535824833245
-62.927592254918196
-62.91503756416255
-62.898616241997686
-62.88829852794779
-62.83454827501856
-62.87650467917837
-62.86304716714497
-62.89222786549864
-62.866601027291395
-62.83846609345798
-62.91787085964762
