17.34269752378265
10.311273063470919
8.488470805436373
7.323225210110347
6.693789804230134
6.199141262347499
5.636924865593513
5.388506337255239
5.074010890722275
4.902330435564121
4.6883174481491245
4.457335057109594
4.317056611677011
4.112513579800725
4.033923742920161
3.9772076702366275
3.7321389267841973
3.7315277164181073
3.5982957638800146
3.4650065234551826
3.470902702584863
3.392657121395071
3.3136956948786973
3.213992300257087
3.1125540918360155
3.123843281591932
3.0349530105789504
2.956283074244857
2.903340883553028
2.9367393291244905
2.865397290761272
2.827477200080951
2.7373484682291744
2.733552926654617
2.704495166738828
2.6445912660410005
2.578117078791062
2.6116990239669877
2.601014024764299
2.5439758306990066
2.487701750298341
2.543411561784645
2.3398310475672286
2.513689937380453
2.368499722952644
2.3719587271412212
2.293429370721181
2.287699782475829
2.2524092972278593
2.210414221758644
2.246411149390042
2.150959904305637
2.1736774828284977
2.1154684429988264
2.119886696773271
2.1385390141357976
2.0715114679808417
2.0781034691880147
2.1460935433705646
2.010143382040163
2.033957260971268
1.9811128805081049
1.9632811680436135
1.946253598233064
1.9818467350676656
1.9867866281419992
1.9685868316019575
1.931384064319233
1.8830886201933026
1.9704477926095327
1.8817248744269213
1.8614178661257028
1.857503278553486
1.8468118127435447
1.8335892136519154
1.845116762816906
1.8476951927567522
1.8179962559292713
1.7549577857057252
1.7955937241514524
1.802040063093106
1.7854151902720332
1.8061604799081883
1.785290592784683
1.7445353715370098
1.730295049585402
1.8068871926516294
1.7240385189652443
1.78992615416646
1.7071925427764654
1.7483658922836185
1.6916987927630545
1.6828611393769581
1.7202476893862089
1.7082182322939237
1.6645936886469523
1.644865662107865
1.5994475311289231
1.630749144529303
1.6396077459057172
1.6149628605072697
1.6079560931151111
1.5976905182003975
1.6095041439558069
1.5680385229488214
1.623661925829947
1.554304821540912
1.6570806113382182
1.538943009947737
1.5751482484241326
1.5950678491344055
1.565328655516108
1.6056484341000516
1.5665326969698072
1.5171266939491033
1.48156494765232
1.51772456454734
1.5784887385865052
1.4822324405734737
1.5106303007652362
1.4688062000398834
1.4903779460738102
1.5024290685231487
1.4783999025821686
1.53733472575744
1.5211615490416686
1.5615570719664296
1.4681903943419456
1.4215184658765794
1.4394852083797256
1.4756517940511307
1.5072933092713356
1.447524281591177
1.454946579784155
1.45741962355872
1.4399047245581944
1.4742590853944422
1.4368705429136752
1.4399204994862278
1.4391229832544923
1.3883919836332401
1.410492475827535
1.3867895880093177
1.3908155204728245
1.4104769301911195
1.3925223872065544
1.3975543156887094
1.3480797025064628
1.4247355569464466
1.3915599801888068
1.4024722900552054
1.3593684944634636
1.3769214498500029
1.3849835799696544
1.3787477138762674
1.378791506588459
1.3543357097854216
1.3714936774224042
1.3356191347663602
1.3399959475422898
1.3399486482143401
1.3290139245490233
1.3139735925321778
1.3628965503225723
1.3329791896045209
1.3605065647512675
1.3428874971345066
1.333933581629147
1.3044578809291125
1.266165261839827
1.312710756715387
1.2941826524833837
1.321421981478731
1.3257253952945272
1.2596828085680802
1.295983212875823
1.2924233145390949
1.3236064667192597
1.3134118533382813
1.2808833482364814
1.3386731956774989
1.2927729948113362
1.2343278631878396
1.2737152913585306
1.325667487302174
1.291162346675992
1.259532592104127
1.2995742392726242
1.2613595262169839
1.2589177733908097
1.2483065206557513
1.2375232812017203
1.2535470410560567
1.2791719956323504
1.2391912337392568
1.2643876212959488
1.221280393190682
1.2205317644712825
1.2492168576456606
1.2330717291682958
