31.269151271288766
10.473997877204212
1.5963507109674915
-3.9377366535622498
-8.007173644571468
-10.20136239251186
-12.707547705748986
-15.046410051913098
-16.4032502523784
-18.277451167846547
-19.648751874422206
-20.818701407005047
-22.15059144332491
-21.8970948134003
-22.70631535299893
-23.146502242006104
-24.24829151404315
-25.018612468037112
-24.932015402563685
-26.591458211685048
-26.295177925249625
-27.7139109393646
-27.337888930378288
-28.10560854241766
-28.285805551142527
-29.441290523471505
-29.286473973044032
-29.44264579538641
-31.10986613918995
-30.454595397258625
-31.262161881759248
-31.253733304040185
-30.73026941562521
-32.01899785317224
-31.659994955720574
-32.3858789637171
-32.29763873075617
-32.6217169083398
-33.075071516735804
-32.759854014577535
-33.67629357247517
-34.48627054794081
-34.421343653366485
-33.62179317042745
-35.035308448405104
-34.04593626589611
-34.66294530445132
-35.26348725988947
-35.39001114204012
-35.079928537894936
-35.68048093956092
-35.85774437723489
-36.22716009925152
-35.99058136755023
-36.51525564234832
-36.60273063902197
-37.20342411768848
-36.27087785046676
-36.68933756906411
-37.38260885970346
-37.1968730081772
-36.561759889125824
-37.880794046253996
-36.765234547442404
-37.525647431612015
-37.992828817203126
-37.722497885597164
-38.24865790482225
-38.55312960517818
-37.30686003483575
-38.64494615998761
-38.226805353986805
-38.48350329337449
-39.47076975374386
-38.7392209593592
-38.610219189832954
-39.362635500472166
-39.35362042024218
-39.03227574044261
-38.624975247629756
-38.954127789571366
-39.21886024495651
-39.25050130383722
-40.30615031102608
-39.587645825640905
-40.126931326142675
-39.970881947155654
-39.56702939395247
-40.34927494567016
-40.65659763175866
-40.36493178071647
-41.22772101801017
-41.65444553206707
-40.93372070481037
-40.827787708619546
-41.17186086547786
-40.96321886880644
-40.65699087134723
-40.69625252176975
-41.06728242389087
-41.19174678161227
-41.53888477230894
-41.52899469075532
-41.58025049443903
-42.32241796008472
-41.419685404876184
-41.38124356804223
-41.50554028667253
-41.7401852731047
-42.023859779382576
-41.83800316370767
-42.06207186703024
-41.86488863106432
-41.6733821291348
-42.366836885953774
-42.732070630994336
-42.170401803378404
-43.1258742737359
-42.714032249204045
-42.291566504486674
-42.81756054224639
-42.5644961420832
-42.73073131668156
-43.387908600527666
-42.716394142857915
-42.91286594189447
-42.76058859866241
-43.161147166942726
-42.97511412357462
-43.69100199691181
-43.424639245559426
-42.98530824842124
-42.81584891779669
-43.04958263347889
-43.30954350788018
-43.542131700392424
-43.730871083407564
-43.79086256027222
-43.67464372926745
-43.90168904127746
-43.26780941363039
-44.38838983815292
-43.44719552377175
-44.08460586029908
-43.835142911508164
-43.55270469085924
-43.99325659768335
-44.283388984614405
-44.44463675083785
-44.42758482900159
-44.368402162502555
-43.20616018977658
-44.656791765114356
-44.36633757065083
-45.16790077912396
-44.83901436883828
-44.33978225753225
-44.045171059411146
-44.797179357758885
-44.19076190118132
-45.003517857913316
-45.229744989296485
-43.88507340591529
-44.77229897729282
-44.77938041707565
-44.76635208623163
-45.48132676091687
-44.6246521287951
-44.714966037150084
-44.646637901149944
-45.56996694104425
-45.20325312737761
-44.79521460574249
-45.687362264970254
-45.383440378411066
-44.82565835426594
-44.532367540844554
-45.63624974674192
-45.50281850428417
-45.46407849110406
-45.568628619457115
-45.666341796003536
-45.007491835232436
-46.02109240046863
-45.18341608294125
-45.48582733705126
-45.122830077491955
-45.02276810592618
-45.930197911015874
-46.150912991885484
-45.90336147464555
-45.664038836956024
-45.80969323372019
-45.70370047051331
-45.466947946055186
-46.08384244503646
-45.67164089556398
-45.89476121499621
-46.17796530805785
-45.791011717812765
