4259.400392150879
3956.404598236084
3961.2691933949786
3912.71162109375
3715.0266115824384
3888.3917009989423
3897.28873723348
3783.9553305308023
3821.8243878682456
3761.498910331726
3867.425492223104
3576.089730199178
3625.321150970459
3621.333740615845
3517.827992375692
3696.1093023935955
3715.0386736551923
3728.6229750315347
3619.1033734639486
3628.021434529622
3575.070529937744
3489.6051223754885
3490.8284726460774
3611.9355347951255
3559.020138804118
3609.440298843384
3549.738892618815
3687.4285085042316
3593.7856372833253
3555.155132929484
3501.2152935028075
3496.3825832366942
3543.52363802592
3533.9815879821776
3544.426358477275
3405.357233683268
3423.494846979777
3520.3132736206053
3635.461107889811
3366.679493713379
3568.256224822998
3519.8521259307863
3439.296685663859
3537.9105195363363
3656.5941779454547
3564.377652613322
3618.1023038228354
3461.475409317017
3366.754655075073
3445.8260395685834
3561.733238474528
3378.556458155314
3499.023472213745
3554.410538482666
3477.977892748515
3509.6305422465007
3590.1090989430745
3499.54364267985
3453.06217435201
3486.918533198039
3587.30271097819
3371.985885111491
3434.3179376602175
3558.6026462554933
3258.252789751689
3420.9484490712484
3393.619374084473
3576.6703926086425
3452.490951093038
3526.494788233439
3358.866371091207
3565.6839528401692
3422.843158276876
3393.5024494171143
3509.0958281199137
3397.911054992676
3606.937880071004
3307.473247718811
3588.866231028239
3393.006735801697
3521.0579882303873
3381.5408561706545
3428.0249819437663
3536.4137943903606
3470.600469779968
3280.745892079671
3373.2502533594766
3490.979302342733
3442.33545850118
3455.6281147638956
3355.470862833659
3597.5030448913576
3237.1608132044475
3398.1844626744587
3323.199997138977
3396.7261201222736
3391.45446472168
3414.157050259908
3453.3426237742106
3404.7121649424234
3367.922904205322
3309.60252494812
3507.5404596964518
3483.5896326065063
3397.894215138753
3464.3817993799844
3471.849933751424
3350.768958346049
3558.6050857543946
3369.7488979975383
3531.6983852386475
3392.774367523193
3203.6933830897015
3376.279379272461
3370.3646615982057
3445.7149082183837
3333.865723546346
3490.2615275065104
3326.314095433553
3300.6271434783935
3471.168646367391
3472.871115112305
3498.7027393976846
3348.1049546559652
3442.159892908732
3344.332210413615
3369.6233136494952
3339.9737929026287
3397.86435991923
3232.8973903656006
3406.545415242513
3477.365422185262
3409.3937805175783
3369.7798989613852
3372.3194262186685
3392.0863592147825
3430.483386039734
3333.891511662801
3288.2416005452474
3236.3072045644126
3337.686404164632
3555.0698066711425
3531.9388543446858
3332.947302246094
3394.1877203623453
3434.0764179229736
3396.9938794453938
3515.0368641535442
3483.170661799113
3391.7644266764323
3337.117861557007
3459.9508228302
3357.454727681478
3434.001505533854
3398.253790664673
3418.2509765625
3448.562429173787
3257.006346130371
3357.296016565959
3231.400682512919
3388.9123509089154
3456.1594688415526
3521.462823232015
3352.5649729410807
3390.750252532959
3335.636808013916
3436.0471174875897
3426.475374348958
3341.5821742375692
3390.794316228231
3467.099096806844
3381.5066080729166
3469.066420237223
3486.4942944844565
3270.8095102945963
3373.375978342692
3297.8556432088217
3387.4964641571046
3277.236097971598
3249.8587807973227
3423.3309560139974
3449.037727355957
3313.73085454305
3437.380647913615
3449.746682357788
3518.7443806966144
3346.451677385966
3301.402214431763
3281.5446392059325
3364.768927637736
3456.3856545766193
3412.317709350586
3330.91785920461
3431.6122463862102
3277.638007036845
3450.8001696268716
3453.923755264282
3294.3126316070557
3300.1259705225625
3322.2242855707805
