-49.20376786075789
-54.35196003626133
-55.79608737805794
-56.02656689594532
-55.557869014041174
-57.56972402025913
-58.11581750573783
-56.63437881140873
-58.24589316187234
-58.228576429959
-58.325364689374794
-57.92900049891965
-58.859988337960736
-58.46322544895369
-58.140103366868246
-58.09013620224492
-58.39662748986277
-58.434833217283774
-58.57603014954205
-58.820592306811236
-58.84473827584036
-58.08607994379668
-58.25403450480823
-58.47373806710901
-58.962414393137244
-59.065966927799685
-58.83850963156799
-58.221407203838744
-58.768300560014
-58.64915550782763
-58.90249630706064
-59.18640046078583
-58.89585665382188
-59.26178976482358
-59.03720187832569
-59.65550671158166
-59.58059572762456
-59.05718951492474
-58.96905049989964
-59.185512723593874
-59.62272324130453
-59.76254389820428
-59.44413713956701
-59.514853247280776
-59.825826171143305
-59.84931025936686
-59.66624758777947
-59.66993561695362
-59.671473253389884
-59.800969732218775
-59.577089112380456
-59.74843376669391
-59.46209284560434
-59.937349353371
-60.00913855125164
-60.03397929154593
-59.758032459637214
-60.12550919631432
-59.75211924314499
-59.64864464463859
-59.74296062979205
-59.871156130371425
-59.699140843646276
-59.70633778900936
-59.56368781369308
-59.91805367634214
-59.688833824519456
-59.846517908162085
-59.915703505277634
-59.98577101477261
-59.625679601883064
-60.2614857698309
-60.43839659567537
-60.45428721144282
-60.22264011872226
-60.12526758683139
-60.130565579595235
-59.893771340107094
-60.44736332934478
-60.61073592202417
-60.66440134007355
-60.187854785343696
-60.213851178514545
-60.58577146920665
-60.33539756413164
-60.196617101800854
-60.263674279739114
-60.10413533449173
-59.984105078310805
-60.051336461100085
-60.415319639033285
-60.057947126955824
-60.13376671486888
-59.99084826790053
-60.454098545271776
-60.357332755779396
-60.21884950892679
-60.15723855947626
-60.27435291224513
-60.200312622662246
-60.25474826220808
-60.283696641182075
-60.53812790739125
-60.47658807039261
-60.38499995963327
-60.69130685000584
-60.61143918181288
-60.701145112514496
-60.58500809916134
-60.58460755183779
-60.69143929974786
-60.42680268863152
-60.46041234197288
-60.46732581792207
-60.5665943869229
-60.38689512528222
-60.81043227993209
-60.48092904584161
-60.733285926539324
-60.61977667849639
-60.340483624359656
-60.719588165653164
-60.35460798802047
-60.71173018217087
-60.33725058004774
-60.52635200989658
-60.79661848010688
-60.679664260354535
-60.728587374604984
-60.61363551945522
-60.615100996247655
-60.414696930811324
-60.59742094730509
-60.2562860373793
-60.68983762428678
-61.07953934114555
-60.7608287642742
-60.38723392733212
-60.53296961044443
-60.59252890019581
-60.78266833465675
-60.7751439295966
-60.66466479260346
-60.70900891464332
-60.44700713095994
-60.26150796742275
-60.57934694865654
-60.42473698484486
-60.649468025256844
-60.85912421242944
-60.68841071169952
-60.543336576428906
-60.79530647602574
-60.59121382544781
-60.48881478350738
-60.5948292140303
-60.82141597312072
-60.66410890735429
-60.6399367842181
-60.79451353899364
-60.93638933424292
-60.50077792385529
-60.59504211154477
-60.616366098667015
-60.512405567128084
-60.48575648151595
-60.744656967705694
-60.7917756479362
-60.79491530204641
-60.693217984561265
-60.681877898758856
-60.83004779034648
-60.803054047041925
-60.5483817725346
-60.66405377614087
-60.70690430443862
-60.68314344718539
-60.55174912460919
-60.328506251861306
-60.60069636229811
-60.506944841352
-60.40078750149957
-60.927200696591676
-60.86459625589436
-60.8553404150338
-60.6336158781216
-60.7563126416042
-60.72162905335426
-60.665893425201546
-60.54889991160097
-60.62156880724019
-60.48911734490559
-60.682161577816665
-60.911097419673
-60.74642432558125
-60.67249112088105
-60.70542150119255
-60.67679413639266
-60.820970558914645
-60.697201510955544
