185.8614972114563
116.51958344777425
104.64844794273377
94.68793425957362
95.22465525666873
90.14542545477549
84.70447813073794
83.74949288368225
79.74063022534052
76.55904491146406
75.56905443072318
71.75670191844304
68.7133456448714
69.04740103880565
65.5369711736838
65.73711170951525
63.15858024954796
64.68283871014913
64.08427153428396
60.08689736127853
58.298935837546985
57.108561937014265
56.43493303457896
55.144447815418246
54.88214357296626
54.66235241691272
52.83091079394023
52.08996235728264
51.294438336292906
49.79333621064822
48.50561145643393
49.7851724366347
48.494318173329034
48.368204935391745
48.3430810858806
47.084847791989645
44.170454312364264
46.04355416893959
44.32394905984402
44.786236735184985
44.32791373431682
43.93409695724646
41.91817877689997
44.32027301987012
43.18075516422589
43.28049844602744
42.79599529604117
43.03291793266932
42.19598597685496
40.40752753218015
41.122103011608125
41.40783508022626
43.50104576945305
41.57455123662949
41.40423371195793
39.632972093423206
40.927017561594646
39.9510538627704
41.0854253311952
40.71611686150233
39.022297808527945
39.571413832902905
40.16791101694107
39.88320503731568
40.09917197128137
39.64889445702235
39.23585084279378
39.1232314825058
40.3254530608654
38.9552754064401
38.40855750441551
38.52439286708832
37.67547248800596
37.70237036049366
36.814631752173106
36.50774718125661
35.94997255504131
35.7577212313811
36.91919372479121
36.946244565645856
35.70643473863602
36.19599098960558
36.65510115027428
35.759647675355275
36.21585627595584
36.42042422990004
36.26837072372437
35.45793903072675
35.39352522492409
35.185009731849036
35.08237565159798
34.39996209343274
35.2208448211352
34.70089188416799
33.90762725671132
34.917760436733566
35.04219435652097
34.39834461212158
34.21047260363897
34.423505610227586
34.14693088928858
34.071211470166844
34.66605131030083
35.02978306909402
35.029616060853
33.93295439481735
34.78068956335385
33.91152638395627
33.51660439372063
32.7582617243131
33.88692179322243
32.90321917732557
32.783053462704025
34.03991209665934
35.36333184043566
34.03835563063622
33.65228686134021
32.85041946371396
33.02985525727272
33.631490804751714
33.037620913982394
32.63805995285511
34.25167610943318
32.7863301962614
32.157594465216
31.74471549093723
32.76503820518653
32.085297765334445
33.00705566008886
31.229256657759347
32.56271769205729
31.88292161822319
31.763136490186056
32.56255571842193
32.48270807862282
32.59365073839823
31.269821059703826
32.28316344221433
31.98138813773791
31.856971049308775
31.71247256497542
31.972302664319674
32.37329242328803
32.082924956083296
31.60023709734281
31.723521401484806
32.02444559137027
31.409473232428233
32.20788204073906
31.82234710653623
31.125124284625052
30.987865898013116
31.042029124498367
31.305649385849634
32.03459979891777
31.583359852433205
30.928576882680257
30.942720811565717
31.470328976710636
31.519013384977978
30.344026788075766
31.11075939933459
29.569829389452934
30.60373285214106
30.700836473703383
31.633640809853873
30.698105263710023
30.113707924882572
31.21904859940211
31.7872689028581
30.192082010706265
30.925166005889576
30.803399840990703
30.14462011059125
30.210351424415908
30.640632616480193
30.245654692252476
30.69448504249255
29.840055733919144
30.48555998404821
29.501577604810397
30.953282457590102
29.85775415698687
29.10731548766295
30.509808043638866
29.472578659653664
30.110360129674277
29.814837324619294
30.50259337425232
29.797606223324934
30.160069371263187
29.526074479023617
29.61045729716619
30.56836282412211
28.70645199716091
30.763020263115564
29.837299009164173
29.390285561482113
29.158264235655466
29.681081493695576
