-22.597218130875763
-28.8177168939648
-28.358224430988574
-26.822021253150083
-27.379865979326183
-29.558189103315616
-28.579543801217245
-28.370590949366832
-25.11182913184166
-26.8922080150966
-27.346210653925763
-28.58369466045807
-27.473868483099444
-26.83215944314825
-26.85270218602542
-28.821785181760788
-28.83897522194632
-26.314052860284672
-25.351407112746404
-24.434552817509093
-25.646993248627105
-25.147185666293932
-25.742372751235962
-25.53244593945043
-25.43469798102461
-26.496119331183106
-26.214449976024955
-26.720861950825
-26.209916351170374
-26.264905842213796
-25.119946807109077
-24.546558355462963
-25.842197429003388
-26.572371985377938
-27.514532019352092
-26.773331708949186
-26.990976624447725
-26.761003891969548
-27.924617301801156
-28.151203936030125
-27.7663770235818
-26.79136504130117
-25.709348648786545
-27.422810420907776
-26.999091331301063
-25.915070372408834
-27.686926126480103
-26.669077690305382
-25.71175653256219
-26.97859550704216
-26.266149554273177
-26.72489992297929
-26.299828788329815
-26.649770944282928
-25.60494037023906
-25.827018639137005
-25.505775695217068
-24.84192698988421
-25.399952014972424
-26.117127371245417
-26.323103042512106
-25.252105586487673
-25.10405522071082
-24.99399934041089
-25.623391986407082
-23.855138396394665
-24.319358451613063
-25.84409559286874
-25.04220772663067
-26.6275937022834
-26.21587325581189
-25.32885939704961
-25.69694954054109
-26.626731117223873
-26.171946657115015
-26.058829745341992
-25.363533097094503
-25.612095065671824
-26.778154012458078
-24.69347897480274
-25.566831121156955
-25.5030985947313
-24.42300354509518
-24.985150712317434
-24.74463601564539
-23.751681665665117
-24.035917375622123
-23.52806432493802
-24.887434855617325
-24.298449300486467
-24.55645101440364
-25.023116865034762
-25.228639154598632
-24.386200833937217
-24.40793736638694
-25.12459362889158
-25.620648549548513
-25.752722901516947
-25.828447917412067
-25.83903566208379
-25.46410658133441
-24.421053592501014
-24.663766144164676
-24.736144234394207
-25.23773930298871
-24.532409207574254
-25.560082976160377
-25.16643533521685
-25.149269754002834
-25.581877756735373
-24.939345948398113
-24.26051170250465
-24.489045694984238
-24.609103355428267
-24.146965843850168
-24.027943757073633
-23.75896029225711
-24.546742053895162
-24.536973910085088
-25.436872104632442
-24.388188991567183
-26.196346687859503
-24.272249338955714
-25.802322766904172
-24.52952358383557
-26.01444302447911
-25.013045766230288
-24.66955568872649
-24.53270886787053
-24.142936730693126
-24.669822293108908
-24.538692300432714
-24.433154630249945
-25.01312125140223
-24.437880038187423
-25.151475201392994
-25.994607673122964
-25.274415634829424
-25.120362874762765
-24.866403659869885
-24.760193396231223
-25.750063413689876
-26.23106870106582
-25.804646292637134
-24.66264145795641
-26.48425404265009
-24.391288796375537
-25.2912857311553
-25.110597263122425
-24.821994803075132
-25.28651238155776
-25.43606871880334
-26.217443216463614
-25.82404551269679
-27.109041607585446
-24.777803180546595
-25.143271159509133
-25.402187856106924
-25.02972859966344
-24.524175958900617
-24.409372854849387
-25.786491065189757
-24.47911087706171
-25.225860877283687
-26.264963612474244
-25.505120849301075
-24.627621105005
-25.24181507116762
-25.700480837246467
-25.6307428407258
-25.655002990673328
-26.326410008915538
-24.20050401163512
-25.021697531486378
-24.197796533847676
-25.805294236232495
-25.314175920239812
-25.305167214623815
-24.365631706241903
-25.45675069864454
-24.907613468581232
-24.426196109631967
-24.63482404577321
-26.865242532615003
-24.61039739436117
-24.155351596659628
-25.74607848350344
-25.20673406432415
-24.49048354502382
-25.346509430942863
-25.448669238337153
-25.422399715616784
-25.491497399991957
-25.539651982743166
-24.432320404669333
-26.083202090756647
-24.983001809695672
-25.757585819425255
-24.944808607985234
-25.446975291802964
