957.5266915003459
783.6146107832591
710.6742410818736
661.9009377002716
621.6371640205383
590.6129242261251
573.5586133718491
552.598361937205
536.4146141846975
520.2895932277044
498.88016583919523
482.3957401355108
466.8928392092387
461.8537094116211
447.5769712328911
439.0984329303106
431.807468410333
429.2551560322444
420.96267502307893
413.8462054451307
404.22546846866607
400.958098089695
394.8427638530731
390.63424176772435
382.4292941212654
383.21216723521553
378.4664239684741
372.1989321351051
366.8774485150973
359.476097436746
362.08677733739216
355.08520277341205
351.6471331715584
348.1578762928645
347.2478736758232
344.72974379460015
342.3074733157953
342.4525804042816
341.7296140948931
336.7385575612386
336.24973327318827
331.8990882873535
332.28107462128
329.83209369579953
328.03733634154
325.914086941878
326.79154307047526
325.1067804237207
323.1002276957035
322.4149621327718
317.477981954813
316.4235803047816
314.4938519517581
313.2634701172511
311.34622945984205
310.6683294971784
308.7225048561891
306.4767252544562
306.89939050277076
305.609765458107
301.8675873577595
301.92207764784496
301.3137312173843
299.12858876188596
299.10781914393107
295.7423926651478
297.95541976690293
297.6390828073025
296.46694962183636
292.93013753294946
288.5972586890062
291.05280211369194
291.4227140247822
290.15097943147026
285.9021229147911
283.70689438780147
285.02483679652215
284.1589755674203
281.9714612861474
281.1344821790854
283.6095579266548
279.3285396635532
282.48830583691597
280.3405399918556
280.48126951853436
279.7459857503573
280.45865966777006
277.1993924180667
274.9555435289939
275.78201993306476
271.497199584047
272.5486297160387
270.25023160974183
271.97614408930144
269.6450098445018
270.40933370987574
271.48202533622583
269.12272282242776
269.48996264537175
271.3425092558066
271.5203594674667
269.6089281022549
266.5325039664904
264.9804997007052
264.9968144396941
265.2544087390105
261.8477645844221
261.1010222415129
261.23205569585167
260.79743370016416
264.71257733106614
257.80258706212044
257.8225637704134
258.3244721333186
257.39239397545657
256.7088318834702
261.2281106352806
267.6001920411984
263.8472570662697
260.1320429275433
258.7688259666165
258.03983921607335
257.0897188276052
252.20857582290967
255.7081132705013
257.13452413876854
254.88125939667225
254.22159634282193
254.4064872552951
253.9398696800073
252.37959159612655
251.95155014197033
249.86262803028026
250.941176695625
249.77613760431606
250.02769784629345
248.05787436664104
249.41227535903454
247.9341810931762
246.31725468759734
245.567062065502
244.41392099956673
244.63181728670995
245.86313306788603
247.68299022962648
247.91289547731478
248.0753949219982
244.61738405575355
244.54673272520304
245.99519230276346
243.79199623117844
242.74455749193828
243.68254373669623
242.56995539665223
242.7736680150032
240.476048036168
248.20959872081875
245.2861032406489
241.50072365030647
242.60418795446554
241.33569582228859
239.3297014022867
239.21029646197954
239.44502661575874
240.74078028649092
239.06437333052358
236.10480000153183
237.07801108087102
236.81556341946126
233.604921002686
235.52021506850917
233.7183718810479
233.38980374361077
232.2608795656512
235.4097739070654
233.2846922809879
233.1828187122941
230.47559896409513
228.96561329687634
231.59938218121727
230.17781345844293
230.39119356522957
230.18726936827105
229.5120252083987
229.25937913606563
231.55719366446138
232.634905111293
231.15759441976746
224.7897910435934
222.46377624869348
220.28695672787725
219.22739993880194
217.81520443037152
218.89398396710556
224.87371278045077
221.53210052264234
220.59087753556668
222.56780622514586
222.7404830299318
218.50160624360043
