1050.9606064105856
795.7332391081185
715.001417653314
663.8911372875345
629.9061062253754
598.2114860929291
576.1373437684158
555.3697027009109
539.1368552734112
525.8732512737142
512.2728047699763
500.61863925539217
488.5535568039993
477.6130298252763
471.71728706359863
462.53210269993747
455.2027187840692
448.78521264832597
441.2403002771838
431.5019344379162
428.121026524182
421.50211247082416
416.2800936287847
416.42774086985094
410.2849390095678
404.7404151949389
404.2633317750076
399.32126317353084
395.7341981180783
396.7268878262619
390.49004166701746
387.329171550685
385.44173484013
382.6823692650631
378.66149993600516
374.23638185961494
375.7654306230874
374.4046633572414
370.3589526209338
369.28710009311806
368.07691477084984
363.4829761077618
363.01082814150845
363.19282098474173
361.69959462100064
358.58428472486037
356.34093315025854
355.80549699684667
354.300092483389
353.27967110173455
351.60358932100496
350.3903015482015
347.82184865556917
346.21047583941754
346.0942508927707
345.88211865260683
343.4292850083318
344.91535733486046
342.3956057449867
338.98665581078365
339.8918288658405
340.4202357160634
339.06258864238345
337.8114902479895
338.40516610803274
338.1871491958355
335.9065423833913
335.23352382922997
333.38514603417497
333.08991043321015
330.33682749189177
330.81293912591605
330.72321109114023
328.95969197667876
328.61054732881746
327.13539852767155
326.9988425764544
326.67264545374906
327.4872283442267
325.65625405311584
324.8199285474317
323.79848685757867
325.52571964263916
323.09227239674533
322.01269955470644
321.16583875129965
321.2745172813021
321.1201683735025
321.10216961235835
320.24969685488736
319.9205875067875
319.4139807059847
318.6702859483916
316.56255224655416
318.8678033351898
318.3218050003052
316.4285147107881
314.602126072193
315.6673935528459
314.5522603577581
315.7572383633975
314.9696454261911
313.2891018061802
313.1770330297536
312.50795937406605
312.18870029778316
311.59082839406767
311.0292258755914
311.42811156141346
310.17391033830313
310.55316432591144
308.7223408386625
309.2041322609474
309.02976096909623
308.8254323005676
309.0705924691825
307.73315589181306
310.2071399853147
309.8294972222427
307.5309977531433
306.9415137192299
308.68903659129967
307.6981811687864
306.0104433174791
305.0363723574014
306.318998361456
306.89890235867995
305.5727269978359
305.24468448244295
305.16657544004505
303.21778072982
303.44932542998214
304.59958105251707
302.4354109435246
301.4200980827726
303.21166165121673
301.00560129922013
301.1464751753314
301.121497754393
300.4512273360943
300.9658226966858
300.5730400825369
301.0687842780146
302.55935883522034
300.4743497207247
300.66248007478384
300.41851517249796
299.93350687520257
299.15818391175105
299.54858206880505
298.98884651578703
297.910349640353
298.2846726055803
297.7567384571865
298.1198591857121
297.16577885068693
296.36559174800743
296.6377453721803
296.66990969098845
296.71797088096883
296.86018768672284
296.51605908624055
296.8104191895189
296.5467358704271
296.338758320644
296.6278973694505
295.88835865053636
295.4765984600988
295.8828776129361
294.16030195663717
294.07797353843165
295.4100080769638
293.8345849678434
293.4028043007028
293.71170987754033
294.30100704883705
295.5730855876002
293.46983048833647
295.3075659932761
294.9044501863677
293.00863228995223
293.75538151839686
294.17276676769916
293.07858915164553
293.0944997524393
292.1111417145565
291.76193141937256
293.3579179418498
292.1728598660436
291.3017054672899
291.2560547795789
291.12980453721406
291.9230601129861
290.02657432391726
290.77432782896636
291.1657908045012
290.96528201267637
291.65549125342534
291.8110505712443
289.59860365144135
