2055.8835961023965
1740.6450635910035
1727.0186866760255
1749.124707698822
1689.882727877299
1606.5610101064046
1576.5102289199829
1729.8307948112488
1720.9431911150614
1684.117466545105
1640.7004939397177
1724.2056699117024
1587.6448484102884
1617.5332471211752
1508.624525197347
1582.5122497558593
1581.0593306223552
1713.8573696772257
1605.541414388021
1581.1820727348327
1525.08809633255
1578.9843354225159
1510.2743617693584
1494.7944989522298
1475.9424077033996
1472.3333589553833
1510.842456817627
1541.8592530568442
1540.5497570037842
1547.704538567861
1561.5651436169942
1515.068619378408
1587.135029665629
1485.894743092855
1579.3390981038413
1524.1372493426004
1616.5142425855001
1454.7052907943726
1499.2941110610961
1576.9348635355632
1462.1451563517253
1518.814896329244
1584.5855749130249
1400.7723216056825
1517.851122601827
1543.8930925369264
1456.4570167541503
1499.0485151926675
1527.3137837409972
1488.640043449402
1551.56366964976
1451.2581806500752
1551.8784779548646
1524.5805617014566
1445.6615197181702
1535.5572204589844
1453.2278729756674
1498.5737309773763
1503.703972498576
1467.2502928415934
1559.7604607899984
1510.1205161094665
1513.3066387494405
1524.4435563087463
1482.1228035608926
1463.332363510132
1485.2690702438354
1480.920198059082
1478.7998805046082
1454.8576737721762
1496.654639784495
1479.3951289812724
1572.3724836349488
1502.975656191508
1511.1884778658548
1360.2310176849364
1449.231211312612
1379.8507605234781
1539.7973972320556
1492.6060082117717
1332.8074507077536
1444.8304944356282
1568.6398725827535
1547.5709449450176
1528.0269249598184
1397.2257423082988
1363.0682493209838
1475.6311979929606
1450.362959098816
1438.5836615244548
1465.3965101242065
1464.015754063924
1366.2301154454549
1409.6975991884867
1490.1016712506612
1482.9488276163736
1482.5820256869
1429.7518933931985
1544.5579977989196
1499.9488176345826
1449.0010931650797
1445.9993469874064
1447.0110798517862
1475.854151725769
1459.8653719584147
1437.4571654955546
1396.7848991711935
1454.3428874969482
1543.2218151728312
1432.681493250529
1446.1830640792846
1490.9440081278483
1516.6748366355896
1450.1996463457742
1533.0214171727498
1490.4071510950723
1491.674449634552
1470.8575100580852
1480.2932644208272
1458.64502658844
1490.7293910980225
1430.6137400309244
1487.00501909256
1507.7571084022522
1477.6212157249452
1516.6404183705647
1485.3116820017497
1529.237175432841
1515.7777115186057
1481.8323176701863
1497.0646743774414
1465.4641571044922
1432.4750621159872
1493.6027496655781
1390.3666449864706
1401.3722031593322
1513.840564028422
1457.6114351590475
1449.2253141403198
1533.1077550888062
1448.020134862264
1510.3016501426696
1409.6873569488525
1494.6419856707255
1472.3168366114298
1433.3850825627644
1459.0365486780802
1491.7743181228639
1511.578524017334
1456.0924398422242
1532.4695271809896
1400.9936323165894
1472.4952135721842
1473.8504875183105
1391.0642579078674
1406.9358238538107
1453.0949836413065
1507.2341529846192
1476.7982920328775
1466.525670146942
1430.6131065686543
1473.81811765035
1437.251283009847
1426.220994567871
1452.8046579360962
1422.1474933624268
1455.6230577468873
1458.2724791526794
1531.8729818979898
1439.2859869321187
1480.3369798342387
1479.6128047307332
1484.1306272824606
1463.7577300389607
1377.60739736557
1433.9051592508952
1494.2790149688722
1384.2406514485676
1429.1014528910318
1361.8992703755696
1469.8190123875936
1454.0004280408223
1446.797337214152
1352.3898778279622
1407.8611219406127
1423.1558506011963
1423.6189711252848
1435.8320523579916
1541.2853868484497
1521.3941801706949
1468.6362334887187
1389.9156133015952
1472.0308476765952
1470.9702084859211
1386.6470112482707
1463.9855512301126
1381.420481554667
1458.09674577713
1436.8933100700378
1404.696648057302
