38.07991808010586
13.931975066661835
6.100422598164657
1.0247134191208873
-3.0859589240160483
-6.413751567232198
-8.867193737420543
-11.128889175838438
-13.199773072168744
-15.012803838170807
-16.598528785952205
-18.72822298366448
-19.350646467044434
-20.57538960308864
-21.6597593652791
-22.086248824308658
-23.713276367762994
-24.13300067289122
-24.64434569971315
-25.035773506452298
-25.308120350385533
-26.27657383063744
-27.3166359621903
-26.90416466573189
-28.281972688847574
-28.287066090723563
-29.176020035455966
-29.4297880602294
-29.70059465950933
-30.220527090902987
-30.20420506082732
-30.458378821611404
-31.209295049823563
-31.064214840017517
-30.823199287570755
-32.010796664089995
-32.22544097489324
-32.584813912367
-32.39487558397754
-32.61590712440425
-32.010459899902344
-33.403614586797254
-34.54823097381099
-33.59403758727271
-34.46035750672735
-34.61266220027003
-34.324478960242764
-34.50125922211285
-35.14921794780369
-35.14155468036388
-35.06556615438954
-35.591740845606246
-37.242120163194066
-36.17146161506916
-36.468861281871796
-36.495168062119646
-36.67769646644592
-36.1630673295465
-36.964885775385234
-37.52873404786504
-37.4957481283566
-37.80200805437976
-37.98673034741961
-38.73087263004533
-38.32956803461601
-37.993168838065245
-37.83062800148438
-38.82919191594782
-38.135673474648904
-38.70258407346134
-38.672924491865885
-38.828801971057366
-39.3793762953117
-39.47201744030262
-39.43762436920199
-39.56799583907785
-39.7516234013541
-39.19896488354124
-39.967209327837516
-40.53279897056777
-40.13529413424689
-39.72357813551508
-40.495787760307046
-40.54978305615228
-40.35247804995241
-41.308977800196615
-41.01018742857308
-41.86472308944012
-41.50313168044748
-40.85713348306459
-40.98211535914191
-41.944899954672515
-41.23678242543648
-41.60721266475217
-41.92080837077108
-42.62951468188187
-41.01037073443676
-42.47205776798314
-41.84413180474577
-42.041419493741
-41.838643544706805
-41.75296270025188
-42.74413349813428
-41.995624487770016
-42.62430811853245
-41.962361545398316
-42.9887717962265
-42.25105285644531
-42.53781525328242
-42.998994608377586
-42.54288062247737
-42.90879504433994
-42.78238689591144
-43.64775963590063
-43.413298414698964
-43.792263914798866
-43.616784238609775
-43.947025512826855
-43.43378776928474
-43.903264136149964
-43.30153713966238
-44.16538071324085
-44.24024121103616
-44.606364573897984
-44.1103473860642
-44.351572664647264
-44.19065581519028
-44.26782696103228
-44.2072166708009
-44.67733949833903
-44.409968924933466
-43.861066770964655
-44.73489918688248
-44.56637260420569
-45.18231208982139
-44.74987880114851
-44.6791098981068
-45.50583438010052
-45.113124729230485
-45.235625750031964
-44.198784805577375
-44.74255703132728
-45.42480312133657
-45.09820607921173
-45.582105792801954
-45.5666143544789
-45.43012454694715
-45.150259065216986
-46.45809828618477
-44.90152050503369
-45.309525384985164
-46.155591387173224
-45.47147750648959
-46.23142668502084
-45.36027657060787
-45.81896900822376
-45.405282555982986
-45.86032035021946
-45.977727330964186
-45.56356406931219
-46.26864878987444
-45.56187497747356
-45.9448413725557
-45.05216555348758
-46.18897225733461
-45.92609894481198
-46.519042627564794
-46.45497782271484
-47.051670442367424
-46.511964037500576
-46.68949198517306
-46.76947371713047
-46.335787291156834
-46.23573858573519
-46.00649535347675
-46.75023864980402
-46.39549406232505
-46.55888616422127
-47.467504026560945
-47.11763462321512
-47.07217195527307
-47.01312738245931
-47.33311319351196
-46.546873427670576
-46.59253311773826
-46.91355141483504
-46.79935601456412
-47.18037596447714
-47.306516112952394
-47.26552045756373
-47.62113390092192
-46.96975203218131
-46.54026120490041
-46.74679805081466
-46.983425816585275
-47.28409989332331
-47.857260354633986
-47.479190380408845
-47.42429966453848
-47.35295768647358
