-53.21871847787808
-58.08198843742239
-59.29130374563152
-59.09491431713104
-59.68836474624173
-60.12049968078219
-60.596863064272654
-60.302520657407825
-60.909315157553245
-60.78760729781513
-60.86715335270454
-61.088330383958485
-61.05636439857812
-61.257319282868814
-61.36681214077719
-61.14653946202377
-61.24739435417899
-61.310866679610875
-61.37470169622323
-61.342270349634106
-61.490803574693615
-61.62450563907623
-61.381797669262724
-61.58737143976935
-61.68026246079083
-61.643468748906564
-61.97465862487925
-61.85231233054194
-61.610009133815765
-61.66978730209942
-61.8432007277834
-61.94618055943785
-61.99875284885538
-62.00682417072099
-62.03123218746021
-61.86129629920269
-61.822287376584676
-61.963994492744575
-62.12875405673323
-62.026497797719365
-61.94027609866241
-61.98313871334339
-61.841638416051865
-61.77379974620096
-61.96051660693925
-61.92917789364683
-61.79090112447739
-61.87450110604023
-61.87049414782688
-61.86730334162712
-61.94887865720124
-62.03298978661669
-62.046183432998326
-61.93777632713318
-62.01714305219979
-62.031156955094175
-61.93434810638428
-62.160653597322
-61.913811730927435
-61.963389188051224
-62.009846851743504
-61.95261250076623
-61.91303840896179
-62.10255939487753
-62.02697306563114
-61.923313538576
-62.03318836462909
-62.16880800189643
-62.24488815973545
-62.15396556772035
-62.01049641494093
-62.110954216841996
-62.08924748774233
-62.1205259520432
-61.940032153294005
-61.883673174627894
-61.97058135682139
-62.08823788577113
-62.020533253406654
-61.953920288332576
-61.83727445479097
-61.823084570210554
-61.888739262161586
-61.84009339275031
-61.85034400224686
-61.89851257821609
-61.88369057918417
-61.922630310058594
-61.952269786390765
-61.86543543482649
-61.81088903238033
-61.71491564656126
-61.70356855515776
-61.697834070386556
-61.92949723169721
-61.87058809707905
-61.74391699967713
-61.841635286808014
-61.949392892163374
-61.97690908764971
-61.82056223729561
-61.83325326853785
-61.95640363364384
-61.95701874741192
-61.70277481449062
-61.898347561729366
-62.05012893882291
-61.93589507300278
-61.87572767405674
-62.02505848736599
-61.88479969830349
-62.04599514911915
-62.018345288161576
-62.17201903873477
-62.29209448962376
-62.45221693556884
-62.359866312865556
-62.353169110314596
-62.31785835890934
-62.1610364102084
-62.40314055516802
-61.642511996729624
-61.24563973731008
-60.80766169778232
-61.28100732174413
-62.13582827510505
-62.504770509127916
-62.10698127129982
-62.420001683564024
-62.15064342063049
-61.96978411695053
-62.07838107388595
-61.77156575589344
-61.911666972883815
-62.440108932297804
-61.99011119891857
-61.62466323581235
-61.571025979929956
-62.0078675068658
-61.770538127627866
-61.65748888767999
-61.6804501321809
-61.726084224108995
-62.214901204766896
-61.527392393556134
-61.62354526848629
-61.64217280930486
-62.27440020030942
-61.843984840245085
-62.24538942041068
-62.42776820577424
-61.50046662934895
-61.95138857693508
-62.37860607278758
-63.01856274851437
-62.358943203399924
-62.525384647065195
-62.21959372224479
-62.10285619004019
-62.71675065879164
-62.157355401022684
-62.12606030188758
-62.56231422670956
-62.78297907114029
-62.00867520940715
-62.50257518990286
-61.610873089782125
-61.87096108547573
-62.54734128508075
-62.62406623157962
-62.031636877306575
-61.96270858213819
-62.76041736068397
-62.167523248442286
-62.539568701694755
-62.61499333895486
-62.31084132708352
-62.73978525400162
-63.049134877221334
-62.05615966689998
-61.997259670290454
-62.293823534044726
-62.97624578352632
-62.54361578308303
-62.87895044170577
-62.331841709284944
-62.04404380609249
-62.01282912287219
-62.31760715410627
-62.210388727229216
-62.72856868649351
-62.453286227481115
-62.38455267610221
-61.96255387622735
-62.24982669435698
-62.77015192960871
-62.626233522234294
-62.35023962834786
-62.33963468362545
-62.12118204194924
