1360.0956760406493
1309.6645721435548
1282.5296768506369
1281.8484891255696
1274.0381788253785
1274.5536332130432
1264.8560773531597
1258.0433859189352
1262.8488739649454
1256.5687121709188
1247.9634892463685
1256.2147640546164
1257.6133488019307
1250.3411488850911
1256.6616813341777
1244.116861406962
1246.6386495272318
1245.9395316123962
1233.3933207194011
1241.4305117925007
1243.252457110087
1243.9126540819805
1237.8201781908672
1240.7657318115234
1232.324498907725
1239.6557220141092
1233.2599956830343
1231.352595615387
1231.0670514742533
1223.976478735606
1227.838345781962
1229.2694507598876
1230.2544538497925
1222.0285836855571
1236.1105159123738
1233.7072891871135
1233.2613827069601
1224.9473738034567
1225.0722160975138
1223.517899386088
1232.022014649709
1224.960642941793
1220.2241169293723
1222.2373524983725
1227.6263546625773
1231.106790192922
1223.4726340293885
1221.540793355306
1221.9729685147604
1218.245478248596
1215.7929747581481
1221.650050354004
1219.2216087023417
1216.755757077535
1218.8929726600647
1220.656375726064
1212.0640572865805
1222.4153321901956
1212.4038707097372
1213.0908175468444
1223.2650025685627
1221.3992777665455
1223.5296535174052
1214.9977636655171
1217.5217521985371
1216.1682679812113
1212.805157852173
1224.2307945887248
1217.2696715195973
1214.7373093922934
1218.5246727625529
1219.7681988080342
1219.0264330863952
1213.5528753916421
1214.5859163284301
1211.5737399101258
1212.5837187290192
1206.1837723096212
1207.767364660899
1210.6308934529623
1213.7641116142272
1208.057037671407
1212.5241998036702
1212.6708851178487
1215.041274388631
1208.3914114634197
1209.3557239214579
1210.1222777048747
1212.316258207957
1213.5739602724711
1202.5432638486227
1204.4799432436625
1210.597901280721
1216.489599164327
1205.3610761960347
1208.003928089142
1211.9109011967978
1210.7258496602376
1204.0514638264974
1208.447668647766
1210.1532388687133
1212.6717790603639
1204.03488184611
1211.4940644582114
1207.9407377243042
1202.0334359169005
1213.1842496554057
1205.9945488293965
1211.081651210785
1214.5270957310995
1209.4801809310914
1206.4145039240518
1205.7813007354737
1202.2897952079772
1200.099681218465
1204.3783709843954
1206.9298052151998
1210.7182707150778
1199.5318277041117
1211.5079858779907
1206.6084442138672
1209.5843113899232
1207.88243004481
1209.6106694221496
1207.566954835256
1206.7372578938803
1203.6461659431457
1206.4235876719156
1200.8217003822326
1205.7979594548544
1201.582045427958
1201.9298427581787
1206.564034016927
1203.6409727096557
1199.2777830759685
1201.687238184611
1208.6235422770183
1206.1806125005087
1201.437739054362
1203.5728862126668
1201.803152434031
1199.523525206248
1205.5694978872934
1204.5143515110017
1205.8410703341167
1210.4556509653728
1203.5193631490072
1206.887562942505
1200.8362616062163
1205.72538078626
1207.4528776486716
1204.1077144940693
1201.8625675201415
1213.2581664244333
1210.410544013977
1202.0027300198874
1209.225626118978
1204.8485079129537
1212.60125096639
1202.2204456965128
1202.5338471094767
1204.4228588740032
1195.646682135264
1199.9454879601797
1198.4776064872742
1195.2239777247112
1201.786247285207
1199.2198074022929
1201.8726709683735
1202.154768117269
1198.3499951998392
1205.7805643081665
1202.1099780400593
1195.496352068583
1208.3768597284952
1193.8854362805685
1196.925961748759
1202.19511830012
1201.1445269266765
1200.4632577896118
1204.290155951182
1207.3648623466493
1201.7181951681773
1203.8343651771545
1204.1869940598806
1201.8309179941814
1207.775361363093
1198.711761522293
1199.5558629989623
1199.6047022183736
1195.5900253772736
1204.0535433451334
1198.4026357014975
1197.3392693201702
1201.3104887167613
1201.4868877569834
1202.266998608907
1201.053844134013
1190.8228200594583
1198.5974418322246
