-39.98174800004425
-57.55004313485376
-59.164892608749454
-59.19880724364314
-59.09475639154171
-59.53209667986837
-59.82990719532145
-59.74997318407585
-59.82488274779813
-60.0736208424486
-59.76951570346438
-60.25508283952187
-60.5089105018254
-60.59341068308929
-60.898887454435744
-61.04905206376109
-61.12425971442256
-61.36471428028469
-61.28491165617417
-61.22275019411383
-61.52667545861211
-61.7798683766661
-62.01257098440466
-62.211296672451084
-62.39010462370412
-62.458106958660586
-62.44889474120633
-62.398028505259546
-62.52903321899217
-62.524847225896245
-62.65400283501066
-62.67374504640185
-62.699666883411076
-62.715040001375925
-62.70199908573052
-62.76808567293759
-62.71008021256019
-62.78296838957688
-62.69497005898377
-62.672266980697366
-62.86031776666641
-62.857421499901804
-62.81202482355052
-62.82288659235527
-62.798960465809394
-62.86630359189264
-62.90430076471691
-62.902691968556105
-62.866408949268276
-62.84338108835549
-62.850156481923726
-62.887425307569835
-62.89244747983998
-62.733296623517724
-62.81582293017157
-62.85110766003872
-62.86148020316814
-62.837710971462315
-62.8520526834603
-62.8700296930198
-62.87772860609252
-62.90054766165799
-62.84099325948748
-62.83032685723798
-62.96590930634532
-63.05451077222824
-63.09214177624933
-62.91689316877003
-62.91655965200786
-62.88701203670995
-62.923726671728595
-63.01804389213694
-62.957103082845954
-63.05707076294669
-62.92748947595728
-62.96455307870075
-63.05781278836316
-62.90604166840685
-63.0037398882981
-62.982530486994776
-62.94613134244393
-62.971709588478355
-62.98980353824024
-62.97421218814521
-63.02726165076782
-62.94737116735557
-63.05168307238612
-62.950441115889056
-62.90895860359586
-63.04404726521722
-63.032863653939344
-63.03486451609381
-63.090630623801005
-63.09306733669906
-63.021088686482656
-63.02199729557695
-63.08613352528934
-63.085709793814296
-63.00410383939743
-63.07410980915201
-63.0902524261639
-63.01209315554849
-62.97889857353835
-63.11724324267486
-62.912568885704566
-62.934509660663274
-63.067334348785465
-62.76748684562486
-63.01069995658151
-63.01069870488397
-63.01671824373048
-63.03404078606901
-62.90977791979395
-62.90867886461061
-63.047603308126845
-63.10032565840359
-63.04768990853737
-63.03228976603212
-63.01846123152766
-63.06325833550815
-63.08728500892376
-63.140470547922725
-63.10278925196878
-63.060664846979336
-62.936609094512875
-63.06661837676476
-63.10423423195707
-63.11342234241551
-62.969921721466655
-63.07181235736814
-63.0878685753921
-62.880030992729914
-62.897452776802
-62.99950321994979
-63.05485758493687
-63.10357776181451
-63.18298641155506
-63.12408524443363
-63.09317439897307
-63.126018954762095
-63.11897172907303
-63.07057613750984
-63.12687227232703
-63.11184491987886
-63.11949652536162
-63.15161315428799
-63.179538198586165
-63.13043015064864
-63.12857695078028
-62.86706226036466
-63.009651266295336
-63.138094377928766
-63.15893023384029
-63.11941681237057
-63.08003385827459
-63.159209543261035
-63.07478614305628
-63.07548712861949
-63.161015625657704
-63.05368572473526
-63.16469363200253
-63.22698336017543
-63.14924011045489
-63.192350188205985
-63.1159499267052
-63.22835240692928
-63.26616472930744
-63.21587689683355
-63.2385574270939
-63.15305455594227
-63.23636011419625
-63.09714472602154
-63.13606482744217
-63.16157752069934
-63.06253872863178
-63.09711311295115
-63.26141231841054
-63.15696756182046
-63.21572069052992
-63.220980212606236
-63.155860920404564
-63.128974492179935
-63.197414383806034
-63.22987582149177
-63.1455892098361
-63.21874502917816
-63.21615101653954
-63.17799505488626
-63.12352072575997
-63.17996710230564
-63.165021815176665
-63.23832706336317
-63.152364718502966
-63.15315594344303
-63.10524800522574
-63.11006553008639
-63.1262071769813
-63.14172823264681
-63.066746141376164
-63.144754499197006
