116.24567602626209
88.10560437728618
73.15667406135591
63.0758150137704
55.57390969272318
51.05206414337816
47.404550954699516
44.44579301312052
42.89379061552985
40.7219754663007
38.386337910232875
37.54692678359048
38.58664178077517
36.29681775076636
35.329769761911756
35.667856494414394
35.28231044421936
33.84500820626472
34.88017493589171
34.50079721674837
33.544247072318505
32.93535790155674
31.24234949566167
31.390697501856707
30.13217370520378
29.916575892218226
29.898182423464185
26.748272901208235
27.553527248316797
27.090482734914485
27.1051146141414
25.92983131881418
26.057298546207363
26.10157536124361
23.886637933552265
25.066462418128705
25.80051839274579
25.889729569441286
24.12572910816505
23.840427718542774
23.62498657276918
22.95621518546651
23.219874595516714
22.78332967079919
21.96745819778278
21.76708511931115
21.210659329233497
20.548183270055674
21.919396648633068
22.3410799636923
21.531669086937246
21.04204098584837
20.222194282145335
20.736451742078724
22.66233149376409
20.572621455062823
19.611054289957572
21.193078782794803
20.56469223468468
20.73802831126698
19.807947554465
20.564978735103946
18.463837931896077
18.155303235711724
20.038576400999364
20.730833497540704
19.63486798001646
19.809974959569757
19.002978280700486
20.219727403452172
18.549845835129762
18.845588685880447
20.305472597094447
19.558705114598933
18.248760227113962
19.225979150208676
18.15184869976907
17.422873692008956
18.113902426228442
17.892709576163504
18.18243382049018
16.55632944173854
18.25781692153421
18.759892686173835
19.337426126003265
18.5489993002908
18.281824115149934
18.374133261306017
18.087320503361266
18.176513550867295
18.17110398154834
17.17207170194336
18.71526784886574
17.974461494077897
18.228276819761458
17.92721488291462
17.020726622949386
18.521904404178777
17.333811860788487
18.319798695373123
17.69150238786021
16.39597763856552
16.836167663721174
17.730248469473988
17.904313673939683
17.9406659709097
16.978981583282867
16.77743161161398
17.47917240781003
17.51624568545356
16.530345174772986
16.934376014460778
16.75700381333972
16.278261472182027
16.12379335817592
16.12662401435704
17.472202142764782
17.146622959524393
15.789388123514323
16.446231944036896
16.17081962423078
17.609369491451773
16.447747458543244
16.683216432302164
16.781612034116325
15.371194874739338
17.163493141531944
16.989199458011264
15.9730991193832
16.4690643596495
17.426402667473102
16.412143979863874
16.80445773616947
16.042652964254778
16.508354233256703
16.612264704601518
16.505271120374253
16.588884309319585
16.015239420122114
15.437272624465926
15.721739659278557
15.368976121575669
15.45556551796095
15.048229847938336
15.540295339028898
16.52062820912949
15.956613565377634
15.011729963123798
15.049375957713044
16.218894194683124
15.388142499430426
14.873621893083227
15.219754025805742
16.026135966695588
14.847297721124928
13.40465982618003
15.531954283649423
15.957190801871233
16.327964903979467
15.465056220262214
15.277573753790609
14.496523226258056
16.789142619529418
14.905981677744922
14.316056889449728
14.73615701650751
14.558028191328049
14.387791839074985
14.537691323985827
16.48350216140007
14.147988056378631
15.109814701923009
16.064761928700168
14.984128759692199
16.659449719149492
14.919426900045625
14.690061580775113
15.100290259924428
15.868091781591547
14.686073434250108
14.393921932815735
13.865978358779103
12.996458306394775
14.836637750332212
14.760427462065529
13.96080995126274
14.95559411110549
13.35990757601143
14.560047370349539
15.19007405027715
14.880118966616433
14.37228428521033
14.310519358400127
14.597605386170848
13.950533461981806
13.066362589051755
13.818190813835326
14.51028071395282
15.297904968261719
14.869782653187626
