-20.41253904124786
-24.364953090404644
-25.490478495585506
-25.61786832326445
-26.277693329186274
-26.414773903530218
-24.63728977277361
-24.79653477463229
-24.96276479497038
-26.704455124920813
-26.11220607161522
-26.99250150960067
-26.104093564995402
-25.389115124940872
-26.00812238968652
-24.995941937997422
-24.961154994265787
-25.88646421555815
-26.150067887429532
-26.242200022113735
-25.35196524241875
-25.014893597056126
-25.57223296782066
-25.11984476241572
-24.695146804225857
-26.030195441739313
-26.393568764986664
-25.434937632289426
-25.74499050142436
-25.682239196423826
-25.705835897347022
-25.834047290271727
-25.61080328298026
-26.362184014813653
-25.44576898063051
-25.918609139220468
-26.359666045369774
-25.0914296610602
-25.706276532904855
-25.750721658612118
-25.36366809853192
-25.977105060528064
-25.965531043965242
-25.02292956668755
-25.209114810516095
-25.716661878700915
-25.729357679856236
-25.62629844607978
-25.376727663237475
-25.341106600288686
-24.549426681008832
-24.940467860678147
-24.86979291870676
-25.466193675994873
-25.352560135824927
-26.14151015620807
-26.133231510889942
-25.3866832564617
-25.292297099171012
-24.805755701558343
-25.01061041499006
-25.52787108873499
-25.428789246698905
-25.182212052674128
-24.515167241466457
-25.65838802939859
-25.29129552635653
-24.111955670447184
-24.630595127570217
-24.57663997288408
-25.105898855061366
-26.525287501770876
-25.97736880697053
-25.28037131295122
-25.145264809501583
-25.447219205313715
-25.833726410721912
-26.01701089637033
-25.6025299003412
-24.488515772182367
-24.63214163122506
-25.498033493757248
-25.779682299186444
-25.103913833868916
-25.73474526302568
-25.34269937256287
-24.7396649523028
-25.372890725218017
-24.708626562151416
-25.425357980974788
-24.90222510798224
-25.041603819049637
-25.023117842345403
-25.52262219786644
-24.722944018141977
-24.19127995084072
-25.82511039643452
-25.480694766702324
-24.32993018010567
-25.44059120426918
-26.117942835236416
-25.29373209332598
-25.01549417499838
-26.32996041918623
-26.137220035339222
-25.75264950045224
-26.742339993345325
-25.09406764342867
-25.103544011712074
-24.065463068156408
-25.782406562361224
-24.881935075439255
-24.198852038589017
-24.054861065642587
-24.59973766269355
-24.005891124750004
-25.12503688602612
-25.815363390692347
-24.998765285672814
-25.10982491178759
-24.575043004134606
-25.36034335144635
-25.045736015870652
-25.20796471217583
-24.25037362760511
-24.076289066980625
-24.76127910511247
-24.47978727005679
-24.698021412409584
-24.41528943900404
-25.325320970395516
-24.951005422863467
-23.65212988956221
-25.525821456621433
-25.863869945550785
-23.95867276448628
-25.346535333271685
-25.260812349360563
-23.71807721462743
-25.750252618871887
-24.926253432343746
-24.353990637022875
-24.803602900998346
-23.984168402079877
-24.605386660530648
-23.275394038907415
-23.944338873028755
-25.858183180463726
-24.276358909134206
-25.507948437641407
-25.476368146723715
-24.771694994692144
-24.463188767433167
-25.00663217645267
-24.606082652663364
-24.45712943426494
-25.086054508028358
-24.58121091230162
-25.328853327652503
-24.54954536516091
-24.85351009718303
-23.6576114743948
-24.225900194768247
-24.688946077535892
-24.53172680581438
-24.505841061986725
-24.61856495357793
-24.87792272711622
-24.518595363559395
-24.659248620785515
-24.952516227960587
-25.332297215173984
-24.95322334766388
-26.2140226569669
-24.455680711516017
-24.96740183748048
-23.769358665778718
-25.881342445981915
-25.390222524774487
-23.899589933198072
-25.02111732445914
-26.54595362317973
-24.88932479763853
-25.817333871948307
-26.27408309537789
-26.191358946520708
-24.176544671428616
-24.79035642126511
-24.998020074490842
-25.321819257119607
-26.112547896031675
-25.249125704940024
-25.274241036896047
-25.688781815870055
-24.758013658482454
-25.52285288222905
-25.335834332581225
-25.819383960345696
-25.691829511831546
-24.645859660773443
