-132.07174214919408
-192.12227869033813
-199.59901709953945
-206.13987289269764
-208.88621810277303
-212.23872054417927
-215.2315733909607
-218.14810589551925
-220.35007972717284
-222.9688989361127
-222.50346026420593
-217.7021619876226
-225.6801366964976
-224.79729607105256
-224.99820831219355
-224.30976567665735
-225.5989206234614
-225.71650271813076
-225.80704528888066
-224.5795245130857
-222.34434283574421
-225.40175074338913
-227.25717198053997
-225.61629196802775
-227.44439880847932
-226.64617130359014
-225.89446416695912
-228.36288900375365
-227.21726143360138
-226.36899831692378
-225.92985943158467
-229.66826728979746
-233.31585748593014
-234.8566634853681
-235.03692992130917
-234.64201362530392
-234.06258365313212
-234.25124009847642
-235.12653307914735
-236.02553785244623
-233.5582593838374
-235.93548777500789
-237.41696808338165
-237.1534787575404
-237.34855115413666
-237.4209990342458
-237.40445294380189
-236.86768044630688
-236.223809949557
-237.11138138771057
-236.67139271100362
-236.00024828910827
-235.8302078763644
-236.0104748805364
-235.43479226032892
-236.40345656871796
-236.40106843709947
-236.5212262749672
-236.54168841044108
-235.738170782725
-236.29829272826512
-236.6228185494741
-235.86754914124808
-234.14396229585012
-232.3626271168391
-235.877338886261
-234.65768579641977
-233.9403363108635
-235.23216015497843
-235.00575563112895
-235.20769561926525
-235.37766110897064
-233.38243599732718
-232.48746506373087
-234.8427127043406
-232.35204515457153
-231.69373962084453
-235.424839758873
-234.83636186122894
-234.86754501660664
-235.2021974484126
-234.7758888085683
-234.11558565298716
-233.80470184485117
-234.6894958496094
-236.45526049137115
-235.4495056907336
-235.00554835001628
-236.05332036415737
-236.21305872599285
-236.33059468666713
-235.96051023801166
-236.48058457374572
-236.1855931599935
-234.36567192077638
-230.58408434788387
-232.23500502109528
-237.1658501068751
-238.23987590471904
-237.25961344242097
-237.81732892195384
-237.6106587847074
-237.39925280412038
-237.39320968786876
-237.04353446563084
-237.24594131708145
-237.2732662876447
-237.3816392660141
-236.70138500531513
-236.68481250603995
-235.53331396579742
-235.4141233285268
-235.7528568347295
-238.86442047754923
-237.71425171693167
-237.3219065308571
-236.94036992390951
-236.01456944147745
-236.68363727728527
-237.13755107720692
-237.31534301439922
-237.2024510741234
-237.09291687409083
-238.1652801354726
-239.0315028389295
-236.59353896776835
-236.39081693490346
-238.21310510635377
-239.6344122171402
-240.44902288913727
-241.18940085570017
-241.34540139039356
-240.78071306546528
-241.5230516433716
-241.71571029424666
-242.30032548904418
-241.98725465138753
-241.95450655619302
-241.98452241420745
-241.77461132208506
-242.04785698254904
-241.811012840271
-241.1545472462972
-240.89286890029908
-240.1093507528305
-239.97714126904805
-240.27433800299963
-240.27873583634695
-239.98733788728714
-239.69878976345063
-240.5233437458674
-240.25291922092438
-239.63074632485709
-240.07094861268996
-239.60791365305582
-239.20549739996594
-240.2400547583898
-239.91363021532695
-238.962943760554
-239.21431370576224
-240.05329897801082
-239.3507757107417
-237.24492578109104
-237.54569421609241
-238.73815546830494
-238.5683064142863
-239.736406425635
-239.46363577047984
-240.086838499705
-240.91828494071962
-241.9429701646169
-242.33877708911896
-241.27833873430887
-240.82326498031617
-240.22250639200212
-240.39504475196202
-240.59127419789633
-240.22968756755193
-240.59662293990453
-241.24574446678162
-241.407630165418
-240.52365384896595
-238.71221925417584
-240.89021022319793
-241.21581696271897
-240.7394686539968
-240.33879760901132
-240.69113090833028
-239.39013177951176
-239.64218906561533
-240.0773072640101
-239.6861920595169
-238.00722714265189
-238.17846389611563
-240.5249106446902
-241.79937613010406
-240.45945080916087
-240.58549372355142
-241.35139566659927
-241.64923745393753
