944.6850497881571
763.2751267115275
701.5471672932307
649.5774444897969
605.6919444004694
576.4507418791453
554.4177509864171
534.4563676198323
507.93824921449027
482.4874307950338
458.6768727461497
432.2433457414309
417.43572005430855
398.28616621891655
380.00656172831856
373.25820719798406
354.6699621359507
351.67588318188984
340.3335642397404
327.70065626502037
319.9690537293752
313.3966249227524
304.49779541691146
293.8329390923182
287.51297810077665
284.60153592626256
278.4146958718697
275.7633878191312
278.61220673123995
277.4585263878107
268.60942248404024
261.83717802464963
259.8224168141683
254.86105718115965
250.88088185588518
249.4776510953903
246.59033510188263
244.3793544650078
241.56916418423256
237.4976496125261
235.01533239682516
233.36144523297747
236.22467712784808
233.49290565599998
230.54920542227725
227.90277160791058
225.44120812928304
222.9088999010972
221.63513521254063
218.15164401928584
215.266202489535
214.81553048243126
212.83959295476475
211.43316937933366
210.3305227547884
208.82081331312656
209.55273639510077
209.78840831468503
205.7416070068876
203.58390417645376
202.35315117835998
199.17943336069584
198.15889450659355
196.4648599555095
196.64584328035514
196.80099792331458
197.4545268798868
195.7343873778979
193.46062870224316
191.61916464070478
190.21511668066185
189.8182235956192
189.83009092112383
187.50067643423876
186.0058652281761
186.09682788650196
185.45258946816128
184.814810949564
184.03868476649126
182.72326716880005
182.18332947790623
181.24428054789703
180.44983958899974
180.06872516771156
178.86346330940722
177.63045127193132
177.0518648137649
176.00133897761503
175.74176613489786
174.75830437143642
174.70712448954583
174.17066143651803
173.69566996395588
172.7355507016182
172.57941623926163
171.9826194614172
172.0257651656866
171.19754104216892
170.42492927908899
170.01132214764755
170.33663375079632
170.16436897218227
168.89445861577988
168.2587617536386
167.5953160951535
167.2490966995557
166.93014405667782
166.25644976298014
166.4148360123237
166.38992533286412
165.34658846954505
164.60208644171556
163.86409852604072
163.40706797142823
163.68145870665708
163.71234378317993
163.4827581634124
163.37833820680777
163.1991386681795
162.97348873714606
163.35941484967867
162.57480804721516
161.4984467814366
161.04443147877853
160.8251992334922
160.2340233842532
159.64663636485736
158.90896357297896
159.07423296272754
158.78015233377616
159.28529117206733
158.47457021772863
157.86572201152643
157.09229214390118
157.4402151266734
157.10680470168592
156.45511736373106
155.89561244746048
155.4447319318851
155.53170279959838
155.195483203729
154.76458821495373
154.62423165738582
154.8952948063612
154.62703353762626
154.83072320123514
154.38249801596007
153.6609529296557
153.95113283892474
153.53957571585974
152.89480218489965
152.72356372773646
152.42704710265
153.71721463799477
153.37453509171803
153.3838151107232
153.2914694428444
153.64505003988742
153.1172975619634
152.34006370902063
152.06050540804864
151.49285378058752
150.9085122168064
150.86981687545776
150.30435791214308
149.89081743160884
149.38544144829115
149.16801849206288
148.881777882576
148.97382531166076
149.19372629324596
149.82351384560266
149.2254754225413
148.9769040008386
148.7602126141389
148.22553965449333
147.85370931824048
148.09919964273772
147.92278647224109
147.44706700046856
147.149261623621
147.23169931968053
147.2062419772148
146.85915714502335
146.83124036192893
146.33090020020802
145.7369248708089
145.959867922465
145.8739636838436
145.30656459728877
145.1708025654157
144.88324209054312
144.69796734452248
144.56203796466193
144.05839641888937
144.50100864370663
144.59035999377568
144.45895859797795
144.2939974308014
144.10055020451546
