1302.4845079104105
1279.9954741160075
1274.1803870519002
1255.4782356262208
1257.9755986531575
1257.6147185643515
1258.3967365264893
1254.1858868598938
1252.2238733927409
1251.5471595446268
1249.2412163416545
1243.2281615257264
1238.485535812378
1233.9348335901896
1238.500915845235
1237.8939052581786
1243.654354763031
1240.9580326080322
1238.0946553548176
1231.518500137329
1231.2269648551942
1234.8351733843485
1229.0962646484375
1233.9752038002014
1233.382975737254
1233.1839880307516
1225.483206653595
1226.3077021280924
1232.1380056699118
1225.1344252586364
1219.287712128957
1228.8528693199157
1224.7013860066731
1225.7378849665324
1216.628769715627
1224.437270863851
1224.3540844599406
1225.0222306251526
1216.9913190205891
1220.897749042511
1216.3868663787841
1220.4015785535178
1219.1510338465373
1216.642997042338
1225.4983974138895
1212.2661039352417
1220.6825487772624
1227.3329051335652
1214.444182840983
1221.5191399892171
1206.083212184906
1212.3275509198506
1220.2438172976176
1217.9052516937256
1213.7417831103007
1216.5469803174337
1210.7653758684794
1216.0019908269246
1214.8656155904134
1209.2842138290405
1216.4702655156455
1212.5844088554381
1204.7097451210022
1210.9999772071837
1215.3171747843423
1214.0383611361185
1219.0033498128255
1208.216314315796
1215.3171920458476
1212.6683780670166
1216.1130983988444
1215.0707476933796
1208.6907364845276
1213.2890440622966
1210.947275575002
1211.1673497517904
1212.0100695292156
1207.3707862854003
1211.0661328315734
1205.6691633383432
1210.104976971944
1211.4317167599995
1207.7479306856792
1211.5127473831176
1207.6058601061502
1209.2309325536091
1208.91940463384
1210.1181683222453
1212.2314555486043
1211.3176575978598
1205.6425104141235
1205.2752155303956
1204.4131582260131
1207.888869857788
1206.5487993240356
1195.4952330589294
1213.1101104577383
1204.6663686434429
1214.0648683865866
1211.7569006919862
1208.9674792607625
1204.6227854410806
1206.5268243789674
1204.155470275879
1204.6269176801045
1206.0088605244955
1211.7713446299235
1205.1835388978322
1204.7892005602519
1205.5738585472106
1210.658384482066
1203.4973460515341
1206.4398348172506
1207.9968753496805
1208.053376833598
1211.8284585316976
1210.4303894996642
1197.3686384518942
1202.1450622558593
1205.6161923090617
1205.8163715044657
1210.2106925964356
1202.9185808181762
1199.649870189031
1198.2737493515015
1198.2745869000753
1198.4082909584045
1201.507237148285
1202.1319696744283
1204.664427947998
1205.2373854955038
1203.5355113983155
1205.7227663675944
1203.5650227864583
1208.3724472681681
1210.0089261690775
1203.5127084096273
1199.455789311727
1206.0865408261618
1199.2431748390197
1204.46228334109
1201.4227209726969
1208.2753134091695
1206.655821577708
1202.0413928349813
1202.726725355784
1210.259348964691
1204.088788509369
1202.7653995513915
1213.1674316088358
1202.5258299827576
1198.3853690465291
1202.711555226644
1200.8681597073873
1200.3659893989563
1202.032012462616
1203.7947995821635
1207.0871773878732
1194.35236120224
1203.1700536092123
1203.1087052345276
1195.4059995015461
1210.577434794108
1192.5718157291412
1201.9367505550385
1197.9776716709137
1204.2034335454305
1198.2963205019632
1208.3040482521058
1192.9630370140076
1205.6667476654052
1200.905104414622
1200.7237701416016
1201.4295566876729
1209.5768712361653
1205.3931073188783
1199.0306103388468
1200.244122727712
1194.3577748616538
1196.5299220403035
1196.3890378952026
1199.5363503138224
1203.4787634213765
1196.9432812213897
1200.8308335781098
1201.6381923993429
1198.9851685523986
1195.836863040924
1201.9279266675314
1198.6785061677297
1200.8168646176657
1191.0181552886963
1203.7997999032339
1195.8917047818502
1198.4849183400472
1199.0122793038686
1204.7968453566234
1201.4348826090495
1199.927837530772
1202.300566705068
