114.36950211278324
85.47107715031197
76.92569513773095
71.9556164227683
68.74440859515092
65.3532095942004
63.03270659981103
61.08661826314597
59.67339648049453
58.97863726780332
57.68290737785142
56.820428204947504
55.99853269190624
55.070482077269716
54.223971763561515
53.63249408890461
53.10693080671902
51.95530013894213
52.04695187149377
51.44018458086869
51.3764898838668
51.10410701303646
50.47823916838087
50.212335170343
49.84456478727275
49.330669651771416
49.495298769967306
49.08748650961909
48.6343643840017
48.573912529082136
48.499244313815545
48.15728632746072
47.7309183766102
47.72935594155871
47.08435216648825
46.94156457740685
46.69079993305535
46.91692894491656
46.75348951282172
46.727416838037556
46.12917985381751
46.6484862422121
46.27070994623776
45.471078021772975
46.2149698045747
46.045681185763456
45.20736752604616
45.37624316996541
45.23518376925896
45.36606978034151
45.05111556834188
45.01759956520179
45.038858633616876
45.29124980137266
44.64606358778888
44.95670442745603
44.7934483217782
44.398831231840724
44.219370946801945
44.35691476484825
43.55193565015135
43.414054126575074
43.249693743113816
43.96484697173382
43.592122147823204
43.70371960771495
43.690089217547715
43.3386600675254
43.19252293068787
43.31238768840658
42.84740943744265
43.267442148307275
43.25112372842328
42.629023927039114
42.99297285388256
42.601206271812835
42.759677590995
42.72186362537845
42.57000051387425
42.6139288174695
42.3503682181753
42.198759120086144
42.565202478704784
42.32523048026808
42.254475050959094
42.3189524812945
42.21608454502862
41.902494402795
42.1071443413866
41.75045337245382
41.75379796377544
41.38105328329678
41.23384203581974
41.79810769085226
41.54094641784142
41.27570729009037
40.985803455114365
41.19644457821188
41.63358932322469
41.5512082535645
41.05470179792108
41.13203771977589
41.320674990785534
41.245353605212834
41.07455428509876
40.96910142179193
40.652950428683184
40.8434236388782
40.831109192864645
40.91393754400056
40.36218188959977
40.54864331977121
40.668673028206
40.60208781012173
40.548243480509726
40.45515441586231
40.642759945885885
40.604315394985264
40.58412568528077
40.64118323757731
40.00954454520653
40.8216534503575
40.243455827236176
40.52962206972057
39.93486516126271
40.124949634075165
39.794859539845895
39.70763067335918
39.769106281214746
39.744677216842256
39.83078523545429
39.80029607949586
39.88501658932916
40.01872480121152
39.96365269710277
39.62667755833988
39.59902027043803
39.18495290546581
39.99706226690062
39.56749337706073
39.53082386995184
39.20587809846319
39.17455036886807
39.34886891471928
39.51075059997624
39.1914986279504
39.445367458565485
39.69274526423421
39.32566135299617
39.03629527318066
39.73136587492351
39.03670164223375
38.84207120743291
38.90831987508412
39.093980918670525
38.83067387547986
38.641568494254145
38.967327739658025
39.009032661544865
38.61920439374858
38.61846699180274
38.780323389275324
38.66131093378725
38.735352333249715
38.66021818025359
38.54410045208602
38.25008445156032
38.188544534403704
38.58302413492367
38.74284456927201
38.5352478325367
38.32751178227622
38.43537156335239
38.52347799621779
38.731558360930144
38.479505643762394
38.10277609578495
38.264352629924645
38.082036834338616
38.14029371121834
38.487435623489574
38.65863963756068
38.395679949686446
37.943447715249555
38.099558867257215
37.97743405864156
38.241105729135974
37.814604109731214
37.96325422052679
37.66694389437807
38.34668703017564
38.22706458589126
37.83997081888133
37.864478350713334
38.000875771045685
38.13892049830535
37.850790779138435
37.624918444403285
37.605829351934894
37.83838873176739
