4.347850755499355
2.851627728484314
2.416494437461269
2.2001999414943416
2.015407994774909
1.8979679445639766
1.7404753525323908
1.6965502651472544
1.6414533691673443
1.562786338015877
1.5259326357587144
1.4653760351497551
1.4260850590493144
1.3849590817016775
1.3691112304684416
1.3193149424061692
1.2981508329896063
1.266442965908811
1.2446037436482207
1.2266850213295426
1.2154922378088893
1.1945844072334726
1.16646087449044
1.1744736706645325
1.1545231062918901
1.1429595228220368
1.1366438666872423
1.1142934718137156
1.1388589692269933
1.1247929114334543
1.090505868678206
1.1119038446581568
1.0733232349799624
1.0610586084939282
1.0698907182005972
1.063223526427715
1.0391656656524744
1.0412988353135257
1.0420651621153127
1.035547260034444
1.040244277438213
1.0237541624569688
1.0262710795063397
1.0116927653936476
1.0009421581273963
1.0156669605780264
1.0107505756976276
0.9750008194482532
0.9636047097436827
0.9921979134067379
0.9749491534292184
0.977397960514344
0.9692101478255515
0.9676594702077324
0.981017400221578
0.9505076513722025
0.9436693161982914
0.950756970407634
0.9606412985394227
0.9558277457695583
0.9495927770461502
0.9328472272910434
0.956683241152044
0.9407863208767155
0.9286456411254818
0.9187961970937664
0.9355231743819755
0.9046523972446548
0.9216473635671467
0.9148342492187331
0.9211833864964288
0.9006615617986897
0.9216533902839854
0.901686811562756
0.9071659335770227
0.8942709898511911
0.8995413124111706
0.8824032777278074
0.9099193823620163
0.8892581106067218
0.8810171942900995
0.8695567138814206
0.877475830694211
0.8590915133245289
0.8824247893363494
0.8775543832894543
0.8699191871645122
0.8729198546116722
0.8783297947094101
0.8689312091546839
0.8833168999870019
0.8603935294527689
0.8716474991484449
0.8655064691115042
0.8707777350370226
0.84476171780763
0.8424581822874988
0.8441943136397106
0.8497610699128488
0.8592728140025303
0.8509173422794918
0.8495120393947281
0.8289907086672711
0.8226398592493658
0.8281933562187799
0.8251082548422033
0.8670607673582332
0.8542906753879426
0.8260877966431195
0.833263048677352
0.8146806731177815
0.8247736127533275
0.8263146267111959
0.8249408099158057
0.8302819339301566
0.8154306227887242
0.8321272859606763
0.8155922975294806
0.8283566330270521
0.8214707898682562
0.8226491465907673
0.8044406464644547
0.7983407655024323
0.7970332479072285
0.7886758950892193
0.8191163182451293
0.8084362528190531
0.7994573739646323
0.7960099340255918
0.8129849233504
0.8162411250302504
0.8217076684412514
0.809879906812747
0.8028288881519231
0.7966684258125466
0.7912318817628868
0.7890163434605146
0.7923740553830204
0.7939079280557304
0.7784937248276226
0.7835704904563469
0.7895853886188104
0.7771673564767015
0.7822885989885906
0.7812035789649034
0.7880695273714333
0.7701138869120643
0.7715794113143508
0.7707560370226616
0.7781060595258043
0.789580447663521
0.7901019898789197
0.7720539433046661
0.768194724966226
0.7756294256140446
0.7528286801073057
0.7693367745919988
0.7698065386442788
0.7850872222655292
0.7656537431195892
0.7671310316674925
0.761069429363927
0.8018990580859626
0.7982059625812389
0.7606779814473
0.7907119748535855
0.7667552007298017
0.7423406794249755
0.7480838144326518
0.7667072310658365
0.7917268711527616
0.7547164604806438
0.7783313502782377
0.7677427147804149
0.743399204846857
0.7649379858490208
0.7574410545639694
0.744144662732965
0.7493471399848831
0.749896802345355
0.7557174945892445
0.7633031592704356
0.7775104687838205
0.7631609773199106
0.7534130447993761
0.760639154480706
0.7490597079218976
0.7315441316057896
0.7303594562449846
0.7457495950612014
0.7618898123599075
0.7338755407595429
0.7307620130415107
0.7500629924751562
0.7421700917184353
0.7648095661485247
0.7384409759161544
0.7417999410295281
0.7587711349900427
0.7333744033560927
