-78.9194375594457
-167.8185669263204
-191.54623648325602
-198.41238509019215
-200.6486358642578
-203.94320234457652
-205.81753372748693
-207.1035904844602
-208.45900332132976
-208.01588683525722
-207.69597118695577
-209.71786430676778
-212.1837055126826
-213.60576904614766
-212.0675689657529
-213.35541989008587
-216.02343751589459
-214.87404431502026
-214.09491848945618
-214.00657844543457
-214.32031887372335
-215.84622515439986
-217.7720875819524
-217.09739469687145
-219.80695507129033
-217.37412465016047
-219.04390802383423
-219.5554795026779
-218.24540341297785
-218.0523373246193
-217.15808418591817
-218.6039228439331
-215.232657623291
-217.48284315665563
-218.05355213483173
-218.1468155781428
-219.03790160417557
-218.63944773674012
-219.52904136975607
-220.00797690550488
-219.40428557395936
-221.80534478823344
-221.60314549605053
-220.63122906684876
-221.98467285633086
-223.21387895743052
-222.26698939800264
-221.9736294388771
-223.09411551157635
-223.28580155769984
-222.91330210367838
-222.99178411165875
-223.1205182512601
-223.05150786240895
-224.85285104115803
-224.6792879740397
-223.22472013632458
-224.49977661768597
-224.11279718081155
-223.52798717419307
-223.78063693841298
-223.58995329141618
-224.97733894983926
-223.0904565970103
-224.51575233538946
-224.18991549809775
-224.01173329353333
-223.83123284975687
-225.13090481758118
-224.47645196914672
-224.71508900721867
-225.5957719564438
-225.03418436050416
-224.89366001288096
-225.13994376659394
-227.23316747347513
-226.39892216126125
-227.43347222805022
-227.52742361227672
-226.94598886966705
-225.3798198858897
-226.30813433329266
-227.1546486934026
-226.30239308277766
-227.88731474081675
-226.87574917872746
-227.21173605124156
-229.5768412788709
-230.63787052631378
-230.26127542257308
-229.8816724975904
-228.34353698889416
-229.05333795547486
-230.2482222119967
-230.2623187939326
-230.36108874877294
-230.55125036239625
-230.56011338631313
-231.85152842203777
-232.04195469617844
-231.3769489447276
-231.50066510836282
-230.7414498647054
-230.6270553588867
-230.77435210148494
-230.77851507663726
-229.6285663763682
-230.9007477204005
-231.6280227422714
-232.5527334888776
-232.39576082229615
-232.02569288810093
-231.3957473953565
-230.46376647154491
-233.10256736278535
-231.98453141848248
-230.5523815870285
-232.0332792043686
-233.01511092185973
-232.61930710077286
-232.12841194868088
-232.5607233126958
-233.28593349059423
-232.28377090295155
-232.05216782490413
-233.18522543112437
-233.16279513438542
-233.20151276985806
-232.65917291641236
-233.93315494855244
-234.37654074033102
-234.52155621846518
-233.6353666583697
-232.24366945028305
-233.69968430201212
-233.59680099487304
-234.38064301808674
-234.8853044430415
-233.97050178845723
-234.03857305049897
-233.33121143976848
-232.55156848827997
-233.0185218254725
-233.1275983572006
-233.28030248483023
-231.95807730356853
-233.36780854860942
-233.92428456544877
-234.15818042755126
-233.93636141618092
-234.789581823349
-235.04873978296916
-235.30040989716846
-234.10486351648967
-234.1589802145958
-234.77024807929993
-234.10309513807297
-234.39139621257783
-233.6861068089803
-233.94886945088703
-233.42363547881445
-233.54356286128362
-234.5106326063474
-233.321870859464
-232.66815180381138
-234.69781447251637
-234.00142868359885
-234.50949387550355
-235.97745830217997
-236.18705954154333
-235.43861134847006
-234.91144370237987
-235.54981161753338
-235.66148485342663
-235.5146004597346
-233.74281467199324
-233.41523763338725
-235.6191979408264
-236.03922904332478
-234.96563288370768
-233.90732465187708
-233.49165631930035
-233.31120022535325
-232.85865649382274
-233.98146951993306
-233.3323289314906
-234.12912635803224
-233.64468964735667
-234.46058849096298
-236.4294398466746
-235.9513794183731
-234.5382854541143
-235.49008262952168
-237.79587650696436
-238.17549970149994
-238.03202268282573
-237.82125010490418
-237.5369460026423
-236.4858018954595
-239.481497780482
