-42.015060340279135
-50.84743656577735
-53.0235546745103
-55.38120944746609
-55.692411418618825
-56.86544714611152
-56.90339271775608
-57.106480400110115
-57.177584292559786
-56.97822670689945
-57.510450605688426
-57.311518062805305
-58.13134514668892
-57.67636836088937
-57.55903217710298
-57.620028257369995
-57.499526661017846
-57.47047549280627
-57.040568750480126
-58.180415702277216
-58.10695461671928
-57.40667856356193
-57.06299778716318
-57.37657830941266
-57.6317952645236
-57.56848966355982
-57.58686170393023
-57.83561323428976
-57.794018151431246
-57.61468456531393
-58.23135432806508
-57.873387743686806
-58.214199738255864
-58.37661434453109
-58.231544886169765
-59.35209072355566
-59.169516641518165
-59.28933154920052
-59.057621641405696
-59.302428829258886
-58.970509764449346
-58.85635188838531
-59.01762765029381
-59.43922262870032
-59.02437072581258
-58.94009502900058
-58.94895178285138
-59.73417596981443
-59.479754817896875
-59.10325335531399
-59.151184353335154
-59.317796388576774
-59.938427121474824
-59.928368875692634
-59.7286452404384
-59.9024040123512
-59.731309670826484
-59.45947755616287
-59.667637984300484
-59.69632509350777
-60.164499258172924
-59.83311531050452
-59.81259868062776
-59.94791494669585
-59.852412373855195
-60.12373543813311
-59.9312456486554
-60.44076660172693
-60.38462172602785
-60.14301156586614
-59.83071493280345
-60.14724396837169
-60.34321134665917
-60.43524655185897
-60.49867563206574
-60.49293586406215
-60.32745890781797
-60.57569164654304
-60.56162560294415
-60.381220089978186
-60.33404413585005
-60.245977515804356
-60.55953886385622
-61.032901007553626
-60.71853866762128
-61.02731930901264
-60.83027048563135
-61.172368826537294
-60.319302583562916
-60.61784816610402
-60.822143001803035
-60.81108268992654
-60.975162298514924
-60.64209200698754
-60.7322592385884
-60.87578985608857
-60.53581643926686
-60.78749881736164
-60.82327722167147
-60.8793669301888
-60.87512831235754
-60.52469054789379
-60.32052417664692
-60.58850626082256
-60.8338811870279
-61.0161900602538
-60.888373280393665
-60.666575173879494
-60.662953873132835
-60.60473857254818
-60.66357229906937
-60.854745131114434
-60.88478234924119
-60.72734302898933
-60.88402876360663
-60.85540276046457
-61.03840605657676
-60.82353861064747
-60.85356788696914
-60.95526986286558
-60.838775492947676
-60.8003899136494
-60.937422698941724
-60.83053352401174
-61.00501797528103
-61.00843721422656
-61.12665259838104
-61.15489872776229
-61.20315683093564
-61.102677236343254
-60.931709330657434
-61.01116161921929
-60.947577030494294
-61.22725349150855
-60.83944835950588
-60.597123627004954
-61.158899245591
-61.23668264931646
-61.04099653712635
-60.89845955474623
-60.96904520947358
-60.73329972193159
-60.902375708366264
-61.30560566947378
-60.9863676028005
-60.9257146315328
-60.837539585499925
-60.91626949556942
-60.909254746190435
-60.84596597326213
-60.662239372730255
-60.78625663395586
-60.71520819335148
-60.72219043147975
-60.622660310103974
-60.76975232465514
-60.67140003113911
-60.833146128161204
-60.813367615486015
-60.59076508365828
-60.53482873069829
-60.76203673666921
-60.88968582502727
-61.14389873578631
-61.026691960877386
-60.94064844271232
-61.2823667896205
-61.07921969582294
-61.15222174340281
-61.04417479346539
-61.20944132064951
-61.44463854000486
-61.43398420152993
-61.426336976988566
-61.34262543197336
-61.14444433820659
-61.19148098086489
-61.213606805636964
-61.12443279295132
-61.049088648680986
-61.06820455296286
-60.91952355360163
-61.050699883493884
-61.163778294777046
-61.34068435430527
-60.939523014529
-60.89805413320147
-61.06017326486522
-61.13391501225274
-61.50879619244871
-61.36110225422629
-61.171427330066415
-60.923399193533534
-61.24220281017238
-61.31061719820417
-61.039975885687205
-61.16645034633834
-61.133024171508595
-61.21772030098685
-61.52952499225222
