193.47364793152644
139.21467119455338
109.2913964534628
90.96179490253843
80.24910736083984
70.85321219214077
63.25129563644015
57.09440873820206
51.94389678075396
44.86521288701172
41.18230378936077
36.74299675585895
34.47995564598462
30.59483849385689
26.257307840832347
24.350537565504684
18.913451995058306
16.808395518311137
12.651618287738028
8.984528928224382
6.289608490107389
3.1986030306795548
-0.9718016468245407
-2.8712993171708336
-5.164730772889894
-8.11154820487417
-11.305194664618064
-12.476014802168155
-14.156346369920106
-16.181889629055714
-17.29908698643076
-19.007012102624465
-19.718140196183633
-21.469485480209876
-22.405043108709926
-24.38242305147237
-25.328161983654418
-26.644701379126516
-27.639308536874836
-28.17777994891693
-29.13561651418949
-30.5481922667602
-31.109448065017833
-31.727232832333137
-32.75733251921062
-32.96109186986397
-34.0470235799921
-34.142821846337156
-34.295240849256516
-35.029943819703725
-35.50258164364716
-36.210958128345425
-36.26956160212385
-37.04749627154449
-37.32307519994933
-37.69451675538359
-38.14795417826751
-38.538169692302574
-39.020286922824795
-39.36645130556205
-39.90026324473578
-39.84093709444178
-40.41256564341742
-40.68629582997026
-41.01463643230241
-40.41265798026118
-41.135281682014465
-41.499026308799614
-41.84182112895209
-42.055148860503884
-42.46931198958693
-42.74553812988873
-42.80812259172571
-43.37050659183798
-43.54520361896219
-43.848038579883244
-43.805128782987595
-44.05535708830274
-43.79761259925777
-44.48867651409116
-44.61986247835488
-44.874035632815854
-45.191978405261864
-45.51314560298262
-45.76670002320717
-45.74261019250442
-45.80240244084391
-46.03558479095327
-46.31308661247122
-36.985828947404336
-43.6253794719433
-45.40624062151745
-46.23156647846616
-46.263717704805835
-46.559669615893526
-46.70887710308207
-47.25214123520358
-47.42476036219761
-47.51483043925516
-47.6579530732385
-47.763103672142684
-48.025528726906614
-48.16829036433121
-48.2197493376403
-48.259046184605566
-48.52012375510972
-48.68300194370335
-48.60444768749434
-48.58984602319783
-48.89690878062412
-49.115292871820515
-49.16986228474255
-49.097677107515004
-49.16600603481819
-49.40196834555988
-49.41076608772936
-49.61575237430375
-49.558792369119054
-49.70269228877692
-49.7093997823781
-49.86335804955713
-50.00102546708337
-49.877416203761925
-49.94566183871236
-50.08160516516916
-50.35876561649914
-50.46342027803947
-50.368545127326044
-50.63950887836259
-50.53998827728732
-50.636734450685566
-50.57832216599892
-50.78544108415472
-50.86823913557776
-51.001392054146734
-51.08815953443791
-51.13430476394193
-51.130274055332976
-50.78333667640028
-51.08271556476067
-51.163403317846104
-51.16173087933968
-51.19054089126916
-50.06982658032713
-50.94709222070102
-51.05446545420022
-51.456520226495016
-50.736417196947954
-51.47839243864191
-51.76719033512576
-51.51852278873838
-51.951748726696806
-52.13980441874471
-52.09580522981183
-52.14193318013487
-52.23548114299774
-52.38873957765514
-52.17420817654708
-52.281847250872644
-52.364662336892096
-52.300762425208916
-52.6308244364015
-52.645293338545436
-52.53381258249283
-52.76299847611065
-52.753592291782645
-52.38130274517783
-51.62901285599018
-50.54730540513992
-52.37926590031591
-50.10676953299292
-52.57901257482068
-52.84206535692873
-53.0602144229001
-53.00747376680374
-53.16651365674775
-53.23538209652079
-53.29061214266152
-53.41236089426896
-53.42129021883011
-53.394476179418895
-53.50092570535068
-53.51952538408082
-53.665999990085076
-53.73302967589477
-53.64564302666434
-53.745300656762616
-53.73103205911045
-53.860338007581646
-53.85435301682045
-53.87012523001638
-53.421815586501154
-53.182848745378955
-53.44809850536544
-53.208015429562536
-53.81057870388031
-54.010568573557094
-54.066428525694484
-54.10391989042019
-54.08362940262104
