1958.6157709757488
1410.763775062561
1248.7011057535808
1136.622715695699
1044.971971321106
1018.758920288086
945.0197867393493
918.8393900871276
883.7452857335409
872.5469325701396
865.8691955566406
837.9908089955647
812.3952196280162
793.1613127708436
783.8400816599528
771.9928404808045
778.8911642392476
733.2527184009552
738.2184850374857
720.8354270935058
713.0401678403218
696.6843144098917
687.118893178304
706.1231415430705
683.6513415018718
691.8885658105214
676.1648702939351
652.4102767626445
647.8619391759237
646.7237490653991
635.9777714252472
648.4159284114837
625.3998686790467
608.0173136393229
619.8462734381358
616.6124240398407
620.7632504145305
621.7639231363933
611.1382842381795
609.1562974770864
588.7340231418609
603.1529719988505
615.2705097357432
604.3559131304423
588.9353574117025
592.7144597689311
589.5738084157308
581.5719512939453
569.7960182666778
583.2098492622375
576.7452338536581
581.8751381556193
578.348489220937
579.4532787164052
570.3075550079345
573.3791954040528
557.951891708374
556.8018878300985
567.1584844430288
555.433191315333
562.7991762161255
561.5610335350036
557.221612517039
547.7799027760824
558.0646359761556
546.962607272466
566.3292659600576
544.7234585762023
541.568523756663
538.8858949661255
546.0602282206218
540.8329460144043
521.0790371259053
523.3254617849985
526.156393400828
521.4825712521871
530.3222664197286
522.5559024175008
523.2577588240306
527.4729192733764
519.8020124435425
516.9846801280976
524.9586572488149
524.0357040723164
527.0604395071665
505.5942134857178
509.23979223569233
518.0411762714386
513.460494295756
515.9543193976084
516.581854836146
507.12034772237143
514.1161284605662
511.7142661412557
518.7366238594055
508.68663857777915
505.2814321041107
518.0611172358196
508.4117200692495
511.63083623250327
507.14851808547974
502.6621703783671
506.112095896403
504.8953078111013
493.96521714528404
506.4432662963867
495.1072735150655
502.4419552644094
504.09840111732484
497.83083791732787
501.6761834939321
496.846825726827
494.56693499883016
493.9894625345866
488.0524298508962
483.831533463796
486.42165137926736
486.2614697615306
488.8397837797801
480.36535738309226
480.540817228953
484.5434122721354
481.28005185127256
482.53081618944805
476.40714737574257
485.0425589402517
481.8140661716461
480.01288657188417
492.20742451349895
483.1330099105835
484.5360544522603
476.83536227544147
472.2264240423838
476.74797735214236
474.6389655749003
469.89423569043475
467.48281977971396
463.0417432308197
463.6162445386251
471.58719011942543
482.48580686251324
488.0714105606079
464.61132113138837
464.85100332895917
467.25559326807655
457.02588589986163
468.1983346303304
473.9535864988963
474.5190550804138
471.95119344393413
464.3419995148977
472.3712403297424
461.64050140380857
452.1563989957174
464.6175828297933
466.57975149154663
466.74206396738685
457.2182390054067
462.6009300708771
453.74989655812584
455.2617887179057
458.7402925014496
470.80039472579955
449.10972827275594
454.15821641286215
453.4360331217448
459.1878005981445
461.8513990402222
453.9260828971863
458.17448479334513
460.9529716809591
464.0109799385071
456.7349806785584
450.3373262723287
449.37619091669717
444.48350687026976
447.8772814591726
445.34873703320824
455.5314455827077
458.0876793384552
443.3574919382731
441.70201859474184
450.58731473286946
447.789155292511
440.30800275802613
447.2496676762899
451.7802812576294
443.0914966583252
444.448645846049
451.3311676661173
440.8847757021586
439.20208702087405
437.10249512990316
443.45685273806254
446.8323098659515
446.7465282122294
440.6975157260895
435.41288169225055
442.7497481028239
444.08595581054686
