-149.17270216246445
-202.56385403474172
-209.44725914001464
-210.75957831541697
-213.9957828958829
-209.90514413515726
-218.4775845726331
-215.38106573820113
-214.0422132809957
-216.48005710045496
-223.00881547927855
-223.7655130227407
-222.51575469175975
-223.44854242006937
-223.9717442671458
-224.3480202992757
-215.61790684858957
-215.60901750326155
-223.23769888877868
-225.15385150909424
-225.41694065729777
-224.70691120624542
-225.18180343310038
-224.73438650767008
-225.64494019349416
-228.40420552492142
-228.1911378145218
-224.66299730141958
-224.76305028597514
-225.26892995039623
-224.22276586294174
-219.74727358023327
-220.75413191318512
-224.6507373491923
-226.46316974957784
-227.9074880361557
-227.6730834166209
-226.5432279864947
-225.6485242207845
-225.99653278986614
-226.41417549053827
-225.83013900121054
-225.4090087811152
-226.2304338256518
-227.39842948118846
-226.49303239981333
-225.75745038191477
-228.43208745320638
-225.36342095534008
-225.17071073055268
-226.62835181554158
-228.08706714312237
-227.84339360396066
-229.36987609068552
-229.73113822937012
-228.561620759964
-228.16353623867036
-227.73208098808925
-228.0242266734441
-226.53950254917146
-226.14011036952337
-225.07626646359762
-226.73383126656213
-227.53172063032787
-229.19613850911458
-231.1231260617574
-230.52705338001252
-229.86849239667256
-228.2752653201421
-227.02651044130326
-228.09178493817646
-228.5382921775182
-230.4762771765391
-229.41395816802978
-230.19048062960306
-230.40715587933857
-229.38622595469158
-229.44050125281015
-228.4429695804914
-226.84686618645986
-226.36305033365886
-226.71687350670496
-227.48991717100142
-226.91752878427505
-226.23273259798685
-228.0129133383433
-228.8292583545049
-227.62218582630157
-228.98011877536774
-230.82649549245835
-230.24197554588318
-229.6603423635165
-227.45200711886088
-228.28537160158157
-227.23589664697647
-226.86301834980648
-227.63606247107188
-229.71939200162888
-228.79326877593994
-228.18160798549653
-227.88746992746988
-225.65933249791462
-226.553197936217
-228.7350526491801
-229.73804007371265
-228.94539497693378
-229.38022514979045
-228.87544807195664
-231.47183733383815
-230.86673123439152
-230.40192544460297
-230.75887660980226
-229.88529436985652
-231.14644803206127
-230.69265863498052
-230.10615525245666
-231.25702687899272
-230.5044170578321
-230.35632889270784
-230.79753323396048
-229.7195257504781
-230.2909785191218
-229.77126941680908
-229.54952706098555
-228.97715582847596
-229.40966625213622
-228.86441075404485
-228.71584911346434
-228.68133220672607
-229.79112342993417
-229.98269863526028
-230.51011554400125
-230.32527954181035
-229.65918966929118
-230.75388701756796
-229.38300364812216
-229.9152135292689
-228.58504177331923
-229.66745674212774
-229.26954611142477
-229.7036275545756
-230.1215162475904
-230.38188691536587
-230.55252759854
-230.8838236093521
-230.8904401222865
-230.45989517768223
-230.5222753206889
-229.8391307870547
-229.76820786794028
-230.5980315367381
-228.88490469455718
-228.64108209609986
-228.2640214920044
-228.85004500945408
-228.43600987990698
-228.841053378582
-228.5171561638514
-229.57868831952413
-229.2847502628962
-229.16901872555414
-229.4287706096967
-228.0310114622116
-229.76573655605316
-229.70385853449503
-230.91469496091207
-229.36318010489146
-230.3885632197062
-230.53931857744854
-230.64523510138193
-230.0842251221339
-230.62993049224218
-230.07142784992854
-229.96681856314342
-231.16195440292358
-229.68944820960363
-230.59410843849182
-231.8299458026886
-231.61823341846465
-231.7816286722819
-231.4206776936849
-231.3793487707774
-230.83208983739218
-230.37180012861887
-229.70623773733774
-230.63917032082875
-231.92116878430048
-231.69673950672149
-231.14372289975483
-230.90140432914097
-230.38606559435527
-231.57065151135126
-230.59241760571797
-231.0479429880778
-231.55821798642475
-232.44243555466335
-231.96567560036976
-232.06084212859471
-231.17075646320978
-231.7097446203232
