1436.2907664616903
899.9334390958151
744.320582040151
655.7267690499624
595.9808049201965
553.7434846878052
519.6180255413055
489.8261926174164
471.97961751619977
453.76320667266845
438.7653707822164
423.6358306090037
414.16190576553345
401.2998313268026
395.52339886029563
389.1800678888957
378.2403488318125
370.78288270632424
367.66010520458224
354.0021894613902
346.2123868942261
343.8676352818807
338.46177509625755
335.2515933831533
332.901193857193
326.01440091133117
323.77191644509634
319.0805548191071
313.62551126480105
311.3870632171631
305.9495438893636
305.1689916372299
301.00890655517577
296.1761042515437
292.8714143911997
291.60509406725566
289.05233600139616
286.1704052845637
285.7699548880259
283.97582953770956
279.72937456766766
277.9535350958506
275.9562073945999
274.3910622199376
274.7244698524475
274.04820272127785
272.2660509030024
267.6521969397863
267.85371905962626
266.75132824579873
265.6379924853643
262.10671577453616
259.7062076886495
261.515717124939
257.26269532839456
257.25107922554014
255.81416266759237
255.46066122055055
255.20092226664227
253.71151421864826
252.290797551473
251.00102492173514
249.74571163654326
249.57466464042665
247.75129831631978
247.90334651470184
248.1772121111552
246.37083540757496
245.23421263694763
244.95272474288942
243.09678173065186
241.85559509595234
239.85724648634593
239.8537221988042
242.38265701929728
241.68821948369344
239.0571313460668
238.14004832108816
236.47573974132538
239.26527094046276
236.9014311393102
236.48257649739583
233.5119678735733
235.6669752438863
230.9575419108073
231.10073792934418
230.54537597497304
230.1297179222107
226.78514927228292
228.57429416974387
230.52411970297496
228.1509106953939
225.64826619625092
226.46240840752918
225.9307207107544
227.91109425226847
223.48891287644705
222.0223184188207
225.6001186847687
223.5915113290151
224.31692187786103
221.9814786831538
221.031200949351
222.59176839987438
221.8792596022288
221.89482226371766
225.8670787890752
222.95947890281678
221.24521559874216
219.9984987338384
219.39115568002066
221.29955928325654
218.13372499942778
219.03307670752207
220.10067621072133
219.19243737856547
217.19623324076335
216.9498449643453
214.12074183622997
217.0239706436793
215.29354961713156
215.94673914909362
216.75670037269592
215.058278075854
213.4482493162155
214.4738313595454
213.67963781356812
214.19686269760132
212.93414537111917
213.67719612121581
211.43985236485798
213.21538364887238
211.18440555731456
211.18215705553692
210.84578262170155
210.63367534478505
209.14182124932606
211.3794005393982
213.47636949221294
211.73609206676483
208.5352450211843
208.59411800702412
209.66021025975544
207.11954181194307
206.07763245900472
209.03010385831197
206.91303090254465
207.49616035620372
205.980597337087
204.51125978628795
206.73770131270092
206.38645640214284
204.90766540368398
205.08543821970622
204.42676616509755
203.96027969519298
203.8552421649297
203.0491129954656
202.579651649793
201.6951634645462
204.21471979618073
202.08378400802613
200.31015480359395
201.22594706217447
203.01620209217072
202.15640443960825
200.6601138750712
200.46304934024812
197.98036285241446
198.90063053766886
200.98261121908823
200.15901753902435
199.5051804383596
199.93215753237408
199.207404088974
197.799862408638
196.40296353499096
197.96436737378437
196.33634599049887
196.5572901725769
196.4591530005137
196.57275565465292
196.43896214962007
198.39296026229857
196.7192418575287
196.6591640472412
198.12301723162332
194.68468842506408
197.41800548235577
197.19336632887521
194.87994859218597
195.8526826540629
195.07345046202343
194.27565706570942
194.75310835838317
193.86543101469675
195.24951826731365
193.22621792157491
194.621816833814
194.1127967039744
