30.795742340642832
19.515275298521438
16.349256813526154
14.984912399844877
13.898218225816201
12.918697020617024
12.20121323574206
11.51294388210979
11.192380491772603
10.792172922399537
10.36354163083537
10.049522504981223
9.79918132259928
9.508039964427208
9.33397707908318
9.123280678329797
9.067139478593036
8.81873957221878
8.719384744249542
8.505563659914609
8.387197500159001
8.329551973476493
8.226341844375792
8.168038496683383
8.073488345947759
7.893961747401748
7.8426643445574005
7.807054781194391
7.811317019935312
7.698495737437544
7.741464258267961
7.524373145452861
7.531752343321669
7.402224015572975
7.410382660555428
7.293796521836314
7.15034591843342
7.173948433635564
7.194844398519089
7.146079819007166
7.088705131976769
7.142684837353641
7.063577172057382
6.9891154316478765
7.042011720866992
7.010296457800372
7.027495043544934
7.0084185908580645
6.918089171807313
6.890992613188152
6.7824125892386355
6.835696222453282
6.773932284836111
6.75178088247776
6.692279130862705
6.640901158082074
6.7571891710675995
6.649774947043123
6.578894130114851
6.668438306142544
6.555798087654443
6.795545335987518
6.7710427329714955
6.581511286954427
6.597121410971058
6.608895672549462
6.385094944130758
6.447458121283301
6.488124500574736
6.579899249405696
6.331824185519383
6.416477661194472
6.4741719524408206
6.390077485349671
6.29248701511272
6.387971962834227
6.37146370035821
6.281764530416193
6.233394316686638
6.246206668687278
6.22295971381767
6.234867407715526
6.203209291758208
6.1834005979371485
6.201504962454582
6.1337631308826905
6.203197727686372
6.27478802884961
6.207203891642135
6.107258957521669
6.101599984898649
6.146996486418206
6.20331552059486
6.038595483220857
6.159082930149703
6.26500057146467
6.016239334154745
6.031912468630692
5.993478586190734
6.118833076337288
6.0182047982154225
6.023528465423091
5.977185021957447
5.926366009203525
6.012341010287918
6.026529974593171
6.017791935852889
5.943049081954463
6.048745906044697
5.976375245071691
5.922634513342175
5.975270344907868
5.857142048920023
5.890921257950109
5.845621406261263
5.926488362895004
5.907113517409768
5.878110070295375
5.8893692814584435
5.854089094775504
5.840481465746617
5.98052510362247
5.883383997426979
5.875255059322407
5.844575706997822
5.779442143209022
5.827451565784627
5.783624440303137
5.778575886940134
5.859367281712335
5.711861136016147
5.781102685193563
5.730299628757197
5.790312900753884
5.8326805835140165
5.805377753387237
5.700037893164774
5.84243809226258
5.796343994808608
5.6818672480254335
5.618376495252395
5.802522721475568
5.658726488978698
5.679524459587089
5.764587080170369
5.735004713052306
5.680122114075669
5.674395604637162
5.675387850609319
5.652709410236827
5.67804062263719
5.648618930629615
5.63176579400897
5.549001883972307
5.53385248369184
5.613751268078541
5.667060748898778
5.5181360118861855
5.57474392023066
5.61518690413956
5.573708361849703
5.601996705192944
5.537911386068525
5.500052269805094
5.590370802144552
5.487248517701338
5.5409536824144165
5.5606681383375465
5.527483515184501
5.6552574200363
5.600131264020657
5.56116770426261
5.6516642422768575
5.564855381846428
5.495730738444575
5.470379523804476
5.578175865884485
5.538683938055203
5.4824823202758
5.43743720046919
5.53334751866501
5.513750566490765
5.4471604635232485
5.48729500958118
5.525148420241372
5.47499916997963
5.451016515493393
5.385132794107856
5.403465476786268
5.420752418709212
5.39179237019913
5.546387634914497
5.497620708084312
5.444966992170646
5.3954836439726686
5.432165743205054
5.381117667745928
5.503567243444508
5.4315026995950735
5.347683134520876
