-35.87480081771982
-51.457626914155895
-53.34614313881973
-54.21095512653219
-55.180355688621255
-55.896204259888876
-56.092264070593075
-56.2480086715057
-56.171292628707555
-56.457392167428445
-56.54250910261582
-56.78292959517446
-57.00427514417418
-57.0270086670744
-57.564573125592595
-57.68448483943939
-57.79531199767672
-57.73010995675777
-57.99516395042683
-58.10582480142857
-57.93905978983846
-57.8839083190622
-58.03382465346106
-58.401373921797195
-58.2231526066517
-58.16605680358821
-58.47166607503233
-58.775474971738355
-58.60445236748662
-58.81123692824923
-59.229105805528576
-59.259529105548204
-59.339691956495415
-59.43815898484197
-59.451343165389424
-59.668730403842595
-59.503702960137666
-59.96361310317599
-59.816589678155964
-59.664668040028936
-59.56531231362244
-59.89342574621069
-60.32819114060238
-60.46234939427212
-60.11719214916229
-60.3084882816364
-60.286636817044226
-60.08267663881696
-60.26766883299268
-60.54621391666347
-60.612280977183374
-60.62506848779218
-60.66953293825018
-60.77632074623272
-60.531914782935175
-60.7492709406491
-60.61796487302616
-60.66056951572155
-61.16898753519716
-61.197448360508886
-61.15756494423439
-61.17377404097853
-61.20869115714369
-61.33223221630886
-61.28679261536434
-61.55681726130946
-61.62810897416082
-61.33684268388255
-61.15919233498902
-61.233797455656116
-61.3913534221978
-61.46019012352516
-61.628216254300085
-61.51485852743017
-61.589868553753554
-61.64288719769182
-61.50422381429836
-61.53317797903357
-61.693155015337055
-61.77490000272619
-61.948968996261726
-61.95272214042729
-61.95716580029192
-61.96709793497776
-61.96880953784647
-62.028364419937134
-61.97795268584942
-61.88306951317294
-61.9556370213114
-61.987956319389674
-62.08800232410431
-61.9216800496496
-61.766124301943286
-62.05775643628219
-62.24529786151031
-62.03904293528919
-62.11598149250294
-62.07921261828521
-62.336413077239335
-62.31105424104066
-62.27114755531837
-62.17286623243628
-62.31161535402824
-62.359952402525934
-62.48388684001462
-62.50632391715872
-62.33114700481809
-62.27990617937055
-62.21763636531501
-62.131434080929594
-62.23611486985766
-62.41124030228319
-62.31673130495795
-62.189807838407056
-62.136861102334386
-62.203317498338635
-62.252317905426025
-62.04474406201264
-62.0707733754454
-62.194690061026606
-62.344928205013275
-62.38537402296888
-62.28488230910794
-62.38857080196512
-62.29214328630217
-62.02869733243153
-62.264941573143005
-62.26668608599696
-62.20369280001213
-62.128071834301124
-61.96577259795419
-62.049690325712334
-62.12355663139245
-62.27325126014907
-62.16944280575062
-62.02982312440872
-62.039422815216
-62.13697066697581
-62.37668645998527
-62.42698804057878
-62.61095461557652
-62.448913278250856
-62.32265179013384
-62.30842507296595
-62.54039097859942
-62.76933442313096
-62.51553518504932
-62.619101810044256
-62.66715485679692
-62.72206570156689
-62.76717459641654
-62.65316971417131
-62.64238428863986
-62.63116900879761
-62.67084953805496
-62.71359826367477
-62.67921317548588
-62.65925504626899
-62.64427701974737
-62.82594882825325
-62.86373437889691
-62.80527218662459
-62.897793938373695
-62.891001524596376
-62.850491026352195
-62.809662288632886
-62.73868164214595
-62.843952223144726
-62.74076506392709
-62.76890417625164
-62.72452686572897
-62.72054146178837
-62.762830024135525
-62.731075683544425
-62.75638188575876
-62.64269650804585
-62.75302094529415
-62.68175370323247
-62.66769003868103
-62.60338381652174
-62.63232405226806
-62.546686661654505
-62.591287468014094
-62.35668497249998
-62.48259510870638
-62.49690225206572
-62.68581383289962
-62.74939713601408
-62.707215122107804
-62.67511675172839
-62.71778057155938
-62.80153969649611
-62.80818516838139
-62.83830722241566
-62.95951402598414
-62.91241874057671
-62.96354134432201
-62.87965555951513
-62.90183845265158
-62.88622905468119
