719.2059913317363
636.6621374527614
604.5786131540934
581.7523577054342
563.9979635079702
553.9483435074488
543.103498506546
529.9642694791158
520.3705054442088
514.0039408286412
503.1573208332062
493.86672667662305
495.37307907740274
488.07585202852886
479.69933133125306
479.7643082698186
478.9095951159795
474.45969847838086
473.5587785243988
472.06120749314624
466.19428946177163
465.894503458341
463.163503909111
456.31392951806384
459.1232153455416
454.8871071656545
452.7198208967845
445.3382831494013
452.13957885901135
448.5388790488243
449.75891704559325
448.50782671372093
445.083005297184
438.6821874221166
441.34469552834827
444.78061530192696
437.8431608637174
438.81685965855917
437.77123190164565
435.92670279343923
438.53846135139463
440.62951443990073
434.0584235906601
432.0781532804171
436.059599451224
431.6956024368604
437.103996237119
429.5400502204895
430.3458116968473
426.5852999726931
430.58197882175443
422.3643775423368
426.0167688767115
428.2822143435478
430.26909090677896
427.5029387354851
424.65519460837044
422.85503809054694
423.48132387399676
429.31246382395426
424.7944314161936
426.2558283805847
423.1425962209702
421.4404702782631
420.62189807891843
422.26045376459757
418.5200674533844
422.01520555416744
418.7984892964363
417.258974591891
415.303239428997
417.15905226071675
415.5002657691638
412.14995394945146
417.3996283888817
414.87824793656665
415.08030041853584
417.82395679155985
413.2264630556107
412.8883492509524
413.7752731919289
413.0907632668813
412.7439807534218
409.6714698910713
416.9643424630165
414.8054283062617
415.77829701105753
416.4943401614825
407.4441897233327
408.16513531605403
410.88137213786445
409.83785626490914
407.97284055948256
412.80550909837086
405.5087837457657
407.9119897643725
405.76223630507786
407.1871710777283
407.66123322645825
408.1346420367559
403.9280351837476
406.12089795271555
407.91700535615286
412.3748076836268
401.8098233898481
403.0688708424568
407.21087580919266
405.3070738752683
400.78091105620064
406.59407312870024
405.1688422282537
400.0266491850217
401.2929889241854
401.51000831921897
402.28852812846503
400.5651913523674
399.25457519690195
401.7973681728045
403.5559616804123
401.621081606547
399.91858578125635
403.81078325510026
399.46160498460137
401.8701737523079
404.27153883377713
401.02587676843007
399.89839533964795
401.8111574093501
399.7348145167033
400.2856683929761
402.6654507557551
402.03715016841886
399.35405329068504
397.50261938174566
398.00086339314777
395.73857615391415
398.1945583383242
398.20300580263137
396.2183227380117
393.7232968012492
395.95864748160045
396.6034862558047
396.1358809749285
395.69420125484464
394.53246822357175
396.943081565698
396.4641205747922
397.97603228886925
397.9829621275266
391.918650885423
396.3745621919632
394.9326607863108
393.3319006443024
397.95319450298945
394.58627908627193
394.11341863075893
390.68971208731335
390.79966721932095
395.4597899715106
391.9233354330063
388.59707014958065
394.6812660654386
392.40500984986625
394.33226277828214
389.42908538182576
388.87539771795275
390.1290881872177
392.0977648615837
391.33650504350663
387.30900666316353
388.4707729657491
392.59512207905453
389.70311263402306
383.8885829925537
388.2714638272921
388.97031826575596
390.8063219189644
387.3243233124415
394.5448239207268
388.83117458820345
388.52797219355904
389.5630552728971
384.2825229128202
390.2001308361689
388.6678361535072
389.84334168434145
384.02467814683916
380.8126901547114
386.54824895064036
384.9441949168841
386.3682828863462
385.9704742829005
387.6693742831548
379.3320741494497
382.56006406943004
385.9691364010175
389.9406786839167
384.5928473989169
382.8170354644457
384.48662164608635
