-111.86249834299088
-205.75933987696965
-219.3463893532753
-224.88746620019276
-226.82856051127115
-225.0667571266492
-221.71562308470408
-222.85434164206188
-221.83837735652924
-223.46389509836834
-225.460548722744
-228.3036736567815
-226.87879161039987
-228.5438685297966
-227.0107572555542
-226.73618457317352
-227.69815809726714
-230.3751676718394
-231.3619127035141
-232.09470644394557
-232.10738075574238
-230.15279970169067
-229.3517915725708
-231.30931915839514
-230.65693068901697
-230.64800023237865
-231.77408034006754
-231.72616769870123
-232.36476270357767
-232.23401751915614
-232.86706049839657
-233.70440384546916
-233.94039558172227
-232.41101344426474
-233.37839868068696
-234.81289684772491
-233.63274660905202
-235.44632672866186
-236.44961994886398
-236.11332856019337
-236.3312769174576
-235.991879038016
-235.3622349580129
-235.4196870883306
-235.1486370166143
-235.95022930701575
-234.9173561175664
-235.63582657972972
-235.88428879976271
-236.3580340862274
-235.56279593308767
-234.86738073031108
-235.47344247897465
-236.10532292524974
-236.33478196461996
-236.18858435153962
-235.0307354927063
-234.3834453423818
-235.3118845184644
-235.20867913564047
-236.23352787097295
-236.83899853626886
-237.46408216158548
-237.9874775369962
-237.84512704610825
-237.81052454312643
-237.93531037966412
-237.66715791225434
-237.81542603174844
-238.81692928473154
-238.360794989268
-238.6226978302002
-237.71033616860709
-238.6410027106603
-240.12717104752858
-239.94438168207805
-238.97511941591898
-236.77245802084605
-236.5600375175476
-238.00585935115814
-238.3797681371371
-238.1512132883072
-238.46601113478343
-236.9738627910614
-237.9063142855962
-239.59860209623972
-239.95252229372662
-239.62989293734233
-239.11230914592744
-239.38029365142185
-239.9982432524363
-240.8343324581782
-237.89045315583547
-236.83940609693528
-237.87086300849916
-239.43397374550503
-237.06216292381288
-236.7322574575742
-238.02477339108785
-237.90337357521057
-237.14239070415496
-238.20148018201192
-238.90222723484038
-237.98920914332072
-236.01106276512147
-238.3429739077886
-238.71029953161874
-240.40801378091177
-241.22429968516033
-241.81487273375194
-240.88439594109852
-241.20438307523727
-239.38110055923462
-238.38331144650778
-238.3591491897901
-240.21529242197673
-238.3547355612119
-239.62145578861237
-239.78230077823002
-241.29925198952358
-242.36332716941834
-241.24659227132798
-241.73237504959107
-242.52297287782034
-239.84367229938508
-237.63587518930436
-239.30092103481292
-235.92595881621043
-236.49946292241415
-238.37239901622135
-237.6592308362325
-237.21452589035033
-235.25147406260172
-235.5720662911733
-234.6732814192772
-238.5705260515213
-236.93689852555593
-234.39214929739634
-235.10917880535126
-234.20739738146463
-233.1405018846194
-232.96874345938366
-235.607710369428
-239.10746048291523
-236.88384114106495
-235.18998771508535
-235.9785542567571
-240.14143075148266
-237.47461636861166
-237.8536298473676
-237.22086364428202
-239.81523906389873
-239.69592407941818
-240.04053326447806
-239.99105780919393
-236.00644069512686
-234.47958161830903
-238.14497532049816
-236.74788941144942
-233.09701520601908
-233.86524173816045
-232.9849178592364
-236.0442400654157
-238.41402729352316
-240.10351144075395
-236.8599336584409
-234.50469541947047
-235.18363365332286
-232.3876371105512
-237.60883552233378
-241.099466919899
-240.2158584078153
-236.27392012278239
-229.22156930764515
-226.26457755565644
-227.1296088496844
-229.75434783299764
-235.71948494911194
-236.79348102410634
-237.61094001928964
-239.28497819105783
-237.07203086217245
-239.6855693380038
-239.6083772937457
-240.37559384504954
-238.7563693245252
-235.96265722115834
-241.69931898117065
-240.0909460067749
-240.02883988221487
-241.69227492014568
-240.92888603607813
-239.7015597263972
-241.43308804829914
-241.1118603626887
-241.38775934378307
-240.31588730017344
-238.11915361086528
-235.72503156661986
-239.77792214552562
