-20.36668136356206
-26.120539813719947
-26.287755392748736
-26.22477480049791
-25.58965646604012
-25.652731824537803
-25.97632506849437
-25.85202820444929
-25.460963193712562
-26.777875798529593
-25.727492912576118
-26.457384092026743
-25.495622724294662
-25.79090594680145
-26.69330107343608
-25.245904862880707
-25.596525352576684
-26.083618530939365
-26.073403254665177
-26.28188027492885
-25.756463655110064
-25.02617837437268
-25.478405336881504
-24.89158690900638
-24.683868194448536
-25.845092578180903
-26.611394754771528
-25.71586467428454
-26.320530279443183
-26.240348931016594
-26.148419330860005
-25.86862045320971
-25.578889119214026
-26.23781001002624
-25.157472661856946
-25.55973820028634
-26.202241839006028
-25.204170314402415
-25.880644280334998
-26.299568681881347
-26.27882423277559
-26.62856497230201
-26.166150233868894
-25.19058134997713
-25.085846331612817
-25.400142553551444
-25.368651104384455
-25.262166291475296
-25.619625586887885
-25.154118550234827
-24.5726276625847
-25.03168611074316
-24.480004683650773
-25.43027504559221
-24.74105275396643
-25.775113149192826
-26.046835381409217
-25.40314944242609
-25.077479132290545
-24.54098244782152
-25.609812116828458
-26.027001350090423
-25.426273888555066
-24.75949208695313
-24.172001566352517
-25.796516380433378
-25.373230210152165
-23.918820010690855
-24.927437206794476
-24.771778349218696
-24.5843643803021
-26.377652525901794
-25.952709700526864
-24.867507441290492
-25.01777387281944
-25.343018882747355
-25.89651385566284
-26.12177197378257
-25.57853244193669
-24.674329474054534
-25.110175251446922
-25.598357868091814
-25.830847245865854
-24.92234137859838
-25.753417178474624
-25.386858273682922
-25.043251753367226
-25.383905916378417
-25.064285349229287
-25.653544002565845
-25.223330619006322
-25.818306361806805
-25.493929126139346
-26.056467612241878
-25.498299917270398
-24.539112464107316
-25.66651347382315
-25.401868406040915
-24.43016920932408
-25.557225798224582
-26.240354320612447
-25.430115077002295
-24.9127727351312
-26.245791167020798
-26.163279967061406
-25.843942361145185
-26.788455356811657
-25.216602407652758
-24.938540405240552
-24.508585733586344
-26.38827464087256
-25.178782424022412
-24.396254923323106
-24.267613201819618
-24.7601485416807
-24.162634412790165
-25.449526210283413
-26.079371384505567
-25.32263520359993
-25.160882534651922
-24.6468628393165
-25.23253174434448
-25.02253270971364
-25.226293986727452
-24.394513662519127
-24.489814376008923
-24.884540547584667
-24.743748895567037
-24.83576529704291
-24.51550012261703
-25.379900726778754
-25.046243037643105
-23.92600757191921
-25.49589179096551
-25.80845380548773
-24.130285755313675
-25.40679449459602
-25.382860938022876
-23.772160104122655
-25.842435021852626
-24.948903241034213
-24.32694423558383
-24.871105414012384
-24.073512304445792
-24.76901227980852
-23.601387153925568
-24.286042389170877
-25.699451224557286
-24.06067963663874
-24.655482928300724
-24.822954004180843
-24.156423134022745
-24.2156539523396
-24.883267328656952
-24.58822356729672
-24.230296841983137
-25.37756976279719
-25.112964410206366
-25.56596468337651
-24.582060816986807
-25.148669726889707
-23.97363781415183
-24.531611728257147
-24.77983385324478
-24.460963589877917
-24.930810903680737
-25.07431474636341
-25.289332768012738
-24.806563916905173
-24.832947290149228
-25.101006503249035
-25.219934028284303
-24.612543067027783
-25.345822099981635
-24.012610101494296
-25.077789165850344
-23.92424902936508
-25.690575937258785
-24.995165526866913
-23.952736169099808
-24.60138408891086
-25.772747564932395
-24.52548949882902
-25.972915823089664
-25.704746779696695
-25.70725337081942
-24.034120843328278
-24.50809423265786
-24.6020847214707
-25.268408748610266
-25.622213248548835
-24.496850963296563
-24.702987566076477
-25.892521605409424
-24.913658300864284
-25.200669944286346
-24.925397647865886
-25.753989296226667
-25.387590887217687
-24.489158217249244
