4250.116165033976
3939.858317565918
3962.1807448069253
3919.7658453623453
3710.3085660298666
3903.5408500671388
3899.7063870747884
3753.95943069458
3802.9413102467856
3724.1991191864013
3843.999435933431
3543.284505844116
3590.6186078389487
3628.8844174702963
3501.411849339803
3619.183711115519
3708.6794267018636
3717.530471801758
3670.23743019104
3638.685600407918
3630.667212041219
3499.0030754089357
3496.3155254364015
3615.3860733032225
3528.431974856059
3607.6567039489746
3557.9768266677856
3666.9748113632204
3523.0600835164387
3539.598581822713
3474.830202929179
3495.052490679423
3519.3343496958414
3530.758457692464
3481.8562061309813
3403.7307856241864
3419.848041343689
3525.732312456767
3638.316567611694
3350.271431986491
3551.3192476908366
3518.931184895833
3446.9842849731444
3559.5665999094645
3646.8250148773195
3574.001517486572
3616.1164511362713
3472.3261744181314
3392.584942118327
3471.4036922454834
3527.3137901941936
3394.2435782114667
3436.3585562388103
3568.3229841868083
3448.1560906092327
3508.5338949839274
3595.5776809692384
3496.4712084452312
3371.456059265137
3462.6183141072593
3573.106714630127
3386.2741598765056
3445.857348251343
3562.389315287272
3262.4043018341063
3361.1948786417643
3375.6457189559937
3589.140901374817
3428.154716491699
3527.487353070577
3334.6398067474365
3552.669134394328
3417.9297712961834
3401.5860569000242
3516.520539855957
3392.0029838562014
3553.6416997273764
3323.260108566284
3596.3942465464274
3375.6545651753745
3532.85811475118
3392.6505173365276
3409.1397211710614
3536.756632614136
3485.419430033366
3273.1963781356812
3366.7609683990477
3460.98036181132
3411.9858594258626
3458.665572230021
3357.469402503967
3583.0679904937742
3199.669932238261
3396.853196080526
3343.411753209432
3388.803156852722
3369.6320786794026
3394.834898630778
3427.890740712484
3420.219189008077
3358.9391923268636
3337.659862391154
3452.915305455526
3481.709916305542
3408.449571545919
3427.097431055705
3462.932725906372
3361.587851079305
3511.161322657267
3342.1418051401774
3520.981779607137
3396.14515247345
3237.726312128703
3357.9851316452027
3393.031548945109
3473.027607282003
3350.602208836873
3495.985407892863
3330.6620198567707
3328.850503222148
3459.055293909709
3464.5696191151937
3453.537389755249
3350.3411321004232
3431.9065532684326
3286.871067682902
3339.2959999084474
3320.638881556193
3356.524079386393
3192.6006425221763
3419.145658047994
3436.652195994059
3440.534924697876
3371.94327990214
3369.289735921224
3403.667310841878
3457.1879729588827
3331.515910212199
3309.5614000320434
3256.076540438334
3314.3965097427367
3588.4128173828126
3528.071687444051
3369.487986755371
3397.4878904978436
3427.5289045969644
3389.1649302800497
3509.913402557373
3445.582234064738
3392.371900431315
3334.373484547933
3498.640962600708
3314.0027119954425
3423.581981023153
3415.8399958292644
3422.6742738087974
3428.30600827535
3287.7963024139403
3342.52308921814
3223.5784645080566
3366.2167050679523
3469.710381762187
3530.5026617685953
3352.923212178548
3378.571389198303
3281.807103919983
3430.6680419921877
3411.5747571309407
3352.486425272624
3401.757639567057
3479.3976890563963
3380.8741713841755
3458.738410949707
3479.15238571167
3275.7949542999268
3354.6283080418903
3271.8816328048706
3359.0003328959147
3273.2403745651245
3262.4536205291747
3398.6344615936277
3428.7646060943603
3308.751190694173
3385.6264143625895
3470.352498372396
3496.7755781173705
3303.730321756999
3293.350718053182
3298.8100472768147
3387.3024010976155
3437.3672247568766
3402.2943173090616
3328.195868301392
3419.080909283956
3287.580423100789
3440.301979382833
3439.6200659434003
3288.7972352345782
3258.7113925933836
3310.367337735494
