-43.95653323456645
-51.0587056566929
-52.68378313862044
-54.11808826594517
-56.29066482700151
-57.28807369593916
-58.389160567316516
-58.62668278813362
-58.87051373309102
-58.83991186474932
-58.21547385844691
-58.18901905109142
-58.2095901904435
-58.92319602801882
-59.26189079572414
-59.79387719055702
-60.43210872699474
-60.39595131010845
-60.38344511081432
-60.45662050411619
-60.59501443135327
-60.71348331920032
-60.9078699627827
-60.17908919885241
-60.44360575285451
-60.57610771265523
-60.68902927431567
-60.84170389689248
-61.42679073790024
-60.918851908938635
-60.72820420922904
-60.63733686660898
-60.954865260370845
-61.19248787082475
-61.07271223746497
-61.18458085532846
-61.502843073729814
-61.627515974743616
-61.09893718464621
-61.066992254092774
-60.888841024760545
-61.48241320560719
-61.62635650716979
-61.63432856880385
-61.54332491344419
-61.32779587959421
-61.5050143208997
-61.6338027592363
-61.54407780951467
-61.509103935340356
-61.76717729198521
-61.68188472143535
-62.04712570535725
-62.43592384560355
-62.105825311151044
-61.96869794253645
-61.75581814297314
-61.89873966574669
-61.69006895813449
-61.73050972099962
-61.40424587808806
-61.489997923374176
-61.73432554664283
-61.62552287044196
-61.49555212670359
-61.33241505150137
-61.2708446147113
-61.49016134286749
-61.560378025318016
-62.100809816656444
-61.999340619506505
-62.047887690108396
-61.82504040002823
-61.900000264932366
-61.50397756798514
-61.99996345926975
-61.997493861050444
-61.69665585509662
-61.909194641072176
-61.74336183893269
-61.92276190272693
-62.02002189282713
-62.128309473909184
-62.00351058717432
-62.26250008056904
-62.56874613926328
-62.40220083450449
-62.20768663184396
-62.24064684941851
-62.15656831552242
-62.45063779682949
-62.38989853961714
-62.28927863055262
-62.48289394173129
-62.44838181240805
-62.286104100531546
-62.66213514887053
-62.400999097988525
-62.18564103184075
-61.816754910452616
-61.71474226795394
-62.19193714034969
-61.810182491253165
-62.3094011216328
-62.40952743230195
-62.557921993321386
-62.49641458330483
-62.643140829842665
-62.650100665873495
-62.471871157144676
-62.16239102133389
-62.25738450268219
-62.370287807851
-62.64940834456477
-62.720690805336524
-62.82571336729773
-62.777094177131
-62.68926568277951
-62.44083103434793
-62.64893729111244
-62.739709907564624
-62.86897379057161
-62.81943822729176
-62.665518032065755
-62.559117586448274
-62.5971726055803
-62.64191777747253
-62.57282238787618
-62.71097793866848
-62.65500621549015
-62.62605817975669
-62.486257462665954
-62.587360980181856
-62.6841678886578
-62.59557505722704
-62.69705725332786
-62.57065888725478
-62.673813176566156
-62.707450982825506
-62.54982182178004
-62.502161056830964
-62.50120044782244
-62.451068220467405
-62.56954745485865
-62.65087919399656
-62.495796224166604
-62.36061891194048
-62.769355421436245
-62.65207384578113
-62.861753206828546
-62.926212796877174
-62.8123873801067
-62.675149317445424
-62.80662570945148
-62.80058666755413
-62.81978962133671
-62.7619367498776
-62.797652326781176
-62.781382908081184
-62.75950767767841
-62.65374199480846
-62.661738182963994
-62.736860891868325
-62.70549613442914
-62.67611774082842
-62.68850456435105
-62.66370829426009
-62.81662191810279
-62.91277904140538
-62.9956585703225
-62.9200101957239
-62.88542937615822
-62.99243039303813
-62.96665355357631
-62.966124407176316
-62.963151463146865
-63.01223827949886
-62.88724003372521
-62.81810816814159
-62.818050582861076
-62.900461739507215
-62.990141260212866
-62.88028403397264
-62.791279733181
-62.974474253325624
-62.932474691292335
-62.84139184499609
-62.93077535156546
-62.88618084274489
-62.835709708517996
-62.89493482996677
-62.843824016636816
-62.88362253739916
-62.88348927991144
-63.00023837130645
-62.871013421436835
-62.784401085870016
-62.91628411720539
-62.791305712584794
-62.88283598628537
