630.7646312236786
528.2374468882879
482.18964842160545
460.27654503981273
440.79480244716007
423.31684764226276
412.19730621178945
399.5213646690051
391.3208499391874
384.915596361955
380.263200477759
374.9589619358381
366.9722287257512
362.80097319285073
359.3812168518702
356.7749988357226
355.0781124949455
349.09578075408933
347.8592769106229
344.22943879763284
339.98939052025474
338.3877550323804
336.57622679074603
336.9584557970365
331.2516100446383
329.8346266369025
331.83127016623814
328.1199301918348
325.4225257317225
327.3405239582062
325.01809647878014
323.12708416581154
319.71857509215675
320.8323458691438
320.58339277505877
321.1589471101761
318.6270583868027
315.7375101606051
314.23635144035023
315.1673923254013
315.5052175382773
314.0314714272817
313.65388603409133
314.8599002083143
313.0344480514526
313.20469102462135
308.76506997346877
310.7407774408658
306.122743088007
307.9231763223807
306.6703195830186
306.0161476393541
306.8167819817861
304.9012704948584
308.4477766692638
306.8796872615814
306.3831400513649
307.8899953822295
302.8848282615344
305.5279928704103
303.36530394156773
302.2387039244175
301.1449395974477
301.7085784912109
302.17212541302047
300.11147328615186
300.1970646182696
300.2964811484019
300.24805138111117
301.74459577997527
299.2478359321753
299.06309241255127
297.92063273390136
301.179353360335
298.94832208156583
299.429527558883
296.3615704079469
297.4187632819017
296.0938250521819
296.66844937205315
297.77309567133585
293.9663571278254
294.5085874776045
295.24958030581473
293.9551187594732
294.96850830316544
297.0091165105502
293.6411175429821
294.90564821362494
293.47182746132216
297.67069020668663
294.28311442931494
293.6643218914668
293.08433785438535
295.54347470005354
292.66705559889476
292.48938883543013
289.8535415093104
293.69202916026114
291.31335639158885
289.4334667185942
290.82242066264155
289.13081171909965
292.5974084595839
294.2828281780084
292.22730457186697
292.35917603174846
290.2232930024465
290.15350386301674
289.23544646898904
289.37465046445527
289.974988391002
288.78656847675643
288.57472969690957
288.0441778103511
289.4690322736899
289.1942382156849
289.84107107718785
289.02937467098235
290.59218261241915
289.5845603326956
287.7713181893031
289.9568754196167
288.2421786506971
285.93997177680336
287.9097120801608
286.1634672045708
287.8524149576823
288.4742680052916
286.93614897529284
286.1782636523247
284.9157164355119
287.25822440981864
285.00976903438567
286.991979966561
286.656862817208
286.4460064192613
283.802713851134
286.09478288094203
284.0833235045274
284.35519247253734
286.1764703253905
286.29253213802974
285.21787374615667
285.7219039539496
286.9734236061573
284.28526752789816
283.1082921008269
285.143293039004
284.40720021327337
285.4229709366957
283.10210531949997
283.4473687092463
285.47522814671197
285.2051314731439
284.729391904672
285.5372481485208
282.35695848067604
284.1878530204296
282.8121271332105
285.05888849695526
282.5431048035622
280.39624205231667
282.81123981873196
283.73733536601065
282.8512164235115
283.74965090155604
283.52336978912354
283.1414021670818
281.38487435777984
282.39088183641434
281.08145229419074
281.76551493207614
281.6386102636655
280.6742974758148
281.2441455622514
282.00689433813096
284.38847314715383
285.35484657088915
283.1582565188408
281.10687850515046
281.4332540710767
281.31432458758354
283.01427400509516
279.9914375970761
280.66978790163995
278.8393189211686
281.3676359335581
280.0457205156485
280.9990195989609
283.4990828871727
280.3099212487539
281.6239128232002
280.54082828362783
280.52461726665496
281.9984795530637
280.6085395157337
279.49743174115815
280.4494877954324
279.3701409995556
