138.18411202629406
83.19143668611845
66.23042702277502
56.12286260724068
49.97487140099208
46.02598930398623
43.20165457328161
40.05029979745547
37.19860175053279
35.36102596422037
33.38521180450916
32.046862523754434
30.741142084201176
30.028214102983476
28.9952595303456
28.064050469795863
27.32598425646623
26.233287092049917
25.759474835296473
24.742735525965692
24.04567179530859
23.636616922914982
22.928420077761015
22.790545561909674
22.17601123303175
21.75417856325706
21.06027670900027
20.728849047422408
20.417875990768273
19.84297317862511
19.554605121413868
19.5618721952041
19.393855486810207
18.849042618274687
18.80538114011288
17.88797113498052
17.937753839294114
18.01294218103091
17.740265365938345
17.47869159579277
17.21216722925504
16.969463414947192
16.725988466540972
16.65618981619676
16.01413892954588
16.02740945369005
15.76000163902839
15.771514023840428
15.656484420100847
15.455398501952489
15.317103232940038
15.021847312152385
15.188102070490519
14.832557928065459
14.856063696245352
14.722563096880913
14.627788116037845
14.536836296319962
14.390820540984471
14.240746546785036
14.17401571770509
14.136990214387575
14.018526225288708
13.898289679487545
13.816509939233462
13.474493556221326
13.563919721047084
13.386629564563433
13.223854301869869
13.216699061791102
13.01260859121879
13.195527051389217
13.106145967543124
12.9033941740791
13.109566281735898
12.788961079219977
12.775913820664089
12.54713792850574
12.415664977828662
12.583941070735454
12.503610887130101
12.435599561532339
12.339052838087081
12.27184106707573
12.407251211007436
12.173142932355404
12.343777349591255
12.18206431021293
12.00309638728698
12.082860262691975
11.989921788374582
11.898488275706768
11.605165565013886
11.732624852408966
11.879331310093402
11.567968888084094
11.908626770973205
11.74013071457545
11.717971507708231
11.538152233262856
11.3817403520147
11.340039287010828
11.248709415396055
11.084798958649237
11.422441923121612
10.895104245096444
11.248805077870687
11.144568519294262
11.161015499631564
11.261399048318465
11.064634727934996
11.050512315084537
10.835193240642548
10.788095553716024
10.86719614615043
10.815341621885697
10.841564035167297
10.62488425821066
10.751954330007235
10.677158424258232
10.47891528904438
10.336581086864074
10.58522169192632
10.540563411513965
10.616727630297342
10.662373090038697
10.571095238129297
10.433304420858622
10.374376803636551
10.491706774632137
10.276164933045704
10.338869867722194
10.266298246135314
10.29333306948344
10.409125725428263
10.401105204969644
10.18531798472007
9.87317594513297
10.002161844819785
9.98041115552187
9.973739052315553
10.02591957549254
9.936583112180234
9.712064220507939
9.819399403780698
9.885564721624057
9.969463763386011
9.720156147579353
9.667055503030618
9.656967046856881
9.95122793118159
9.807697419822215
9.628198403865099
9.72555978099505
9.631095551451047
9.578415620823701
9.540379195412
9.736174677312373
9.808072399099668
9.629301570355892
9.4676771633327
9.473984213670095
9.465378593901793
9.39893561999003
9.485556808114051
9.590221823503574
9.610722243785858
9.380278258025646
9.3465597294271
9.409303347518046
9.2837990971903
9.252566205213467
9.397601187229156
9.470740223427613
9.301525751252969
9.288452150424321
9.129307210445404
9.085847479601702
9.106186952193578
9.08491196980079
9.233185260991256
9.248032567898433
9.31050442258517
9.07756109808882
9.11334423571825
8.978330923616886
8.975206374128659
9.108463776608309
8.952374437699715
8.95597539395094
8.95672601585587
9.059933066368103
9.027669385572274
9.171068290621042
8.928379322588444
8.856997181971868
8.933517296612262
9.063659966737031
8.853821550061305
8.81739819943905
