-103.14316000739733
-186.66544091304144
-198.95695236523946
-202.31552710533143
-206.63850224812825
-207.94083097775777
-209.58539491494497
-210.14115855693817
-206.82532159487405
-207.27701456149418
-207.2639445225398
-211.70469731489817
-211.3291508515676
-212.97779316504796
-214.15359768867492
-216.95799078941346
-219.01399043798446
-219.6353458960851
-221.21107913653057
-220.87615980704626
-219.65274413029354
-219.01400173505147
-219.0721206108729
-219.49858752091725
-219.4492777665456
-220.27795821825663
-219.7319948633512
-220.76075995365778
-220.3406581958135
-221.16449840068816
-218.7134604215622
-220.5119403362274
-222.69322762489318
-220.62567524909974
-219.5837855974833
-219.04892207781475
-219.85988614559173
-221.58947599728901
-222.12303694089255
-222.19013712406158
-221.84195575316747
-221.71923483212788
-224.75102963050207
-223.00645823081334
-223.3632538874944
-225.50246491034827
-226.23751199245453
-226.25943228403727
-224.53618403673173
-223.75762640635173
-224.73579716682434
-224.02518764336904
-224.1539365887642
-223.9367326815923
-223.4910190463066
-222.31893952687582
-222.7589771906535
-224.00530873139698
-224.5880398909251
-224.27250107129416
-223.3639509121577
-223.60296147664388
-225.99766574700672
-224.92952191034954
-225.6677679737409
-225.8051303545634
-225.81485692660013
-223.72216102282206
-222.29279897212982
-222.23739816745123
-224.68831774393718
-225.45911335150402
-224.6575496594111
-224.83690501848858
-226.98219548066456
-228.09393948316574
-225.75704039732616
-226.71548879146576
-227.41190497875215
-227.70142925580342
-227.5160002867381
-227.93854156335195
-227.91009484529496
-227.01828724543253
-227.85864055156708
-227.078426806132
-227.38582675059635
-229.01952298084896
-229.18098860184352
-227.76395370165508
-229.18208229144415
-228.06543320814768
-227.75679847399394
-228.01979893048605
-227.60153923034667
-227.48419312636057
-228.013640999794
-229.03025715351106
-228.90545066992442
-227.12707587083182
-229.19179261128107
-228.31201548576354
-226.45008695920308
-229.93673765659332
-229.06284573078156
-227.93227201302847
-228.9421757221222
-228.83705322742463
-229.54880135854086
-231.11644508043926
-232.35922094186148
-231.99476931492487
-231.13209462165833
-230.0341689109802
-228.9313939889272
-228.348744614919
-228.47184240818024
-230.84566429456075
-230.6259355266889
-231.02939309279125
-231.61738456487655
-230.21046637694042
-231.2194878498713
-229.84019191265105
-229.42075470288594
-229.89954633712767
-228.38060307502747
-229.35131418307623
-230.71695233186085
-231.26519802014033
-230.77655851840973
-230.69148607254027
-231.23029203414916
-230.5737715403239
-230.11626162131628
-229.89399907588958
-229.846874554952
-231.5742123444875
-231.53129785060884
-231.52261242866516
-231.1453732808431
-230.15275835990906
-230.9756220539411
-229.99356843630474
-230.35465120474498
-231.1573097983996
-233.25094396273295
-232.62921073436738
-232.88204518953958
-231.44791411161424
-232.92931198279064
-234.78847223122915
-234.21814939975738
-233.7042384425799
-233.8093177596728
-233.73543350299198
-234.50225598017374
-232.7517399907112
-233.41686183611552
-233.72573902606965
-233.12433556715646
-231.22488697767258
-232.04688818852108
-233.46126577059428
-233.0143997947375
-232.29000794887543
-234.0336923201879
-233.6952424486478
-233.18780811627707
-232.85784004926683
-233.44499542713166
-232.04549887975057
-233.6715081334114
-235.75221189657847
-235.69863588809966
-235.06364433765413
-235.01394078731536
-233.5903700510661
-234.78622150818506
-234.45678947369257
-234.57651538848876
-234.31344952583314
-234.8615053455035
-234.66626631418865
-232.394177933534
-235.31163410743076
-234.93140800793967
-234.78626013596852
-234.68915608326594
-233.74533792734147
-234.62656714121502
-233.42641623814902
-233.79429880777994
-234.94231378237407
-234.8157288392385
-233.5051523208618
-233.83919666608173
-236.58260553677877
-235.65524779955547
-235.04625533421833
