194.74661992747207
136.09894557040315
107.38437658753888
90.07253150898835
79.35049108184617
71.00262686712989
62.48238159767513
56.73518565297127
49.543061929016275
43.836298226796345
37.198119373157105
32.47523081071418
27.920489696336205
24.559734466260878
20.604416938562846
18.28335799382807
15.776292756842128
13.11468662430757
10.959457010287663
7.744300042632325
6.073215090766035
4.60209775818833
2.3531230508253493
2.2266837212032287
-0.17774143352590757
-1.7470701115912404
-3.4822919194040627
-4.32377093670697
-6.110854506492615
-7.714684283938901
-8.863100846265924
-9.91902973528566
-11.096366249281784
-12.188009517973867
-13.054944907796793
-13.989365944060786
-14.416015671244983
-14.566740670080844
-15.95487859279945
-16.151664129105107
-16.731717215529805
-17.301231073922125
-18.135300843880096
-18.309203574369693
-19.611911146805205
-20.000250968953658
-19.891174738777096
-20.72430802933101
-21.094763568763074
-21.37343530511034
-21.580665385928647
-22.519734551166668
-22.67633845580035
-23.025597174619808
-23.588757949656454
-23.52830281545376
-24.633146457631014
-24.234681599099062
-25.271581281875743
-24.80376690523378
-25.4914479111803
-26.25832742041555
-26.349904528979597
-26.273430270367655
-25.909560651614747
-25.95758661833303
-27.472534862057916
-27.945398964758578
-28.085429774276143
-28.471148079839246
-28.415623096556498
-29.19841904270238
-28.43261262877234
-29.26288141669898
-29.36119073115546
-29.913289274634987
-30.3350823737424
-30.30441953087675
-30.744327118684506
-30.425438195466995
-30.59626645466377
-31.266471138288235
-31.437759407635394
-31.198845363896467
-31.510424536877665
-31.836604816132578
-31.780717690443172
-31.816326646969237
-32.31143817305565
-31.952628053467848
-32.53801275841121
-32.5943520870702
-32.55093107757897
-32.64415872713615
-32.87362428266427
-33.384859496149524
-33.41503605246544
-33.197647621919366
-33.81731684968389
-34.10840433116617
-33.88249980272918
-33.95372331450726
-34.53533735563015
-34.58265973473417
-34.69810381017882
-34.81085345251807
-34.78094780239566
-35.24740619083931
-35.46010212035015
-35.27153732345022
-35.44835240162652
-35.69473861209278
-35.31413930757292
-35.58166167551074
-35.73265870994535
-35.937242326037634
-36.43758728072561
-36.44188842382924
-36.29467784022463
-36.36627816023498
-36.49746807484791
-36.39592613742269
-36.61668113696164
-36.97354522244684
-36.795528642062486
-37.1755411090522
-36.93969793360809
-37.35108113905479
-37.250757295509864
-37.30042171786572
-37.411890448167405
-37.523214914675414
-37.77288206486866
-37.846461804776354
-37.86859015760751
-37.783298657885915
-37.93861273855999
-37.88548815558697
-38.112195071475256
-37.734189569950104
-38.22259433207841
-38.10712933334811
-38.384916445304604
-38.75710615721242
-38.7075909448081
-38.6426078964924
-38.483395562089726
-38.604347068687964
-38.45246496077242
-38.71770663199754
-39.15979291138978
-39.07830169591411
-39.01126752331339
-39.38912159821083
-38.913065223858275
-39.013132915414616
-39.37893507090108
-39.62207490411298
-39.57230930698329
-39.37807805065451
-39.84238080423454
-39.782375546364946
-39.64617448839648
-39.76119215632307
-39.97072657120639
-40.14221890938693
-39.962868175629914
-40.239373197843285
-40.40440123553934
-40.050096739982735
-40.1217101832916
-40.18888112388808
-40.611779626073506
-40.62080412280971
-40.50340982654999
-40.45297125392947
-40.645769201476
-40.51485991477966
-40.58211133911692
-40.607095023681374
-40.519100504702536
-40.539912351246535
-40.82932276150276
-40.78188209389818
-40.8815498588414
-40.84529743831733
-40.95661393835627
-40.68050468584587
-41.15843185371366
-41.4572822009695
-41.3358608977548
-41.368440379356514
-41.20422853991903
-41.166719839490696
-41.50192290030677
-41.57465407149545
-41.41778389749856
-41.660584168187505
-41.48050651262547
-41.60164512334199
