51.87565269038595
23.123648227417263
12.610659087654845
6.1490836970765015
1.9178124178072502
-1.9124428861100098
-5.077763122988158
-7.845378691780156
-9.312633256460058
-11.264510250297086
-12.50153734612054
-14.15601332023226
-15.093134534256212
-16.43375028310151
-17.58329485716491
-17.973524703547874
-18.470745025009943
-18.88532898086926
-19.10682914328986
-20.333586303324534
-20.28049830527141
-21.59914408470022
-21.433835234107644
-22.229385634948468
-21.57257614721512
-22.917862876735885
-22.703461806321965
-23.49127562600991
-23.300832212998948
-23.97572229237392
-23.735893500262293
-25.033995108357793
-25.01896145631527
-25.46151402900959
-24.79844965194834
-26.16822746807131
-26.138794295746706
-26.947567403316498
-26.291530874268762
-26.775850288826845
-26.915716845413733
-26.17558690905571
-26.670080330865137
-27.064280069079892
-27.634497759671046
-27.16190557130452
-27.961189166225235
-28.07782255164508
-27.95745892257526
-28.410921959013773
-28.96608615640936
-28.023405745111663
-28.46411344717289
-29.11521650902156
-29.208600329941717
-28.51106868735675
-29.035321649806253
-29.433347466690787
-29.954786365402157
-29.872921843980922
-30.004173680626113
-28.7011605347025
-29.698114569844872
-30.14364632553068
-30.625991041290348
-29.758930539262707
-30.439875356082258
-29.88352555858678
-30.92701229144787
-30.670389800236144
-30.88424098697202
-30.79991910375398
-29.866403227222378
-30.128837735488496
-30.237452288126125
-30.747513533666215
-30.940952275333732
-31.044137007203595
-31.56151581529913
-31.801204230250985
-31.061349210040323
-31.216841598009243
-32.194525304539454
-31.722930680061207
-32.331250040695586
-31.599847060853037
-31.45674202257189
-32.219571270819365
-32.830396912221254
-31.922560202664343
-31.407520520276037
-32.23812366765121
-32.2797155503569
-31.80671457381084
-32.23459608287647
-32.555446589815205
-32.10053016091215
-32.31355820853135
-32.09963589495626
-32.93613270644484
-32.11382403147632
-32.58406567265247
-33.238094403825954
-32.791080215881614
-32.76480544538334
-32.74390087045472
-32.567853643976406
-32.389368178515596
-33.206683422984746
-32.0810800873
-32.56746724556233
-32.645620291603024
-32.69156131148338
-33.027195995223934
-33.13884886790966
-33.28446438703044
-32.791503668859086
-33.02781931182434
-33.027952956742254
-33.20474836538578
-33.57072504018915
-33.579311023498406
-33.62789835395484
-33.393513297212536
-33.924052132614726
-33.679069041178145
-33.727624710263875
-33.44423033656745
-34.052159653655416
-33.57764423510124
-34.283024725215185
-34.15025539644833
-34.13280584483311
-33.91435945753393
-33.69109512608627
-33.57434095288145
-33.63360468786338
-33.87603794192446
-33.76515781673892
-35.18959632926974
-34.1929494214469
-34.48318995586757
-34.25779714666564
-35.156895123679064
-34.83673579631181
-34.776893500624034
-33.76098589136683
-34.71197045568762
-34.39492263978925
-34.709036830170405
-34.73734438624875
-34.81741574612157
-35.117158737675894
-35.00490237926615
-34.87787228617175
-35.11855217095079
-35.3579067145956
-34.91177333120642
-35.1651160182624
-35.13094998125372
-34.88288620525393
-34.97116996604821
-34.38797296532269
-35.21232379921551
-35.08811305309164
-35.397479726322764
-35.655107112794084
-35.43106487290613
-35.42000452197831
-35.74053748619968
-35.12346211795149
-35.7866580198551
-35.6932971220592
-36.03038019764012
-35.97844906613744
-35.748438212378275
-35.76292445639084
-35.36850222945213
-35.58600627245574
-36.06598248769497
-36.28775229227954
-35.58101648606103
-35.64353616998113
-35.7367582321167
-35.14302444560774
-35.658002263513104
-35.66478275019547
-35.458885112713126
-35.20318345057553
-35.40713222684531
-35.96224924099857
-36.224965130460674
-36.12255173099452
-35.818866616693036
-35.50785605455267
-36.59446741486418
-36.34447014845651
-35.373909918398695
-35.90747317774542
-35.62917216070767
