1313.8319182395935
1292.1378230730693
1281.6351710637412
1283.229624557495
1274.4998741149902
1271.5264665285747
1263.3243103345235
1265.3487469355266
1259.543329111735
1253.5089355150858
1261.3926059087119
1259.0164429982503
1254.0059069951376
1257.914554977417
1251.5407086690268
1254.4128959655761
1245.9209989865622
1250.5151845614116
1247.8849336624146
1248.5557766914367
1249.1357515017191
1237.9208645184835
1241.5208773612976
1234.0033040364583
1241.9139439900716
1242.6050504048665
1244.6551281929017
1239.2646279652913
1238.6114128112793
1236.9893348375956
1233.4381697018941
1239.2198445002239
1233.9254766146341
1238.1435349464416
1234.8728373209635
1220.3575290044148
1222.2786416371664
1231.6528473536173
1231.1582376162212
1232.3133392969767
1232.990482266744
1236.1923971494039
1219.1388049125671
1229.4090068499247
1223.6096509933473
1227.5519411087037
1224.132338809967
1229.7411537488301
1228.052823638916
1227.8923759142558
1226.1396670977274
1227.4170969645181
1230.9495036760966
1220.1814142227172
1229.5310558636984
1221.9392483711242
1220.326078446706
1221.502535279592
1227.9437218666076
1220.4978716214498
1221.4059264500936
1222.22033923467
1220.6260699272157
1223.4528265635172
1220.5538629531861
1214.262989870707
1221.2231471538544
1220.493857351939
1219.678599580129
1221.496253522237
1214.1742876052856
1221.7754174550375
1221.3847274462382
1216.6576336224873
1219.339367421468
1224.3145000457764
1213.5747393925985
1214.446711063385
1214.1146067937216
1216.7628158887228
1215.059036986033
1216.232156340281
1217.3431365331014
1210.7296802838644
1214.5064923286438
1219.9245260238647
1212.1414368311564
1216.1194444497426
1213.5612750371297
1208.687854496638
1220.5266989072163
1217.2986673355103
1212.3247749169668
1218.8146076520284
1218.9444882074993
1215.4566178321838
1212.3266416867575
1219.1643446286519
1210.0617806911469
1212.8743874867757
1216.0255566914877
1213.9398951212565
1216.5107114473979
1213.4004017512004
1223.5828159809112
1217.7450850486755
1211.5326592445374
1213.5776349067687
1208.3990191141763
1209.8355152289073
1213.5160634358724
1213.6937651634216
1213.2257624626159
1220.6885069847108
1212.3269680976869
1216.9757354418437
1210.7939239819846
1212.6932860056559
1212.216207154592
1204.7529673258464
1211.035821978251
1210.258722893397
1218.6992916107179
1213.3120623906455
1207.8930940628052
1211.7916082700094
1204.157674884796
1208.484660243988
1215.200992234548
1202.5585859775542
1212.0758152008057
1208.1792909940084
1216.7030176480612
1208.5731587092082
1207.9107259114583
1216.240985027949
1214.910261217753
1214.3745750427247
1205.9096938451132
1214.0532858848571
1209.8651812235514
1212.8309328079224
1207.758743985494
1212.942026424408
1213.2318682988484
1213.1087568442026
1201.2650857289632
1211.8316394488018
1210.0525410016378
1205.4021109263101
1207.7042389551798
1208.2252408663433
1210.6152357737224
1214.3175072669983
1210.3651548067728
1209.7181204477945
1210.5914300600687
1212.7614489237467
1210.6766207377116
1211.1845724105835
1204.41600634257
1202.4899399757385
1203.9245803833007
1214.978012975057
1204.7662587165833
1204.3634445826212
1201.7486765225729
1206.8803020795187
1211.119386545817
1212.805634466807
1207.8480637868245
1200.4166224161784
1203.4451255480449
1208.1046704292298
1203.8975339889525
1210.6834635734558
1203.2854070981343
1206.8099234263102
1205.7975320180258
1212.8854678312937
1205.4436023076375
1207.9895688056945
1207.3707721392313
1208.5082743008932
1205.652944024404
1212.7534340222676
1204.1347428321837
1209.58277537028
1200.050486087799
1206.5298433303833
1209.3239552179973
1206.9870172818503
1201.9871395111084
1205.0113615036012
1206.4206961313882
1205.5025165875752
1202.606821791331
1201.2095958709717
1200.9086597124735
1195.0789905865988
