389.57386960983274
250.7145824432373
206.1202171087265
180.28460489908855
164.2706472158432
152.84882430632908
145.76292650699617
137.3865714232127
134.163869313399
128.47678612470628
122.6191706776619
120.50415182908377
117.39750945568085
115.51267309983571
112.87120176156363
111.38443522055944
108.24861505826314
107.00098369121551
104.90866364240647
103.7864277044932
103.10801861286163
101.19363102515538
101.21879990100861
99.38182377020517
98.30715744495392
97.6913046836853
96.60279166301092
95.93772807916005
95.58216605981191
93.40582615534464
93.03800638516744
91.8464150349299
91.67795457045237
89.70315446853638
89.96287788351377
88.19858372807502
88.10039509137472
89.09965094725291
88.15359009106955
86.36389059623083
85.76601054271062
85.51142015457154
85.05751016934713
85.5332146803538
84.91781013011932
84.31203788320224
82.9692885239919
82.81337114572526
82.42732644279798
83.10094762643179
82.83449243307113
82.08956070542335
81.46817729473113
81.54182264010112
81.80636855363846
80.61340781847636
80.40135671099027
79.93000725905101
80.47170257170995
79.48665823340416
78.27203041712443
79.4996936460336
79.45503948529561
77.97845592300096
77.65309596657752
78.57276580929756
78.50391911268234
77.39184495806694
77.0600158492724
76.85219213167827
76.56130505005518
76.91648786067962
75.6285898466905
75.5063171227773
75.04891695976258
75.01718952655793
75.18371996482213
76.39028923511505
75.28246570825577
74.83764666318893
75.28287814855575
73.84472720225652
74.94895863930384
74.31346425215403
73.20546598434449
73.62954585154851
72.93109687368074
73.33741756677628
72.78395955959955
72.66325415770213
72.31716468930244
72.57726981639863
72.95814336935679
72.65224568843841
71.7725038409233
71.5595214565595
71.73442258238792
71.07755680878957
71.34567019542058
71.58382075627645
71.74432276089986
71.07207965056101
71.4151619831721
71.68332115014394
70.52831725676855
69.61572987039884
70.47934954961141
70.72406868537267
69.80907419522603
69.66509167949359
70.52858510812123
70.63557017842929
69.5769171555837
68.54740761518478
70.49293256600698
69.28490348656972
69.23726607163748
69.17093995213509
68.76485117077827
68.43665843804678
68.37965704401334
68.17653853297233
69.13594015439351
68.21417159438133
68.36906355023385
68.62379768888155
67.67677879929542
67.86961717804273
67.75755475362142
68.198455564181
68.41760005950928
67.51618750492732
68.45379609266917
68.44432900150618
67.4452241341273
67.67373323043188
67.4472954829534
67.00434635877609
67.01285766363144
66.46070096492767
67.4243414402008
67.42523699601492
66.46747768322626
65.75180297295252
66.12385717431704
65.97659958402316
65.95042495330175
66.34391929109891
66.18227199912072
65.18305309414863
65.52113785346349
66.82475172082583
64.42829540967941
65.48103000919023
65.86209964752197
66.16633122563363
65.83886447151502
66.39326594074568
66.36219731171926
66.01930755575498
66.5095494667689
65.48139728109042
64.64477620919546
65.38822831908861
64.65666432181995
66.0914422372977
65.01244267423948
65.30207587877909
64.37883734901746
65.08446376522382
63.702198735872905
64.09097319841385
64.71126862963041
64.66899061799049
63.02649548252423
63.83570831020673
64.46681032578151
63.84365456302961
63.59398604830106
63.43893284598986
63.57306637565295
62.590437185764316
63.23865854938825
63.4966457426548
62.91874794165293
63.19326515595118
63.30418185393015
63.68088206251462
63.42884471416473
62.21583323677381
63.09925116300583
62.910444911321
63.13539706468582
63.536383525530496
62.73079030315081
61.984253239631656
63.62317969202995
61.86709247628848
62.499212268988295
62.46130227446556
