92.56332244030361
69.56517530515276
59.42439832255758
51.08891961697874
43.96937679781996
43.06286411552593
38.366082442731695
37.983573606301995
35.770248613994696
33.409137563972635
31.60412583962597
30.613944017424664
28.993938236401
29.02749267760022
29.503218684987775
27.449663180729438
25.76629447166262
24.98507562819226
24.238472739170337
25.061031078983998
24.079191474308228
24.439710932302063
22.567644991494458
21.798657964786578
23.09383020729854
20.44497168706409
20.02568240964721
21.107928619045637
19.456925541676323
19.770746233134435
19.764890388425055
18.934319014436213
18.364541109522868
18.335304742711113
17.805657820840334
17.48789881873105
16.91810381011074
17.551084641238738
18.213775374894514
17.8288507317233
16.806142491384826
16.602213954103405
15.691501031918772
16.917036989768004
16.081122292141462
14.450086123984436
15.769481249860135
13.62855975163683
14.042115084313114
13.982749870881952
13.674848563358958
14.05394588134669
15.158679468749925
13.541296512723482
13.653138713846946
13.867955157725975
13.905133794101983
13.693735974744476
13.106012247502804
13.621008794112452
12.397343526225024
12.505767141179792
12.779227725760048
12.735329793188079
11.891003885145846
12.040337145071605
10.866394461196816
11.155014708638191
10.69893119265807
10.921842442375832
11.138587282456715
10.15601224837632
10.957202626199559
9.625196914734511
9.474326309169932
9.980207889694078
10.60498455118645
10.221074292500472
9.459839205353939
8.1901551796573
9.143164599635478
8.920715427604215
8.402691164407237
9.556481215396317
9.070775232598956
8.191053987095325
9.212613518638857
9.227464683707161
9.90881758542924
9.429089961380795
7.881387960037281
7.040432822216173
8.214972950132756
9.96995851269056
7.385399733124109
7.369231692804345
7.232820861683837
7.693714097399136
7.642357856292149
6.3197472122465745
7.065941503592606
6.219227086222762
7.1897200428206345
6.1504112964431785
6.225156111578489
6.6813677246200625
5.493562609214207
5.9706999507957494
6.511030927043537
5.43725114855273
6.116013335642116
6.076719170885867
5.037477498488693
3.4753655647188584
5.028517770869978
5.351374469440559
4.773685206883941
3.9224957132647775
4.070281749912377
2.9799286868375052
3.904086995741417
5.922416844758494
2.985701819946026
3.7254073510010697
5.190889059212701
4.882419863266164
3.854145845334078
3.362235884471186
4.704798239636524
3.0356328956911276
3.6623945495691794
1.4154296615000428
2.8557508109972396
4.593662895005325
2.5675419170794815
2.7469152952062674
3.049259698596494
3.9315382930739173
2.6708030520841994
2.046142507216026
3.356373446768728
3.904098279453043
1.0439350974970851
1.7350519415119598
3.190075599170964
2.235282806486919
1.6060844310398759
2.36957464238693
1.6048697686657822
1.2767706760044755
2.1389516200227985
2.371810450379191
2.113791536668251
1.8228610651246433
1.4171722115113818
1.3933525442563255
1.4294378387516942
1.1068703663246384
0.2531779742446439
0.9437089678028534
-0.11110909000552933
1.5585373742827053
0.2760571010153869
0.29108131497070705
0.25140936826837473
0.07105395711701491
-0.5281925150032701
0.6291497506458184
0.5220983660426634
1.0512228387183156
0.10615757698642797
-0.22579815932388964
-1.2047711035300945
-1.1769719121271167
-0.4557681931503888
0.2221981263880072
0.43001680230272227
0.8332452935905292
-0.7044451853324627
0.6944558245354685
-0.8824810211000771
0.3731886585210932
-1.0640307049556026
-0.37197082592495556
-0.10753837998571067
0.3763938145390872
0.6713960175884182
-0.7343037688526614
-2.02904296794842
-1.4756934640222583
-1.2434358248679802
-0.7664563660991603
-0.5996865249913315
-0.2432706849328403
-1.6725439655369725
-1.5650537744935216
-0.4991326257586479
-1.410819216535009
-3.5290105183576714
-1.9015778524094615
