-54.67709509103462
-60.13404597393398
-59.78038161376427
-60.01493639678791
-59.99852221176542
-61.12087464846414
-61.333828143004716
-60.19046613882328
-60.91658288445966
-61.996544402221154
-61.69722357392311
-61.45052487891296
-61.86899548255164
-61.54427047330758
-61.33888423031774
-61.77618459380906
-61.50603343495007
-61.593976359942864
-61.25400872888236
-62.409080384106474
-62.263893674159874
-61.98751071198233
-62.0562211233994
-61.85321609316201
-61.62895860959743
-61.90243617214006
-62.336173913602174
-62.3435410754434
-62.20337033374556
-62.13971619975978
-61.18135076966779
-61.63585145514587
-61.99814710432086
-61.8595811077233
-62.13511975366494
-61.92285586842175
-61.922770513542766
-62.181577495459855
-62.286342513972315
-62.46473209405767
-62.35183591164392
-61.957833791601246
-62.372124456126116
-62.3110349702424
-61.437184274196625
-61.62321240531987
-62.2185917044508
-62.189672724954015
-62.47014681635232
-62.370924199449604
-62.325520637734186
-61.86539501876667
-62.399012401186184
-62.5655889798855
-62.36187073074538
-62.44524822255661
-62.49201245862862
-62.315027878202244
-62.191517180409924
-62.401368169948974
-62.56693035158618
-62.46576047560264
-62.46334421840207
-62.54374503267223
-62.63028985056384
-62.69110521776923
-62.75992876702342
-62.600862412617126
-62.377631538900836
-62.193985402584076
-62.0518804192543
-61.930389390937215
-62.62836574891518
-62.818637558098494
-62.65391224006127
-62.81734127628392
-62.861710277096975
-62.891136163267596
-63.02532122258482
-62.955009243611634
-63.00173060852906
-62.980053831791054
-62.94139383887423
-62.97743609033782
-62.74000285000637
-62.67982832522228
-62.88152345706676
-62.922405272722244
-62.926713711228864
-62.82563995698403
-62.78911817073822
-62.144094354119794
-62.18028578778793
-62.50699333897953
-62.4828252956785
-62.79514241013034
-62.77063537466115
-62.819755562420546
-62.72135959617023
-62.682448580347256
-62.78941067744945
-62.45867472784273
-62.262538661216865
-62.51097864323649
-62.612760535601915
-62.46683513296062
-62.39795221953556
-62.64631795472112
-62.55590659791026
-62.357181318875014
-62.45324694802021
-62.40850925753857
-62.29023623569258
-62.35269545892189
-62.44607892735251
-62.518219351768494
-62.53719044553822
-62.68658024997547
-63.00376605165416
-62.99723363539268
-62.74022307272615
-62.795184140575344
-62.845988888165046
-62.853142027197215
-62.887546443733676
-62.548346161842346
-61.988674397098606
-62.57265136673533
-62.68000314564541
-62.59831355974592
-62.70330025512597
-62.74081577925846
-62.84060274218691
-62.650525518532454
-62.53186531108001
-62.073023005806164
-61.79888169107766
-61.75667925435921
-62.07883452958074
-62.256188259042545
-62.400470717199916
-61.91175715882203
-61.88324697880909
-61.71975966774184
-62.28491532185982
-62.80855359085675
-62.83226693909744
-62.7316139453444
-62.63010050921604
-62.24664337676147
-62.383865586642564
-62.589559357741784
-62.84057737938289
-62.64774409758633
-62.051674823308815
-62.24542306414966
-62.101367946328786
-62.164181969289125
-61.85351802460079
-61.73743489590184
-61.82569337918841
-61.78200000113454
-61.70571754821415
-61.71322258484775
-61.93653487748113
-62.14058654781046
-62.251186392430604
-61.78665234097119
-62.009693799347716
-61.4193388439458
-62.625544289062766
-62.870897577754384
-62.24585742580479
-62.182211364137714
-62.48849941533187
-62.61992253311749
-61.938284232698635
-61.93939987647122
-62.52323054650734
-61.97711369909089
-62.08808301235067
-62.501886751117375
-62.90938728739475
-62.81008421141526
-62.26562402782769
-62.45724931667591
-62.03172292174964
-62.258882765112254
-62.39011712937519
-62.04606792022442
-62.87091824926179
-63.00450758584614
-63.08265278257173
-62.84502951954973
-63.01021728433412
-62.67997818979724
-62.32894210363256
-62.17174090393658
-62.05365956857287
-62.418496832765385
