-15.580761895097535
-22.955585055310152
-24.389321809698796
-24.824131474926553
-24.162339539363465
-25.167007263364464
-25.40699348418877
-24.820009268049535
-25.28227581957291
-25.240321439401857
-25.29736383824513
-25.57153527541407
-25.331508524458982
-24.833429614531582
-24.398419719317864
-24.325107898177773
-25.372218542057894
-24.711492428491855
-25.63884350657463
-24.926727857055337
-25.73379083491605
-24.93087308211573
-24.898974255241196
-24.668488469103288
-25.206216969366732
-25.600498690687377
-24.686294111198393
-25.066743654423746
-23.696788477486578
-24.973636554746793
-25.907568574979386
-24.77415488917252
-25.082721811430208
-24.596168788856474
-24.956108653339847
-24.99160937810766
-25.446292826841617
-25.161603148127423
-24.87302206302511
-24.602843134567657
-24.349980040357032
-24.887157824018907
-25.103728237850913
-25.280149535886174
-24.65451925736049
-25.782539906172918
-24.879260040562727
-24.551217179873895
-24.81188977227129
-24.48211551123652
-24.26231823501916
-24.95135537766177
-24.762313722536483
-24.31433180796689
-24.411398575223725
-24.611333873765222
-25.151047293482154
-25.335976503018674
-25.563785552978516
-25.404211236485118
-23.936833251139213
-25.603254517090733
-25.146501031415216
-24.015423936062845
-23.95946991751934
-24.934241972092924
-24.091276205819227
-24.670498748277797
-25.26993353305192
-25.058624040463876
-24.778810413747
-24.736471887292534
-25.1055131297687
-24.36666307469894
-24.043211999638327
-23.785020255836947
-24.3950780712325
-24.79116482159187
-24.68231452179366
-23.604177101932724
-24.807284499036854
-23.71740447447218
-24.76150734953839
-25.599606498562057
-24.165789653514995
-24.33008270839165
-25.000525522848655
-24.14024006498271
-23.83295572523413
-24.9819541984591
-24.176658380648185
-23.93338853634637
-24.51106195819789
-24.95397125544219
-25.922278035817474
-24.485460996627808
-24.288725468105284
-23.949572124357882
-24.832008324306585
-24.2926054427336
-24.22739692803087
-24.17065559224836
-24.931978794007467
-24.117336767500845
-23.67962953962129
-23.816115320756516
-24.199115140684718
-24.39515982927947
-24.89275882161897
-23.947423305490922
-23.289155670281115
-24.575030844787072
-24.24117255005343
-23.903972330278364
-23.73297812147387
-23.79374390943297
-24.52982606045131
-25.007241179717
-24.307903842679387
-25.109187620467154
-25.24164038999327
-24.207147950242305
-24.683860514698356
-24.805541231200614
-25.14493887177829
-25.491603528117313
-25.37887691629344
-25.744307951680547
-24.90178491226558
-24.44334353969015
-24.450300769045434
-25.0419769436121
-23.98693351755882
-24.588347111282676
-24.106137599410683
-25.707666164842145
-24.349077520185503
-24.03939459447203
-24.106515972778716
-23.99843119547285
-23.800413601357363
-23.86113682183726
-24.634475365794938
-23.792239600214465
-24.3055484366828
-24.954198598861694
-24.283313717307717
-23.96527018732038
-24.042416719013247
-24.562251446575953
-24.04828445253701
-24.533865006833242
-24.73401585324057
-24.3861557748811
-24.065590554784084
-24.755727594268734
-24.772949433532254
-25.283391105203794
-24.816976809809947
-24.978913652485815
-24.791202916410462
-24.77264963963936
-24.353471772424108
-25.154294910102056
-24.519416936512652
-24.111705835523278
-24.79915822271643
-24.02073169987777
-24.625618004593356
-24.649941552301932
-24.652278751134872
-23.94065574119831
-24.4078986305615
-24.23628014531629
-24.330647682321484
-25.029966056346893
-24.463284043402506
-25.449370846666138
-25.12445754326623
-24.887389605929112
-25.493118213168508
-24.35967026034306
-24.43092865162882
-24.51105376564223
-24.314922808573165
-24.734744002079143
-24.92889061672934
-25.378141189443653
-24.547043875373642
-24.771246511360694
-25.05925662044821
-24.46795524399856
-24.58518307322058
-24.75494538864185
-24.175512964869366
-24.485060195470677
-24.25880515112959
-24.60171837333975
-24.888069104531716
-25.222370824937162
