-138.49752163887024
-197.41016670068106
-199.3122215628624
-206.18242623011272
-209.83260306517283
-212.85599767367046
-214.42724200487137
-216.45727179050445
-217.63239088058472
-216.87185131708782
-213.58362153371175
-218.81933611631393
-223.22699793577195
-221.6203091263771
-221.0239410877228
-223.30878694057463
-223.8720585823059
-224.7587752342224
-223.08664434750875
-222.08784800370535
-224.9433124224345
-226.06521095434826
-223.48440152406693
-223.64674324989318
-223.15741225878398
-224.10888565381367
-221.99867781003317
-221.7612484296163
-222.9323087731997
-225.42828039328256
-225.87690523862838
-223.79541362126668
-224.03198642333348
-223.49965149561564
-224.1801027615865
-225.41033250490824
-223.63796895742416
-223.2599834481875
-223.8061051607132
-225.123559264342
-222.9362271944682
-220.69648422400158
-221.00586332877478
-222.81289575894672
-225.1286107579867
-225.69324952761332
-224.4278281291326
-223.93436905940374
-225.26071366469066
-225.48057409922282
-224.2071666797002
-224.44490336577098
-224.42072894573212
-226.5102999607722
-226.52385487556458
-225.94375075499218
-226.9506165822347
-225.28760839700698
-227.90653955936432
-227.8463781873385
-226.97392936547598
-227.93391558726628
-227.22451354265212
-225.4533013820648
-223.6604255716006
-226.35437705516816
-225.39266232649484
-225.94992285966873
-226.5529558777809
-226.50628406206766
-225.3918991883596
-224.49308036963146
-226.63457599083583
-227.7390582402547
-226.79335377216339
-228.10893544356028
-228.16915220419565
-228.11216979821523
-227.52056260903677
-226.77510050932565
-227.78448056379955
-226.53033699194592
-225.80123258431752
-227.77311494350434
-228.39701342980067
-227.44946161111196
-226.71037102540333
-227.22907496293385
-227.47046956221263
-227.98059159119924
-227.63632823626202
-226.37341633637746
-227.56125106016796
-229.2045787970225
-231.67368187904358
-229.9203510204951
-229.28871967792512
-227.95285177230835
-227.91021996736526
-226.23845705986022
-227.16799857616425
-226.18562042713165
-226.63971078793207
-227.44548610051473
-228.1263059536616
-227.96636340618133
-227.48625392913817
-228.7988268772761
-228.54485251903535
-229.0283699631691
-230.04467929999035
-229.89861251115798
-229.83079983393353
-230.6557381272316
-230.45812689463298
-229.46777035395306
-229.48698951005935
-228.83788024584453
-228.14275391101836
-227.56101717948914
-228.37217030525207
-230.1599561413129
-230.69857469002406
-230.46625899076463
-229.58058508634568
-229.69394154548644
-230.50484956502913
-230.50721838474274
-230.75510819355648
-230.42918677330016
-230.62707595825196
-229.6456832965215
-228.55560233592988
-229.99429834683735
-228.63372510671616
-228.6932694117228
-229.13819937308628
-229.89739724795024
-231.1567436138789
-229.53478939533233
-228.84767679373422
-229.8019592444102
-232.00153071085612
-230.363982073466
-231.26590762138366
-231.47058070898055
-230.64209252993265
-229.51802932024003
-229.87465728123982
-230.31856750647228
-230.34218685626985
-231.30544781684875
-231.15222891171774
-231.88034814198812
-231.58334980010986
-231.69297927618027
-230.82780465284984
-231.92907524903615
-230.76405583222706
-230.19994508425395
-231.3219566742579
-232.02459297974903
-230.87076857884725
-231.53570957183837
-230.98222018877667
-230.24926006793976
-230.48834233681362
-230.82794197400412
-229.0124433437983
-230.17159124215445
-231.06758272647858
-230.19075640837352
-229.69600451787312
-230.1013919989268
-229.8961791276932
-229.2469398299853
-230.1222271879514
-231.10005178054175
-231.08471854527792
-230.73213171164196
-231.0947366118431
-230.50207170645396
-230.15218611955643
-230.04773839712144
-230.39441447257997
-230.77534552812577
-232.3282025019328
-231.30306224028269
-231.36362715562186
-231.5534319559733
-230.21982882817585
-229.72722535133363
-229.68042877515157
-229.16163030465444
-229.88201829592387
-230.8246220111847
-230.42997138500215
-229.5451416929563
-230.1931751092275
-229.50918049017588
