30.991310954029704
10.31362298297985
1.274145039504972
-3.9051189129722528
-7.616948928298621
-10.298967496074479
-12.575054115262525
-14.974067999371167
-16.14441624694857
-18.296492502607148
-19.451942384756844
-20.733137285914914
-22.093563599833125
-21.88564204244778
-22.726320000558065
-23.012444243348877
-24.244630278184495
-24.925147581717063
-24.679535765072394
-26.62070350914166
-26.11266732832481
-27.518215409640607
-27.055471764556295
-27.895884035990157
-28.098161902920953
-29.141847000039856
-28.849685130448176
-29.136840248930042
-30.820384417114585
-30.240936253605216
-31.357064119700727
-31.3121665510638
-30.70483409330763
-31.876031955768322
-31.62103537649944
-32.37748474910342
-32.29701012681271
-32.45907756994511
-32.93153830232291
-32.567785731677354
-33.59095226074087
-34.38283726059157
-34.34651990594535
-33.3894554746562
-34.991984860650426
-33.980936510809535
-34.558030517964525
-35.151464295798334
-35.46756093049871
-35.00493929201159
-35.60383676968772
-35.65903597967378
-36.01771783109369
-36.01315746122393
-36.27983013206515
-36.39002985276025
-37.177915291539556
-36.195256431554924
-36.655828554054786
-37.09785822239415
-37.108203926990775
-36.35410760188925
-37.586402023660725
-36.54289324941306
-37.46879025677155
-37.876827757934045
-37.56045672400244
-38.1700967570831
-38.313280539265996
-37.085328106222484
-38.605550649864924
-38.241859864572
-38.49926692761224
-39.26391953846504
-38.74504118027358
-38.50799517795957
-39.41848559523451
-39.36742299384084
-38.74645063075526
-38.40970952963007
-38.86908510224573
-39.1159006388023
-38.904183142144106
-40.06662239288462
-39.08483174134945
-39.96234207112214
-39.80850826357973
-39.440882903748545
-40.10845879336883
-40.603845846036386
-40.19471581537148
-41.152288526296616
-41.603567951712115
-40.7542690131171
-40.6240949610184
-40.975810196892965
-41.04722365017595
-40.50091247209187
-40.429351178736525
-40.95568433609502
-41.273393774854725
-41.4503530592754
-41.49927916197941
-41.50610275515194
-42.26238796937054
-41.42227941237647
-41.26043657701591
-41.342128298405946
-41.696806634294575
-41.83133139486971
-41.79285012545257
-42.04939891552103
-41.860675640147306
-41.451402476121636
-42.370230337669106
-42.65485018080678
-42.013284152951734
-42.97334674514573
-42.50622783036068
-42.46085044125031
-42.74795905886025
-42.62119796563839
-42.8908930163959
-43.441488325595856
-42.896823649776394
-42.90297596413514
-42.97520207536632
-43.19540276609618
-42.90055822503978
-43.60528281947662
-43.476388778152135
-42.95372148217826
-42.68514249859185
-43.2404341327733
-43.03637782458601
-42.992143799518715
-43.516268419808355
-43.66240577348347
-43.57592581263904
-43.91127912546026
-43.101356247375755
-44.31656895937591
-43.225814404158754
-43.78048300434803
-43.818670515356395
-43.52712846727207
-43.96096647505102
-43.99520002356891
-44.239664018154144
-44.371026844813905
-44.496960506357
-42.94458109756996
-44.52657825268548
-44.41891566432756
-45.11153666109875
-44.96998333725436
-44.50547169714138
-44.03748082703557
-44.69656731136914
-44.099221955085625
-44.91249109856014
-45.095988156466646
-43.6308057308197
-44.72319598547344
-44.661183227752815
-44.7766464681461
-45.32614597575418
-44.547430377582025
-44.55097212873656
-44.53814898482685
-45.49336245347713
-45.00646707312814
-44.85260501401178
-45.62988274261869
-45.18440106716649
-44.81417167495037
-44.5521111375299
-45.50374902527908
-45.18217407526641
-45.35163206889712
-45.433273669974554
-45.48726704408382
-44.89204099157761
-45.926092246483115
-44.90455316058521
-45.27199957288545
-44.837125499700676
-44.917364234554356
-45.85035157820274
-46.01808706234242
-45.81801278940563
-45.55843335903924
-45.59289884361728
-45.560443148530766
-45.34429005507765
-46.14563279830176
-45.810218268427356
-45.94800840883419
-46.14314206509754
-45.45581632647021
