90.91268686898823
63.192736866145296
51.54000764879687
44.64465607394432
40.094328175844815
36.577602508253065
36.77676625729635
36.1395677518228
32.84253561085668
31.719687341102237
31.765414620781765
29.217147165331347
28.856014870364092
27.599768988274295
27.236626991424068
26.793012427358793
26.767236146690518
23.97910134982446
24.8777057570887
23.852576474048966
23.601513177413366
22.290718737090454
23.019195683557413
21.47488071371255
21.9429993178567
20.311352141972247
20.14230768716541
20.331461099201235
20.524127495571456
22.168772994701204
20.33854308904245
19.154968387094037
18.82561555414878
18.717597095488475
19.180144489903387
19.37338596646642
19.301446540987698
18.762480715225482
17.647657715554896
18.438143336567386
17.002438056957104
17.16961779104995
17.661643879038508
17.894513306689674
18.82168139825607
16.84260165383076
16.56838925208511
16.533656762591725
16.71478265344069
16.482559028242168
15.968474473161944
15.724219024052907
16.437270064147768
15.660735610744048
15.083244213119857
15.183857488799198
15.439914598033345
14.062989438916075
15.971369217952777
14.38939296030279
15.501327327356256
13.874724046616205
14.112993102647156
13.807456254894877
14.48889151536699
14.24409875755423
13.884627216591918
12.70260984951566
14.482044040931967
13.687614462242044
12.830318336519573
13.627966156935898
10.719469195167566
11.98678326568213
12.001226588120234
12.132562060679856
13.022365807459272
11.116102872865982
13.141392005414799
11.548997834533582
11.509395971380432
11.464437474721464
12.718619058872092
10.697505400098603
11.655477667066815
12.436015924888439
11.839539854712022
11.302816441089943
11.673198485425834
11.245970648039004
10.478286842847693
10.485138606537005
10.604474439125124
10.788011274204171
10.858856574471655
10.600011701149674
10.518994874626014
10.298882153912865
10.261699121638104
9.769047179997996
9.506449697442866
11.028030999518673
9.733799330633262
10.358401706763383
9.19511758407642
10.358595905664924
9.245655216918937
8.94067622669812
7.96844189202991
9.345316790301224
8.420690625649074
10.146516299710191
8.216982077971775
8.96153023453622
9.01983491023039
9.596085983746011
8.412825613322765
7.514833251463956
8.189004331313331
7.794553902899397
7.418325696140528
8.62820757964048
8.806333429340658
8.268949224709951
8.726255359320804
7.740171084822766
7.905991460806851
7.141639229680957
7.107244550154127
6.570495078275943
6.894217574390872
6.55763211743585
7.490185289535318
7.302648287330722
8.194087839251834
6.252536560312428
7.1337215191331405
7.8022108907843455
6.792121937691138
7.14696438443558
6.450337597779159
8.136182034323955
6.859920675898421
6.959904330043957
7.472977136486564
7.113921778340792
7.470367543784709
6.403742086784593
8.100378527081219
6.860098161702526
7.278104170771508
7.7543457309105275
6.283959836345808
6.037943322725337
7.3914672308440865
5.78453035318646
4.7270641833029945
5.273526933943403
6.082526477952969
6.250178191040097
4.679214550696057
6.42781224988144
5.986956771591614
5.080009094856936
4.994537614285946
6.137054005701994
5.606264533346583
5.0857513580342815
5.772682988823488
4.685386199889512
5.743776233417207
6.7264309996931715
4.497996563557535
5.145239418244054
4.477602145538248
3.750515105588169
4.752610627176432
4.999508538122835
4.110425562180322
4.233370958731093
4.5502608007077
3.4262918005215712
4.093111311310325
4.844514330399448
5.019498078602141
3.018285564307509
3.6510253317397217
5.0270985155526935
4.249422470043445
5.270495031928194
5.302304349068938
4.577115409204672
4.21776638668159
5.5641600715702975
3.431096865763438
4.15251929043182
4.490439764898399
4.0876632373908475
3.6807471303076578
3.6791591258912253
