14.169598373359648
9.096620356214457
7.733337320901197
6.945414225474514
6.493735791665727
6.104254580648808
5.719012228836274
5.365400627383898
5.196468685207696
4.9754906346828776
4.830170395173903
4.745893651940699
4.59158843909872
4.52155812675583
4.3693267566890555
4.301722447676905
4.246947897919293
4.123498412941037
4.028909723691899
3.9753361269831657
3.913422167301178
3.84754818318219
3.814671494580548
3.77741705651941
3.6958329017306197
3.6717765911899765
3.666950969603555
3.611037882622974
3.5507170525861196
3.560734078994599
3.488906734333984
3.505085596429377
3.5214665239227227
3.4772515032311966
3.4033482329084954
3.478645598837014
3.3495377840410017
3.363073680678318
3.37102472782135
3.2901022359086523
3.3188612432829263
3.334430673063315
3.229973180669135
3.2226172387599945
3.2815732967493862
3.2490088560714803
3.1930020124619376
3.185696854673583
3.216899612982725
3.278832742237839
3.2326612680636604
3.194445445427093
3.1347269185272784
3.1141886271793267
3.1317575404356264
3.085609114568295
3.068943961170213
3.098892804363678
3.102784617193814
2.99128846535138
3.0373659349721054
3.0275653087501895
2.9969824535836436
2.9379689884853772
3.0245161945449897
2.9848360861812173
2.995891599048828
2.972062686008626
2.9399447135370353
2.9673842656072873
2.9939858009075295
2.9556628311502524
2.943643543869257
2.9321380036658256
2.988559877885313
2.9420356639371863
2.9348554045989594
2.9336456562039155
2.890158562824644
2.893286713495337
2.840891309146737
2.838084968384998
2.8518808346627087
2.881037558717974
2.8294267940238633
2.8249683807893047
2.8468338333969485
2.833043867401008
2.792157233660591
2.9066005760225755
2.86746662803765
2.8847312419835864
2.853091421569216
2.832921560147199
2.8412102528944096
2.828992636810089
2.7844572017804303
2.7602209100050143
2.7483190679601552
2.762656311857803
2.7625210899217376
2.787224592512538
2.7486138168465475
2.7389603996456695
2.7553118940699717
2.7560887444635918
2.7236247173157233
2.715660265807448
2.773107256354957
2.7197557699962935
2.71350260978115
2.698579004162858
2.7129393781310527
2.6676553799931346
2.696338218155092
2.669478675479005
2.6755471935431503
2.7190054822070846
2.7146395311273377
2.71017252743758
2.677482724767821
2.697278861791409
2.621213664204396
2.6980788416775137
2.6447085526225895
2.6831921227276325
2.656242184469412
2.6313820316231458
2.637542699046176
2.6539615953405358
2.6515151737578986
2.616011206959856
2.6131500244012167
2.607611703718531
2.5820684256995547
2.6274699414598532
2.606944728963848
2.6110317853504212
2.653450064618012
2.5676677048463246
2.6169038017376742
2.5920527032737075
2.5648327034352154
2.5787596500896175
2.646802566752865
2.5617567302723385
2.542505678945574
2.599324246804262
2.6012114159891317
2.565463103739352
2.594538249139642
2.559571910199934
2.5373610728902034
2.5433297860596715
2.5445630169505704
2.5033684200767814
2.5616298897256113
2.550153326564308
2.5762767902864465
2.5665277804665525
2.591831082285478
2.507767427263075
2.546034125739644
2.544798892440981
2.493926053738286
2.519007328576569
2.5090873491918217
2.4863889079926342
2.473698035460608
2.5349932134408375
2.5564726492197347
2.508037383186406
2.579758900506743
2.4919385957563747
2.530504708595831
2.5268404049606157
2.472008495495237
2.480461266148707
2.4852690112231106
2.5038912839673717
2.5178185772022297
2.5071546450771134
2.478987308732908
2.5046748696216223
2.4894352754385305
2.4655297976629487
2.453042110428214
2.4870958599294055
2.4778615050017834
2.490387204071057
2.5167750488838245
2.4744860911420705
2.421204383645592
2.462656827450826
2.4734912399074127
2.487712708719332
2.497629861379492
2.432481958562958
2.43880648255862
2.471800463916413
