47.28469695305002
32.41966053535198
29.50587024462634
28.03137643994956
26.185167950802835
24.27156208969396
22.94047862753786
22.265990271650512
21.974743426359932
21.474715018066867
20.769704138410503
19.943867864793745
19.639598266317925
19.221474110052505
18.710269923354016
18.02099400039377
17.864818359243458
17.86053242251791
17.203355641200623
17.422388781247466
17.068293798072585
17.27117058994441
17.116831339638807
16.51918861783784
16.7019468689787
16.35838597190791
16.235426366329193
16.084669769324105
15.933311488864751
15.673252457174762
15.91469406567771
16.32223724625234
15.839465383825631
15.220982662562665
15.524475441410624
15.740135768364215
15.36363365681007
15.809361182923976
15.132505394775292
15.425061737668925
15.400364547710995
14.989306392340824
15.107883239614553
15.089107169159528
14.96138437040921
15.216095518449258
14.687730543058494
14.523883011834375
14.521371509751368
14.379241865256738
14.715332353937216
14.451731260994386
14.799371843451055
14.36061942885662
14.103881606254085
14.360713697969913
14.202855495543316
14.032691269599159
14.216108984474477
13.884176821030419
14.130075593960695
13.813544711162304
13.641990110791962
13.75360416903578
13.878311353510824
14.04903382217062
14.080625656349905
13.99434174314655
13.755347767780567
13.386283944649943
13.527564936670764
13.478704702237557
13.535323243716668
13.419841443670206
13.41311678752817
13.613902955219663
13.406365926923423
13.212874318505156
13.208670679608296
13.2773259171638
13.336492936159003
13.330789001851246
13.454326456990735
13.226605242182469
13.217090517282486
13.25592439852912
13.569861150250352
13.190540332218696
13.228675248807875
13.05043025006508
13.09899492356284
12.959335674242727
13.07087793124133
13.3055444447131
13.225848863350935
13.16029856970598
13.176366691959315
13.123121888730033
13.10682350011735
12.890349573616323
12.892976162248644
13.00951639280237
12.62339198949008
12.971307715465283
12.782050479075004
12.739798374987881
13.015753266112558
13.021992199379822
12.781317171351663
12.830135415083376
12.951832815747837
12.79627788734847
12.727225043136498
12.621814470352797
12.775498924584225
12.838596489922754
12.674684522994633
12.40708756703755
12.49085951108357
12.681236675073361
12.67880034703633
12.794801060495706
12.566105853637744
12.663090471563669
12.48308624609791
12.63588895263343
12.467827250731402
12.368551843639079
12.501670586394853
12.41803484076056
12.44702182093571
12.167325931890257
12.232553909051008
12.250295042734722
12.172697075482073
11.89131173260253
11.90634177650871
12.457386893445047
12.214142083094037
12.116381902889959
12.410099500726009
11.978539930335407
12.524160577819265
12.504923417907337
12.325932587015219
12.10958543496913
12.144398274606672
11.959385676630612
12.26855544000864
12.293324273208093
11.962472555195463
12.08644164738984
12.030804676228556
12.166645957478162
12.00865148290478
11.975051799981758
12.076415427029133
12.050810179833707
11.898918369977638
12.30297190105093
11.91384355929391
12.062069176599897
11.937207149791307
12.066355160598096
11.677714259203139
11.844759292643646
11.769014374963168
11.868993366329834
11.977072137183157
11.905456350281321
11.723400881578183
11.723988053356779
12.10154382165136
11.961771361015995
11.877753908521143
11.618357008130387
11.89247192596567
11.816346986540433
11.8730053089816
11.809000973557604
12.108628036647007
11.86831838817432
11.753279894333462
11.886706151838961
11.865475675926126
11.659465071456186
11.669580763270115
11.756616252763518
11.686130797040873
11.760971474236456
11.49477892137807
11.675454506586338
11.654108989341506
11.615256527631447
11.60240511133753
11.567357175309082
11.667573861520866
11.672180887953989
11.557799232160223
11.801820067239218
