-116.98745966355006
-186.95013058980305
-194.81790801684062
-197.42883641719817
-203.568896985054
-206.0642190615336
-207.998180492719
-212.3241264820099
-214.38563332557678
-216.38526733318966
-212.75192102193833
-213.1423924366633
-214.66136829455692
-214.5895423491796
-216.4813060482343
-216.67781664927801
-218.0855134367943
-215.53300648530325
-219.30165084997813
-218.286629764239
-220.05117200613023
-220.78607341051102
-219.96423545281093
-219.93583370447158
-221.3001856684685
-219.50760332345962
-220.00321430365244
-220.82019002834957
-220.31100527445474
-218.73820556799572
-219.44718529383343
-223.18347294330596
-222.4164935708046
-221.556001941363
-221.6116270740827
-220.5891171534856
-219.89391674200695
-219.7817633708318
-219.2362948258718
-216.49564584493638
-216.45418581962585
-222.16957602500915
-221.5379092057546
-220.53169826666513
-220.61866710583368
-221.86599611441295
-221.6808581749598
-220.1817986369133
-221.6111981709798
-221.82111622889838
-223.42221154769263
-222.40046295324962
-222.01055498123168
-220.82104284763335
-221.15257238149644
-220.99274800221124
-221.91142876942953
-222.39266235828399
-220.66317585309346
-221.22492944399517
-225.81322689056395
-227.76513237158457
-226.35902551809946
-224.71580257415772
-222.03474009037018
-220.83061617215475
-222.25540545781453
-222.19210678736368
-222.4354665994644
-220.49554615020753
-221.768856438001
-220.9263257185618
-223.6413576523463
-226.17347058852513
-224.3964603026708
-224.6223968466123
-224.55061899820964
-223.79033521811166
-223.94627238909405
-225.43853223721186
-225.38471234639485
-222.34289470513662
-221.30248895486196
-221.76648477315902
-224.14750190575919
-222.5957573334376
-221.95408957799276
-221.17509453296663
-223.79256443182626
-224.81356865167618
-224.7964788913727
-224.82471245129904
-225.38228499889374
-224.7835330724716
-223.78078874349595
-222.97470134894053
-223.4266480724017
-225.6441488782565
-225.881290268898
-222.5631208817164
-224.0333087126414
-227.39923136234285
-226.73875303268431
-225.4347985347112
-225.49100750287374
-224.7819111386935
-226.07757194836935
-223.56394584973654
-225.1329113761584
-226.19874390761058
-224.5742521206538
-224.2839365641276
-221.84102090597153
-223.2391361316045
-228.42424674828848
-228.10593192974727
-226.46923254330952
-226.7282773256302
-227.1152939558029
-226.28967850208284
-225.6187231381734
-225.2686419526736
-227.3358578523
-227.80155326525372
-227.2776879787445
-228.8685920159022
-227.1483926375707
-226.36219509045284
-224.25606723229092
-225.369837530454
-229.48631505966188
-230.13414848248163
-229.436347536246
-228.18964940706888
-227.62191008329393
-226.2676431973775
-227.7511125008265
-227.71517920096716
-227.41956355571747
-227.00974617799122
-226.05883620977403
-226.57377223968507
-226.85515360037485
-226.891903758049
-228.817188000679
-228.82475153207778
-226.57660117944081
-225.1872567017873
-227.21347706715267
-226.8137979388237
-227.86136337916057
-227.67443924744924
-228.86309467951457
-229.00287482738494
-227.77006546258926
-228.34504192670187
-228.34036208391188
-227.2429681301117
-226.06693975925447
-226.14910012483597
-229.636365433534
-230.17290421326956
-228.85203170379003
-226.74430774847667
-226.43234102725984
-227.06663736104966
-226.2881298939387
-224.54336116711298
-226.90311685800552
-229.53657760620118
-229.85349402427673
-228.61085452636084
-228.42206168969471
-228.01593660116197
-228.39769146442413
-229.28155017693837
-229.64058912595112
-228.2577480395635
-226.84423529307048
-226.67099767128627
-228.87184209823607
-228.12373025814694
-228.12321355342866
-229.019895529747
-229.38349989652633
-229.1180735349655
-228.43730435768762
-228.75060983498892
-228.59537957906724
-229.57897547880808
-228.2776217897733
-229.33281913995742
-229.74987004200617
-228.6111622095108
-228.37455496788024
-230.27894440491994
-228.3797647635142
-229.15540245771408
-227.20693816343945
-227.18363055785497
