42.140715608994164
24.44682207504908
21.059744031230608
19.698461770514648
17.92712126423915
17.59036000172297
16.0146455578506
15.208284881711005
14.583521023889382
14.021054344375928
13.270580466588338
13.75382543404897
13.344117508331935
13.1568655098478
12.911905483901501
12.311818631738424
12.321731958786646
11.490702334294717
11.416361261655886
11.080041594803333
10.782783508300781
10.492412541806697
10.351501360535622
10.867966982225576
10.21493142421047
9.999164883295695
9.555217323203882
9.653253519535065
9.298507819573084
9.468481234709422
9.390727724631628
9.026100566486518
9.082504000514746
9.114558726300796
8.786416838069757
8.480005966623624
8.708711813390256
8.622151989738146
8.493999753147364
8.517728900909423
8.730295635511478
8.237728736797969
8.235035137087106
8.267198859651883
8.142830978085597
8.058102085192997
7.921415765831868
7.7129768311977385
7.643587945898374
7.599376444270214
7.437215601404508
7.3786728322505954
7.12165459394455
7.240230886141459
7.3901472479105
7.1510495156049725
7.322409775356451
7.113027737289667
7.012821503852805
6.791438672939936
7.332349060475826
7.125745761891206
7.03401831711332
6.806646112849315
6.61067909176151
6.778092404579123
6.887099329630534
6.965511239568392
6.805191199481487
6.590047173202038
7.018107845137517
6.81403972307841
6.916107522696256
6.914486504221956
6.584188945839802
6.6140475557496154
6.47223070623974
6.42822083880504
6.502925973385572
6.589858702321847
6.54034675459067
6.435643776133657
6.50231176118056
6.365185092389583
6.5843265451490876
6.3178906039645275
6.336493300522367
6.328420215596755
6.717026812583208
6.294014964004358
6.412984645863374
6.395987673103809
6.254942667732636
6.275976495072245
6.017256728932262
6.232360066970189
5.874833768109481
6.577787047500411
6.140638059874376
6.331422746181488
6.266932987049222
6.104718182732662
6.057336001346509
5.876675039281448
6.206305164222916
5.912672668198744
5.685267295812567
5.787650336200993
5.954754948616028
6.078685167431831
5.98852927138408
6.000827948004007
5.7968806794534125
5.715897402664026
5.72760520366331
5.807745065291723
5.554490835716327
5.5362788621336225
5.649989226212104
5.58202841480573
5.678204685822129
5.603575691084067
5.53207441692551
5.437276636684934
5.377936685333649
5.226300351321697
5.641214635719856
5.290318745871385
5.572983285288016
5.332528286303083
5.357370584954818
5.54698016953965
5.476484628021717
5.130543414875865
5.2744334177424514
5.59942134420077
5.778868456557393
5.31861956740419
5.234033952777584
5.437785309056441
5.287543348843853
5.217791388432185
5.413342293476065
5.194664633274078
4.980120033646624
5.08502046999832
5.10465594753623
5.095187331611911
5.064275786280632
5.240479938685894
5.128757552181681
4.949758773297072
5.101610041409731
5.064747109264135
5.017709482833743
4.905376783261697
4.948656732340654
5.098011223599315
4.987902680287759
4.940450014173985
5.062382252266009
5.094734238709012
4.995619162917137
5.360603871444861
4.846073755373557
4.911700871835152
4.90053024366498
4.795413921276729
4.941107715666294
4.923657219111919
4.891302152474721
4.863417905693253
5.096018148213625
5.034549992531538
4.929980819175641
4.953267617026965
4.863925345490376
4.961381743103265
5.125417580952247
4.905922420198719
4.783697431286176
5.054445849979917
4.942935237040122
5.272114970038334
4.904291209454338
5.038395880535245
5.017325082918008
4.732595057537158
4.89897131845355
4.857583444068829
4.940614348401626
5.000389549508691
5.160475692773859
4.679823399956027
4.730646143853664
4.760519019514322
4.675313535829385
4.848331081867218
4.7896702405065295
4.654635684688886
