2246.3017140750226
2104.56654443412
2129.538381708079
2099.2808513641357
2082.186783757703
2071.3559260532775
2073.214073049611
2072.5455390667094
2079.832055190514
2045.7646204849768
2020.964000175739
2054.4167285458793
2048.9595170185485
2020.0246655036663
1992.8708467812373
1997.577686375585
2022.5100375208362
2033.253633762228
2020.8581372622787
2034.8004233590489
2009.0936792307887
2003.5206294881887
2007.6065039470277
1988.3703886887122
2008.6936155516526
1990.2832613320186
1975.635090926598
1974.2621492846258
1966.4739151987537
1983.8644716986294
2002.0957017438166
1941.808229643723
2011.4754018454717
1948.2673129377695
1916.9842096526047
1915.6334643857233
1955.0740591246506
1924.6095150914684
1974.517096091961
1935.9213936904382
1989.1578048837596
1959.9188256757013
1919.585937697312
1974.9292972170074
1911.5036040010123
1916.3161767762283
1946.8725216306489
1918.25551953809
1906.1859234119283
1909.7669826376027
1908.0608535306208
1921.950282129748
1925.8800276394547
1897.3630985062698
1929.8560621985073
1942.9387274117305
1933.0567289549729
1913.1142414684953
1925.9727716774776
1925.9219358707296
1897.7252512307002
1923.336185323781
1959.4597757931413
1928.148138177806
1912.1254930825069
1934.2761702044256
1917.779126529036
1920.2692357425033
1916.471806230216
1915.7075599801951
1921.2179519390238
1938.7652322834936
1914.9397253825746
1921.6192137619544
1920.3647204431995
1915.0990284229147
1958.0177712604918
1888.8306444760026
1901.1568007633605
1919.3286266326904
1906.6665577066356
1922.471662060968
1928.5161188717545
1910.134614220981
1922.453823352682
1963.9904793048727
1914.8047506398168
1913.9743875306228
1895.9204759268925
1964.637554563325
1918.6039995653875
1900.207324850148
1908.6149342635583
1939.196447635519
1902.9294946604762
1903.9551082479543
1931.0480470328496
1908.9121794207342
1887.000287746561
1892.0750573256921
1920.7494191136852
1892.7437149574016
1887.5277080207036
1908.5930740422216
1948.591734129807
1893.2835921583505
1891.8357299936229
1898.9165730311952
1921.0970907540157
1923.4089292328933
1877.4510162616598
1943.050660560871
1903.6668615998892
1919.892899348818
1878.4306812286377
1888.1440930530944
1871.0485824058796
1913.9637676765178
1896.3236583841258
1891.8359073112752
1863.564239896577
1893.72246176621
1843.9561394987436
1903.8798527553163
1873.5372006975372
1933.5624154847244
1896.982719947552
1891.5523818772415
1854.7523036496393
1868.539635230755
1857.9836215644048
1920.0894154844614
1835.3785317519616
1849.0400748417296
1878.0190894685943
1851.08670931849
1868.1727302814352
1892.750273934726
1844.9089994430542
1855.449758726975
1849.7911549272208
1899.39133693432
1864.6516559206207
1824.048434421934
1875.9915069053914
1841.6664089663275
1792.687955198617
1873.2482802292395
1810.3601315268154
1855.3990058898926
1845.3013894311314
1858.8341146008722
1838.8208275499014
1832.8364626785803
1823.2404273460652
1831.1558182157319
1844.320816862172
1863.4423812340046
1851.2989752868127
1855.4132992974644
1901.162450954832
1820.9293645661453
1841.1785792646738
1804.0725717215703
1832.5568044596705
1833.560564172679
1820.819725233933
1855.9169456547704
1853.5306609252405
1853.2046925446082
1837.7102204026846
1807.2851606237477
1813.2507763895496
1854.3581546257283
1843.9826946258545
1823.3277413598423
1821.2947927343434
1850.8394887200718
1870.4320180169468
1769.1385023511689
1840.765843950469
1805.4196525771042
1846.570596366093
1813.0519112554089
1791.9485134256297
1875.8291791718582
1796.8342109548635
1816.2351218256458
1837.2412462892203
1805.4120114425134
1850.1414643649398
1817.5269854973103
1850.042945302766
1830.351393798302
1839.801783693248
1847.7449861066095
1821.1803422467462
1801.3991540053796
1822.2858999186549
1835.8609044962916
