560.5505373724576
516.3883391413195
509.9671686928848
473.2428768256615
505.4556733986427
490.23508374444367
483.67231206236215
498.76879307319376
475.354644512308
485.4975768944313
484.5233557306487
470.1804856925175
473.65216077607255
486.70313667428906
470.80999241204097
483.7246898782664
476.8764598205172
465.38965072302983
459.6151940164895
475.8098981462676
475.74095637222814
486.79244345632094
465.0640550153009
465.1626674389017
459.2523067573021
470.2133203046075
464.2595116105573
476.1385757676486
464.8050015712607
454.9869329189432
478.9560444272798
467.46732891016995
460.80974013229894
466.23492887102327
475.5515248199989
477.2183507722
462.22155820912326
467.32280003613437
469.6709318325437
458.44678611590945
465.6092329354122
455.0751645565033
459.16867481429
468.93576638451935
471.3911921402504
463.1818827020711
454.3028872835225
458.0467299017413
466.56419223752516
463.2191354570718
462.8395184895088
456.92599830956294
461.5559946093066
462.2775401493599
439.17061200635186
478.7109415366732
458.1456309104788
473.11048963974264
461.9692947535679
466.0407766966984
460.93751178938766
433.96806968491654
454.0374773453022
457.6765123729048
455.33882030947456
466.68886776628165
461.55223312049077
456.4211595058441
446.2684094659213
453.57551502359325
441.66593658513034
453.8918023191649
450.9989109697013
447.8189172004831
471.2937219389554
456.6497115924441
453.64933189030353
457.47352575433666
468.79008312060915
455.3745595833351
461.5202175173266
456.42486116803923
440.94990100531743
456.4380821277355
460.81945891215884
445.4676232009098
475.10833903016714
471.2191054163308
445.46392100432826
466.0524887134289
474.6463882840913
470.5791665110095
467.7978528368062
454.70073234623874
451.3460839370201
446.3733697595267
455.19061287518207
458.25343107355053
451.2994251580074
445.94505612603547
452.9028648508006
474.9372424339426
461.345192218649
450.1760025599907
443.47369749792693
453.83230171532466
449.3171551309783
470.64339341788457
450.25996454008697
441.9044944006821
455.4742028631013
466.24974250793457
453.6787859653604
453.22649921219926
457.6597532486093
451.82080194045756
454.85699272977894
458.1401008901925
461.81273328846896
444.00017407022676
464.4608833707612
461.8442107315721
458.0922782503325
450.34070601956597
456.3589784770176
447.5345575398412
456.2874492283525
448.73408018309493
461.531414393721
435.78333927023
454.0216346115902
453.36056183946545
453.95120701296577
467.7735484468526
444.6656586712804
446.14971318738213
451.18441091734786
455.63128032355473
465.4578875837655
461.04856491911
456.0551593221467
469.35648980633965
446.27440171406187
450.55865467005765
466.35560979514287
469.9575535593362
456.3977270948476
444.4071542805639
459.5476013709759
433.9146021645645
459.22212939426817
453.19815883143195
455.08724673040984
451.3557856082916
452.03802804289194
460.2655830465514
453.4522339228926
457.64990500746103
457.68235068485654
459.6712286061254
453.41086121263174
441.1822015992526
451.1741876931026
447.43097482878585
455.36950757585726
454.8779283885298
436.54577615343294
459.58915657832705
460.4918131170602
463.36870193481445
450.19474886203636
450.9367867831526
458.32902600847444
451.59842966342796
447.2940461717803
448.15817327334963
461.00989520960843
450.8634700446293
456.771739515765
454.1169152917533
453.23135717983905
456.91743031041375
460.41234547516393
435.2235949779379
448.7726769118473
449.43652347860666
444.60965940047953
444.5673775344059
452.3093261061044
459.41658080857377
451.19534291892217
440.2001623367441
460.11308934770784
443.0369289332423
445.6161109496807
450.6930707240927
448.64201441304436
455.2209053039551
448.9314719397446
459.18286765032803
