453.43751455997597
335.54523597092464
303.4907047830779
282.48587277017793
267.1247502606491
255.6559072445179
247.08891515074106
238.2104723535735
230.51427221298218
223.50762879437414
218.46003393469186
214.0542454431797
208.64306901652236
206.6309372309981
203.37164029170728
199.45783425199573
197.57897268903668
194.53504889586875
191.38206451103605
188.66695119594706
187.3978714942932
187.3685909632979
183.65805940792478
182.36756311613937
180.16689851777306
178.39775884562525
176.96942963682372
175.97161814673194
176.08010762724382
174.44475277538956
172.53474579186275
173.26871750272554
171.85259688722675
170.40413682214145
169.55778510817166
167.94723804654745
167.60338617604356
166.49206032013072
166.8126396146314
164.44687527212602
164.90441656523737
164.63255687417654
163.73615914377672
162.44775746608602
162.42805405320792
161.86824307359498
161.37739287162648
160.45012126297786
159.51487061895173
159.4249166620189
159.18910125617325
158.55797183102575
157.52730242959385
158.03648344812723
156.57385570427468
156.04870764962558
156.22272023661384
155.3165334422013
155.25677369380819
155.29672414269942
154.11070348065476
153.98686572601056
154.01632233734787
153.53373408728632
153.1048789846486
152.98837868098556
152.2551055283382
152.49158088503214
152.03469042942442
151.788920941024
151.63041284988665
150.57487824045378
150.45659213230527
150.50115151240908
149.88145623535945
149.63139990691482
149.5815805690042
148.75914922664904
148.14000255486062
148.39850804723542
148.33868227333858
148.2282192830382
148.29719849290518
148.58742281897315
147.9194594786085
147.47452845244572
147.30718284639818
146.65114325490492
147.10258237657877
146.22721483378575
146.8048624951264
146.16663646697998
145.91146286602677
146.20350043527012
145.62663831381963
145.83501542847733
146.0859158409053
144.77973541309095
144.66523706501928
144.20316061480293
143.97274033776645
144.38885967895902
144.33000504148418
143.509154837707
143.3423681670222
143.37318077580682
143.79759433351714
142.3286852261116
143.0105301265059
142.31660810421252
142.63509950144538
142.1624448546048
140.74112079883443
141.2815030032191
141.74280533708375
140.93818016709952
140.932109877981
140.89908312106954
140.80461044558163
140.76245111843636
140.39305865353552
139.8990115256145
139.70607316905054
140.49862374930547
140.34496844636982
140.78094581899973
140.05532129879654
139.7821126107512
139.50197965523293
138.22468612111848
139.09062775661207
138.3447893487996
138.88851775794194
138.37592660147567
138.63801640066606
138.32339260907008
138.128685692261
137.67445389155685
137.42046526382708
136.38023532259052
137.47950894668185
137.08681497080573
138.4126552302262
138.01269048657912
138.43732116140168
138.00212369705068
138.02581915362128
137.29027005721784
137.14032911021133
136.63658654278723
137.88417343846683
137.36295880120377
136.96138044883466
137.13881710891067
136.8760520795296
135.9048052943986
135.6232158068953
135.66968228077067
135.17653541318302
134.89803791046143
135.4940335832793
135.34468958295625
135.75508112742983
135.68413674009258
134.388944153128
135.092431269843
135.43956293319835
135.43341974143326
135.04436849725658
135.03503330822647
135.87789639111222
134.8559682862512
134.44915789160234
134.06080218430222
134.84465422301457
134.74035943787675
134.9080099525123
134.17783197041214
134.04399973770668
133.87824590863852
133.64400834872805
134.06188899073106
133.92968487328497
133.12394706545206
134.10266094783256
133.53991973811182
133.63949904770686
133.00388016782958
132.72781132007466
132.88879772712446
132.4177048124116
133.48929649385911
132.63971480007828
133.28982797162286
132.9781390798503
132.6196698690283
132.57441563852902
133.10584406606083
132.36501383781433
132.01917281644097
