37.76929911816942
13.822263495290073
5.980464156331687
1.3174695714280522
-3.302166032636988
-6.26579621639745
-8.83276126662205
-11.031634133951417
-13.323953491860422
-14.85950491192012
-16.657268058637094
-18.71990597864677
-19.315092522522498
-20.35548641352818
-21.744342982769012
-22.037476404987533
-23.67994955079309
-24.096154691844152
-24.57032709286131
-24.878774421996084
-25.451496491144443
-26.193086116478362
-27.16490677615692
-26.456496940604573
-27.96679442915423
-27.97940184843951
-28.989531648570093
-29.135209559366622
-29.51500577762209
-29.994697282026554
-29.89585463445762
-30.218358902067973
-31.116668352793003
-31.03930404062929
-30.78866766136268
-31.944610302818234
-32.33157389225631
-32.493495217685044
-32.317600897673906
-32.31162647234982
-31.12394313565616
-32.991116102399495
-34.071849000865015
-33.30295014586942
-34.009927160781004
-34.24684157453734
-34.15181719434673
-34.255490979243966
-34.89969719689468
-35.0573056997924
-35.01572055343924
-35.395558563799696
-36.9962722566621
-36.09648487382922
-36.29329499396785
-36.30828722386524
-36.42751093157406
-35.76655213175149
-36.291458526562
-36.844258009359756
-37.0684753666664
-37.39361853024055
-37.45782557951993
-38.4344181963082
-38.06569222643458
-37.46917065258684
-37.69754554793752
-38.72386719132292
-37.835684290219994
-38.429903507232666
-38.61655471859307
-38.79801617408621
-39.29736542701721
-39.21298002066283
-39.316343457534394
-39.23702601934301
-39.50140029089204
-38.971635903777745
-39.80134094378044
-40.25109061598778
-39.88583744086068
-39.44216660590008
-40.297759060201976
-40.140054744893106
-40.080970531907575
-41.258571578510875
-40.783766924307265
-41.567564113386744
-41.204235965835636
-40.4967973119226
-40.75714765232185
-41.87588084874482
-40.89089385291626
-41.44034448163263
-41.763922299804356
-42.40010154041751
-40.99222328642319
-42.3841197069349
-41.79689740723577
-41.833724793689
-41.9462067382089
-41.89082268394273
-42.669109509936696
-41.77111890603756
-42.68426187182295
-41.90478694336168
-43.00439627108903
-42.49336630722572
-42.885643235568345
-43.03449915400867
-42.59918707917477
-43.099206523648625
-42.72890441993187
-43.72902832257336
-43.32072780872213
-43.63791475213807
-43.551883226838605
-43.850487068809315
-43.23838212983362
-43.65468690313142
-42.92326627003735
-44.130187688202696
-44.111731638168465
-44.615433703208794
-43.990517441568706
-44.1716362155717
-43.98473083972931
-44.00536564198033
-44.02708109391147
-44.51988800640764
-44.242754103808565
-43.690671900223045
-44.62783619555934
-44.39619162781485
-45.0621072095016
-44.55969166550143
-44.49225474842663
-45.42359029424602
-44.952875671715574
-45.03869235207294
-44.13834992359425
-44.55789352182684
-45.40271781025262
-45.09115564001018
-45.55467843187267
-45.499823345192546
-45.34474973431949
-45.14131204424233
-46.300418218661996
-44.83614092243129
-45.40044006191451
-46.049759084808414
-45.428950718764604
-45.911303008424824
-45.387157811173076
-45.707350744255656
-45.36239835928227
-45.796659015375994
-46.09303994836478
-45.67430730215435
-46.38605668935283
-45.901271857064344
-46.07188710673102
-45.01483806453902
-46.18751640669231
-45.926181633924614
-46.52111422398995
-46.487139481922675
-46.93102907312328
-46.443688132639586
-46.84065391277445
-46.729148624272185
-46.40252439523565
-46.5124380054145
-46.07021979319638
-46.72177723563951
-46.46631787974259
-46.47368454111034
-47.42129636221919
-47.185322640271025
-46.8763416943879
-47.20765762493528
-47.19836519709949
-46.43171203341977
-46.647107048281306
-47.08238465004954
-46.77438151528095
-47.23168165108253
-47.30494705561934
-47.243193330435915
-47.58164471593396
-47.06543663041345
-46.70906069155397
-47.00075598626301
-47.02745125622585
-47.11004019811236
-47.931135389311564
-47.411551870148756
-47.38222067520536
-47.318368767869885
