1430.932266553243
868.3547578970591
726.867344156901
651.899187819163
619.3087617874146
570.1298212369283
533.5116066296895
500.355245145162
476.5888334274292
463.5271540641785
435.92345670064293
421.0620475292206
406.3286127567291
391.9917777856191
380.5435732046763
361.0345022837321
355.7106686035792
337.3605038404465
329.2074218908946
321.074232896169
312.2120909611384
312.4966345389684
300.29397105375926
297.8787519534429
292.60015581448874
289.5736721833547
283.66003686587015
278.251399230957
277.45442570050557
282.72927538553876
272.57812095483143
267.22603174050647
263.6739448706309
262.50432623227437
262.94772646427157
255.42172950108846
254.18212470213572
259.08501653671266
252.82646119594574
246.79236488342286
245.97513746420543
241.1031195720037
241.67431972821552
240.94124581019085
239.7245943069458
234.58392000993092
239.1752329349518
232.39306367238362
229.16618382136028
225.39611535072328
237.8395109653473
225.45738470554352
224.75203816890718
220.01408036549887
222.46791763305663
219.3507930914561
223.70997809569042
219.31752613385518
219.2419289827347
216.1980568607648
212.7660471200943
216.04701960086823
208.93892183303834
212.8568251212438
215.21949644088744
212.85508228143055
211.6004064877828
206.85878632068633
209.66870913902918
207.20280247131984
207.79713076750437
209.68386762539546
210.07091768582663
208.15419880549112
203.67618327935537
203.7768067240715
201.65364538033802
201.14761943817138
204.88014268875122
195.75364801883697
199.85908969640732
199.6064349293709
200.8445913553238
201.00211046139398
200.74088326295217
196.37197049856186
199.8131491978963
197.23378262519836
194.59225858847302
192.71771337985993
193.19975089232128
194.95735677878062
195.7213387767474
191.64376763502756
191.5186815182368
192.18677224318188
196.33448201815287
191.91100942293804
184.03266967137654
190.71243574619294
186.98920568625132
192.10262526671093
187.5791315038999
184.37709443966548
186.51578576962154
180.31966601610185
185.00845235188802
185.68440330028534
178.95351249774296
180.47349009513854
182.73355632225673
180.21864538987478
182.2103766520818
188.289594523112
186.91177696386973
182.89604613780975
180.7077441851298
184.81744371652604
182.8466768980026
183.6122152606646
178.12122202714284
184.26960416634878
180.58993330399196
184.20316873788835
179.01349970499675
182.74168288707733
178.8074140548706
174.16289586226145
175.82291420300803
177.19874461889268
172.31741619904835
173.0900599082311
173.6738474925359
178.90621185700098
173.5314827601115
174.43965653181075
178.61508210102718
173.19958187739056
172.84123752911884
172.4266288836797
173.486174428463
170.87139483292898
171.03059040705364
166.57348152796428
169.984958700339
170.46004303296408
172.1830291748047
170.5047516266505
167.41318772236505
171.60288343429565
170.89066824118296
169.77541631062826
165.39587051471074
167.1494947552681
169.48402093251545
171.8559738198916
167.96263080835342
164.44890246391296
164.28301431735358
165.90156497955323
162.40422742366792
165.7431258559227
161.98146470387778
165.50964175462724
163.23549754619597
164.38922826449075
165.98530990680058
163.453449289004
169.93012535572052
167.81799735228222
164.19752745628358
164.6286416053772
161.82399235963823
160.27348739306132
163.15411980549496
161.27642365296683
161.6107471426328
161.23371405998867
163.77199906508127
162.08476305802662
161.51858542760212
163.29437433878581
164.5473009109497
162.0968116601308
166.62061497370402
160.4381437500318
161.56296650568643
155.35395722389222
161.4462106426557
162.28737519979478
164.91495886643727
164.20851361751556
160.70635562737783
159.9047528028488
160.2969786087672
157.8261250257492
155.35475495258967
158.3947276552518
157.65830889542897
155.23333185513815
