955.6543062051137
783.2441946824391
707.9882494608561
658.8560149351756
620.7099953095118
589.7616270701091
573.0619340419769
550.9380386034647
534.3150090456008
517.6373049338658
496.0873995145162
482.2476336161296
464.717649324735
463.1079691410065
449.2575893521309
437.9082860072454
429.6368423422178
428.2250443617503
422.90311359564464
413.39384550650914
405.95795175234474
401.18531754016874
396.81170068184537
391.00743910471596
382.9630662322044
382.96627274751665
376.8549561142921
368.7322237094243
364.62252105077107
361.37265418370566
362.35895768006645
354.66958906253177
350.6327656944593
346.9363782564799
348.25743233362834
343.3094441731771
339.5377399265766
341.49368974765144
342.3032876610756
338.0704323172569
337.77549295425416
331.92319676081337
331.2044630368551
327.9631176610788
328.1644531071186
325.6671118378639
325.7292311608791
320.6386414249738
321.65448732972146
322.3280978500843
317.0394393563271
316.8850775102774
314.4371617138386
313.0946161925793
312.1560255646706
312.0461256802082
311.93959100842477
307.09974031448365
306.53533199826876
305.44530573884646
302.7077392180761
302.25661844213806
300.914847634236
298.9188787519932
299.8862621744474
297.67735958099365
300.2871611456076
297.92213977773986
295.53046750624975
294.852679403623
292.8530015627543
296.54266443451246
298.42046914895377
294.4484566271305
293.0532537937164
291.0472420990467
290.67472624381384
288.9474278132121
286.97727302908896
284.511645001173
286.84833284815153
283.7878796736399
284.5578155418237
280.9978655954202
281.6329376836618
284.23033439715704
283.8829741815726
280.6500362813473
278.7767920235793
280.51496181090675
277.4781801025073
277.67883297403654
277.2431477258603
277.1017369608084
273.24848320782183
273.65862563451134
270.9177330394586
269.63807590206466
269.70219893952213
268.50631922384105
267.5625095536312
267.3293190519015
266.3318628470103
267.9342255761226
267.85350636939205
269.1773930678765
265.9876528422038
264.35559573272866
263.54821235934895
262.8844791640838
270.1632664610942
264.48515471120675
264.4949910183748
262.7942728380362
261.0600231240193
261.28363150854904
263.5748588045438
262.54962665736673
261.2549743026495
259.2709307938814
259.88267635653415
260.600879295667
260.37546445379655
254.88348928590617
258.41976893941563
259.71334650119144
256.96706517537433
255.81459014415742
255.5370720456044
254.23441145420074
252.02300437490146
252.31834613283476
250.88943174630404
250.90529198745887
250.2131733049949
250.91699501276017
249.46684206525484
250.28635768989722
249.21770816842715
248.12187423805395
249.72339905599753
249.83690756062666
248.85553917537132
247.49809982925655
248.20256800005833
245.95844629953305
247.15352307756743
245.42762726048628
245.60138671894867
246.66512151807547
246.48787642021975
245.43121318469446
244.88800879766544
245.64929219931363
246.59854043225448
243.55525831977528
244.1007299286624
243.03691262801487
242.1545992979159
244.35819846888384
243.02771460711955
242.03789703796306
241.80930166020988
243.16978143950303
241.90776789138715
240.57547083199023
240.25604830235244
241.3428288315733
240.60938067709407
238.49816516985496
242.08027674506107
239.6495158061385
237.6357252980272
236.97665164967378
238.05957255164782
235.5595828205347
232.81986846253275
232.1233900328477
236.39312501425545
232.5699970514824
234.03198367108902
235.94215029925107
230.73506525705258
230.8368104704966
231.6092826584975
234.87683448493482
231.38953580792682
229.7995969623327
226.6827691629684
227.20903365015982
225.15752557739614
223.4387965247035
223.15237641918162
224.4997826969251
229.41273536272348
225.39854050378005
223.65151067382345
222.94999734958012
221.30624870856602
223.7539518956095
