528.1380790789922
417.4363086859385
385.3121181329091
361.8272212704023
342.97229347229006
333.7705707410971
323.3472688615322
319.60835570295654
308.2998971362909
303.4032998283704
296.97407439152397
294.0196788410346
292.1225361009439
287.293811861674
283.54992787043255
280.7280597229799
277.9065489689509
274.45979965925216
272.7765291492144
269.3746278464794
268.00323444008825
268.9525409370661
265.80072902341686
264.18986349205176
262.39885858893393
259.2753022561471
258.72980061570803
257.2580018669367
257.18843224247297
255.28939175804456
257.3453689624866
253.87636865973474
253.57838663260142
251.44628050774335
250.9466643959284
250.88450461924077
249.183797899882
246.5681467394034
243.7823184231917
245.0083855589231
242.2360829954346
242.51265124281247
242.4239293684562
242.56611742824316
242.6840210373203
242.88608798384666
242.42777900894484
238.1449824894468
238.63536193494994
238.65913703292608
237.96349317183098
237.30628052055835
236.67851355622213
237.08451306770246
236.5730094532172
235.8843582029144
235.06187739670276
234.1276643683513
233.76898565640053
232.97879388953248
233.8371947561701
233.30307539304098
232.6903603978455
231.9080632691582
230.38805896639823
231.2887438406547
230.73046604947498
227.57912757160764
230.47154534893733
231.22641600507
231.6352061321338
228.8765441586574
230.23907927076021
228.7201045597593
228.62199352364988
227.0193132137259
228.5870898598184
229.04280590539176
228.51357071250678
227.16353821753194
224.58022086322308
225.89618493691086
226.4822831513981
227.97005855590106
226.49202487431467
226.0652924079448
223.16248784000055
226.09697214215993
226.20362180943292
223.61658881915113
224.52916940785946
223.85100456507254
223.70554565625886
223.21785265890261
222.50893932431936
223.56538131621977
224.75438683155613
222.32458712750426
223.06252750903369
223.27616819366813
221.15807128037946
221.803196946159
221.27263221368193
222.33929841772962
220.6066376487414
220.40774721689522
222.41294178022846
220.0208504110885
218.5424648772925
218.8033128214379
218.65189617350697
220.39917691188555
220.102678825551
217.97191194556655
219.2138253195832
220.05472209043802
219.82777839787303
221.14899675473572
218.52621028224627
219.43420142953593
216.77483934462072
216.90989732767144
218.19917294668656
216.1952615695695
218.63480455776056
217.37376503720878
217.1036511177818
218.65305747563642
215.7278583562312
215.86139595185716
216.314571946611
216.82460174113513
216.52722252806026
214.38349059109265
216.00248337661228
215.23643221878447
216.43861809944113
215.87404002603142
214.89802791650098
214.14240149756273
214.89623540130754
214.38348592966796
213.05280657503755
213.91209888905286
212.38413467990856
214.83051931634546
215.27701069960992
213.91193121597172
214.68605451538073
215.2808550847384
214.0679499124487
211.81987222557265
213.94456071977814
215.4132567251722
212.03673543787252
213.0552370025466
215.62988857040182
213.97372814230621
212.87242486728354
212.83832188776384
214.92760631938776
211.03051251098515
210.55140248164534
210.77814279844364
211.4428498973449
208.728613336881
212.75259290859103
212.58617869814236
213.23986336241165
211.0412855952978
209.15071465820074
210.49508165866138
211.05207398633164
210.8513209734733
209.71223125391018
210.37786777460326
211.1126991113027
209.51301381190618
210.950464849174
210.33559526552756
209.55860964854557
209.94582574168842
208.40647600268323
209.33425327899556
208.5098587853213
207.5810811204215
207.7928900058071
207.84571037217975
208.5909120693803
208.76862507462502
208.59557612190645
209.63146212150653
206.9391788624227
207.83692228967945
207.99284487118322
208.96864100346963
207.1589902110398
209.6041933228572
208.39839325249196
208.13944677660862
