252.79599166738575
247.2256952195332
242.17231811737193
241.59339233924604
240.3320542697249
238.70990578881626
240.96949577331543
238.10531277903195
238.73042174043326
237.32952550361895
238.07344770431519
234.59424793720245
235.010817490775
237.3143429468418
233.36576107041589
233.13835394793543
236.1733355357729
236.01521052985356
233.14397802435118
234.09832106787582
233.7304341340887
232.95632702317732
232.50365384693802
233.20827543735504
233.92278617003868
234.03114617693012
233.7642394838662
233.8839236374559
234.12226466063797
233.8273686787178
233.54554855001385
233.03492908231144
232.11541188996415
232.41354532077395
229.9403664161419
229.76389922355784
232.05834757870642
231.37997628491502
229.8196368258575
230.27775671153233
231.44602482483305
231.85661795632592
230.58677480960714
232.04199457579645
230.070807128117
231.99131844372585
230.4828578603679
229.9770913535151
231.38636763342495
229.7682097245907
230.71189269115186
231.7267822684913
228.93570263221346
230.47455973871823
230.18933176172192
230.29633293069642
230.1089230652513
231.8985675696669
230.99171243864913
230.7867911437462
228.57976301374106
232.2657345903331
230.6757326907125
229.57413650381153
230.37053485574393
230.5666429009931
228.6089137258201
229.87222323746516
227.48844768261088
230.6706665425465
227.9373096227646
229.78986262041946
229.26177531275255
229.88479460930003
229.47000824994055
229.25164182432766
229.81364402277717
229.64494970338097
229.08496623614738
229.38306336978386
227.7248509094633
229.97807267205468
230.50930947681954
228.70306699851463
228.4012751414858
228.00411295890808
230.59242204139971
228.88204015123432
227.35173778287296
227.7416779830538
228.73909112913856
228.7752310983066
228.96553426364372
229.30059822674454
228.1593565118724
228.13233244419098
228.7937359398809
228.32216337631488
228.66795962021268
228.9689434807876
227.94374821925985
226.83715575727922
228.11750358959725
228.57759608071427
228.32568088482165
226.31834865438526
227.9078569823298
228.13693555059103
228.87603457631735
228.56827603126393
229.94985754736538
226.7616379014377
229.8184372638834
228.95969848386173
227.5187794915561
228.07229434621746
227.409620741318
227.0658120862369
227.26599094785493
227.58267763976394
227.61510634422302
226.83747663580138
227.45831171397506
227.1212154421313
227.9288012816988
226.95833465970796
226.75980932548129
227.64579354072438
225.41464085003426
227.88820237126845
226.0236118661946
227.08869664833463
227.72096772440548
227.03662417674886
229.93841608228354
227.57032345492263
229.80495138414975
228.4269029354227
227.79966717752916
227.3875896272988
227.14181650918107
226.0789041395845
227.2556310809892
229.06250343651607
227.20834467739894
227.69317093799853
224.9568298520713
227.49295184941127
228.13737688804494
228.2496178026857
227.82755647856612
226.69073869031052
226.3678117250574
225.33244889357994
226.96137547081915
226.4203347460977
227.4043677428673
227.6361347889078
224.30356741362604
228.4013719640929
225.9869937485662
227.1693322987392
227.8362767408634
226.67638536568344
226.46446614018802
226.38533739797
227.54469785197028
224.79107252893778
227.41922612436886
225.55480310834687
226.7449539776506
225.79070614535232
227.628850024322
225.81480316047012
227.95890819615332
226.63132483794772
228.25809875027886
223.8027323813274
225.08692013395245
224.9118141963564
226.99584568780045
224.32658633281446
228.24829434937445
224.77080644410233
226.8513400677977
228.35659042720138
226.3513018427224
227.0486114641716
225.76204096448834
226.8415242186908
227.92352412897964
224.84779417925867
228.07047393404204
225.70618608080107
224.44161860285135
226.8712010959099
227.13035545677974
227.1116927903274
227.119798590397
226.60541222013276
