252.19445634710377
247.64731719987145
244.07284537677108
240.7825503020451
240.2066444035234
237.74254060613697
237.95591380678374
235.99559575113756
235.1875443951837
236.04786316279709
232.41363519635695
233.58018442269028
231.98484942830842
232.98299330267412
230.38867282867432
232.97218855907178
232.71088000412644
232.13310224845492
231.46629056026197
229.07908588853377
231.35501376513778
230.44534949187576
230.67731123135007
230.40052484232802
231.46119521404134
229.37141397492638
230.10972878439674
230.25262112453066
228.83346221364778
228.86565451786436
230.11828804838245
229.58074688911438
229.27519733741366
227.57532161268693
228.94765304285903
226.89094526603304
229.30636297423263
226.2341489463017
227.8099911459561
227.6362745926298
228.03969093026785
226.6267769048954
229.12809712311318
228.49641454219818
227.38868902469503
225.61226148029854
226.76827118314546
226.71066435452164
229.0599840427267
226.54540995482742
226.64203182993265
228.191858242298
228.47258559999796
225.0857573172142
226.21831292530587
225.2151304072347
226.25830147184175
225.26829750784512
227.6812280005422
225.879560618565
226.92304208771935
227.70352423602137
223.83837509155273
226.7575026339498
228.55014708535424
224.24921693473027
223.94992252053885
225.96470600572127
225.3424151889209
225.4237493646556
224.45972242848626
227.64534522747172
225.1627584120323
225.5965301415016
224.57684439626235
225.51813448708634
223.41820771940823
225.73715873422293
225.8003983209873
226.87097840062503
224.38503874581437
224.3612585643242
224.99364613253493
226.78961510904904
225.11825209239433
225.48779102851606
224.4028116916788
223.5660090610899
225.41997598779614
223.79141964172496
226.84757659764125
224.65532164738096
224.2482182815157
224.11438609402757
226.51028363046976
223.78357252581367
225.8734884015445
225.77834153997486
225.35112304112008
225.33496946301955
224.77131843155829
223.91536620156518
224.3079868431749
223.49099153485793
223.7196646599934
225.103122633079
225.04429420931586
224.74183620666636
223.13957589659196
223.84294188022614
222.9412064223454
225.20414682092337
226.2178471499476
224.1517466347793
222.51846980226452
224.8059836256093
225.06888056623524
225.620898592061
224.2949511799319
223.18676271109746
222.0636321593975
223.30356309331697
223.66224105193697
223.56682396346125
222.3659293733794
224.2244577531157
224.64978160940368
222.9964565984134
222.9173243169127
223.19877707547155
223.4711655460555
223.42352415775431
223.12270442370712
221.48742677836583
223.50413076630954
222.85304313692552
222.47762804195798
222.6523027995537
221.1671030850246
223.20034107668647
221.98152047190172
222.269844322369
224.1173182890333
222.97750451647002
221.0987818898826
222.7370947928264
223.2983388284157
223.76664287057417
222.72067054797864
222.07035233645604
224.01531064921411
224.28222569926032
222.61654987828484
221.95749284070115
222.9499133496449
221.5503389424291
223.12736082077026
222.01400560346144
222.13657660319888
222.76254219844424
223.18246135629457
221.21737662677108
221.3827540175668
227.40323224972033
222.85119077666053
224.40490162783655
221.51283166326326
221.87238541142693
222.43142413681952
224.26288580072338
222.02903685898616
223.51525502780387
222.31869408179975
221.96047429380747
223.08076602837136
220.72203302383423
221.2635081595388
223.65996120304897
221.74046179343915
223.37347497200145
222.7475468660223
221.30769246200035
221.09477391325194
222.42096228846188
222.2182942094474
220.58721715417403
221.72643243855444
219.96972632408142
224.83782758794982
223.59908382234903
221.3598634374553
220.55620509180528
221.3625906746963
220.96660523579038
222.6498656149568
223.27979683053906
221.46893157630132
221.68731598607425
221.4506123107055
222.75521573527107
