1160.0366891066233
991.8004541238149
887.4186655839284
830.2936720530192
785.7941273530324
743.3308620611826
715.1569435119629
684.1409585873286
665.0415727615357
639.5727664868037
629.7058380683263
613.9161908070247
596.1960182507833
588.2496516545614
574.9602633953094
560.4499915043513
550.4535762230555
541.0782565911611
534.5874364217123
526.5837413946788
513.4148278951645
505.8520745197932
495.26364456017814
494.1852022488912
481.6206771771113
470.2284660021464
467.5203859726588
456.7660678068797
453.1546949863434
449.4795841932297
444.15093242327373
438.9918919245402
435.96660791635514
423.3149683753649
420.7340542515119
416.78088337977726
413.03963886499406
405.9706772486369
398.07006383339564
392.75349706014
390.8522107203801
385.68781406084696
383.34787220160166
377.9230039517085
376.95253149271014
371.3476225733757
365.4594938158989
367.64877903461456
359.6107817371686
358.93299750884375
352.8407550175985
349.2010352651278
350.7339405258497
342.6459322094917
341.7166381637255
336.1812141696612
331.07721991141636
331.99862406253817
327.36322266658146
325.97593684593835
323.23707685470583
321.5891772309939
318.9684364457925
318.24415512482324
314.01950821677843
311.98253509402275
312.37210776805875
307.98687573075296
305.74152523477875
305.23042539159457
303.65952267050744
301.64301090637844
299.90552871227266
298.1524127403895
298.19471985300385
296.1074016491572
293.61669509212174
295.14461565216385
293.6477346499761
291.11657975912095
289.76544938286145
287.55575758218765
286.54612988233566
285.6690112411976
284.4445290784041
283.70160153508186
280.617204217116
282.46717544396716
280.63772720893223
277.06377565463384
276.06535330613457
273.092833540837
270.53070674737296
269.7708236793677
269.87635356386505
268.8198119699955
267.038755735755
267.0316091477871
266.28814234932264
266.2878032773733
264.2226220866044
262.3264617472887
261.9785898039738
260.9670601844788
259.4139116774003
259.2011209646861
259.59273760020733
259.5969625065724
257.67458620170754
257.546404877305
255.3627599596977
255.17719160417715
253.5942967861891
252.23599222997825
250.9482795049747
253.26377484202385
249.8910250713428
249.68206631541253
249.27291020651657
249.36791162292164
250.80787857472896
248.31984913349152
247.8237105359634
248.050163363417
247.0868342022101
247.35007015764714
248.24420576691628
244.9107207675775
244.92174371977646
243.95684753259022
243.03012604316075
243.10526735981304
242.00912550985814
241.8823425134023
242.25811830411354
241.94598973691464
240.18152563969295
238.97616813033818
239.41990749537945
237.70566137830417
239.06365434527396
236.9491377159953
236.84691937665144
234.78367299586535
235.91723071138065
236.0330436597268
236.9485162511468
235.90268067568542
236.8690391331911
236.06492689500251
236.81361691206695
237.1286996866266
235.62466348707676
236.1567290832599
236.24054909348487
234.04125628769398
235.11324977974098
234.8037459467848
233.13337887078524
233.67652913630008
235.63582991957665
235.46171424488227
235.14220615277688
235.52001604835192
234.12271043906608
234.26154513607423
232.9402104134361
230.8167986219128
230.7548054948449
230.73829840123653
230.80722601860762
231.68946071962515
231.4752533500393
231.42863756914934
228.65490223815044
227.82685907185078
226.86632289091747
225.3859889268875
226.30361135452986
227.12387770712377
225.8614404797554
223.94190816332897
224.59435389687619
225.32335733820995
225.7618943306307
224.78703861807784
223.7219909499089
223.37188733518124
223.67189928889275
224.07396640007696
229.16097991665205
225.35170496354502
223.93639974246423
222.9830430517594
223.26157133430243
221.9910426961879
221.69105098148188
221.19039706662298
220.75378474021952
219.4210457759599
