701.5870180130005
686.68168592453
651.201954126358
636.5142834186554
591.7176613807678
616.6811089515686
554.2349774837494
604.1420888900757
579.5936162471771
582.6267731189728
588.0017037391663
551.3322885036469
571.5328924655914
578.9444196224213
548.6290485858917
562.2810750007629
557.8935179710388
544.8331501483917
559.5085718631744
533.0675089359283
534.5005605220795
540.9538054466248
516.2462167739868
510.31109619140625
512.9582486152649
519.6298801898956
512.8532860279083
512.5894894599915
511.1958038806915
494.32761096954346
496.5794916152954
500.6650948524475
476.73261761665344
482.21940088272095
493.73216485977173
483.90827107429504
486.16160225868225
488.3877761363983
483.38579511642456
472.6596260070801
484.75534534454346
476.36837124824524
472.7446436882019
473.847617149353
477.81334948539734
474.2619071006775
484.7830264568329
450.3034813404083
462.8844864368439
469.0919053554535
460.1646056175232
457.92259669303894
452.9362895488739
461.8270437717438
442.7718012332916
427.41821241378784
442.0061585903168
464.4790313243866
449.31929087638855
441.5016129016876
428.54931020736694
443.2059555053711
437.55659103393555
453.0846071243286
471.1930105686188
443.63886070251465
454.11223316192627
440.6541357040405
428.09617805480957
439.29554510116577
433.3105421066284
444.56152415275574
442.98555421829224
449.17790365219116
421.5663366317749
437.2631390094757
425.9393882751465
420.3861622810364
416.5917546749115
432.1776714324951
420.2508189678192
414.86041593551636
421.17876076698303
426.33216190338135
419.6096405982971
414.1575493812561
400.8104181289673
422.54637694358826
420.2451376914978
432.60050344467163
418.1450397968292
404.55546712875366
411.71278738975525
412.9620234966278
428.30247688293457
405.2667145729065
428.16503834724426
416.6677870750427
412.77466225624084
408.46454787254333
420.35203433036804
415.3644781112671
418.23235416412354
436.02325081825256
407.1028950214386
423.96391582489014
401.3564250469208
409.7687029838562
416.3054344654083
401.03218936920166
428.6854190826416
403.4686510562897
394.3174042701721
400.5952146053314
402.24060893058777
414.3940677642822
402.57374930381775
402.59171986579895
411.4330348968506
408.73511362075806
409.23986077308655
404.22313261032104
387.31774950027466
400.98484539985657
401.10701298713684
404.5739212036133
394.9263484477997
429.82191610336304
427.13696908950806
401.9412741661072
420.91850996017456
416.89963150024414
407.95194363594055
418.6536953449249
399.2027781009674
397.7285876274109
395.86396050453186
405.0365221500397
400.76589465141296
396.3533561229706
408.8751711845398
404.44031047821045
398.9147253036499
400.5267572402954
395.88990902900696
403.7545280456543
402.81993794441223
396.8437993526459
390.0951683521271
395.6684601306915
391.1548674106598
383.667227268219
406.1743085384369
394.45782446861267
386.3866648674011
391.8875102996826
380.2000370025635
385.538583278656
395.522842168808
393.41649889945984
392.09352707862854
399.6510751247406
410.9780492782593
406.43568754196167
393.4341068267822
402.9565303325653
388.05019092559814
383.432804107666
374.694598197937
389.45568227767944
379.252432346344
367.1230685710907
377.03874921798706
390.95783591270447
393.2861518859863
382.62453174591064
387.3920896053314
383.58740735054016
377.7865824699402
372.9175271987915
382.3009810447693
381.2697286605835
377.8996036052704
386.5536379814148
366.0809371471405
397.88468170166016
393.41496777534485
368.4610695838928
392.23983001708984
396.94670701026917
389.3427014350891
390.9330155849457
391.45778822898865
395.8126275539398
380.6162610054016
382.68339943885803
395.8304772377014
387.28777170181274
370.2479317188263
388.0295207500458
