745.9863939285278
688.7358903884888
687.9530024528503
652.7233273983002
644.0283958911896
609.398800611496
609.5120232105255
605.0618915557861
622.294451713562
583.8421230316162
574.9920644760132
618.3835577964783
595.6734011173248
586.5777583122253
598.0516397953033
591.0257544517517
579.3513360023499
558.9910922050476
575.701780796051
531.6078641414642
558.4919457435608
552.2768712043762
564.5394427776337
551.3126256465912
523.6906228065491
518.238531589508
522.8690941333771
556.1234176158905
525.6469159126282
530.0555460453033
525.9265878200531
537.8111732006073
528.2145304679871
511.2401661872864
515.9929366111755
526.6052787303925
532.0399231910706
500.5500590801239
508.0456771850586
510.228657245636
530.6995851993561
509.1677896976471
506.4298577308655
512.1762874126434
524.4049727916718
492.44344186782837
502.01598954200745
506.4028615951538
502.1219997406006
498.21984934806824
494.482697725296
493.5558035373688
498.13084268569946
478.6698522567749
476.5666518211365
512.1346650123596
470.7540211677551
481.7645764350891
480.9352309703827
465.9300534725189
487.36280941963196
460.67229413986206
457.9222340583801
479.0305931568146
475.31258058547974
473.21284532546997
465.986261844635
480.606885433197
483.4992594718933
469.96388053894043
467.64003705978394
465.3963761329651
456.61187386512756
434.4712550640106
478.02291202545166
462.40633249282837
467.94706773757935
460.4601528644562
462.6979310512543
461.3764097690582
451.4417109489441
456.05144214630127
464.30339527130127
450.3547739982605
454.6880567073822
440.4735839366913
458.94663667678833
448.8191773891449
447.11584210395813
437.1680884361267
438.27202892303467
451.9068503379822
443.5569052696228
452.26380372047424
445.96129393577576
432.6480085849762
445.8470640182495
431.5855293273926
430.6733419895172
443.47837471961975
424.84918761253357
422.37340021133423
445.0297257900238
436.0780086517334
444.5983920097351
427.59477519989014
453.9115753173828
438.88032841682434
432.8336372375488
427.5852258205414
455.6057641506195
425.53658175468445
445.9539203643799
430.08857345581055
452.51325607299805
450.0837650299072
424.78987669944763
415.32680439949036
416.6680691242218
424.8253343105316
431.18993520736694
424.8966121673584
420.27773451805115
417.3789539337158
419.7951080799103
427.8274657726288
443.0068287849426
415.2319552898407
431.36545038223267
411.1758463382721
417.6152708530426
416.2675995826721
436.3173475265503
426.63145637512207
411.42030239105225
423.266206741333
438.9395184516907
429.89085698127747
421.470641374588
440.2427468299866
417.01909947395325
417.0269968509674
438.8178746700287
410.18452405929565
424.5434865951538
419.3423788547516
417.01490902900696
404.55989933013916
423.3749165534973
414.9527668952942
414.99950647354126
419.15562200546265
410.000426530838
426.77941131591797
425.8983299732208
417.95920968055725
419.29181146621704
398.45232582092285
419.4773998260498
410.4434452056885
398.63130617141724
412.8384053707123
422.304096698761
412.5852863788605
415.4973635673523
404.3453404903412
402.69652128219604
398.22048139572144
405.87489318847656
400.45028162002563
417.264280796051
405.6827371120453
420.42174077033997
404.3924024105072
421.463308095932
409.8930866718292
399.17130947113037
392.33576703071594
394.07210206985474
400.9665927886963
404.4403507709503
427.64296531677246
401.8674578666687
425.7670159339905
393.97906613349915
418.04414677619934
408.3905704021454
407.0248076915741
392.2620313167572
406.02655506134033
420.28240847587585
388.1158277988434
401.1830050945282
388.64998865127563
391.8584189414978
391.07923793792725
404.28034830093384
376.4295229911804
401.17406010627747
418.4813230037689
