7418.15128326416
6308.1965408325195
5662.236228942871
5254.306083679199
5775.248016357422
5247.344787597656
5430.868225097656
4829.173194885254
4910.631576538086
4858.78964805603
4955.870975494385
4663.693490982056
4877.079650878906
4876.009475708008
4692.533422470093
4563.90159034729
4623.422348022461
4923.2299880981445
4441.238563537598
4490.077554702759
4528.160318374634
4446.16459274292
4362.671588897705
4266.048631668091
4245.869060516357
4216.610084533691
4654.041284561157
4640.434587478638
4321.481771469116
4354.278772354126
4217.029451370239
4229.839319229126
4184.945148468018
4204.435552597046
4164.036117553711
4234.76180267334
4138.2574672698975
4103.564128875732
4071.7989444732666
3994.4597702026367
4235.576683044434
3948.1076469421387
3898.0621299743652
3902.4940090179443
3858.594263076782
3722.2697410583496
3760.7947578430176
3692.8118801116943
3809.5099697113037
3767.287691116333
3720.7721405029297
3820.3622550964355
3690.5951347351074
3673.9132957458496
3650.1193046569824
3625.3337898254395
3717.9864616394043
3702.8425159454346
3788.3040618896484
3668.035068511963
3606.868755340576
3712.3690090179443
3759.942485809326
3567.137535095215
3683.4581623077393
3640.7404441833496
3616.365915298462
3658.2929286956787
3564.6625938415527
3531.1619205474854
3594.3879985809326
3621.6539344787598
3574.392484664917
3605.4478721618652
3519.6688194274902
3485.647241592407
3514.6447982788086
3475.068302154541
3427.082550048828
3305.4938888549805
3538.2266883850098
3388.677444458008
3347.404140472412
3344.739984512329
3316.099582672119
3295.1093215942383
3357.2449169158936
3348.8276023864746
3631.331283569336
3281.0326499938965
3244.201862335205
3317.7802734375
3257.7392559051514
3294.2174015045166
3283.6977729797363
3225.677516937256
3257.163230895996
3220.6580085754395
3183.1409549713135
3220.868175506592
3199.9733276367188
3223.0504302978516
3220.0565185546875
3128.7119102478027
3332.115140914917
3266.9282569885254
3183.0458641052246
3072.592182159424
3202.859254837036
3095.555820465088
3121.679698944092
3102.7382431030273
3044.3073234558105
3069.4590187072754
3038.1944313049316
3050.576229095459
3109.3107948303223
3033.619110107422
3149.1316261291504
3086.361017227173
3118.5919857025146
3051.4816875457764
3012.741024017334
2985.072483062744
3016.6233100891113
3015.4673919677734
3005.2517318725586
2924.6707649230957
3072.648914337158
2980.2489585876465
2922.2912368774414
2991.1012439727783
2956.4472312927246
2984.9931869506836
2963.5342407226562
2879.772081375122
2857.662649154663
2983.593255996704
2874.898593902588
2846.6717567443848
2865.932975769043
2907.0309257507324
2847.7409648895264
2831.121982574463
2945.1846046447754
2875.79341506958
2859.7346630096436
2879.5693283081055
2835.7321166992188
2899.076171875
2816.3935356140137
2831.841449737549
2811.7015266418457
2812.955436706543
2841.288646697998
2785.0551319122314
2808.3072662353516
2771.861032485962
2935.7367630004883
2799.240432739258
2754.927122116089
2786.401231765747
2749.585916519165
2689.282190322876
2707.483226776123
2687.7807216644287
2691.7793731689453
2712.964973449707
2767.605152130127
2654.009119987488
2650.592779159546
2661.2390880584717
2747.97066116333
2585.943883895874
2596.8625717163086
2547.3975925445557
2587.546245574951
2547.9813537597656
2505.319884300232
2518.0436868667603
2464.5560417175293
2467.489514350891
2626.5054569244385
2531.8395986557007
2505.1941709518433
2527.2518672943115
2518.124433517456
2628.4712591171265
2453.5664386749268
2466.691234588623
2536.4224948883057
2437.928020477295
2466.3218307495117
2474.1447467803955
2518.1652097702026
2462.8115272521973
2488.187894821167
2441.588857650757
2387.7972440719604
2503.217086791992
