2022.276174545288
1386.8158283233643
1239.5236225128174
1014.3662610054016
1018.7301259040833
998.8536367416382
1002.3055963516235
914.4068231582642
935.2275323867798
942.8765449523926
925.4170560836792
913.0662031173706
891.818229675293
901.3579387664795
884.0296430587769
914.7960510253906
898.9054002761841
902.287492275238
862.7969002723694
867.4221038818359
836.9667558670044
848.8647990226746
846.4013814926147
785.391565322876
823.2305579185486
872.7715291976929
790.2033243179321
810.8327236175537
752.3375773429871
736.7450122833252
783.9126605987549
791.0958890914917
704.3609313964844
751.3050355911255
883.1659278869629
765.0640392303467
697.4865870475769
729.8728437423706
734.4101285934448
715.7428245544434
696.465166091919
690.9575514793396
710.7845611572266
681.8863663673401
673.7587566375732
666.1724395751953
662.5636606216431
660.1691436767578
681.3499088287354
648.756628036499
639.1166706085205
645.1048164367676
640.9613931179047
629.444317817688
614.0211434364319
622.2035109996796
656.0999798774719
635.6211142539978
590.6183142662048
620.1369769573212
612.6038060188293
595.8614876270294
612.6684355735779
574.1472465991974
576.9928004741669
556.0015320777893
560.6986179351807
574.4794199466705
537.7978765964508
542.7003345489502
542.288703918457
563.7655401229858
552.124725818634
558.319492816925
544.0202038288116
526.3468008041382
518.0954923629761
508.45174741744995
499.31661772727966
536.5531129837036
493.3984603881836
489.81345415115356
515.3837506771088
499.1411428451538
494.4507052898407
518.8616185188293
489.17219519615173
501.15964794158936
476.94637060165405
498.14147996902466
475.9580702781677
469.3779032230377
495.51995372772217
471.1207253932953
451.8037009239197
504.92975902557373
454.60396575927734
470.1510806083679
474.9351181983948
464.20266342163086
473.55206990242004
448.8270344734192
473.36652183532715
434.45892548561096
482.3490629196167
465.96659898757935
428.97681617736816
436.5396022796631
438.68921995162964
481.6683976650238
425.6626980304718
428.21161675453186
429.82074761390686
418.37760949134827
430.6784188747406
428.85521268844604
445.16611671447754
419.53747630119324
413.4620563983917
410.51838970184326
421.2105920314789
428.52525544166565
391.3346939086914
397.06101751327515
399.21740436553955
393.7468993663788
422.0268020629883
380.0059871673584
412.39522552490234
424.2834372520447
389.3808183670044
405.6329755783081
423.1047134399414
382.54805612564087
404.4697241783142
449.4800992012024
420.6993980407715
377.84206557273865
397.61854815483093
394.0888638496399
381.3810977935791
405.74571466445923
384.3029661178589
379.7274031639099
385.01872634887695
379.95481538772583
374.4045307636261
413.5938539505005
383.2590215206146
390.25629901885986
380.4820861816406
360.2277317047119
377.1539058685303
367.4743003845215
367.72419595718384
373.2783889770508
386.17009139060974
365.10544991493225
350.35177969932556
358.61058259010315
369.8514914512634
362.15171003341675
362.1822519302368
369.24093556404114
368.23486614227295
345.2495503425598
366.6967713832855
357.9256865978241
353.02290630340576
352.98470878601074
345.77375888824463
360.7240979671478
339.7393569946289
339.3116898536682
340.2638475894928
353.2843255996704
343.9036922454834
343.64178943634033
358.76917481422424
347.4740722179413
367.6077902317047
367.0446186065674
343.06350803375244
353.33872079849243
350.36116790771484
327.8586195707321
344.9411497116089
342.223162651062
343.7123420238495
367.9678461551666
332.1272324323654
355.48966813087463
353.74724888801575
343.4733657836914
338.3777847290039
348.31627106666565
344.1745400428772
335.12158739566803
332.1446590423584
335.0037714242935
