-3.4387713074684143
-12.737668295701345
-20.33454402287801
-27.794057607650757
-34.40045611063639
-38.83041926225027
-42.783029993375145
-45.65447894732157
-46.85620605945587
-48.019106924533844
-48.56152137120565
-49.08010240395864
-49.335382560888924
-50.24692487716675
-50.36630094051361
-50.771492759386696
-50.95426058769226
-51.26279358069102
-51.04124434789022
-51.66526730855306
-51.204811692237854
-50.659516175587974
-50.95344618956248
-51.03387653827667
-51.476825177669525
-51.77126411596934
-51.65225889285406
-51.622642834981285
-51.21731070677439
-51.6973819732666
-51.73882613579432
-52.004563649495445
-51.58055551846822
-52.289676467577614
-52.20205499728521
-52.32951088746389
-52.549999594688416
-51.83371031284332
-51.869195103645325
-51.82690513134003
-52.26558669408163
-52.04592792193095
-52.11878168582916
-52.88110629717509
-52.89217332998911
-52.78018718957901
-52.216612001260124
-53.014864246050514
-52.958714147408806
-52.426642417907715
-52.525365352630615
-51.964860359827675
-52.14184604088465
-52.47784467538198
-52.38040669759115
-52.39204720656077
-52.069218238194786
-52.07238779465357
-51.54346992572149
-52.615920742352806
-52.377119739850365
-52.22360610961914
-51.754942417144775
-51.65496357282003
-52.57091478506724
-52.372759302457176
-52.376635710398354
-52.164389848709106
-51.62086725234985
-50.970279375712074
-51.4125953912735
-51.66501601537069
-51.77446369330088
-52.168113112449646
-52.01582129796346
-52.534574707349144
-52.132039268811546
-52.64558549722036
-51.99688609441122
-52.471855322519936
-52.08892913659414
-52.31396357218424
-52.48026851812998
-52.583779414494835
-52.40443746248881
-52.74046073357264
-52.93568231662115
-52.478076219558716
-53.07602516810099
-52.76208221912384
-52.41317852338155
-53.02163954575857
-52.949018120765686
-52.609336376190186
-52.81614206234614
-52.79290417830149
-53.20019129912058
-53.17083744208018
-53.283091147740684
-53.1006946961085
-52.80893750985464
-52.31458097696304
-52.570659041404724
-52.97763148943583
-52.92816561460495
-52.64571472009023
-53.14967016379038
-52.7211132645607
-53.51670495669047
-53.41009179751078
-52.65765738487244
-52.78962091604868
-52.4690203666687
-51.984880208969116
-51.65723276138306
-52.09731829166412
-52.14136952161789
-52.307997127374016
-52.423632661501564
-52.511953234672546
-52.6442658106486
-52.70733670393626
-52.99765145778656
-52.84888835748037
-52.518218318621315
-52.02984484036764
-51.41566415627798
-51.3329625527064
-51.63373190164566
-51.887499610582985
-52.07235850890478
-52.108199993769325
-52.197880943616234
-52.821659207344055
-52.29772059122721
-52.745027701059975
-52.73414351542791
-52.7901424964269
-53.317594746748604
-53.24311872323354
-52.94115094343821
-53.026169975598656
-53.830047150452934
-53.36060090859731
-53.61896447340647
-53.662513275941215
-53.61113818486532
-53.594523231188454
-53.29908283551534
-53.33692053953806
-53.232002874215446
-53.31692282358805
-53.43933484951655
-53.55727871259054
-53.73048468430837
-53.96154091755549
-54.06738922993342
-54.22294783592224
-53.86054074764252
-54.272833387056984
-54.267041126887
-54.18186755975088
-54.23080255587896
-53.76309255758921
-53.630861123402916
-53.64413686593374
-53.47332763671875
-52.97484737634659
-52.930636286735535
-52.7934784690539
-52.95013908545176
-53.362826108932495
-52.926728089650474
-53.392359256744385
-52.8189152876536
-53.355722188949585
-53.5556016365687
-53.47430241107941
-53.84513117869695
-53.26832662026087
-53.51871279875437
-53.36466387907664
-53.76421763499578
-53.34987461566925
-53.92588873704275
-53.83901870250702
-54.01139406363169
-53.718760093053184
-54.03304888804754
-54.12620302041372
-53.82150560617447
-53.77070593833923
-53.80450105667114
-53.345165292421974
-53.48211761315664
-52.797894616921745
-52.691327134768166
-52.99074240525564
-53.27286626895269
-53.4147055943807
