572.155790646871
381.3783893585205
347.46312316258746
339.4849247932434
331.2723126411438
324.8490114212036
324.3847780227661
318.22548993428546
333.086993376414
337.54667441050213
327.8753177324931
322.36415004730225
319.2644983927409
319.9415165583293
308.2203019460042
294.41567277908325
302.9912180900574
299.96528911590576
295.3664093017578
280.0776472091675
279.93064975738525
301.73459815979004
272.73704592386883
272.2882671356201
263.8302493095398
263.180278301239
279.59794123967487
265.6193571090698
252.87554200490317
254.00482368469238
253.7665179570516
240.1846515337626
239.5157559712728
242.28929058710733
231.49661048253378
233.13238588968912
224.88151168823242
223.71461621920267
221.43245871861777
222.6567179361979
213.69379218419394
215.09790285428366
212.29054490725198
218.5248540242513
208.95332392056784
211.44636297225952
206.08373578389487
197.18197321891785
196.58514086405435
197.1159119606018
192.6698191165924
185.0398818651835
202.2541278998057
190.0859375
185.77028640111288
178.7522100607554
179.0311458905538
184.50867366790771
185.12424524625143
178.44984618822733
169.8299286365509
169.58960914611816
178.11186456680298
163.08228357632956
169.51425949732462
162.7501060962677
158.32999642690024
162.4795085589091
163.30876302719116
155.8640264670054
155.8587900797526
160.03540205955505
153.11049350102743
157.00754928588867
157.69451077779135
149.9344503879547
154.9805587132772
153.10422563552856
156.01313026746115
158.4523607889811
152.0361426671346
153.23524697621664
150.55479296048483
156.50351270039877
147.56129280726114
158.80234495798746
152.43269610404968
144.44754107793173
151.35008811950684
151.90573151906332
145.25859125455221
144.47805984814963
145.21767918268839
151.3799924850464
144.86043437321982
140.7685673236847
141.63407969474792
142.77108669281006
142.339630762736
137.43327824274698
140.14523871739706
133.39933395385742
132.56841882069907
139.17989222208658
138.2580091158549
133.08554442723593
133.12952200571695
138.7195516427358
130.37124133110046
142.3656278451284
127.33193000157674
133.6561196645101
130.44710739453635
133.13139041264853
141.13030624389648
129.49668010075888
125.59677195549011
125.49785383542378
139.5001335144043
131.57897790273032
137.63632567723593
128.8306334813436
131.30507453282675
132.3057648340861
134.3078769048055
133.89228908220926
129.49760500590006
133.25656350453696
129.62040742238364
129.0381650129954
126.75337409973145
123.49283774693806
130.06399710973105
130.49151134490967
128.28176403045654
124.64631430308025
122.20957740147908
120.64761662483215
122.72275002797444
129.2111209233602
122.90983438491821
125.52654361724854
123.60122458140056
123.31700229644775
130.50034268697104
129.56910101572672
131.0018850962321
118.92129834493001
120.6880841255188
131.76893059412637
123.44559637705485
124.14491399129231
124.26026638348897
124.63166427612305
125.32400854428609
125.63278476397197
121.76806163787842
121.10297918319702
119.60456323623657
121.74493781725566
119.64073197046916
120.76862875620525
114.85682956377666
120.56123161315918
120.64556590716045
117.28773029645284
120.14351177215576
116.15521160761516
124.0963385105133
118.56778899828593
118.74613451957703
113.17511200904846
119.76364660263062
119.81409454345703
114.46897800763448
122.39511632919312
117.78532028198242
124.74633717536926
121.18999131520589
116.7258444627126
118.64944767951965
119.13378675778706
118.31135193506877
122.04968412717183
111.96033358573914
117.81420024236043
110.21517674128215
108.32170311609904
113.5464555422465
112.68219192822774
116.141792456309
116.31797345479329
114.04773179690044
112.52294071515401
115.0426508585612
113.22549899419148
108.9061074256897
116.36607114473979
113.48176352183025
109.77499039967854
