1428.971497853597
1003.7455126444498
1009.5112965901693
926.2623882293701
862.8848641713461
823.1432183583578
885.8162237803141
794.6120649973551
754.912888209025
751.0490128199259
750.446089108785
746.9793602625529
749.0838705698649
741.1863120396932
748.2619978586832
686.0260181427002
680.2489414215088
687.3234939575195
665.8410189946493
721.3983081181844
705.2643877665201
671.158849398295
652.4480940500895
658.2856979370117
617.6650339762369
656.0305449167887
674.5663382212321
643.1008955637614
662.838296254476
619.7800041834513
643.780019124349
628.0779628753662
614.3684329986572
631.3394088745117
633.7506380081177
633.1112219492594
608.108865737915
604.4291833241781
627.2760442097982
600.7375322977701
582.173308690389
607.032829284668
587.9200407663981
604.3379545211792
582.5695037841797
616.152515411377
579.3798637390137
583.6143347422282
574.3906354904175
571.759599685669
576.9706401824951
554.2265612284342
543.5673243204752
558.4793701171875
564.847253481547
546.3402039210001
542.0877272288004
524.3462772369385
550.9391574859619
536.3605839411417
530.8385273615519
542.8806025187174
531.7500031789144
548.3037074406942
533.8561239242554
525.7758010228475
554.5402787526449
510.14741134643555
523.2059427897135
526.3874867757162
506.6371081670125
516.8492110570272
515.3709335327148
511.39160537719727
504.4307778676351
495.00464312235516
482.00939814249676
512.8040192921957
479.13738028208417
490.4354708989461
479.479647954305
487.61953322092694
476.58544572194415
482.4133176803589
476.6566975911458
478.42363421122235
477.6719134648641
458.01102383931476
474.03515307108563
466.13597043355304
449.3445529937744
451.8391065597534
470.1807934443156
461.15126514434814
455.66186777750653
442.707794825236
452.1187032063802
434.35389677683514
450.51429494222003
444.5886290868123
463.1889295578003
453.5497398376465
430.5246772766113
431.65128993988037
440.4371751149495
429.2358247439067
449.2022336324056
425.16307894388837
425.30486885706586
430.2442372639974
416.447260538737
422.8918339411418
430.56968752543133
433.2235541343689
422.97744957606
430.9441337585449
436.1560223897298
422.137747446696
422.5099102656047
440.1430314381917
430.5645519892375
441.70683097839355
425.5495888392131
435.25470813115436
425.4288803736369
427.9405053456624
439.25156625111896
409.6314598719279
417.09198506673175
417.23172664642334
403.2866570154826
404.8408263524373
405.9909954071045
410.96627108256024
399.33236932754517
396.75721247990924
400.03016980489093
380.5515521367391
397.9551386833191
412.98184410731
393.67443656921387
398.8256893157959
396.4956932067871
395.7530188560486
382.1272759437561
377.38637431462604
378.11763191223145
382.1492567062378
373.8867594401042
384.73452456792194
384.1001504262288
389.8539711634318
371.83292802174884
358.09571838378906
372.9133291244507
382.7178093592326
385.0114652315776
367.72711658477783
376.8802692095439
352.62836424509686
374.8859658241272
377.5377221107483
362.5145304997762
379.08901913960773
362.4510787328084
369.9019835789998
369.74133189519245
385.5923859278361
365.0216797192891
360.672860622406
368.2670815785726
362.06097237269086
362.14478826522827
366.0892445246379
359.3632181485494
362.08535019556683
347.5469533602397
367.04755846659344
359.32460021972656
355.3941470781962
354.8255974451701
365.98038450876874
347.7317876815796
350.52249733606976
361.77782185872394
345.43744500478107
347.6015944480896
351.27378940582275
341.82644208272296
342.68986558914185
343.01589997609454
358.7110850016276
345.77694495519
356.46898714701337
340.91450150807697
334.17492882410687
357.60583941141766
353.4651419321696
348.43132909138996
340.8072153727214
