478.2227237224579
430.9010765552521
372.6194818019867
348.89503598213196
290.0978956222534
223.7768919467926
224.24650382995605
213.5625615119934
177.45130145549774
184.72935891151428
158.27838397026062
176.1674337387085
153.54825806617737
161.43413150310516
149.1708346605301
155.25785887241364
155.39860141277313
141.8543782234192
153.5149964094162
146.56055009365082
152.45458215475082
124.36897104978561
135.01291275024414
145.7182102203369
130.9125925898552
114.9945729970932
125.80870115756989
131.04317128658295
107.97185063362122
119.31675505638123
104.00382161140442
111.94766622781754
108.05904412269592
103.44582760334015
111.61407256126404
106.46298825740814
120.69141238927841
114.782834649086
98.81428796052933
103.25769072771072
97.25194704532623
101.04832899570465
104.53955388069153
93.8732396364212
109.54169607162476
99.70484817028046
91.4039796590805
108.09282958507538
91.64051818847656
91.34959453344345
101.79430878162384
96.20312702655792
99.55908918380737
106.15656197071075
95.53385454416275
89.77695882320404
87.87131369113922
86.25902992486954
90.39106047153473
88.29966580867767
91.39708960056305
86.89842534065247
88.65471535921097
96.11099767684937
93.99014902114868
84.30993914604187
92.88206845521927
91.39797604084015
93.01365447044373
92.746453166008
95.72116541862488
99.85968309640884
93.42105436325073
96.67469310760498
83.26519876718521
90.97474110126495
79.14173546433449
89.39937555789948
93.58223539590836
79.78289872407913
80.57773345708847
90.92929089069366
94.14675682783127
86.06733721494675
84.47985363006592
89.21420019865036
85.96671617031097
86.04591155052185
81.37966978549957
85.17054170370102
94.13593822717667
80.27562856674194
95.21524977684021
81.01017528772354
85.05321931838989
78.68359190225601
90.59121465682983
81.99468305706978
84.06524133682251
75.90579026937485
77.84084406495094
77.13462817668915
94.51040887832642
85.34532153606415
79.35124260187149
78.34977662563324
80.77914679050446
82.13488668203354
81.0415431857109
80.02306360006332
83.59285932779312
77.18437963724136
80.26934289932251
79.38800972700119
78.83531421422958
86.11287808418274
80.01883286237717
83.0189899802208
80.34056031703949
82.74218893051147
79.30843660235405
78.77205461263657
77.53697636723518
78.5755267739296
80.74575418233871
74.16245940327644
77.25452929735184
75.46576836705208
77.3153914809227
80.49981737136841
80.12761318683624
87.12136507034302
74.60157975554466
75.48503836989403
73.7592902481556
76.5809958577156
72.93322864174843
76.3517754971981
82.79298800230026
76.52407228946686
76.32853162288666
75.38721263408661
78.49791288375854
73.01078712940216
73.0671617090702
79.28407460451126
77.91736501455307
81.49750086665154
79.54531762003899
72.47547793388367
76.31970751285553
77.26002925634384
71.81514540314674
75.20893236994743
73.02444636821747
74.6002249121666
73.65710282325745
74.59125977754593
71.80937850475311
77.01744681596756
74.91198998689651
75.58785536885262
72.39260584115982
73.68350464105606
74.22641405463219
72.59888452291489
73.78553089499474
71.84328988194466
78.291014701128
73.5017037987709
79.9888701736927
75.48478150367737
71.89300608634949
70.87308603525162
73.71602088212967
70.4895293712616
69.45096889138222
72.05020821094513
73.28735649585724
73.73305463790894
78.8936530649662
68.44354462623596
77.88804197311401
72.37342146039009
67.58420121669769
67.06360894441605
71.82791316509247
67.15983808040619
72.37121543288231
72.56105467677116
68.06554332375526
69.93462783098221
66.31250190734863
69.21758830547333
64.45777168869972
68.08104091882706
67.88534915447235
66.1159337759018
70.96525064110756
63.31597113609314
