262.30101108551025
207.91375287373862
133.53948179880777
118.5729025999705
103.51987640062968
99.42607951164246
92.64123686154683
95.69731855392456
83.52707433700562
75.77706305185954
76.16132815678914
75.28914014498393
82.3663760026296
73.05181821187337
75.8039128780365
71.4323714574178
71.46199321746826
70.3713235060374
71.25830101966858
74.97185222307841
65.40256579717
71.5838479200999
70.25152019659679
66.42790913581848
68.14760613441467
63.607178131739296
69.5852460861206
70.29448095957439
64.67865546544392
60.69116882483164
62.09011713663737
61.04193492730459
59.7331702709198
57.70743775367737
57.35013977686564
62.1742871205012
65.36527319749196
60.60078454017639
62.18142294883728
59.73191646734873
56.631680965423584
61.59781150023142
54.53595862785975
56.679696003595986
62.04962841669718
57.2217222849528
54.712488989035286
59.232709884643555
61.023930509885155
53.398494720458984
53.75420614083608
55.747891227404274
53.29952804247538
58.75231929620107
50.818128863970436
54.002992351849876
49.673396488030754
51.977795243263245
52.99837849537531
53.893713315327965
48.95191476742426
47.84602665901184
48.96987326939901
51.20784521102905
51.12721232573191
48.42829271157583
49.29298345247904
49.2014791170756
47.50286384423574
49.75230711698532
47.16636308034261
47.11995851993561
45.27689323822657
46.841927568117775
50.80768209695816
45.12048270304998
44.31442252794901
45.975561459859215
47.75525144735972
47.73271995782852
43.78897374868393
46.40843949715296
43.30578339099884
42.47987655798594
41.89423988262812
44.01956180731455
40.554285287857056
43.5720556974411
41.76052188873291
42.55151184399923
38.85002050797144
41.18372792005539
41.668514569600426
37.89057479302088
38.24269572893778
44.04602026939392
39.4201802611351
39.12432392438253
38.33268149693807
39.64148277044296
38.51056810220083
39.65975763400396
39.50907893975576
36.557855705420174
38.945829232533775
36.1838667790095
40.15402793884277
38.51834758122762
34.80665655930837
34.92089502016703
36.985307236512504
34.97695370515188
38.36522970596949
34.269105633099876
36.93941080570221
35.389487067858376
36.907661418120064
36.1136357386907
32.73799922068914
34.77543626228968
32.80620455741882
37.87712097167969
33.47757077217102
33.745715936024986
33.19419072071711
33.044107953707375
35.684852957725525
33.29221679766973
31.811899224917095
32.678188463052116
36.481941064198814
32.55825666586558
35.6476100285848
33.6068728963534
31.56272929906845
32.755752285321556
33.522527734438576
31.731217583020527
32.356577138106026
32.389877597490944
32.37004586060842
32.1075950662295
32.51138744751612
29.506146907806396
31.067073583602905
29.37471854686737
33.261416594187416
29.950987974802654
30.565401275952656
31.15302236874898
31.43750234444936
35.271455347537994
29.33608152468999
30.98782181739807
30.639804402987163
31.262788494427998
29.465294361114502
29.901226321856182
29.458711286385853
29.118762214978535
32.31250194708506
29.79508328437805
31.172573427359264
29.014850705862045
28.52759673198064
29.52752822637558
31.641032735506695
29.381367603937786
30.042128562927246
29.646960258483887
29.142186164855957
29.69467564423879
28.7140128215154
29.986822227636974
28.227855404218037
29.926953554153442
28.05301531155904
29.307342251141865
27.056414365768433
27.704992244640987
27.754275570313137
30.11589292685191
26.652636468410492
31.45927632848422
30.964944700400036
25.853156963984173
27.824491262435913
29.56411549448967
27.656044840812683
27.290129015843075
27.02841051419576
30.072582930326462
28.098172307014465
26.569595952828724
25.58485014239947
26.157664000988007
32.33214739958445
28.097147166728973
27.85086699326833
26.452266097068787
