347.36193164189655
264.8927712440491
253.7554669380188
232.2462272644043
222.0968983968099
247.5740852355957
214.2677530447642
233.03387022018433
230.30464378992716
216.72226810455322
211.4077436129252
196.49860906600952
202.57241916656494
196.47139398256937
180.4869171778361
174.7998460928599
180.96929041544595
169.48660929997763
176.440247297287
176.67226688067117
175.54144207636514
160.82266887029013
168.17997201283774
163.96222694714865
163.00758981704712
166.09906840324402
154.425657192866
155.59120019276938
151.32519404093424
152.09018723169962
146.36010376612344
149.02233362197876
150.42916854222617
164.77342971165976
151.1654841105143
142.92177136739096
144.04445306460062
149.01288843154907
143.69131016731262
143.6590162118276
135.07089312871298
138.5303501288096
131.607861439387
131.20161970456442
134.4672838052114
135.4956476688385
132.6078557173411
138.4533815383911
131.06906620661417
125.54022272427876
128.28045010566711
133.0696905454
133.14291381835938
124.98957665761311
122.00004363059998
119.96670762697856
130.71084896723428
127.18798001607259
124.67419997851054
121.91891431808472
130.42325512568155
122.80905787150066
120.49291181564331
126.76626984278361
120.8652572631836
127.4613749186198
119.8461643854777
119.44231446584065
121.89341862996419
119.79756323496501
112.78238296508789
120.74961233139038
116.46064782142639
124.7757290204366
123.09205929438274
120.48764340082805
112.40413157145183
128.66601657867432
113.65317598978679
116.98353799184163
115.66200399398804
114.67757654190063
110.70840899149577
108.06507762273152
112.71223179499309
109.44482851028442
109.53310267130534
109.32194356123607
114.34578212102254
107.73069945971172
120.83746727307637
105.32488171259563
109.70503369967143
115.61306150754292
109.69849340120952
114.76839498678844
117.41105628013611
112.24548856417339
110.46121382713318
106.55661741892497
113.5092221101125
109.21251503626506
108.21078817049663
107.12833738327026
100.7589062054952
112.8183167775472
105.57439994812012
105.49654606978099
106.14662639300029
100.23013631502788
107.01191608111064
102.82387713591258
100.08531753222148
99.65571610132854
100.52469503879547
103.70322020848592
106.30453113714854
99.29386409123738
110.62443359692891
103.5509603023529
101.74332483609517
98.18865537643433
102.20065037409465
101.64300322532654
111.11145416895549
107.27373512585957
99.09562961260478
100.79883726437886
101.40546798706055
97.02823424339294
100.54861744244893
103.31358810265858
102.30145653088887
103.59353558222453
109.72964469591777
95.91070353984833
100.38459599018097
110.36556347211202
96.53302383422852
99.44705339272817
102.48090744018555
109.38267580668132
106.17581065495808
101.91959619522095
103.40536220868428
102.05625820159912
100.47593287626903
105.57504924138387
102.31726562976837
107.91255299250285
102.08255592981975
100.79070607821147
107.10794814427693
95.03090314070384
94.60129288832347
101.27372709910075
99.35462598005931
96.26125319798787
95.53673791885376
97.35691523551941
100.2779403924942
98.8820207118988
97.12367184956868
98.95665021737416
104.41596309343974
93.35863010088603
103.92393986384074
95.45630351702373
94.31328757603963
103.2583372592926
94.22714416186015
96.53624041875203
92.92032631238301
103.62249986330669
95.06404670079549
98.14977983633678
100.79480202992757
97.22499986489613
102.65794229507446
98.18978810310364
94.7497341632843
93.69743223985036
94.30007259051006
95.87511459986369
98.78875895341237
96.09499470392863
98.8611257870992
96.208722392718
96.44482827186584
97.52129503091176
92.79940251509349
101.37568632761638
91.9583314259847
98.80014435450236
94.88605995972951
99.30035050710042
97.95159999529521
89.08728830019633
97.17744819323222
89.24664958318074
