650.8761067390442
605.7747910022736
548.3646879196167
544.6449024677277
534.5765526294708
512.0505337715149
510.23744106292725
498.11379885673523
476.07080936431885
472.0466525554657
476.6998999118805
464.8382008075714
474.6428346633911
454.92949080467224
456.5495812892914
449.9353265762329
448.53644323349
452.8372097015381
425.0348162651062
420.8042800426483
427.86634826660156
419.4435942173004
433.25368905067444
424.02745747566223
415.61082792282104
417.4424955844879
407.2297365665436
408.90954089164734
405.5221302509308
413.02753949165344
392.97235202789307
394.77778911590576
387.85235357284546
383.61996388435364
380.8801784515381
385.7719588279724
391.9114441871643
381.1071071624756
372.853502035141
376.065034866333
364.7928991317749
379.11845898628235
384.59130096435547
365.655969619751
363.4250009059906
368.2208845615387
364.97357177734375
367.2169909477234
369.6218228340149
366.057245016098
367.6610572338104
360.4904806613922
345.51189637184143
361.95564556121826
359.69913125038147
358.91612243652344
366.3297448158264
350.56819200515747
351.6012978553772
340.30748462677
354.40893626213074
348.2462422847748
354.4031341075897
344.2182173728943
351.4001967906952
351.95244908332825
344.32708835601807
339.73524713516235
348.40108728408813
344.470449924469
332.94221353530884
344.7829201221466
340.52679800987244
327.86099684238434
333.30450570583344
332.5688005685806
323.41050255298615
328.98395550251007
339.623797416687
326.17551124095917
333.31580781936646
329.0934510231018
322.3423420190811
330.2863780260086
330.00998997688293
323.3714588880539
323.30126893520355
334.71976804733276
332.472420334816
311.65070378780365
318.2042977809906
315.7080215215683
320.46185970306396
316.52503740787506
312.8995369672775
315.31778633594513
310.32720816135406
326.47943937778473
321.0466080904007
315.68582022190094
323.7452344894409
313.6596997976303
319.11376535892487
311.2671571969986
314.92541563510895
322.68521308898926
320.9189808368683
307.12157821655273
314.08591639995575
298.89410293102264
304.5415333509445
298.6217038631439
306.95843291282654
311.0291278362274
319.0839890241623
307.9875900745392
296.451113820076
304.0864671468735
303.5699545145035
302.45130717754364
305.2653924226761
295.70350217819214
300.96821200847626
299.1803022623062
290.2899308204651
301.9795597791672
294.65534698963165
298.14387226104736
295.21088314056396
293.5420585870743
311.8146952390671
298.0754954814911
292.06939923763275
302.9764424562454
295.04270124435425
293.2833993434906
298.1462495326996
294.7666758298874
286.7832738161087
286.1491668224335
283.16272938251495
289.53009033203125
296.88349521160126
294.9199494123459
285.0396054983139
286.55749344825745
287.1546721458435
290.8994189500809
278.5543882846832
306.18473172187805
285.05658888816833
276.20624828338623
292.59082758426666
286.4798090457916
287.713512301445
283.9699742794037
295.9349638223648
288.7577188014984
282.1967512369156
282.4754762649536
288.16265547275543
280.9600260257721
290.9937241077423
295.11123919487
282.70568883419037
285.6507657766342
279.41117310523987
289.02350986003876
285.22446858882904
288.3900878429413
286.86788856983185
282.9668663740158
275.00494039058685
275.8254415988922
273.5374183654785
284.82061445713043
276.60349440574646
285.4768623113632
283.1468540430069
284.03579246997833
281.5582523345947
283.67168712615967
284.2628219127655
276.85034787654877
283.9677783250809
277.0613811016083
279.85882544517517
275.34265398979187
279.92230665683746
280.0078078508377
276.57843232154846
271.2558419704437
270.02904891967773
271.9873768091202
264.4306950569153
280.5908840894699
269.6290225982666
267.07426142692566
279.25824201107025
276.41095554828644
