0.16780114162247628
-13.355799227952957
-22.858121693134308
-31.306637912988663
-40.59090866148472
-42.008900836110115
-50.20658215880394
-47.47472935914993
-58.388743221759796
-50.973957389593124
-43.969109892845154
-63.76305937767029
-55.20417630672455
-54.187469601631165
-56.12648215889931
-55.86111417412758
-61.421033799648285
-53.517884850502014
-54.48542433977127
-64.05997657775879
-65.11947417259216
-66.28193986415863
-71.8075502216816
-62.37818783521652
-57.86719399690628
-69.71481078863144
-71.04744279384613
-66.91359403729439
-48.85622638463974
-65.79440778493881
-64.90431094169617
-64.15978169441223
-58.510175466537476
-69.36540725827217
-50.81968152523041
-70.20114919543266
-79.42457538843155
-53.71816495060921
-66.6197894513607
-50.08630329370499
-57.24819678068161
-68.55553829669952
-57.125696778297424
-54.32647955417633
-48.77695041894913
-61.015920519828796
-67.93730664253235
-62.56542819738388
-73.29258447885513
-60.61733466386795
-46.06886529922485
-58.76807922124863
-65.86727720499039
-63.76996958255768
-68.64627754688263
-74.56874620914459
-50.65421938896179
-72.15550321340561
-59.45107641816139
-58.123214066028595
-73.69924902915955
-65.75097221136093
-63.284119725227356
-60.92110162973404
-67.10829359292984
-66.09735882282257
-57.75118616223335
-70.41800472140312
-72.28149861097336
-56.67589884996414
-64.48911440372467
-59.651769518852234
-58.11771410703659
-55.27047801017761
-56.89656203985214
-60.66006511449814
-59.999218851327896
-63.12991940975189
-59.83657217025757
-56.37210166454315
-61.827109068632126
-61.56954276561737
-64.92906075716019
-67.2229465842247
-65.14919006824493
-70.87456175684929
-54.24639269709587
-76.92993098497391
-63.62776139378548
-63.96148097515106
-62.00199466943741
-54.35974624752998
-62.290148198604584
-65.89732551574707
-65.54543390870094
-55.72050762176514
-66.51622200012207
-59.82366842031479
-38.52522832155228
-59.54712927341461
-49.761931627988815
-65.27388602495193
-60.571602404117584
-52.215255826711655
-59.981847643852234
-59.171404510736465
-69.4385335445404
-61.60191798210144
-53.52414533495903
-56.52489173412323
-62.96339958906174
-51.92024749517441
-65.1447377204895
-56.685115814208984
-54.992337226867676
-58.51176702976227
-48.069722175598145
-74.0437066257
-67.62333554029465
-70.46343982219696
-67.31734743714333
-69.36474746465683
-59.252050429582596
-68.09418642520905
-54.358920246362686
-66.53725481033325
-59.17275431752205
-62.33769363164902
-60.865200489759445
-66.98200607299805
-67.55882686376572
-48.13982650637627
-57.195085912942886
-62.66613990068436
-63.17051938176155
-49.727909445762634
-54.55111661553383
-60.77761918306351
-59.596578538417816
-59.68885898590088
-70.80193409323692
-55.02707460522652
-58.474410623312
-56.89717650413513
-64.83490669727325
-59.10271042585373
-56.339645862579346
-65.94136548042297
-68.61393758654594
-63.396022737026215
-69.43471077084541
-62.44227343797684
-61.88877207040787
-65.45506232976913
-64.89110499620438
-63.976348996162415
-62.041516810655594
-61.53802880644798
-61.31562799215317
-61.73431992530823
-64.37264320254326
-59.2804719209671
-67.56272518634796
-64.22032153606415
-63.452734768390656
-61.79193350672722
-64.36478611826897
-76.47871777415276
-54.73694169521332
-56.19221976399422
-58.342819571495056
-58.10065013170242
-52.53304970264435
-57.82046449184418
-49.95902860164642
-58.158107578754425
-64.89831739664078
-60.366880029439926
-64.01122236251831
-69.05526900291443
-60.54514014720917
-53.47486227750778
-65.10737124085426
-55.949753165245056
-54.72986024618149
-66.56804350018501
-59.803476721048355
-60.28697952628136
-52.213724702596664
-59.03257083892822
-52.80219513177872
-56.64097008109093
-54.451397120952606
-49.07490515708923
-58.18317973613739
-73.04043251276016
-63.77428090572357
-48.15685522556305
-63.35181152820587
-63.282014429569244
