-3.4759511525432267
-16.299059371153515
-28.3146337668101
-28.154361764589947
-33.44068419933319
-34.83393700917562
-34.673254450162254
-35.43563954035441
-35.79800965388616
-38.98935993512472
-39.26391474405924
-37.56727647781372
-35.011390487353005
-40.461154778798424
-39.62418178717295
-40.2448380390803
-39.842251698176064
-41.81793316205343
-42.51311447223028
-41.192041635513306
-44.58383552233378
-43.28028245766958
-45.13574449221293
-46.89106355110804
-44.87400643030802
-46.041687389214836
-48.15310541788737
-47.148138642311096
-47.93152209122976
-47.80817526578903
-47.66467732191086
-48.77267829577128
-47.53598608573278
-49.436999241511025
-50.31469786167145
-50.56119306882223
-51.219617227713265
-51.94532742102941
-51.37020103136698
-50.94772011041641
-51.43058435122172
-51.06217475732168
-51.17006500562032
-52.069947600364685
-50.95995716253916
-50.48729872703552
-50.657146175702415
-50.620210806528725
-50.79421635468801
-50.0905984044075
-49.6112961769104
-50.2968244155248
-51.6373743613561
-50.89628680547079
-50.19490663210551
-51.56088058153788
-51.670207142829895
-52.30588789780935
-51.44017038742701
-52.055257399876915
-51.77013957500458
-52.140776673952736
-52.576382875442505
-52.359284361203514
-52.57673827807108
-52.668294151624046
-51.71245940526327
-52.39294693867365
-52.25750048955282
-52.511313716570534
-52.273987551530205
-51.238957146803536
-52.43914385636648
-51.47464497884115
-51.97322505712509
-51.981236934661865
-52.15239302317301
-51.66691875457764
-52.013033986091614
-50.77423473199209
-50.74773518244425
-51.7348750034968
-50.738309999307
-50.92437811692556
-50.88784110546112
-50.66580299536387
-51.74105409781138
-51.17849977811178
-51.940088987350464
-52.283910711606346
-51.38348579406738
-51.61347230275472
-51.767818570137024
-52.09751456975937
-52.1690921386083
-51.515567580858864
-52.506009777386986
-52.63078345855077
-52.41268914937973
-52.581131060918175
-51.899045983950295
-51.46611193815867
-50.94715428352356
-51.6679170926412
-52.05672534306844
-51.816217144330345
-52.22285815080007
-52.75404842694601
-52.73880012830099
-52.25767491261164
-52.82186611493429
-51.48441584904989
-51.97478063901266
-51.743833700815834
-50.09658873081207
-51.37954421838125
-51.144145806630455
-51.72119092941284
-51.68874625364939
-51.85040920972824
-52.55936602751414
-52.426975091298424
-52.05467243989309
-52.427923460801445
-52.25919612248739
-52.89245295524597
-52.258808732032776
-52.5093026359876
-53.05601644515991
-53.27844281991323
-53.26580232381821
-53.51902381579081
-53.12407191594442
-53.45704901218414
-53.194987058639526
-53.53519223133723
-53.563063621520996
-53.486335039138794
-53.57394035657247
-53.89765469233195
-53.90442043542862
-54.18430248896281
-54.033748269081116
-53.910719990730286
-53.79424627621969
-53.23087571064631
-53.600517531236015
-54.10311404863993
-53.953341921170555
-53.82648519674937
-53.48855435848236
-53.18618059158325
-53.67062383890152
-52.89667892456055
-53.693823873996735
-53.11484400431315
-53.89637517929077
-54.06222073237101
-53.96942947308222
-52.655989130338035
-52.79322266578674
-51.47195780277252
-52.539313197135925
-53.34166427453359
-53.351598838965096
-53.47404591242472
-53.74541596571604
-53.51633779207865
-53.3639260729154
-53.70695193608602
-53.4147372841835
-54.11849272251129
-53.73417248328527
-54.12419972817103
-54.330650091171265
-54.28413971265157
-53.39029943943024
-53.88189695278803
-52.440710167090096
-53.05946558713913
-53.6696564356486
-52.7063657840093
-52.64204545815786
-53.107099294662476
-52.93325396378835
-52.91394829750061
-51.832978546619415
-52.41835351785024
-52.493141889572144
-52.56738511721293
-52.968529323736824
-52.5826909939448
-52.214354475339256
-52.517206370830536
-52.572522242863975
-53.19224484761556
-53.11658424139023
-53.026740312576294
-53.15581303834915
-53.008517265319824
