74.19010543823242
49.018917977809906
32.67435906330744
34.75298019250234
26.319581637779873
24.33776118357976
22.163359135389328
21.611802796522777
17.961302826801937
19.336255371570587
21.845677604277927
18.44842662413915
19.097977181275684
21.308564166227978
17.810393194357555
18.154464920361836
18.44497263431549
22.200098077456158
18.81541335582733
17.202723612387974
15.986485928297043
19.49850602944692
17.728822191556294
15.154318928718567
16.932255764802296
15.913582225640615
16.04949977993965
14.708416899045309
15.690539717674255
15.42594051361084
15.219796001911163
16.25928956270218
13.921450197696686
14.076534847418467
14.210211714108786
13.53259747227033
15.064699421326319
13.75339949131012
13.362714608510336
15.591222018003464
15.942300001780191
14.261826992034912
13.105546573797861
13.565051098664602
12.055498351653418
12.338106786211332
12.017288585503897
13.176168839136759
11.368726839621862
11.38976035018762
11.575114950537682
11.119402850667635
11.444777558247248
11.743412286043167
11.125972852110863
10.658479794859886
10.046078085899353
11.355795577168465
11.966659843921661
10.521999751528105
9.663801600535711
10.139675358931223
9.10400821765264
9.683276961247126
9.212340712547302
8.794665118058523
8.884865880012512
9.436725656191507
9.114324480295181
8.64018489420414
9.076958994070688
8.670422305663427
8.789990012844404
8.603413005669912
8.845498954256376
10.350900501012802
8.933387269576391
8.961894065141678
8.332062870264053
8.89507860938708
8.1179248491923
9.06012111902237
8.229598209261894
8.226701110601425
11.018091022968292
10.43364217877388
8.235283469160398
9.212723404169083
8.876399611433348
8.380056609710058
8.534630378087362
7.9309826989968615
8.146825869878134
8.257235631346703
9.893574764331182
7.998303800821304
7.881908039251964
8.427696496248245
7.796585222085317
7.546577865878741
8.964062541723251
8.148005167643229
8.065633515516916
7.297314544518788
7.440468226869901
8.054572001099586
7.807721336682637
7.66935828824838
7.730835199356079
7.546906051536401
7.56630835433801
7.569916342695554
6.8748867735266685
7.540476476152738
7.528043294946353
7.089357544978459
6.958181381225586
7.085883607467015
7.292428642511368
7.364874670902888
7.234434485435486
7.391548688213031
7.4914156297842665
6.663700396815936
6.864259819189708
6.462094600001971
7.208734974265099
7.113236308097839
6.468390775223573
7.188226163387299
7.008279425402482
6.538751304149628
6.659503151973088
6.75244923432668
6.64072260260582
6.5284877469142275
6.976097285747528
6.542283135155837
6.942513088385264
6.462857733170192
6.684336344401042
6.513923476139705
6.507729907830556
6.334663815796375
8.346057871977488
6.41806676487128
6.489353326459725
6.434045006831487
6.720476359128952
6.838221748669942
6.602135593692462
6.326442303756873
6.257378260294597
6.439858083923657
6.4455813864866895
6.478534922003746
6.267855341235797
6.051520258188248
5.848928419252236
6.3230070024728775
6.3585463762283325
6.214028994242351
6.050961708029111
6.0093909700711565
6.135367614527543
5.779426078001658
5.841622076928616
6.109130648275216
6.085359409451485
5.940492158134778
6.0386751145124435
5.821567279597123
6.175100299219291
5.97653574993213
5.7608334968487425
5.623972324033578
5.782535980145137
7.2881995514035225
6.020957931876183
6.074196482698123
6.051579937338829
5.920075498521328
6.392586852113406
5.672165418664615
5.7397197633981705
5.607061239580314
5.58038517087698
5.5592851887146635
5.822450339794159
5.91134770711263
5.709855496883392
5.6323063398400945
6.096170596778393
7.082429985205333
5.662859241167705
5.935036564866702
5.539211146533489
5.721546237667401
5.967705113192399
5.826472168167432
