269.6072053909302
203.7828747431437
174.2671448389689
156.48471085230508
147.2745598157247
137.33861819903055
134.8067565759023
133.50586541493735
129.70013999938965
125.59440898895264
124.47611474990845
121.32490428288777
120.9963887532552
114.11707536379497
113.28787644704182
111.08770926793416
108.71354420979817
106.22395189603169
106.83999315897624
105.57556017239888
103.25769790013631
101.15984058380127
101.35722414652507
99.04161381721497
98.11940256754558
97.20529596010844
98.81704417864482
92.66397265593211
94.16642757256825
91.73037282625835
89.93315883477528
92.39292764663696
95.25274805227916
90.36496512095134
88.98846745491028
87.69556013743083
86.29531888167064
83.81331936518352
84.01215267181396
82.68867818514506
84.24216496944427
80.72918498516083
78.88386050860088
83.84434115886688
78.44665579001109
80.93405743439992
78.64627265930176
78.3137633005778
78.78483871618907
80.51327280203502
76.58811819553375
77.88377177715302
80.4740316470464
76.67357937494914
77.90547776222229
80.7117692232132
76.47834853331248
73.4350153207779
74.06613731384277
75.13549319903056
72.34264695644379
71.30873274803162
72.05975556373596
76.25264573097229
74.23585867881775
75.27353779474895
73.19048035144806
74.79706414540608
72.54565509160359
71.56619509061177
75.66727356115977
71.14969245592754
76.28806674480438
71.4601860443751
71.62845249970754
70.45381514231364
69.07559855779012
69.51318049430847
71.09230661392212
70.94043405850728
72.6263321240743
71.17631526788075
69.62783813476562
68.55629690488179
67.48822995026906
71.0012993812561
67.8485661347707
70.23140509923299
67.71594576040904
67.75978493690491
74.03114513556163
69.12569379806519
66.3645722468694
69.84723246097565
70.67540832360585
68.22983984152476
67.78524470329285
68.20510176817577
68.26037693023682
66.5561009645462
66.89259672164917
67.7088171641032
67.07905149459839
67.96663578351338
66.07835936546326
72.51809171835582
67.8495225906372
68.253719886144
67.34121282895406
69.67975370089214
67.05152984460194
66.80251455307007
67.74997766812642
68.57969590028127
66.80466643969218
66.0087792078654
66.67738668123881
67.6091357866923
64.95617898305257
63.84916273752848
64.37963672478993
66.61203547318776
65.11107039451599
66.53453608353932
65.68909672896068
66.78003418445587
63.42044321695963
65.73757473627727
64.89460881551106
64.94168464342754
68.01924510796864
65.4253089427948
66.43005005518596
62.811391830444336
69.28164688746135
62.32777090867361
62.478535175323486
63.18203588326772
62.78376535574595
62.69098603725433
65.29028117656708
70.4049003124237
62.45389584700266
65.81647841135661
63.29398401578268
65.03170347213745
65.49357688426971
62.895957827568054
64.8836596806844
70.78962993621826
63.89676260948181
64.85044070084889
63.389220197995506
61.76127870877584
64.27820424238841
62.932918111483254
63.38512206077576
62.90823109944662
60.944572846094765
66.26380332310994
64.51227215925853
62.236295660336815
62.342827916145325
62.138768911361694
61.18244234720866
60.96224045753479
63.06165679295858
61.980441093444824
62.13977269331614
62.662817438443504
64.37524016698201
62.97501031557719
62.522615591684975
60.80233379205068
61.58511118094126
59.199576576550804
61.432467897733055
62.96453416347504
64.5955598751704
60.63819193840027
62.02436184883118
62.43110704421997
59.003324468930565
61.8068855603536
61.43023534615835
59.53405785560608
63.18629312515259
61.71539807319641
62.039966344833374
62.21974551677704
62.55423573652903
64.01732003688812
62.13528994719187
66.99721737702687
62.63574993610382
63.56950124104818
63.942596117655434
62.09299043814341
60.720837910970054
60.91790175437927
