2351.945669809977
1889.3221613566081
1812.3995030721028
1729.1410319010417
1852.9715754191081
1680.1712118784587
1688.1746069590251
1688.6058699289958
1612.3204396565754
1543.1202100118
1584.299279530843
1561.7412236531575
1581.1042658487956
1513.4938583374023
1493.1060587565105
1428.6993370056152
1486.8695627848308
1462.747557957967
1452.5699787139893
1401.55632909139
1418.1656824747722
1421.0332412719727
1331.861587524414
1356.6565971374512
1353.5030110677083
1405.2185363769531
1411.4417133331299
1402.7146110534668
1328.8581288655598
1383.815523147583
1357.292106628418
1397.3649876912434
1318.2594750722249
1488.9043947855632
1323.2617085774739
1371.9952201843262
1386.8628158569336
1342.3626314798992
1395.1735661824544
1361.3957029978435
1360.9202779134114
1323.3037560780842
1276.2369575500488
1283.965087890625
1367.0551198323567
1297.4980246225994
1378.1912066141765
1237.7834097544353
1313.9034729003906
1263.5143413543701
1306.9154561360676
1204.513490041097
1299.9870045979817
1240.7447325388591
1270.1146634419758
1295.4973023732502
1266.1217104593914
1188.2704397837322
1229.9591229756672
1267.2157020568848
1208.2028204600017
1218.9550221761067
1219.9553833007812
1176.0347175598145
1217.9704055786133
1179.6589552561443
1211.8521766662598
1177.5277837117512
1176.0413347880046
1187.5434328715007
1181.3252092997234
1180.1391118367512
1184.877020517985
1150.7382113138835
1162.5538075764973
1191.3311468760173
1164.711301167806
1166.1778507232666
1149.165070215861
1135.1760355631511
1164.9188245137532
1176.8936227162678
1130.7662461598713
1092.3208249409993
1115.4988282521565
1124.64244778951
1055.3259919484456
1109.7865664164226
1079.5156809488933
1126.2568658192952
1060.1954816182454
1078.287898381551
1160.5617586771648
1042.8085657755535
1026.145606994629
1078.255859375
1051.5674368540447
1018.1797561645508
1040.3968251546223
1027.5016543070476
1031.8756478627522
1066.6424547831218
1051.9540990193684
1075.8350817362468
1012.609375
1028.6156361897786
989.7415688832601
991.9353917439779
1024.480552037557
1009.6357669830322
1099.3787434895833
1030.4820086161296
1014.2021083831787
1007.7819690704346
1050.1229934692383
1014.7040564219157
1003.8847834269205
1018.3269341786703
1005.0460065205892
997.7955195109049
1011.5387624104818
1033.0926322937012
1009.7950210571289
1004.8729591369629
1043.5732930501301
977.4844137827555
1029.8110020955403
988.2347462972006
973.5220425923666
956.5796076456705
947.5595194498698
950.7459952036539
1013.9514687856039
986.5174687703451
941.8201052347819
951.1662279764811
974.6778335571289
943.6510550181071
942.3264503479004
923.8465944925944
933.9984633127848
925.4134267171224
979.368106842041
931.2179183959961
881.6065794626871
933.5045153299967
895.4226862589518
949.2896054585775
947.903980255127
884.131092707316
887.6958821614584
953.1460386912028
924.9787063598633
948.8236955006918
906.5570265452067
899.5207494099935
918.8062782287598
899.8245398203532
908.3404833475748
890.1849931081136
894.7893079121908
896.0435256958008
899.9650503794352
906.9961274464926
919.2795213063558
917.1017945607504
899.5186077753702
945.7841237386068
917.2279847462972
915.8817698160807
914.7696901957194
892.0387992858887
894.1107873916626
898.9499568939209
878.8708775838217
866.0655371348063
915.9140701293945
882.2560304005941
867.1222829818726
853.8766063054403
863.7899068196615
854.557079633077
838.8639961878458
840.0905615488688
846.644006729126
873.442616144816
833.004591623942
858.4603548049927
847.8024311065674
837.9321527481079
824.1478850046793
829.2301527659098
826.3450578053793
827.7231324513754
821.301765124003
821.0953979492188
833.0780165990194
825.639954884847
818.510617574056
843.0259965260824
