-3.288729302585125
-13.18800421555837
-18.286088347434998
-27.61889612674713
-32.198381304740906
-33.039849638938904
-38.53326314687729
-38.38955501715342
-40.28210413455963
-39.03275634845098
-42.74009756247202
-42.121401945749916
-43.67381137609482
-42.811720271905266
-43.56283724308014
-44.30324117342631
-42.863158663113914
-45.69369248549143
-45.37370651960373
-45.543194234371185
-45.833833614985146
-45.948554158210754
-46.5369194149971
-46.19785996278127
-46.01840937137604
-46.425548473993935
-47.388932247956596
-47.0393017133077
-44.64524666468302
-44.91393788655599
-45.1982093056043
-46.815594017505646
-48.49867824713389
-48.04192320505778
-46.93193233013153
-47.22126042842865
-47.232863108317055
-47.455150385697685
-48.31785227855047
-48.608282228310905
-47.81422607103983
-47.01675762732824
-47.5079442858696
-48.21297303835551
-48.03960512081782
-46.91675907373428
-47.77364206314087
-47.7198611497879
-49.04497100909551
-48.28550783793131
-48.23357478777567
-49.43412299950918
-48.16460140546163
-49.09428467353185
-48.3172860344251
-49.0832756559054
-49.00223847230276
-47.828260044256844
-49.45042622089386
-48.99608361721039
-48.531913002332054
-49.38139955202738
-49.31529317299525
-48.75948943694433
-48.864503582318626
-49.08887696266174
-48.46205588181814
-49.63016529877981
-48.722425738970436
-49.88967581590017
-49.82211573918661
-49.32444496949514
-48.85884606838226
-49.19096048672994
-49.92645716667175
-48.509614864985146
-48.957371612389885
-49.26524450381597
-50.13559333483378
-50.75683436791102
-50.3919033408165
-49.08873802423477
-48.30036838849386
-48.43382318814596
-48.47011913855871
-49.6538450717926
-48.52615443865458
-49.04643710454305
-50.51724376281103
-48.4284420410792
-50.008475720882416
-49.31296012798945
-48.338782807191215
-48.793925046920776
-49.42603778839111
-49.16435442368189
-49.30804771184921
-50.0653672615687
-50.066376646359764
-50.596303125222526
-50.44792171319326
-49.0937605102857
-50.37636254231135
-50.18882739543915
-49.99240028858185
-49.06889581680298
-50.4069877465566
-50.22286766767502
-49.129246056079865
-50.50164711475372
-50.6313294172287
-50.44146992762884
-50.05050992965698
-49.56909461816152
-49.79743878046671
-49.62939763069153
-50.11541140079498
-50.964035630226135
-49.706785440444946
-50.76430348555247
-50.657126704851784
-50.54853558540344
-50.84946799278259
-49.792876640955605
-50.44201958179474
-49.759562611579895
-50.6283128062884
-50.12400289376577
-49.558938801288605
-49.45837787787119
-49.57426208257675
-49.74016664425532
-50.80533333619436
-50.02361059188843
-48.53817065556844
-49.97998934984207
-50.6781787276268
-50.77360608180364
-50.005741556485496
-50.28737072149912
-50.797258257865906
-50.36820654074351
-50.280718982219696
-50.43246074517568
-49.71906089782715
-49.5634511311849
-49.190718134244285
-50.67548390229543
-51.3877948919932
-50.991303284962974
-49.08387271563212
-50.066219528516136
-50.40464266141256
-49.72388744354248
-50.18694428602854
-50.35188106695811
-50.74468386173248
-49.623044749101005
-50.64718407392502
-50.80769713719686
-49.71470665931702
-50.47379275163015
-50.39015944798788
-50.975255727767944
-50.28915923833847
-50.64712236324946
-50.96146313349406
-51.44150729974111
-50.4952582915624
-49.79275174935659
-49.752179046471916
-50.463445941607155
-51.39520674943924
-51.462899367014565
-51.270305593808494
-50.121640046437584
-49.7904739578565
-50.95298224687576
-50.23731052875519
-51.023302952448525
-50.87579337755839
-50.992871602376304
-49.8057674964269
-51.32980636755625
-50.87749139467875
-50.93996081749598
-51.28459358215332
-49.87007075548172
-50.37573552131653
-51.52277104059855
-51.59137221177419
-50.466525634129844
-50.45931831995646
-50.23633372783661
-51.0233344634374
-50.55578168233236
-51.20650509993235
-51.48249135414759
-52.166642467180885
-51.83903086185455
