157.2001539071401
123.79441793759663
112.07398339112599
105.49338908990224
100.68248442808788
98.22709512710571
90.92610609531403
89.98115547498067
85.05233140786488
86.05638615290324
75.70378293593724
76.11207375923793
74.38309915860494
71.97583438952763
66.30461424589157
63.71754135688146
66.63562182585399
64.7210196852684
61.385571579138436
62.69575939575831
61.995018084843956
61.95067207018534
56.796991765499115
55.0043571194013
55.947438230117164
52.1505560874939
50.866143176952995
49.95262392361959
49.1247072716554
48.49281341830889
45.199708054463066
46.606792052586876
43.969139605760574
40.61388770242532
42.36248395840327
47.20956354339918
41.769238620996475
39.957512905200325
40.38672117392222
41.845595767100654
40.47020736336708
39.56891010204951
41.85995782415072
38.631559282541275
37.2167633275191
38.6146252254645
38.887275810043015
40.482841501633324
35.63648846745491
35.45770448446274
35.31860131025314
33.839989026387535
36.42279859383901
32.611384846270084
33.11478920777639
33.308754086494446
30.981110001603763
32.73309804499149
32.253279673556484
27.69683922516803
31.98439194758733
28.631836405023932
33.237273459633194
29.44429864237706
28.7180978457133
29.436028119176626
29.89185170829296
28.44954378902912
26.11384455114603
28.058172995845478
27.07197269005701
23.280043677737314
27.948062676936388
28.351977820197742
25.570241476098698
26.62928453584512
28.91740918159485
25.37669302523136
27.264566104859114
24.497823636978865
28.399756714701653
24.479776857420802
25.875248183806736
22.646627860764664
21.58156903833151
23.220847209294636
23.787447315951187
24.849042791873217
24.990723878145218
21.063925887147587
20.042232195536297
23.401941921872396
20.606074986358482
22.408792220056057
18.5822045058012
19.82556256155173
16.503270740310352
22.697234849135082
27.299064954121906
22.590900179852422
19.700857502718765
17.232986678679783
21.22034700711568
19.615910453100998
20.434418564041454
17.98609847823779
21.040881083657343
21.64517304301262
19.808064942558605
19.770434267818928
18.501670052607853
14.852923209468523
16.116408814986546
17.10416104396184
22.577250947554905
14.093189050753912
17.91347125420968
17.3004196335872
16.616049766540527
16.955025454362232
17.944405888517696
15.885205034787456
18.695459201931953
19.568329494912177
16.006044899423916
18.538156524611015
21.239284199972946
20.351512795935076
19.70404439419508
20.026131356755894
21.116548617884593
17.242866386969883
15.663733801494041
13.117830112576485
13.40773939092954
16.53306279083093
16.21973739316066
19.73972335954507
17.47007315357526
18.21120900909106
17.95777542392413
15.00446922580401
17.962117875615757
13.661717797319094
13.008592024445534
15.254660606384277
16.52797868847847
16.252624751223873
14.729493002096811
14.381532222032547
19.248914311329525
14.300053417682648
16.498210390408833
15.57728243370851
14.25386036435763
15.1634202003479
14.21422229707241
15.691741988062859
14.357106804847717
15.742969597379366
15.916635344425837
17.686946685115498
16.758533063034218
13.36851384739081
12.964773843685785
19.55889145160715
12.26310221850872
15.036666736006737
15.632478108008703
13.500703771909079
14.235480005542437
14.548896215856075
15.403678586085638
13.762521887818972
9.831537321209908
13.283918698628744
13.646481121579805
12.13756829003493
13.777479906876883
15.658876111110052
13.270289157827696
10.514074514309565
10.337660824259123
10.859610175093016
11.957224865754446
13.632444428900877
14.5446129043897
13.482758956650892
14.596865492562452
8.395361920197805
11.710974996288618
14.341541861494383
11.729077453414599
12.696602572997412
9.645935078461966
15.872499306996664
11.91260668138663
11.998439192771912
13.150506163636843
10.746422529220581
