193.59204856554666
182.839608669281
181.41777141888937
181.87876145044962
167.42764218648276
175.0734944343567
157.5956473350525
172.837504307429
156.30616776148477
148.96985030174255
151.84577254454294
140.163632551829
144.1000374952952
136.19744837284088
132.14847775300345
134.31777787208557
122.79008638858795
137.44591975212097
118.61423579851787
115.6395452817281
113.17180875937144
120.65622095266978
108.77424569924672
113.28260799249013
112.82167704900105
104.20243187745412
102.66706720987956
103.30235592524211
101.56033686796825
105.35026502609253
102.09422489007314
97.41698042551677
95.4842912753423
88.69395959377289
92.59450030326843
92.93273536364238
86.35286156336467
84.91035821040471
85.27784967422485
86.8383960723877
89.34493645032246
87.23969149589539
83.674099167188
81.51006869475047
77.29118160406749
74.88241338729858
85.76190294822057
84.63476490974426
81.53305713335673
82.3743364016215
78.58424295981725
79.0707848072052
77.57481360435486
80.04513835906982
81.13946048418681
77.8181248108546
76.03262726465861
75.16113724311192
78.99013978242874
80.90860040982564
71.70877186457317
79.96448147296906
73.01508380969365
74.67449883619945
71.90317465861638
73.37646820147832
71.13432536522548
69.48207779725392
70.05236232280731
72.60846447944641
65.04440277814865
68.91853072245915
63.636843184630074
70.36536353826523
63.3742316365242
65.10708999633789
63.005950689315796
67.92828929424286
64.51349608103435
69.59011288483937
62.4252916375796
59.372742195924125
71.05294140179952
66.37081003189087
68.1537333925565
61.244959592819214
61.81188084681829
66.41922497749329
61.53836512565613
68.30771702528
63.75011626879374
61.78215980529785
54.18033047517141
60.40314191579819
55.310039043426514
58.05065347750982
55.29923997322718
60.188272058963776
59.24932926893234
53.10118041435877
54.93277923266093
52.756848295529686
52.94127235809962
55.26091359059016
55.0865860581398
54.65982033809026
56.228591084480286
53.17402704556783
56.99367904663086
59.17022327582041
57.4299701054891
53.49392545223236
47.11626275380453
53.70430225133896
51.184539159139
53.64275419712067
49.1658868988355
45.29369007547697
50.96904840071996
46.527369578679405
46.692289938529335
47.999629666407905
44.86551561951637
43.74197891354561
45.742398768663406
46.4449842274189
48.18344102303187
45.49122460683187
40.96210138003031
51.98660145203272
46.52766774098078
43.62022463480631
46.95139975349108
46.414898892243706
44.82740436991056
48.79459269841512
49.374979923168816
43.400681088368096
43.39316588640213
41.14619474609693
40.39743052919706
40.99291636546453
41.24675483504931
42.38605686028799
39.432458559672035
34.41719870766004
38.786705861488976
39.69836633900801
42.25794251759847
39.59122718373934
39.8241848051548
39.819940477609634
40.77923507491747
38.14358781774839
36.502801011006035
40.18801662325859
39.26777757207552
39.52483450373014
35.889091382424034
43.18546254436175
49.848441849152245
43.229888543486595
41.969061851501465
42.928972681363426
42.75030753016472
39.35022450486819
41.55068777998289
39.416955361763634
37.28651230533918
38.384652783473335
36.78656950592995
35.52246921261152
39.3801076511542
37.546683594584465
32.21974558134874
33.57326264679432
33.98359376192093
33.564194813370705
34.705258533358574
33.052408595879875
30.113491070767243
31.916132748126984
39.86055505275726
33.56008602678776
37.69728718698025
36.24425487716993
33.11814144253731
40.31480566660563
40.20992776751518
39.941131542126335
38.06981406609217
33.03031466404597
33.97994769612948
38.53351711730162
37.68135351439317
33.87619709968567
33.945545583963394
35.42412396768729
35.21578670541445
33.845203563570976
