-0.46046204725280404
-12.25974352657795
-31.19430175423622
-48.35075396299362
-68.79877549409866
-75.22188144922256
-84.33817428350449
-89.36816883087158
-95.28195440769196
-106.81510651111603
-98.37183338403702
-99.75707763433456
-105.17583668231964
-115.42894887924194
-115.14135944843292
-111.71508646011353
-114.2202976346016
-102.0838725566864
-120.12121975421906
-116.00779438018799
-118.3740862607956
-115.93643593788147
-123.89530974626541
-116.38473296165466
-117.40770518779755
-120.69549202919006
-119.38184797763824
-120.25124442577362
-131.55390191078186
-127.30620098114014
-130.87837398052216
-127.54409939050674
-127.99593210220337
-124.22644555568695
-132.17704927921295
-128.96563732624054
-138.22934114933014
-135.07514488697052
-138.09379637241364
-136.6028944849968
-138.81282031536102
-141.9129940867424
-129.90133547782898
-137.08365738391876
-138.1154134273529
-139.9326159954071
-140.05571031570435
-135.00676810741425
-141.4540899991989
-136.45196795463562
-141.3470624089241
-142.9004180431366
-145.81616187095642
-139.215949177742
-144.60071122646332
-150.10210061073303
-137.5163208246231
-141.48653572797775
-143.4806536436081
-138.6160305738449
-140.2276998758316
-141.3049464225769
-141.91603618860245
-145.97920644283295
-149.99161791801453
-146.50387835502625
-140.0071575641632
-148.13097977638245
-139.81901061534882
-141.98013186454773
-142.81463479995728
-137.65033447742462
-145.56668937206268
-144.99528795480728
-142.0729864835739
-144.38863039016724
-148.27935779094696
-147.6079397201538
-142.11620044708252
-144.96652901172638
-147.15339732170105
-148.6085696220398
-149.1524007320404
-153.04581767320633
-151.77928590774536
-151.62365520000458
-151.88773381710052
-152.90528666973114
-149.24199163913727
-153.35302966833115
-154.02205032110214
-157.4807287454605
-157.51452428102493
-155.017522752285
-153.63071715831757
-155.83888018131256
-157.69504582881927
-157.69061362743378
-157.38243460655212
-158.83963161706924
-159.30495232343674
-158.29626387357712
-158.50041711330414
-157.90519261360168
-158.412740111351
-160.68684220314026
-157.85770761966705
-158.6356395483017
-158.2871879339218
-152.90406781435013
-155.89953082799911
-157.32741487026215
-155.38976722955704
-157.04662483930588
-156.10209250450134
-154.2541264295578
-156.24680387973785
-156.6490261554718
-154.6839290857315
-157.08021891117096
-157.63160490989685
-157.44021439552307
-152.14085280895233
-157.1115062236786
-157.90221095085144
-156.28998762369156
-153.14279222488403
-159.22405457496643
-158.34341645240784
-159.33027631044388
-157.51176422834396
-152.61757636070251
-156.94805872440338
-159.95812785625458
-156.71917581558228
-157.81507790088654
-157.75138515233994
-156.3820263147354
-157.75516259670258
-156.67785561084747
-158.57520043849945
-157.76052153110504
-157.48405289649963
-159.42985981702805
-159.4916688799858
-158.8421196937561
-161.77259051799774
-155.9712619781494
-157.384308218956
-158.83693200349808
-157.7109010219574
-156.67835927009583
-159.884341776371
-159.2634004354477
-153.37108081579208
-152.40771162509918
-156.22724175453186
-153.92491459846497
-153.22208833694458
-155.25191569328308
-156.25385510921478
-144.78552395105362
-152.7804496884346
-151.84105467796326
-155.9174107313156
-156.67630434036255
-152.44223242998123
-154.32737863063812
-156.3177593946457
-149.76569652557373
-152.68806850910187
-154.28212988376617
-152.12241888046265
-150.5301102399826
-150.18774282932281
-153.66253834962845
-156.4597510099411
-155.91583931446075
-155.78279268741608
-155.04205095767975
-158.9380567073822
-157.0421221256256
-158.40113580226898
-157.49315905570984
-157.59892749786377
-160.0835793018341
-156.8749777674675
-157.56127393245697
-157.65739226341248
-157.1403558254242
-158.0221221446991
-156.07124841213226
-153.5992283821106
-158.94210612773895
-155.9384133219719
-154.2979850769043
-157.27142810821533
-158.2814462184906
-156.69364029169083
-157.9385348558426
