177.56937726338705
161.47049220403036
154.90670935312906
150.61010495821634
152.46275424957275
136.43868811925253
128.12789114316305
129.41202187538147
121.02213843663533
118.48850333690643
115.39603388309479
120.94334713617961
124.92471770445506
118.3941691716512
111.35587922732036
111.39843734105428
111.68264118830363
116.04298897584279
112.2628698348999
110.87278584639232
110.8187290430069
108.75994499524434
115.0299820502599
98.80635293324788
105.37836146354675
99.25732080141704
104.30902584393819
98.22237447897594
102.09429836273193
97.54711123307546
99.05426955223083
105.04511924584706
92.41524533430736
86.58715716997783
89.91656251748402
94.62629095713298
89.99717080593109
88.71267525355022
91.37428418795268
92.57692996660869
90.30047357082367
90.01999386151631
82.86135800679524
91.03606673081715
91.30098740259807
89.7118102312088
80.42389363050461
86.08511571089427
76.97467239697774
81.89309306939442
86.60367548465729
87.84812939167023
87.54072952270508
79.06460785865784
80.23874131838481
80.13246079285939
78.40735948085785
76.5496374766032
80.65881462891896
79.37030905485153
78.06068915128708
80.78051441907883
78.23499288161595
79.75232215722401
82.91193721691768
75.92319180568059
80.2998370329539
77.25723433494568
76.3339425722758
75.00866834322612
73.60488998889923
80.8157320022583
77.28735586007436
69.34430968761444
76.75502284367879
73.9697260260582
77.8264969587326
78.9617867867152
73.06565846999486
74.972887357076
73.87748195727666
70.87874023119609
68.36468948920567
78.7888499101003
71.62829411029816
69.6568644841512
78.35825598239899
72.8578695456187
66.58012829224269
69.41935708125432
77.56060232718785
63.912393629550934
75.23876873652141
63.90333970387777
65.47461158037186
72.9436867038409
67.09600857893626
63.2840601404508
71.54702442884445
66.91327299674352
66.6538587808609
66.7560991247495
71.34515476226807
63.169784565766655
68.66924079259236
63.91929171482722
68.10966674486797
73.6084331671397
65.57763143380483
65.64087661107381
65.43383783102036
70.05236864089966
66.98905160029729
73.84744779268901
62.227433363596596
67.24010686079662
65.93929449717204
63.57488942146301
68.17055104176204
69.4221572081248
66.00699351231258
68.9023152589798
64.81781905889511
65.43475554386775
68.38426601886749
61.94641455014547
68.1010863383611
66.96790619691212
67.48116300503413
65.19394395748775
67.62324885527293
65.27979352076848
61.575556337833405
57.70168147484461
62.34681922197342
69.30881722768147
70.71959805488586
60.47006952762604
67.22104106346767
61.197476168473564
64.48651351531346
60.82808422048887
60.680201848347984
57.02908315261205
60.34298143784205
57.828279534975685
56.28557592630386
62.90932925542196
66.5860983133316
60.87550421555837
63.26118856668472
56.01000328858694
59.458187917868294
55.23955384890238
56.059012035528816
59.46397199233373
61.02853830655416
58.86646489302317
59.9291937549909
52.49915909767151
64.10510859886806
61.12894790371259
57.40338730812073
62.910891791184746
62.0187761982282
57.914123237133026
57.34837585687637
67.24078192313512
55.601830859978996
56.53579396009445
60.026458064715065
57.319096863269806
58.84670943021774
55.70449318488439
57.765266279379524
56.44876058896383
57.609721740086876
64.12213051319122
58.52914287646612
62.27710346380869
59.69673732916514
56.6896725098292
55.41976802547773
55.40878087282181
60.50273428360621
59.25797392924627
55.86561322212219
49.28048047423363
62.274360835552216
55.34072427948316
47.846971879402794
53.34136293331782
56.0905747016271
59.65488443771998
53.50737742582957
54.6826344927152
56.39975092808405
54.60337966680527
53.60631110270818
61.683038075764976
