0.47040018858388066
-5.674225091934204
-10.334032610058784
-16.617622435092926
-21.833709001541138
-28.72589799761772
-32.55622909963131
-39.53606739640236
-43.945921421051025
-43.605629086494446
-54.4405180811882
-53.426208794116974
-62.419467747211456
-62.49370712041855
-62.96046829223633
-70.8116597533226
-73.11227950453758
-78.16232976317406
-82.20615446567535
-85.79298394918442
-83.2882462143898
-88.29135543107986
-88.44415557384491
-98.75138092041016
-89.2985731959343
-91.810009598732
-96.99929141998291
-96.6241962313652
-93.16880166530609
-95.60820472240448
-98.10794615745544
-101.33871877193451
-93.39984023571014
-104.20456004142761
-106.43197292089462
-104.34654158353806
-106.28018009662628
-108.4361035823822
-104.15607780218124
-100.32003772258759
-107.73224985599518
-106.17973029613495
-100.49901807308197
-107.29354250431061
-111.17729926109314
-111.65603744983673
-112.44670188426971
-117.09777343273163
-112.57972836494446
-110.26916134357452
-116.24960118532181
-113.36317032575607
-114.00125622749329
-112.49172902107239
-111.2660037279129
-112.94143629074097
-116.67971611022949
-118.4191033244133
-114.65543907880783
-116.79262644052505
-113.98162358999252
-114.65488505363464
-119.95229244232178
-118.72985100746155
-120.04194378852844
-118.09854435920715
-123.76452958583832
-122.65561294555664
-116.98794549703598
-124.13066971302032
-117.44334411621094
-119.52255022525787
-121.53948390483856
-129.1133303642273
-125.49415588378906
-128.53803062438965
-132.33116900920868
-130.4483094215393
-127.77154183387756
-131.3216747045517
-128.26553082466125
-131.77785903215408
-124.94381749629974
-128.53715425729752
-126.35337841510773
-126.48680782318115
-128.34035444259644
-128.2505419254303
-130.09421682357788
-131.16062462329865
-132.48781710863113
-133.2629587650299
-131.96287322044373
-134.09649467468262
-132.75053584575653
-140.28594303131104
-135.90064239501953
-137.1876529455185
-135.92086935043335
-136.44632697105408
-136.706134557724
-138.09627437591553
-140.644145488739
-138.61067163944244
-137.69008326530457
-137.7200207710266
-135.4049510359764
-133.42933756113052
-140.00723814964294
-137.995885014534
-139.83776688575745
-139.85154700279236
-136.02025139331818
-139.78586983680725
-142.64611041545868
-145.2765816450119
-141.12451553344727
-139.08807009458542
-140.73407888412476
-144.20717203617096
-137.83973050117493
-142.95944690704346
-140.10683172941208
-142.58458340168
-141.15686053037643
-140.7869127392769
-141.42794001102448
-141.6266235113144
-143.50618916749954
-142.15465986728668
-144.68667578697205
-146.55785048007965
-141.96126478910446
-145.03877389431
-143.8839235305786
-143.3092584013939
-145.5259735584259
-144.67472898960114
-144.93440562486649
-144.82191836833954
-146.55828362703323
-142.72566843032837
-140.53801441192627
-143.73528361320496
-146.73147189617157
-144.45396506786346
-144.7681678533554
-144.4086558818817
-144.16448187828064
-146.69895565509796
-146.50338476896286
-144.6288959980011
-150.21898984909058
-145.81825709342957
-142.06069719791412
-141.67966890335083
-145.28321987390518
-149.60367941856384
-141.43461853265762
-147.41676074266434
-148.45218342542648
-148.08828961849213
-146.92402082681656
-148.7216511964798
-150.36688435077667
-147.55740255117416
-150.7946320772171
-145.4172637462616
-148.50475537776947
-147.06956827640533
-145.55288910865784
-146.4362872838974
-146.3466762304306
-149.71535074710846
-148.1020495891571
-150.7933225631714
-148.0992089509964
-147.51887261867523
-149.20633256435394
-145.4621599316597
-150.30903404951096
-150.51200872659683
-150.14402520656586
-149.0348869562149
-150.36304646730423
-150.5597858428955
-148.82802402973175
-148.6277892589569
-146.17786979675293
-151.8466956615448
-146.676633477211
-147.46017616987228
-148.14391374588013
-150.7696304321289
-151.27111387252808
-150.49385684728622
-146.6865051984787
-150.14625138044357
-148.36165571212769
-151.98262321949005
