866.8845181465149
883.5128483772278
903.2876386642456
1008.0789012908936
914.8223218917847
947.4936900138855
928.6645703315735
901.4681797027588
902.2309212684631
896.5950145721436
858.3297247886658
914.6360082626343
853.005603313446
832.7273149490356
851.7364625930786
867.1457762718201
870.6601896286011
858.1505026817322
869.5922708511353
921.7045636177063
854.178927898407
848.2983636856079
860.4215626716614
837.8463463783264
873.1690573692322
859.115433216095
836.6518278121948
849.9360218048096
840.3075075149536
852.226583480835
847.7900304794312
839.4981875419617
821.1010866165161
829.3751201629639
831.2980508804321
835.3433613777161
840.2687458992004
855.2520847320557
826.5705037117004
865.3017387390137
851.2460193634033
851.376326084137
831.5410966873169
832.6286783218384
814.3889608383179
828.3798894882202
841.7287936210632
847.2762174606323
836.2555084228516
829.2371578216553
834.2949442863464
835.825665473938
836.3867015838623
832.7593879699707
845.101457118988
822.208411693573
852.1356830596924
826.3977284431458
823.6433973312378
812.4491877555847
834.9100532531738
842.5697031021118
843.9686670303345
838.5309200286865
825.1084413528442
846.4643993377686
843.4063415527344
843.7807416915894
837.5904874801636
823.5332369804382
819.8794107437134
830.4456176757812
834.4466867446899
851.6167931556702
837.48766040802
822.450168132782
808.3321561813354
839.9377813339233
821.4199633598328
835.121509552002
822.4670910835266
820.1168155670166
827.885739326477
825.706627368927
796.0485920906067
832.4619469642639
836.3288412094116
811.9622902870178
818.5433840751648
816.9620552062988
850.857355594635
821.0936727523804
821.0538635253906
815.2545294761658
835.7134099006653
837.4862904548645
829.5440273284912
828.2455534934998
815.6120872497559
819.9477472305298
825.2562351226807
808.2047505378723
815.675910949707
848.2759609222412
831.853123664856
834.723256111145
826.7264366149902
826.6171627044678
819.5415964126587
837.1528277397156
824.9499297142029
828.6471915245056
826.7765607833862
826.5965328216553
837.6329560279846
823.955988407135
824.3241028785706
817.6852293014526
812.3038115501404
796.6034231185913
801.826409816742
831.5264301300049
841.9044699668884
848.7643895149231
821.9506993293762
814.1175489425659
806.4811882972717
814.0832195281982
828.5413022041321
830.7955198287964
813.0094985961914
788.3927297592163
820.799777507782
825.0726613998413
819.0812921524048
809.0765242576599
831.5885615348816
831.1136713027954
810.8933238983154
826.0563683509827
807.2518272399902
835.3249878883362
809.85280418396
835.1301321983337
816.3961839675903
806.000979423523
826.3165788650513
821.0980243682861
819.5997791290283
812.8316464424133
818.784173488617
800.6443014144897
811.7844381332397
808.6662635803223
815.0506482124329
815.1378417015076
813.9189863204956
824.9221277236938
806.8472075462341
823.6779685020447
814.8528914451599
806.9975800514221
815.4644546508789
814.6015453338623
812.4156641960144
812.8431701660156
826.4281091690063
821.8335280418396
814.436586856842
828.6771693229675
823.286967754364
817.5395307540894
819.8420190811157
812.2180685997009
813.6404023170471
832.3882112503052
821.6624450683594
822.2679643630981
813.0684871673584
835.0318984985352
831.9306468963623
818.8527517318726
823.6044745445251
838.1722340583801
804.0211553573608
786.4613375663757
809.3696136474609
806.149176120758
813.6283950805664
827.0544195175171
834.8491306304932
820.2640452384949
796.068657875061
829.3957500457764
823.4518456459045
819.8027739524841
807.5540227890015
813.4606966972351
827.992112159729
813.3465876579285
