2377.7361183166504
2229.3208134969077
2082.319211324056
2126.792413075765
2318.5862731933594
2390.103773752848
2320.4840927124023
2178.004465738932
2058.9272104899087
2133.282685597738
2140.7668100992837
2109.184137980143
2158.6942342122397
2018.6539726257324
2250.1116650899253
2090.2969563802085
2045.0314865112305
2027.3655344645183
2257.0918184916177
2193.2925020853677
1961.5060234069824
2205.277779897054
2128.254564921061
1956.4227129618328
2017.3476282755535
2163.00284576416
1964.2492942810059
1985.0519612630208
2005.3752822875977
2135.975083669027
1905.743278503418
2006.1324272155762
2017.9784545898438
2020.186897277832
1965.4886894226074
2084.579603830973
1944.412612915039
2031.139015197754
2195.507091522217
2241.751724243164
1994.4029210408528
2397.7521591186523
1945.2951736450195
2138.193457285563
2006.6069196065266
2246.6316731770835
1996.0385398864746
1822.8695208231609
1987.396354675293
2142.2874196370444
1971.1477038065593
1843.0008646647136
2006.2365214029949
1972.7512296040852
2178.7639668782554
2000.5482432047527
1960.0749079386394
2006.1074778238933
2149.9929135640464
2013.3890991210938
1939.4132499694824
1991.5359547932942
2368.285722096761
2060.890853881836
2396.3005574544272
2089.8145891825357
2062.222802480062
2123.844139099121
2051.106881459554
2200.7600466410317
1974.9513155619304
2079.5061963399253
2053.325304667155
1887.3909962972004
2005.846773783366
1977.2659670511882
1960.2056401570637
1994.6952540079753
1876.155943552653
2045.5484568277996
1847.369778951009
1860.0625546773274
1886.6506690979004
2011.8755366007488
2067.0802714029946
2005.4413617451985
2093.181153615316
2039.1699180603027
2003.2414118448894
2161.1582374572754
1806.8774452209473
2037.2822519938152
1876.388407389323
2128.9285888671875
1939.37734858195
1860.9275449117024
1985.3075942993164
1930.2638664245605
2132.4554430643716
2098.111167907715
1973.4914067586262
2054.9457397460938
2237.3248875935874
2200.739875793457
1879.9884389241536
1914.7644373575847
1948.8906529744465
1880.7003631591797
1830.748046875
1818.85915184021
1952.4457321166992
1864.1532491048176
1920.869105021159
2117.133706410726
1897.2271995544434
1925.1246388753254
1924.2922293345134
1929.7714233398438
2458.570931752523
2034.4086888631184
2135.7009773254395
2063.7439244588218
1973.2769266764324
1888.0224545796711
2096.7728703816733
2117.884474436442
2037.1941426595051
1951.7735684712727
1881.5083719889324
2330.9014523824058
2076.6166496276855
2129.547317504883
2021.9287846883137
1930.0143864949544
2020.8561541239421
1910.5699615478516
1905.1534665425618
2009.430081685384
1910.877232869466
1956.0437138875325
1940.7862599690754
2069.247512817383
2000.857000986735
2004.2188669840496
2023.4126892089844
2009.4787089029949
1953.941478729248
1892.911153157552
1904.8234252929688
2035.760934193929
1975.4288063049316
2011.8065999348958
2116.9360885620117
1929.5777320861816
1866.805726369222
2050.8478215535483
2023.3297259012859
2112.1362063090005
1857.1119448343914
1980.7782440185547
1941.0428975423176
1862.517011006673
2011.3143259684246
2024.9040063222249
1892.4190877278645
1907.7483596801758
2004.2418581644695
1921.742596944173
1964.3947842915852
2096.5791244506836
1885.3215014139812
1850.1030375162761
2057.8683166503906
1791.637087504069
1886.3813978830974
1967.2591819763184
2100.4978574117026
2196.296413421631
1967.3577486673992
2055.7135060628257
1856.6995239257812
2028.4115079243977
1974.7240193684895
1930.441125233968
2007.511639912923
1983.896957397461
1854.7305920918782
1787.0158716837566
1972.2351786295574
1915.0644772847493
1948.9546979268391
2014.4238001505535
1977.0626754760742
2141.714070638021
2104.2794329325357
2086.5549519856772
1976.229793548584
1949.49862798055
1919.7395909627278
1956.072193145752
