229.28174726168314
216.48623577753702
202.09008661905924
203.94071904818216
195.59661785761514
189.83557709058127
191.96127684911093
196.52357172966003
190.10698930422464
194.18129841486612
184.42640924453735
178.82872382799783
178.87541381518045
183.62952303886414
181.870920419693
183.3101499080658
178.11430970827737
176.20159379641214
174.07154043515524
175.93959148724875
161.11333441734314
172.83652981122336
166.19032255808511
168.20411650339761
171.82692821820578
168.3701814810435
167.01306144396463
158.19552413622537
175.93292713165283
158.47217106819153
154.75727653503418
156.80910126368204
156.0700662136078
157.29397789637247
158.32301863034567
157.4645982583364
153.40522011121115
150.72040756543478
151.00740249951681
152.22776770591736
149.61871727307638
146.34760880470276
141.0994823773702
141.5752816994985
149.30025712649027
141.26829465230307
134.05079583326975
132.59553972880045
136.91290712356567
136.82246315479279
137.0157914161682
130.45231986045837
123.65824850400288
128.05678244431815
129.3553578456243
131.37676254908243
123.3075088262558
127.26632805665334
127.60391076405843
116.86337705453236
123.79369338353474
124.83873995145161
116.71740047136943
116.83698896567027
115.92414311567943
116.90654468536377
118.8733594417572
117.82747105757396
116.48688729604085
116.69506514072418
117.53882237275441
107.34298439820607
110.96104848384857
108.59668596585591
114.95625460147858
111.72808460394542
112.65731795628865
110.57072273890178
116.43960976600647
104.68657859166463
105.25288887818654
109.3562155564626
102.99402316411336
103.696599761645
105.9566337664922
102.48073069254558
98.72767027219136
101.7370274066925
97.82612363497417
97.85534572601318
95.87816075483958
100.32039201259613
102.62314589818318
93.45818078517914
101.26954956849416
99.57770788669586
98.7806670665741
95.57412981987
96.03041978677113
89.51914954185486
100.28813735644023
91.03607439994812
92.8374039332072
89.7719669342041
96.5324774980545
95.97234996159871
100.31494895617168
92.68964012463887
97.64274287223816
90.28762102127075
89.45613865057628
90.5910034974416
91.07308840751648
84.25382693608601
93.53236909707387
90.35959835847218
87.10843865076701
84.69904998938243
87.5015515089035
85.5684842268626
88.7581255833308
92.08307214577992
85.90605815251668
89.21725404262543
94.45440061887105
92.60639560222626
87.87706502278645
82.0081508954366
91.42882374922435
87.1382995446523
84.50454417864482
80.24347257614136
82.38679083188374
84.25102253754933
85.40826555093129
84.0560377240181
83.32088228066762
84.9329845905304
78.65999799966812
77.1874829729398
83.35658437013626
81.56138821442921
81.23526988426845
78.77343205610912
73.93982436259587
83.95948235193889
77.72970753908157
82.28664342562358
83.79140953222911
77.4803488055865
79.72905798753102
77.54533678293228
71.75781748692195
80.22310682137807
76.24282602469127
76.97103323539098
76.84326646725337
76.19242286682129
75.31788289546967
77.02553443113963
81.77463748057683
80.34496482213338
75.58190679550171
74.1572213570277
76.2098839879036
72.40216938654582
72.52104038000107
74.09295968214671
70.00788807868958
73.54051677385966
75.71311382452647
70.89123978217442
72.72660505771637
73.42954369386037
79.1978094180425
72.23083178202312
70.34522106250127
77.04091701904933
71.02021147807439
75.04691410064697
73.08321545521419
61.938542544841766
72.60998461643855
71.53731497128804
65.6046871940295
72.8250344991684
73.94083897272746
69.36744532982509
73.21644137303035
71.17329529921214
72.21258608500163
68.77928525209427
72.04987825949986
69.1460412343343
65.49724946419398
65.67008207241695
70.01795212427776
67.16166905562083
64.88602145512898
65.38008459409077
