790.4010004997253
752.2204866409302
772.8514170646667
739.4561495780945
728.6736512184143
727.6619005203247
739.7430338859558
723.0014004707336
720.3073472976685
692.6680588722229
680.142174243927
694.3809838294983
714.3973693847656
685.6649389266968
666.5724658966064
671.8112070560455
633.1610813140869
676.5210657119751
659.7004585266113
674.7534232139587
660.9726614952087
664.4819576740265
643.5976665019989
617.1915373802185
629.8945891857147
617.662358045578
607.8703761100769
629.2330226898193
608.8699986934662
601.8540253639221
627.6515729427338
597.2401037216187
582.176219701767
595.371084690094
584.5508320331573
559.8689501285553
560.2988333702087
565.6769471168518
568.3692274093628
572.7622239589691
563.3171625137329
553.900144815445
556.9104557037354
553.1064584255219
549.224615573883
542.5694637298584
547.677857875824
538.2679316997528
536.5305087566376
515.6970267295837
522.7045788764954
532.878133058548
502.3004159927368
505.18743109703064
504.5661573410034
507.5122013092041
509.4878752231598
525.0963156223297
500.20954513549805
487.52889609336853
512.8716595172882
494.46319603919983
502.29292154312134
503.24366903305054
490.0330092906952
500.18005084991455
498.5979564189911
505.6906068325043
490.5398919582367
478.2072916030884
488.87346482276917
499.04589080810547
473.88013339042664
483.05293679237366
479.7690382003784
484.02636909484863
473.5600075721741
473.8322253227234
460.1588840484619
470.36934638023376
475.9406638145447
482.77769708633423
454.97985672950745
479.54726696014404
455.4047839641571
480.32689118385315
475.58165550231934
466.60600447654724
452.7017455101013
483.3628685474396
463.4902877807617
458.2331328392029
477.43552446365356
461.96315264701843
461.5753753185272
447.47666358947754
440.3472259044647
472.3345844745636
462.91692209243774
457.0896248817444
445.0196123123169
456.5349953174591
431.64214062690735
461.3717761039734
446.45274448394775
455.152672290802
429.8019309043884
455.0392482280731
433.0831298828125
444.36219596862793
452.79433822631836
458.9255232810974
431.76604080200195
456.38434076309204
453.92305874824524
435.8261790275574
443.4728546142578
433.1730229854584
436.80468821525574
433.3500289916992
424.9741756916046
444.9162211418152
443.573344707489
445.2413432598114
437.22562646865845
430.3578498363495
418.1576111316681
426.4109745025635
437.48797249794006
439.7122929096222
432.42442417144775
427.4937210083008
441.1604542732239
437.6958830356598
441.2581641674042
424.67061018943787
445.47971510887146
424.09337639808655
417.14171028137207
418.1993544101715
436.6357407569885
428.2780191898346
421.52314281463623
424.26893186569214
403.82447624206543
418.6684424877167
407.9031491279602
415.44993901252747
422.1826946735382
411.8272590637207
409.4774670600891
410.9981553554535
406.93688893318176
411.1693592071533
411.0627043247223
406.49088859558105
415.96483993530273
411.17133355140686
413.2269079685211
397.3197371959686
403.66399025917053
417.01176619529724
409.916375875473
383.1119933128357
412.671311378479
394.01843214035034
410.33791851997375
408.96014857292175
400.61415219306946
399.65252566337585
397.51068449020386
404.63182187080383
401.23522448539734
404.99880814552307
380.0285108089447
390.83965730667114
394.8145360946655
390.3310420513153
407.2794578075409
403.1618218421936
404.66002678871155
405.8548676967621
410.21035170555115
397.39033007621765
405.0106945037842
394.6938190460205
391.9936010837555
391.797536611557
395.6587495803833
391.6696071624756
392.48053884506226
398.568731546402
399.70111870765686
398.97919368743896
386.6060588359833
392.4389970302582
404.2149531841278
401.25847339630127
391.4701178073883
401.3085572719574
