147.64640180269876
93.80596260229747
66.88492961724599
62.16696214675903
60.305783907572426
54.969735860824585
54.42949446042379
55.1253308057785
54.87951326370239
47.73293181260427
48.31531806786855
45.92297782500585
42.37075261274973
47.43334857622782
42.282416025797524
44.873174488544464
43.55503968397776
38.750938733418785
39.89224127928416
39.751207391421
41.47532739241918
40.78650991121928
37.88148880004883
40.793702920277916
40.438094894091286
39.55391653378805
42.505387941996254
38.38307342926661
38.268046935399376
38.678609470526375
45.83053974310557
40.47532665729523
38.32877310117086
37.64246634642283
39.52156643072764
38.127135833104454
36.92488412062327
40.20724217096964
35.94260994593302
35.95092908541361
40.02911013364792
35.24318426847458
35.83089311917623
34.229901711146034
34.322840452194214
32.391864816347756
35.02325930198034
33.82282807429632
37.40095031261444
34.72885390122732
33.3015442887942
38.839592496554054
33.23888089259466
32.36034343640009
35.2276563445727
30.79179110129674
34.328112641970314
35.10252090295156
31.180597205956776
30.39919290939967
31.496848662694294
34.088152488072716
33.77547832330068
29.231180727481842
33.398795425891876
28.155629138151806
31.68950839837392
29.231401085853577
29.04258131980896
28.94086543718974
28.81068503856659
32.5970227320989
33.39054469267527
27.31058509151141
31.03623350461324
30.64175510406494
28.59535737832387
31.152928908665974
32.20710253715515
31.270518203576405
27.424234251181286
32.08866945902506
30.10733101765315
30.95498514175415
26.744231343269348
28.40289318561554
27.076752801736195
26.885321537653606
26.56484247247378
30.662019232908886
29.371559619903564
27.198319415251415
27.66985120375951
26.761217137177784
26.51958219210307
26.87294501066208
29.53907932837804
27.173416952292126
26.576140622297924
25.409957389036816
26.312550763289135
25.215132613976795
27.094789067904156
26.374393155177433
26.93317621946335
24.163760940233868
26.40623441338539
25.527077625195187
25.082146724065144
24.20181209842364
26.77773180603981
24.282394389311474
26.920067290465038
26.833739181359608
25.64500884215037
27.381087283293407
25.327602863311768
25.057999829451244
23.75838616490364
24.369601994752884
23.69391620159149
23.383657256762188
23.27711530526479
23.372697432835896
22.73527154326439
24.728750348091125
27.028825283050537
23.69638400276502
23.630938569704693
22.622606197992962
23.88848615686099
22.817929138739903
24.348504900932312
23.752826690673828
25.14661641915639
24.085164417823155
24.46219124396642
23.506604115168255
24.694505443175633
24.822267552216847
21.59405256311099
22.74288148681323
24.782480200131733
23.8847713470459
24.41077822446823
28.68208493789037
23.27766837676366
23.49982014298439
22.969705899556477
23.252289921045303
24.38630344470342
23.600863774617512
23.592515389124554
25.443908562262852
24.49286651611328
22.731372594833374
22.218904664119083
21.201133370399475
22.740049680074055
24.562481234471004
22.84444769223531
20.480156262715656
20.834417432546616
21.125373323758442
21.743448456128437
22.100418259700138
24.725507934888203
22.030436128377914
20.95581046740214
21.546849350134533
21.283506323893864
21.146290798981983
23.659883340199787
21.92715307076772
21.88848743836085
21.178199927012127
22.97841579715411
22.245511104663212
21.737627645333607
20.17738512158394
22.27184295654297
22.35196539759636
20.834805965423584
21.53755231698354
21.46961482365926
20.019293169180553
22.498555421829224
22.477694779634476
25.000022808710735
20.828888724247616
21.615720808506012
22.866638282934826
21.001915862162907
20.529569158951443
22.077037473519642
21.167650550603867
25.0123291015625
19.8778884212176
21.767849892377853
19.592069784800213
