55.611725350221
26.019206444422405
22.962679872910183
20.736896753311157
19.751430064439774
18.09451757868131
17.589394867420197
17.047966718673706
18.018963754177094
16.441961387793224
15.932444532712301
15.833079864581427
14.908911148707071
14.948296636343002
14.104915877183279
14.57805166641871
14.342058976491293
14.380823999643326
13.233619193236033
13.610150833924612
12.598029961188635
12.567659104863802
12.183939625819525
12.893550078074137
12.225845803817114
12.243934974074364
13.395230248570442
11.247496222456297
11.955043281118074
11.194824640949568
11.446358650922775
10.587939163049063
12.01693864663442
10.643994654218355
10.133492385347685
10.703724374373754
10.14282138645649
10.191945940256119
9.803712278604507
10.171996891498566
9.829195986191431
9.643802161018053
9.245353003342947
10.385619049270948
9.370039160052935
9.577129368980726
8.850948264201483
9.253148684899012
9.514942899346352
9.285074989000956
8.784710134069124
8.646359647313753
8.727825532356897
8.734410797556242
8.500564197699228
9.02936535080274
8.320366283257803
8.1959897428751
8.41681961218516
7.896642088890076
8.184083377321562
8.068469444910685
8.161164874831835
7.8791466156641645
7.940183798472087
7.709806993603706
7.4542965690294904
7.625004967053731
8.035756632685661
7.8043721715609236
7.454410548011462
7.872087066372235
7.265722572803497
7.402206624547641
7.3488312264283495
7.282292798161507
8.658183266719183
7.200155879060428
7.477124710877736
7.295038556059201
7.284946208198865
7.184023241202037
7.575998658935229
7.3599336594343185
7.191717495520909
6.735156337420146
6.75350505610307
7.922562678654988
6.748713170488675
6.723278736074765
6.949587533871333
6.978317350149155
6.707986722389857
6.659255668520927
6.964418123165767
6.660810093084971
7.255079152683417
7.028044884403546
6.524429430564244
6.588531901439031
6.481704103449981
6.508654087781906
6.9691308836142225
6.335636725028356
6.4945020253459615
6.2922244270642596
6.401803083717823
5.973633463184039
6.164800750712554
6.157408187786738
5.753915612896283
6.174976741274198
5.723531618714333
5.82173815369606
6.200262238581975
6.0156840433677035
6.285558094580968
5.807444639503956
6.092405875523885
5.840271562337875
5.906878287593524
5.674687643845876
6.700938895344734
5.695214410622914
6.053399458527565
5.54342536131541
5.787698097527027
6.310995032389958
5.705557083090146
5.704654092590014
5.680587582290173
5.892611503601074
5.549963432053725
5.567179083824158
5.814086320499579
6.105070439477761
5.342025923232238
6.096389045317967
5.829322770237923
5.571832073231538
5.57910833756129
6.412360588709514
5.707369218269984
5.678220321734746
5.748160272836685
5.32865251104037
5.791136098404725
5.417564709981282
5.691810737053554
5.337356522679329
5.504880507787068
5.310472413897514
5.315612221757571
5.5674818853537245
5.088942746321361
5.0718235448002815
5.407300298412641
5.3428347905476885
5.17320675154527
5.21868518491586
5.0039201353987055
4.9845581750075025
5.0936189740896225
5.605495860179265
5.474338615934054
5.320233926177025
5.4104263707995415
5.368144815166791
5.396537105242412
5.454669398566087
5.196344460050265
5.1435850610335665
5.405048489570618
5.038340667883555
5.563227978845437
5.019575794537862
5.051962487399578
5.815397558112939
5.340438860158126
5.199704157809417
5.102625971039136
5.72032563885053
5.130938460429509
4.982671782374382
5.218542829155922
5.158588923513889
5.007101620237033
5.325927654902141
5.071892062822978
5.006078275541465
4.828568724294503
5.133781989415486
5.044568081696828
5.080786903699239
4.667286778489749
4.974664876858394
4.81925755739212
4.794616560141246
5.236034204562505
4.747531674802303
