0.7482694680802524
-10.291180651634932
-18.219494305551052
-23.34298437833786
-29.309946298599243
-30.126088336110115
-33.27140508592129
-34.49014210700989
-42.39629286527634
-45.50091898441315
-52.3496572971344
-51.55769342184067
-49.84621900320053
-54.53475272655487
-52.954783737659454
-54.655535250902176
-55.41096368432045
-54.42542341351509
-52.98770794272423
-53.13988354802132
-64.36406588554382
-60.089550137519836
-71.53151977062225
-61.42666471004486
-61.033014714717865
-65.50967913866043
-63.22632482647896
-66.51225316524506
-57.70473366975784
-57.940405905246735
-59.85862237215042
-64.81878960132599
-68.24967610836029
-66.03948333859444
-66.1023601591587
-57.31464958190918
-66.06997990608215
-70.72097086906433
-63.41548413038254
-55.839864790439606
-73.01706272363663
-58.650691360235214
-66.41332441568375
-69.02146339416504
-52.814766466617584
-73.33389964699745
-63.499237626791
-56.498117208480835
-67.69111800193787
-69.28647378087044
-58.083042204380035
-65.62355649471283
-62.38785809278488
-62.22967383265495
-62.144711554050446
-64.3400816321373
-66.41612476110458
-71.12557545304298
-66.86111778020859
-66.15485152602196
-76.73318657279015
-60.21569663286209
-64.7421024441719
-73.89386296272278
-74.64311653375626
-66.7036839723587
-72.00853544473648
-64.94784221053123
-72.31515312194824
-72.75285819172859
-74.20089364051819
-65.04915830492973
-75.60531723499298
-74.14979237318039
-50.349681824445724
-66.0576805472374
-76.43494474887848
-69.63797253370285
-70.60317504405975
-63.04528450965881
-75.44475066661835
-68.80094626545906
-64.26037755608559
-74.16510865092278
-73.29909175634384
-57.73732042312622
-69.71758091449738
-63.097020387649536
-74.48426240682602
-75.86373975872993
-75.09648036956787
-67.48551926016808
-73.08795779943466
-68.27113199234009
-76.63585442304611
-72.58869045972824
-83.94718864560127
-61.8591770529747
-66.56338465213776
-76.23868888616562
-70.77819159626961
-77.09760922193527
-64.13417565822601
-72.25909584760666
-77.56724125146866
-65.01665717363358
-59.43667680025101
-75.2059154510498
-76.29106944799423
-65.35625445842743
-71.2368488907814
-73.72367650270462
-74.26132267713547
-81.97708016633987
-70.25500547885895
-71.53146436810493
-74.48349684476852
-84.44181728363037
-80.02886575460434
-69.11085283756256
-68.92562711238861
-66.58992245793343
-67.9145815372467
-68.92554652690887
-80.71908038854599
-79.75893461704254
-72.0960009098053
-72.92455059289932
-71.05685114860535
-78.48707917332649
-75.3837625682354
-77.74824631214142
-77.20000818371773
-76.78025856614113
-79.7936669588089
-79.49682530760765
-75.16316485404968
-72.38703536987305
-70.32279297709465
-73.65578323602676
-77.08483642339706
-70.70648562908173
-72.49442559480667
-74.91943407058716
-72.55001950263977
-69.08528709411621
-71.64940625429153
-68.42283415794373
-69.46485477685928
-78.14464125037193
-63.41112244129181
-67.17157334089279
-77.38109886646271
-69.77010753750801
-67.31857132911682
-60.218648076057434
-64.484888702631
-72.71919864416122
-65.57383021712303
-65.76820743083954
-73.72494572401047
-75.51317781209946
-67.22495618462563
-64.4154189825058
-76.02637133002281
-72.96607729792595
-73.3005422949791
-69.62595018744469
-62.52019959688187
-66.41573190689087
-65.05593755841255
-69.86463934183121
-68.52680957317352
-62.923539996147156
-81.50217482447624
-53.325451761484146
-72.17954286932945
-66.94367760419846
-68.15417224168777
-67.7529371380806
-66.52749389410019
-71.26916366815567
-70.70411843061447
-60.04355597496033
-67.88187390565872
-69.2080590724945
-70.84832614660263
-80.6190435886383
-75.16954118013382
-77.0418843626976
-74.19983595609665
-65.30183911323547
-71.71273636817932
-70.75935977697372
-75.79160064458847
-81.83502307534218
-72.83097070455551
-66.93285900354385
-76.17601352930069
-76.34389826655388
