-0.18850108422338963
-21.19832271337509
-58.862585842609406
-89.64574551582336
-113.17259573936462
-125.77120876312256
-135.70522260665894
-139.9722237586975
-140.57879066467285
-143.4369158744812
-146.02542221546173
-148.59391313791275
-148.63208043575287
-152.14567786455154
-150.39464604854584
-151.59625613689423
-151.3724501132965
-152.36691522598267
-152.6708534359932
-152.14512383937836
-152.91158241033554
-154.16737616062164
-155.64078092575073
-154.80998492240906
-156.17862856388092
-155.1756213903427
-154.6790435910225
-155.29166448116302
-153.0390988588333
-153.99582982063293
-153.92868196964264
-151.32168126106262
-150.20531046390533
-148.89291548728943
-149.1953125
-150.44724822044373
-153.04453837871552
-154.31773859262466
-155.05800688266754
-154.4045895934105
-155.09684908390045
-154.46985375881195
-154.42841267585754
-152.7282202243805
-153.53530395030975
-154.06229269504547
-154.20408284664154
-152.5125331878662
-150.12226712703705
-144.8874242901802
-144.08040100336075
-144.05440211296082
-147.49630868434906
-148.5986374616623
-150.29085195064545
-151.15370082855225
-151.98154538869858
-153.85097742080688
-154.61956143379211
-154.65219855308533
-153.9151839017868
-155.2560054063797
-156.91725492477417
-157.84380662441254
-157.29070818424225
-158.67658704519272
-157.3070468902588
-157.45476007461548
-159.108051776886
-157.05023103952408
-158.02971732616425
-159.3848226070404
-159.5025177001953
-159.9911880493164
-159.33774054050446
-158.6473445892334
-159.1558792591095
-159.43929839134216
-159.03534352779388
-158.64860373735428
-159.1903496980667
-158.8028443455696
-157.97320675849915
-157.7017042040825
-158.43796336650848
-159.24563133716583
-157.41335928440094
-156.5339903831482
-156.8486666083336
-157.62961041927338
-158.4593185186386
-157.36182487010956
-158.41552031040192
-158.15608543157578
-158.1613335609436
-157.00360226631165
-157.5291404724121
-157.7707760334015
-156.8848797082901
-157.3707094192505
-156.65867626667023
-157.27097481489182
-158.04095900058746
-157.79432713985443
-158.64380890130997
-156.81613022089005
-156.60053384304047
-154.5224962234497
-154.1996304988861
-154.19009119272232
-152.94145947694778
-153.0491317510605
-152.95180463790894
-153.33823215961456
-155.21160280704498
-155.68147659301758
-157.41766053438187
-157.30427676439285
-159.24728333950043
-157.67458719015121
-158.9170641899109
-157.55716407299042
-157.61333215236664
-160.1440687775612
-159.500170648098
-159.41917216777802
-155.79157650470734
-157.66259002685547
-155.97220885753632
-154.92067915201187
-154.35471725463867
-153.10601502656937
-151.85878348350525
-150.8292636871338
-151.04400384426117
-150.38584208488464
-151.7315390110016
-153.6232227087021
-153.96059381961823
-152.8366580605507
-154.7120836377144
-155.98875910043716
-155.31632363796234
-157.10912895202637
-157.9162831902504
-159.04904305934906
-157.11335968971252
-159.77146166563034
-158.19792944192886
-160.21762317419052
-159.3854672908783
-158.97869193553925
-158.44686806201935
-158.03167152404785
-157.7972685098648
-159.16564017534256
-158.69579660892487
-159.0676784515381
-157.57851922512054
-156.92603874206543
-156.4046506881714
-158.99675315618515
-158.16341871023178
-157.96379840373993
-158.73443734645844
-158.4461528658867
-157.97538256645203
-157.40003246068954
-156.90589237213135
-157.88851141929626
-157.60963529348373
-155.32804882526398
-157.40953147411346
-156.6430023908615
-157.79688572883606
-156.8728724718094
-158.82700991630554
-156.69320714473724
-159.51124107837677
-159.24178338050842
-159.13333547115326
-159.83352255821228
-158.85797488689423
-160.2959018945694
-158.95818293094635
-159.75048929452896
-160.3806173801422
-161.52037811279297
-161.33819448947906
-161.53984957933426
-161.225133061409
-161.38849997520447
-161.63762998580933
-162.5694398880005
-161.5343395471573
-163.30280804634094
-163.23999166488647
-163.1327122449875
-163.6650498509407
-164.00077903270721
