-2.9813714598615966
-11.683431476354599
-19.26961988210678
-26.244003395239513
-30.645021200180054
-34.97123273213705
-37.1338560183843
-38.99542838335037
-41.62441219886144
-41.76134165128072
-40.5350738565127
-43.728875160217285
-43.57460673650106
-43.41013809045156
-43.31483177344004
-44.20453029870987
-45.09981600443522
-46.771169463793434
-45.69637127717336
-45.13670782248179
-48.13465201854706
-46.61628905932108
-45.48580662409464
-45.71733373403549
-44.72720766067505
-47.112176736195885
-44.609034975369774
-45.55345352490743
-45.34781308968862
-47.873213628927864
-47.79328121741613
-45.16844753424326
-47.709782203038536
-47.662696162859596
-46.411426862080894
-47.00196194648743
-47.165847182273865
-46.694110910097756
-47.447445114453636
-46.757901310920715
-47.6816512743632
-47.922455509503685
-45.98361335198084
-47.680187145868935
-47.144115487734474
-46.911072532335915
-47.87501589457194
-47.26992519696554
-46.87577619155248
-47.8323579231898
-47.631048123041786
-48.772395292917885
-47.39682678381602
-48.1547646522522
-47.99051018555959
-48.05636692047119
-48.64591467380524
-49.27345748742422
-49.22339963912964
-48.59032344818115
-48.65145774682363
-48.12804142634074
-49.16818777720133
-48.21126961708069
-48.174473663171135
-48.22868825991949
-49.17038653294245
-48.8047065337499
-48.53990157445272
-48.93340241909027
-49.55300386746725
-49.611646254857384
-50.174773255983986
-48.850343664487205
-48.67077624797821
-49.11988083521525
-49.97953420877457
-50.718831499417625
-48.848458568255104
-50.67082440853119
-49.35476394494375
-48.57819279034933
-48.64403120676676
-50.42407441139221
-49.579384644826256
-49.22536277770996
-49.56712392965952
-49.74246037006378
-50.81236743927002
-50.88049743572871
-50.67032426595688
-50.030108531316124
-49.19622925917307
-49.62138074636459
-51.592932184537254
-49.50221153100332
-50.17966991662979
-49.2126669883728
-50.336758414904274
-50.65936108430227
-50.173926651477814
-50.07630536953608
-50.26624174912771
-50.092474619547524
-50.953900734583534
-50.66544818878174
-50.303441524505615
-49.17698097229004
-50.046072363853455
-50.89999155203501
-49.985937078793846
-50.93595163027445
-49.55273435513178
-49.99024456739426
-50.9071417649587
-49.345843275388084
-50.98649277289709
-49.97113947073618
-50.310289124647774
-49.97499215602875
-50.03183287382126
-50.32661430040995
-50.87468014160792
-51.10850683848063
-51.43916324774424
-51.0097194314003
-50.69189250469208
-50.424782474835716
-51.006985584894814
-51.3490621248881
-49.564537266890206
-49.87832109133402
-49.876531521479286
-49.87261825799942
-51.069134871164955
-50.87068943182627
-51.229963978131615
-50.41049965222677
-50.60036985079447
-51.68692545096079
-51.502823889255524
-51.49706290165583
-51.41908323764801
-50.731948713461556
-50.96548227469126
-50.071123679478966
-50.93488530317942
-50.78046985467275
-50.646761973698936
-51.127600848674774
-49.693815449873604
-49.93673167626063
-50.760096391042076
-50.85011672973633
-50.80968991915385
-50.62343782186508
-50.54163255294164
-51.02749349673589
-50.06877221663793
-50.807551284631096
-49.94313414891561
-50.7100860675176
-51.44383478164673
-51.20561142762502
-51.03013781706492
-51.40081934134165
-51.24994691212972
-50.75773839155833
-49.69494386514028
-51.09711350997289
-50.89075211683909
-49.543945829073586
-50.37242869536082
-50.85478047529856
-50.28547120094299
-50.82377791404724
-49.75700320800146
-50.54552662372589
-49.872577448685966
-50.003910779953
-50.20248079299927
-50.150715152422585
-49.43941148122152
-50.15674042701721
-49.920276721318565
-50.608330845832825
-49.854674418767296
-51.24060118198395
-50.83044050137202
-50.362504402796425
-50.56710195541382
-50.60488243897756
-50.969273130098976
-51.538523157437645
-51.60213359196981
-51.61969266335169
-51.02145570516586
-51.206084628899895
-51.45137353738149
-51.67293337980906
