-3.0050928567846618
-11.43815129995346
-14.793728848298391
-19.516740640004475
-16.85199910402298
-19.698174675305683
-16.23215538263321
-18.855920394261677
-18.801351577043533
-23.485225558280945
-20.833158910274506
-21.45549586415291
-16.805798639853794
-22.14056819677353
-22.741199294726055
-18.39487447341283
-23.489804208278656
-21.19290421406428
-22.179180443286896
-18.68498557806015
-19.94992717107137
-19.1937098801136
-21.00713938474655
-18.804288804531097
-25.004784206549328
-15.573304732640585
-20.689213653405506
-21.0870703458786
-21.95391422510147
-23.607921143372852
-14.95066570242246
-21.021016518274944
-21.55735820531845
-18.9497545560201
-23.93753719329834
-22.275823056697845
-18.268470724423725
-22.3937349319458
-19.084006170431774
-22.65758717060089
-21.365997076034546
-20.5606011847655
-21.853798111279804
-24.688068230946858
-25.760276695092518
-25.863175253073376
-22.61114275455475
-21.788060983022053
-20.739333987236023
-22.151196112235386
-19.394052783648174
-23.552426795164745
-20.73708920677503
-22.40020950635274
-22.55617654323578
-20.432179272174835
-24.741371770699818
-21.926913420359295
-22.995806296666462
-21.943845589955647
-21.70905198653539
-22.749251753091812
-24.364100237687428
-27.97210689385732
-25.855293601751328
-23.933799813191097
-26.502809305985767
-17.175915956497192
-18.52323206762473
-25.780967851479847
-21.373235871394474
-25.749375234047573
-21.404755502939224
-21.14142057299614
-18.353815982739132
-17.543240904808044
-20.548433880011242
-21.431945621967316
-21.609998166561127
-23.49747829635938
-25.396320780118305
-23.574871957302094
-23.865177234013874
-20.89395155509313
-22.49422989288966
-27.082358996073406
-23.0221405227979
-24.74410797158877
-24.644299576679867
-23.135873079299927
-26.568042635917664
-19.409644280870754
-19.8569455742836
-18.322178224722546
-20.504248668750126
-17.083758915464085
-19.94332644343376
-24.26802122592926
-21.95790567000707
-22.544938643773396
-22.33670610189438
-22.864607473214466
-24.736533403396606
-28.29876963297526
-26.25867881377538
-28.62834858894348
-24.49382225672404
-29.39990073442459
-26.47700039545695
-30.040950377782185
-24.426125446955364
-26.61071475346883
-26.115995625654858
-28.003956993420918
-29.181808292865753
-26.773224890232086
-27.123052815596264
-28.873119393984478
-29.607342342535656
-25.845225890477497
-28.463926663001377
-29.310075402259827
-30.061724066734314
-28.80513854821523
-32.60473481814066
-31.62355391184489
-33.07572913169861
-33.00489830970764
-30.975628306468327
-30.92574413617452
-31.07474486033122
-29.05897640188535
-30.636274755001068
-30.967952291170757
-31.358574430147808
-32.081005454063416
-31.433608889579773
-32.218804597854614
-29.838898638884228
-31.304338991642
-32.12576701243719
-30.72890826066335
-29.488414108753204
-30.750443041324615
-29.401784876982372
-30.513290603955586
-32.014663656552635
-30.470004081726074
-29.431194067001343
-29.235179205735523
-28.911657412846882
-28.746468901634216
-28.393722414970398
-27.342209945122402
-28.757898569107056
-28.240220149358112
-28.388551195462544
-28.234634975592297
-26.6192664206028
-28.26254177093506
-29.41289947430293
-30.134866972764332
-28.798775335152943
-28.456771790981293
-29.632389903068542
-26.122225642204285
-28.678817828496296
-27.463426331679027
-25.34772886832555
-26.941179533799488
-29.74383083979289
-26.572641144196194
-27.477853407462437
-27.24043329556783
-27.225451191266377
-25.740882496039074
-28.161811769008636
-29.142165044943493
-26.928573956092198
-26.417439222335815
-26.413706342379253
-25.877601663271587
-25.47621155778567
-25.76453920205434
-24.189186533292133
-26.476553817590077
-24.664147158463795
-23.402864535649616
-24.36403973897298
-23.795676211516064
-24.75120919942856
-25.8579539557298
-23.929144461949665
-22.092743078867596
-24.315864473581314
-23.507991760969162
-25.932273308436077
-23.233477512995403
-22.955973118543625
-23.924202640851338
