714.521632194519
660.156572341919
616.0612857341766
577.6016237735748
558.3981845378876
547.4603173732758
565.4869265556335
536.485743522644
528.3848881721497
507.04690074920654
511.25551772117615
495.95410799980164
497.3335702419281
481.0508711338043
481.3288507461548
478.1984272003174
484.4088680744171
461.2560956478119
444.28358483314514
441.0081477165222
461.27007722854614
443.5286600589752
448.72126603126526
441.01608538627625
450.9390993118286
427.0726215839386
429.80531549453735
423.897634267807
416.4737775325775
428.9717392921448
407.1235249042511
420.2287788391113
409.3280212879181
412.3141565322876
399.0959620475769
406.02325105667114
409.8485631942749
401.92145013809204
386.736043214798
403.5798590183258
392.96046566963196
397.9900472164154
381.95941948890686
381.67430806159973
392.97908091545105
376.7525095939636
387.37383699417114
381.3045012950897
368.49342465400696
369.1722364425659
359.74385619163513
359.7304790019989
376.0162000656128
357.9568328857422
356.7030839920044
353.4433207511902
357.01789116859436
366.4181067943573
350.1498324871063
356.34407567977905
348.91139483451843
350.67730474472046
346.497376203537
349.6108365058899
352.46009731292725
352.70092701911926
343.38685727119446
356.55291295051575
341.8896999359131
342.0753688812256
331.8327126502991
345.6723017692566
339.7440712451935
334.702885389328
340.77963495254517
327.99353981018066
331.237065076828
335.89484536647797
335.6448692083359
325.4688974618912
335.90747714042664
326.1627787351608
323.00884437561035
319.8330109119415
317.14387345314026
326.6736503839493
320.9863301515579
327.9474449157715
333.18237841129303
325.53834199905396
318.12109327316284
312.8379898071289
325.7726845741272
307.64141499996185
318.18777775764465
317.02222967147827
317.70873737335205
307.60488963127136
311.58230686187744
312.092533826828
312.3642680644989
319.1669316291809
316.3182953596115
306.3350236415863
308.88037645816803
325.12957215309143
311.7209138870239
314.78146982192993
312.9554431438446
311.40094923973083
311.0960943698883
312.9232895374298
310.9476760625839
310.1358377933502
307.4241364002228
303.7007850408554
298.62408113479614
303.74160158634186
305.49786138534546
295.6689108610153
305.52237951755524
297.8663761615753
307.79694497585297
295.6897019147873
298.4374451637268
302.9020822048187
295.6486839056015
299.3340593576431
292.4114443063736
305.03513956069946
302.7885574102402
292.22845482826233
288.23413479328156
299.25125777721405
285.28925931453705
302.1320275068283
294.1214681863785
292.01867067813873
290.3864117860794
293.59045016765594
292.47961962223053
295.6852697134018
289.5360738039017
285.22773230075836
284.51312041282654
279.5646481513977
298.1684911251068
288.6320255994797
287.64815747737885
301.12225115299225
288.62191212177277
292.7251031398773
280.8117688894272
278.2984085083008
281.91512513160706
294.8981913328171
284.17157900333405
285.04931604862213
287.5538321733475
273.4620306491852
285.65759539604187
287.2508307695389
274.45722103118896
276.18398654460907
277.22440552711487
285.65143060684204
282.0369905233383
272.4509850740433
279.80082404613495
282.4739451408386
281.6277573108673
274.93712770938873
292.31133699417114
280.70777332782745
278.60523772239685
280.68299329280853
271.89780604839325
280.36993885040283
271.00493907928467
275.8362400531769
278.9840096235275
271.2413365840912
274.8312383890152
269.0379683971405
282.8300725221634
264.7810605764389
273.65366291999817
279.01706981658936
264.5625933408737
280.1392830610275
273.1182932853699
272.23273944854736
277.477725982666
270.52434742450714
277.63037502765656
271.25231635570526
268.9682015180588
276.0415315628052
272.70307660102844
270.06263291835785
