87.89186298847198
42.70126861333847
30.887087240815163
25.636824876070023
22.422428742051125
22.191893830895424
21.153889894485474
21.382276698946953
20.329915955662727
19.110227018594742
18.452825784683228
18.962527684867382
17.802255429327488
18.01602352410555
17.53313770145178
17.435777850449085
16.514484353363514
17.33874663710594
16.480510018765926
16.837853737175465
16.29657743871212
15.919643893837929
15.98064710199833
15.50423078238964
15.743961252272129
14.73377189785242
14.920929156243801
14.653000064194202
15.02959993481636
15.083126321434975
14.103818833827972
13.673057965934277
13.17465440183878
13.558421343564987
13.350083954632282
13.272700488567352
12.842809692025185
12.608537629246712
12.856118887662888
12.212570801377296
13.04695537686348
12.266119852662086
12.609854698181152
12.166769288480282
12.355637729167938
12.313788682222366
12.216615185141563
12.391780316829681
11.53598140925169
13.361592568457127
11.555569976568222
10.801910646259785
11.606573030352592
10.883281834423542
12.187760546803474
11.494122289121151
11.525531738996506
9.979231111705303
10.251474045217037
10.255703523755074
10.157279692590237
9.689952533692122
9.927956711500883
9.597961690276861
9.650360509753227
10.106971688568592
9.617391604930162
9.480415806174278
9.211319483816624
9.0733703635633
9.164340667426586
9.147326428443193
8.783030953258276
9.013863023370504
9.141373176127672
9.277650147676468
8.731373142451048
8.581514369696379
8.702006660401821
8.739233374595642
8.632830951362848
8.59230212122202
8.242133028805256
8.041871186345816
8.099205236881971
8.075087513774633
7.920618370175362
8.72822904959321
8.399530321359634
8.053599521517754
7.566553473472595
7.245241537690163
7.742442615330219
7.626429744064808
7.861558027565479
7.320776574313641
7.572750370949507
7.232109881937504
8.15655691549182
7.79337452724576
7.330534972250462
7.313369005918503
7.25171859562397
7.198135547339916
7.71828019246459
7.3482505567371845
7.213054563850164
7.985430501401424
7.4239272475242615
7.340594306588173
7.0758760422468185
7.435749389231205
11.04306773096323
6.813480276614428
6.80150955542922
7.10841054096818
7.441898439079523
7.190937627106905
7.0885858833789825
6.706931792199612
6.784016840159893
6.6103330962359905
6.947973035275936
6.524192254990339
6.738938078284264
6.5693408995866776
7.281494930386543
6.74104966968298
6.564673867076635
6.306228678673506
6.507375072687864
6.535841263830662
6.70197956264019
6.5470099076628685
7.015292130410671
9.351633913815022
6.352875709533691
6.507978204637766
6.251982059329748
6.649418942630291
6.400448843836784
6.265339732170105
6.765052810311317
6.202574975788593
6.319667566567659
6.349676214158535
6.530684422701597
6.190614957362413
6.429915428161621
6.273974969983101
6.447666268795729
6.156350389122963
6.023275431245565
5.9891789592802525
6.182538151741028
6.09737503901124
6.118054028600454
6.192846797406673
5.814707618206739
6.096911672502756
5.90064699575305
6.007779095321894
6.234131745994091
6.0888147205114365
5.867658574134111
5.770489484071732
5.680211082100868
5.857494100928307
6.13080919906497
5.983340919017792
5.975688446313143
6.011137872934341
5.913820832967758
5.610237073153257
6.010894857347012
5.683018982410431
5.80001587793231
5.944863870739937
5.85410888120532
5.633256819099188
5.471298262476921
5.628975715488195
6.025721326470375
5.370423499494791
5.829418875277042
6.078159179538488
5.386811312288046
5.7052360214293
5.845828723162413
5.442568279802799
5.581354103982449
5.491487443447113
5.430213518440723
5.510325558483601
5.664371628314257
5.115655967965722
5.4378546588122845
5.4035220965743065
5.540272507816553
5.69134384021163
