1.2156254299916327
-15.18063223361969
-24.00259667634964
-34.92809648811817
-37.94313421845436
-47.005238354206085
-51.743528574705124
-59.705807119607925
-65.66993847489357
-71.36309108138084
-71.7202005982399
-79.76561817526817
-87.4591189622879
-85.23155498504639
-93.14365899562836
-97.54729282855988
-104.71069729328156
-100.98004287481308
-107.96234154701233
-113.11556136608124
-115.36295944452286
-118.68069386482239
-119.17582112550735
-121.68073010444641
-120.0012179017067
-124.1039959192276
-122.32806318998337
-125.79602909088135
-127.4335058927536
-128.38020396232605
-126.70588952302933
-130.83644938468933
-129.94599997997284
-130.25782549381256
-131.36220920085907
-136.37923955917358
-131.3766239285469
-133.52707767486572
-131.73733460903168
-132.1880693435669
-134.3488581776619
-133.67196029424667
-138.35831820964813
-139.9974067211151
-133.46520817279816
-135.28209847211838
-135.530382335186
-133.7515082359314
-134.74857223033905
-135.9730283021927
-135.7258927822113
-139.77640104293823
-139.83326417207718
-137.45683866739273
-134.14160239696503
-133.8178603053093
-135.3530237674713
-138.85559105873108
-139.55303823947906
-141.6373816728592
-139.03886258602142
-137.99099951982498
-143.1447330713272
-142.7623348236084
-139.20015442371368
-141.15758579969406
-141.5778088569641
-140.9356231689453
-138.2298448085785
-142.45874917507172
-142.2706425189972
-141.53356742858887
-139.3593510389328
-141.81582814455032
-146.06665176153183
-143.50972485542297
-140.31253623962402
-141.40483212471008
-141.73803293704987
-143.6580726504326
-140.47090685367584
-144.29873728752136
-143.88842624425888
-140.88680851459503
-144.50678884983063
-141.8000031709671
-143.04300397634506
-144.16994154453278
-143.84983587265015
-143.3571463227272
-143.62478077411652
-142.6864434480667
-144.09394943714142
-145.59343367815018
-145.18130946159363
-143.29234552383423
-144.30363285541534
-143.4143922328949
-142.44287383556366
-142.493199467659
-143.49781835079193
-144.4288022518158
-142.15169835090637
-144.598364174366
-148.59063935279846
-140.69447112083435
-146.84503698349
-146.61721175909042
-143.73907113075256
-143.2124651670456
-144.8604382276535
-144.00608104467392
-146.67249339818954
-143.33390748500824
-147.41385966539383
-148.28628814220428
-145.9643988609314
-143.95991563796997
-146.91303098201752
-145.10097581148148
-147.25956869125366
-145.92493212223053
-148.27105748653412
-146.69766628742218
-146.4805690050125
-146.3662383556366
-149.81008905172348
-146.81426340341568
-146.28651916980743
-149.30636936426163
-148.86271607875824
-148.5396488904953
-148.75277733802795
-149.74732303619385
-145.26025301218033
-146.54370772838593
-147.6829446554184
-149.70108711719513
-147.27024626731873
-148.81861567497253
-147.46442705392838
-149.13197231292725
-147.0648439526558
-146.63837552070618
-151.58030021190643
-146.86645257472992
-147.5801578760147
-150.50723403692245
-146.38829863071442
-151.02456259727478
-148.1389980316162
-148.81768894195557
-149.919957280159
-151.89285099506378
-149.65102338790894
-151.20305943489075
-151.05118602514267
-145.15574371814728
-149.68077957630157
-148.95009088516235
-148.16599416732788
-151.5532637834549
-148.20622646808624
-149.5772272348404
-149.60660064220428
-148.8861966729164
-146.56381380558014
-148.30756270885468
-150.11781477928162
-149.15947210788727
-149.9207228422165
-147.83934092521667
-145.3079092502594
-149.42967522144318
-150.11747229099274
-150.9472911953926
-148.40843558311462
-149.60563361644745
-149.7099313735962
-150.74936318397522
-151.58230477571487
-151.3277050256729
-150.84892654418945
-147.48954957723618
-150.9944840669632
-152.06834602355957
-151.66663748025894
-148.39608585834503
-149.47226464748383
-150.16316425800323
-149.41492807865143
-150.50088793039322
-147.11755692958832
-148.50056493282318
-148.13019406795502
-144.8601058125496
-148.9154492020607
-147.4043002128601
-150.1533932685852
-144.47677075862885
