707.1286396980286
661.021496295929
634.7597763538361
596.2787592411041
613.2666215896606
581.934463262558
569.6838586330414
572.7353084087372
592.5147726535797
584.4878141880035
584.9361515045166
571.0725882053375
555.0672643184662
554.0189278125763
540.4975707530975
559.9136347770691
554.2968671321869
549.8026955127716
544.8067584037781
524.6119565963745
545.8150842189789
551.7324357032776
530.5656924247742
522.9182109832764
520.0326464176178
522.2261831760406
517.0067825317383
496.1535167694092
501.5037479400635
498.68849420547485
524.7978672981262
498.3117973804474
495.6610589027405
479.0091574192047
490.734183549881
486.254597902298
478.33223938941956
473.120534658432
496.32794404029846
488.6082983016968
470.9360234737396
489.3714427947998
479.3554332256317
483.2440855503082
467.2967429161072
479.7714960575104
471.0585939884186
461.27865958213806
461.8461425304413
453.3311986923218
450.40852451324463
471.06661224365234
439.6060812473297
466.8922441005707
445.1230034828186
439.90118527412415
425.89550948143005
442.4190785884857
452.08941674232483
450.1732954978943
446.2433431148529
441.48827600479126
442.845335483551
426.93852734565735
446.54005885124207
434.5476903915405
454.84040355682373
432.0490972995758
443.19451236724854
429.28034138679504
450.1489989757538
430.8049783706665
431.87499237060547
430.0504162311554
436.1977586746216
435.6241512298584
414.0002062320709
427.5648376941681
419.0396192073822
439.42274928092957
416.280170917511
434.310688495636
412.4152913093567
448.47636675834656
435.81912779808044
421.54260420799255
440.7393145561218
417.4632866382599
407.0235183238983
434.291428565979
407.64910340309143
409.92241978645325
440.57717657089233
411.2582046985626
403.37589716911316
430.27516913414
416.20986008644104
431.3488094806671
424.37433767318726
403.7845058441162
404.55800557136536
414.5444805622101
401.30936312675476
412.79932141304016
430.32029700279236
414.74010181427
426.6282329559326
416.56677317619324
413.12585377693176
413.9654335975647
411.5813524723053
406.25167059898376
419.47276616096497
405.4669291973114
427.6363170146942
408.7555823326111
415.6169927120209
394.28851437568665
414.0135431289673
417.7459805011749
399.43470311164856
405.66255044937134
420.1424717903137
420.0204653739929
415.6818640232086
418.859671831131
394.6853575706482
397.62346386909485
421.46943259239197
414.2162961959839
400.13865756988525
400.9069595336914
389.7307608127594
420.7629396915436
392.99745440483093
400.3954029083252
406.8872079849243
416.59699273109436
399.1534597873688
388.4192724227905
393.97249841690063
393.63972067832947
405.68301916122437
404.63532733917236
396.82308888435364
407.1749384403229
385.87039399147034
404.0242476463318
392.56849789619446
390.02050590515137
397.8056676387787
391.4092354774475
398.99301409721375
399.67263174057007
390.21697330474854
388.6256115436554
390.22620034217834
383.33529567718506
387.84892868995667
383.06904125213623
395.53617906570435
383.1117112636566
386.38005685806274
404.7776815891266
395.8971617221832
393.4809672832489
389.90297198295593
396.01296305656433
386.1934208869934
385.91846323013306
381.3621199131012
378.16972613334656
376.58501267433167
393.35231256484985
386.1420476436615
379.9144823551178
379.11479234695435
391.6182339191437
371.68573784828186
366.8421878814697
376.199814081192
366.84049558639526
393.1115634441376
390.7098743915558
384.7716109752655
380.35306882858276
367.58977937698364
401.6022913455963
386.5160448551178
391.7752950191498
369.28332352638245
379.25339937210083
382.4019949436188
398.04657793045044
364.9849343299866
373.6768841743469
378.861834526062
390.91826844215393
372.5597276687622
371.69307112693787
