7069.8286056518555
5795.124908447266
5603.697002410889
5574.232372283936
5222.835519790649
4896.20161819458
5016.807781219482
4926.895660400391
4971.396896362305
4829.047803878784
5331.985973358154
4908.682052612305
4749.1962966918945
4847.72590637207
5699.858688354492
5419.015068054199
5412.904754638672
5178.930294036865
5403.297998428345
4910.348560333252
5107.6556606292725
4813.148611068726
4825.311861038208
5429.045059204102
4731.48360824585
5253.009624481201
4702.003183364868
5678.430686950684
5035.317943572998
4960.699012756348
5009.170211791992
4585.187438964844
4543.7816524505615
4898.181764602661
4664.498378753662
4694.3030796051025
4625.91662979126
5058.301244735718
5025.321153640747
4651.649185180664
5310.077360153198
4637.216003417969
4911.044174194336
5267.5781898498535
4671.5396156311035
4786.021926879883
4931.540285110474
4776.718172073364
4555.058139801025
5447.226432800293
4493.781585693359
5219.591793060303
4875.653610229492
4393.377235412598
4763.751968383789
4587.365503311157
4342.7463455200195
4629.307989120483
4750.94596862793
4728.210548400879
4843.004886627197
4678.066394805908
4470.429203033447
4834.412218093872
4382.535587310791
4617.303009033203
4764.369575500488
4828.977210998535
4414.540271759033
4440.753116607666
5240.521776199341
5216.761631011963
4706.296455383301
5243.712961196899
5958.289875030518
4759.871616363525
5003.709739685059
5207.3273277282715
4896.484634399414
4987.840847015381
4958.084819793701
5274.8692417144775
4796.445497512817
5099.373729705811
4923.116846084595
5147.1770362854
4517.462112426758
5179.0173263549805
5093.740159988403
4651.900611877441
5051.636180877686
4763.145965576172
4379.3437576293945
4972.010635375977
4723.193618774414
5295.5819664001465
4701.188625335693
4435.019620895386
4428.575038909912
5085.780248641968
4336.405557632446
5638.0734786987305
4406.492038726807
4360.290771484375
4426.729953765869
5249.685634613037
4524.563304901123
4579.380126953125
4958.276290893555
4777.802530288696
4657.106433868408
4547.553375244141
5276.736568450928
5144.77494430542
4643.860759735107
4456.277425765991
4882.139129638672
4725.430027008057
4877.210521697998
4827.344549179077
4809.77014541626
4663.691556930542
4736.090196609497
4907.650880813599
4731.934242248535
5089.325042724609
4904.974475860596
4745.578008651733
4849.1629066467285
5055.885614395142
4666.130718231201
4568.0246658325195
4489.727813720703
5151.442264556885
5356.984233856201
4764.722539901733
5144.118333816528
5378.813228607178
4466.305805206299
4962.572786331177
4951.6347579956055
5225.049686431885
4686.008899688721
5168.897401809692
4350.921258926392
4627.693378448486
4772.197971343994
5013.28458404541
4602.449493408203
4422.267129898071
5124.212753295898
4808.689977645874
4877.508043289185
5039.608959197998
5354.765232086182
4365.459201812744
4441.912902832031
4783.429975509644
4804.8969802856445
4953.133003234863
4845.944000244141
4545.94907951355
4379.848545074463
4433.993928909302
4527.328998565674
4474.003974914551
4419.875030517578
4386.225757598877
5247.22745513916
4416.71736907959
4679.4202308654785
4742.721092224121
4525.178333282471
4764.483039855957
4745.114158630371
4856.456214904785
4543.6285400390625
5057.897994995117
4563.698192596436
4795.493299484253
4288.241550445557
4479.829982757568
4907.650880813599
4609.4675216674805
4790.769378662109
4560.64658164978
4398.775817871094
5340.406188964844
5290.3242473602295
4472.420631408691
4592.455604553223
4794.821216583252
5597.313987731934
4741.078437805176
4436.191333770752
4387.054176330566
4560.9637660980225
4617.714317321777
5075.0549659729
4587.634014129639
