245.68302714824677
224.92704820632935
188.05443668365479
151.4580016732216
186.2498860359192
126.11532890796661
124.96875870227814
116.81179571151733
116.53360456228256
120.88825249671936
117.1732417345047
151.20745134353638
109.59490263462067
101.17789030075073
87.37610584497452
99.95848089456558
149.52880543470383
101.97781199216843
116.33834594488144
154.1906452178955
88.3424768447876
85.74992108345032
115.31659257411957
99.10442590713501
125.9875807762146
90.91591370105743
92.01953184604645
160.02825736999512
191.73912715911865
94.98602437973022
86.63798314332962
68.3389144539833
65.42928504943848
75.89141583442688
116.63798290491104
87.41286289691925
81.80986025929451
99.18501138687134
89.08491086959839
129.79935455322266
98.47560733556747
111.55185049772263
102.65494155883789
60.75933635234833
77.09318205714226
80.18082478642464
113.01319766044617
64.92799803614616
74.46237337589264
111.95597660541534
71.04979991912842
149.08906054496765
131.79190105199814
80.52386710047722
67.74907910823822
75.26214396953583
86.12542927265167
73.32275366783142
80.9882459640503
82.05413499474525
116.25737768411636
79.09601831436157
54.56705743074417
65.29968345165253
107.31482714414597
162.59271901845932
93.2812687754631
68.67281031608582
62.81093689799309
65.10667115449905
127.70642876625061
159.35231643915176
148.93053883314133
69.37204045057297
111.62081152200699
127.09414029121399
130.71703177690506
67.48342907428741
121.21872347593307
93.7027912735939
104.24682712554932
75.73140329122543
86.41036945581436
80.50182193517685
80.08679160475731
90.10135567188263
82.23064741492271
73.70039737224579
73.46302780508995
60.375205516815186
123.3728438615799
90.64106684923172
50.93534183502197
56.90964710712433
111.15718311071396
71.88206660747528
89.27441769838333
64.70131108164787
154.51548528671265
73.87559020519257
75.32124334573746
74.91436222195625
104.45649039745331
127.06489783525467
100.71730399131775
110.77410995960236
92.69977402687073
108.91909265518188
85.84530407190323
143.30881518125534
80.09341472387314
79.89769273996353
82.99338898062706
56.07763224840164
55.44694006443024
74.5717983841896
103.86944532394409
90.39446520805359
86.77069735527039
58.194416373968124
91.87688547372818
133.82249397039413
100.6946393251419
56.26665556430817
65.7751579284668
147.91614896059036
103.64874184131622
70.08792659640312
142.30763125419617
153.62678861618042
107.97586983442307
84.00547209382057
127.03936231136322
82.95569008588791
75.32184773683548
75.00427043437958
81.6402076780796
55.07881551980972
77.1962257027626
81.45216146111488
104.93752527236938
75.76075151562691
109.59539622068405
141.72629767656326
104.12175846099854
67.97585672140121
66.88383281230927
70.03307810425758
71.73452466726303
118.25989663600922
75.70172768831253
87.04089039564133
67.92371791601181
123.52726578712463
64.79111856222153
88.98742258548737
65.29714500904083
136.72588807344437
90.41295957565308
67.5093524158001
73.9182148873806
68.55843937397003
57.38107216358185
90.7958413362503
74.83944794535637
87.49646025896072
85.34435451030731
71.68483364582062
77.50565379858017
97.02903753519058
69.26145702600479
75.23060482740402
63.809506833553314
103.71333110332489
70.44269409775734
67.72494879364967
79.24787157773972
108.63334661722183
80.22991645336151
75.80435833334923
68.71713736653328
84.19885206222534
79.82038104534149
71.02539259195328
58.86271175742149
62.10402595996857
55.56945517659187
102.85434025526047
74.9403862953186
72.29018169641495
64.92195916175842
74.5644046664238
150.27357643842697
62.35859549045563
86.13720482587814
85.4608005285263
116.26713860034943
84.61251747608185
118.20803987979889
55.571847558021545
