1060.3144092559814
862.5109024047852
744.371702671051
716.4971046447754
658.7761430740356
654.8566265106201
646.6667242050171
612.1953988075256
614.1318678855896
600.8039965629578
649.2793457508087
608.2099633216858
576.4211673736572
563.1161823272705
558.0775752067566
556.9610633850098
535.4268503189087
508.6972107887268
523.3620758056641
549.3211569786072
527.0315759181976
490.51499104499817
513.122642993927
508.0793216228485
516.0940713882446
467.63230085372925
495.41732811927795
485.7068181037903
466.6068103313446
472.69621181488037
475.4012246131897
456.4560618400574
463.45418548583984
444.825199842453
442.43346309661865
468.0780997276306
430.40688610076904
437.5045328140259
439.6163156032562
440.6044144630432
447.61901783943176
430.491259098053
444.384477853775
406.382098197937
409.08126854896545
407.30862975120544
403.5141818523407
399.1332731246948
410.83404302597046
387.0261106491089
409.0967812538147
411.27738404273987
404.8390474319458
395.12672424316406
384.2510287761688
389.0735459327698
382.0811035633087
379.8427209854126
370.68071603775024
370.49835109710693
356.29777932167053
355.6451578140259
380.43357372283936
363.3672614097595
349.24308466911316
346.0119695663452
350.90931034088135
400.27093863487244
365.81802701950073
395.18510842323303
376.93777561187744
342.14922547340393
343.7411916255951
374.60732412338257
381.8719439506531
334.6290690898895
333.7590078115463
342.7955210208893
332.30161941051483
318.94777941703796
327.3051987886429
325.61040556430817
344.7479057312012
337.5975158214569
350.15132331848145
330.5371197462082
330.76870226860046
310.8036698102951
321.9952805042267
349.404497385025
327.8547514677048
322.7466393709183
359.0450189113617
315.4763181209564
317.7968374490738
321.1253401041031
323.6589274406433
294.5820142030716
340.2104597091675
322.1298985481262
293.279611825943
303.00075912475586
309.9423117637634
288.65730929374695
327.9947888851166
311.400586605072
289.4087688922882
306.7211892604828
304.40749955177307
312.98993372917175
300.91057324409485
298.623214840889
315.25313663482666
312.7794646024704
297.269882440567
311.03186774253845
303.5623996257782
339.55272102355957
301.0225467681885
307.3239485025406
288.55486500263214
303.368087887764
306.0101432800293
309.04467010498047
286.44572138786316
316.50213098526
289.8099637031555
310.60313284397125
301.4223313331604
280.513844370842
298.2527633905411
266.6938576698303
277.28361570835114
287.1476813554764
297.848445892334
313.42713010311127
295.0299082994461
289.5488667488098
294.55308401584625
295.4044494628906
314.7062029838562
297.4779541492462
282.37458324432373
281.10914945602417
275.8917634487152
278.4480154514313
249.53324019908905
291.04942882061005
280.34104895591736
265.2404179573059
291.98162150382996
300.4670912027359
250.55889189243317
271.72956371307373
244.26085460186005
267.6632808446884
281.23333168029785
257.10074055194855
267.01071977615356
285.2079485654831
272.47993540763855
260.498566865921
267.2293884754181
267.359010219574
272.98297011852264
256.4453589916229
257.26021921634674
275.68330895900726
273.6765089035034
265.4953098297119
258.90144324302673
243.85291075706482
253.9533336162567
246.15338444709778
257.2210748195648
249.93715476989746
262.06083726882935
235.97785592079163
245.59980249404907
264.2002407312393
237.86371731758118
257.38377690315247
276.5702528953552
279.109481215477
246.91826152801514
258.3279768228531
256.45091938972473
256.0336880683899
233.08846354484558
248.69918048381805
235.79806971549988
250.96931374073029
288.9126846790314
248.09045791625977
272.0861141681671
262.3758862018585
237.00185561180115
240.74273431301117
233.97917485237122
240.6996009349823
