886.3773398399353
869.1747574806213
893.3198595046997
844.114284992218
861.8811268806458
868.9368691444397
834.5896453857422
845.1334495544434
860.7135238647461
837.6713147163391
846.7368588447571
845.1565775871277
845.0078167915344
831.5564885139465
830.4198303222656
842.855700969696
834.4355659484863
825.9268674850464
819.5239481925964
837.809196472168
829.7230076789856
824.2058033943176
821.3816046714783
845.3782682418823
844.9176416397095
841.572699546814
855.2581286430359
843.4036822319031
819.8496747016907
838.7479367256165
805.3946542739868
815.0798201560974
840.9804768562317
830.0677523612976
856.9601745605469
842.4578504562378
824.5515151023865
849.4913511276245
813.9122171401978
822.790319442749
834.669183254242
832.7960543632507
827.9791378974915
832.1892457008362
820.8298358917236
815.5600290298462
838.4252724647522
831.6604437828064
824.6251702308655
821.9700398445129
833.1491799354553
812.2904343605042
841.2885551452637
836.6764869689941
831.792603969574
828.0884118080139
815.995593547821
829.1257081031799
836.0045652389526
825.4485926628113
847.5542373657227
812.8233461380005
824.6352434158325
841.3192582130432
815.5726809501648
828.8276224136353
795.886212348938
811.5944175720215
825.3008794784546
819.5556182861328
842.3522834777832
839.6394538879395
823.4696550369263
820.027768611908
800.4164056777954
819.0347137451172
824.1275548934937
808.9151921272278
805.7270693778992
826.988420009613
813.4875316619873
838.1671571731567
826.9399881362915
818.546365737915
831.732084274292
812.9908833503723
810.6702632904053
785.6821565628052
822.2756199836731
821.93732213974
839.9808139801025
812.7407460212708
837.7406182289124
827.5279397964478
818.8030304908752
823.8648462295532
807.7865924835205
822.9285235404968
801.1857552528381
828.4479842185974
819.0156955718994
833.5671768188477
805.0858507156372
808.6110625267029
824.6325035095215
824.4290251731873
828.621081829071
814.1014318466187
829.8274464607239
820.1806392669678
843.5099744796753
811.2604713439941
825.2959637641907
823.4253330230713
818.6890020370483
831.373881816864
817.0079083442688
803.19926404953
825.0395407676697
819.8397626876831
807.144003868103
819.277437210083
804.1882090568542
804.8789072036743
829.8687868118286
822.519552230835
814.0902304649353
811.6407542228699
831.8718194961548
821.7691402435303
818.8657259941101
805.6502714157104
815.0999665260315
829.332893371582
825.434006690979
805.8724455833435
820.9909262657166
826.3750839233398
826.0654745101929
824.3636703491211
823.8585605621338
812.1953434944153
826.1831293106079
819.4332089424133
825.217634677887
815.3117451667786
812.977828502655
805.3809547424316
834.2465929985046
796.4983396530151
837.0415391921997
816.206485748291
804.4829907417297
839.4509644508362
834.4308919906616
816.8465762138367
827.9858264923096
814.3641405105591
813.3809976577759
827.1617593765259
820.5826802253723
823.6890087127686
821.9164505004883
806.4626536369324
821.4069085121155
826.6418218612671
809.0446929931641
828.6010966300964
844.575475692749
831.699366569519
830.4476323127747
814.9533009529114
811.0017113685608
818.2755179405212
813.8363056182861
808.6075167655945
799.0478224754333
813.4622278213501
807.7500066757202
816.1314606666565
818.7158370018005
816.5961165428162
818.0942811965942
819.3322353363037
814.0171394348145
818.1248230934143
823.4116334915161
816.0870580673218
795.556134223938
818.1247425079346
818.2686681747437
837.2749147415161
820.5448050498962
806.2491827011108
809.0583925247192
824.8346924781799
813.4972019195557
799.0114784240723
810.9139537811279
819.3195028305054
