-0.6129875977834066
-4.820586095253627
-7.338785449663798
-9.028791417678198
-11.206974784533182
-10.995160450538
-12.396925856669744
-16.76695019006729
-17.04804343978564
-13.383332798878351
-18.223041852315266
-18.891914755105972
-17.37832220395406
-18.560615479946136
-17.17587484916051
-19.355217436949413
-17.97926543156306
-18.027598957220714
-17.90900629758835
-20.34514234463374
-20.9802991549174
-19.214336415131886
-21.066014975309372
-17.464903910954792
-17.17273892958959
-16.97154299914837
-21.44579043984413
-22.088159521420796
-16.096743901570637
-21.87822253505389
-20.995670686165493
-23.00810867547989
-18.592370907465618
-21.132025003433228
-19.287408868471783
-22.300319214661915
-20.23827753464381
-22.157776832580566
-18.482476870218914
-22.272645910580952
-19.638575037320454
-21.224025289217632
-23.532184561093647
-21.94894580046336
-22.435505469640095
-21.231993794441223
-18.811244189739227
-21.72849091887474
-19.189766188462574
-20.25156758228938
-21.956065793832142
-23.24561219414075
-19.366775035858154
-23.062819590171177
-25.796618044376373
-17.918801069259644
-20.532471517721813
-23.897002915541332
-22.672138810157776
-18.291078448295593
-20.065382480621338
-21.861421396334965
-21.500932385524113
-19.398276070753735
-21.652751823266346
-20.38403003414472
-19.437711040178936
-21.250076363484066
-18.960306882858276
-20.80627304315567
-16.913526718815167
-20.05968650182088
-21.806436558564503
-18.53075857957204
-19.82762618859609
-16.455394446849823
-21.060796707868576
-19.18505984544754
-19.79986901084582
-17.724272509415943
-22.21236499150594
-21.23422000805537
-19.124391893545788
-15.61729539434115
-21.8251995742321
-17.766303817431133
-20.867944935957592
-22.29910941918691
-19.74018160502116
-21.948585251967113
-16.391717036565144
-19.80468151966731
-22.074179311593372
-21.097890714804333
-21.50290286540985
-18.58506664633751
-20.799596071243286
-22.26027758916219
-22.38935513297717
-19.763717025518417
-21.85516228278478
-18.706765909989674
-20.36850850780805
-20.189334670702618
-19.34872301419576
-18.457206964492798
-20.113884389400482
-18.91656486193339
-16.341760863860447
-22.738209466139477
-19.132967839638393
-20.090380032857258
-20.2448067565759
-18.08435222506523
-22.360619982083637
-23.099540412425995
-17.561244050661724
-22.464981307586033
-21.521038432916004
-20.849682956933975
-21.957146286964417
-19.969043056170147
-15.486604432264963
-17.15861012538274
-20.122357835372288
-22.24731309215228
-18.579653809467953
-20.105435172716778
-15.418831696112951
-18.677885353565216
-27.149461050828297
-21.383635878562927
-18.901842484871548
-18.73519750436147
-23.47724139690399
-23.097439746061962
-19.577492237091064
-20.75442264477412
-18.770411272843678
-19.97734907269478
-22.648494452238083
-24.298149069150288
-19.979973653952282
-20.384822229544323
-18.045702894528706
-19.517710824807484
-24.266050944725674
-25.362197627623875
-23.036265194416046
-23.566550473372143
-20.673290292421978
-22.573511123657227
-20.024141252040863
-21.58545200030009
-23.30238711833954
-20.391552925109863
-24.98643660545349
-23.532210886478424
-18.95304563641548
-23.128823965787888
-19.575859785079956
-22.25516939163208
-22.327369610468548
-21.338040749231975
-20.048468947410583
-20.13072132070859
-19.104546189308167
-21.624104032913845
-24.27002774675687
-17.44175883134206
-15.918555299441019
-19.574321508407593
-21.79584123690923
-21.287958651781082
-20.253423551718395
-21.745110501845677
-21.758864720662434
-18.783699055512745
-19.064221382141113
-21.121925274531048
-20.149767180283863
-21.116564869880676
-21.383547743161518
-21.718327899773914
-21.960948606332142
-19.419171293576557
-20.679911812146504
-20.576386004686356
-25.214871843655903
-19.34371507167816
-19.93412419160207
-20.41985695560773
-24.28358621398608
-20.80006992816925
-19.04521815975507
-18.90263334910075
-23.876093526681263
-20.35928624868393
-21.412534167369206
-22.09516708056132
