499.5629675388336
265.81211149692535
247.11503112316132
177.63977074623108
184.89649319648743
194.83344841003418
184.0264117717743
159.68453007936478
173.77142596244812
160.70774406194687
197.09413301944733
147.3574498295784
133.87873256206512
154.83538949489594
133.4422413110733
156.03021025657654
132.15135258436203
132.49749743938446
129.6237587928772
123.74414145946503
121.860868871212
127.5526112318039
136.19028675556183
136.90914952754974
122.53217613697052
121.66246742010117
122.6677914261818
115.758704662323
132.03365749120712
115.42973458766937
134.18221747875214
129.2333825826645
133.28672140836716
104.64417397975922
131.41102385520935
124.5417765378952
106.00940281152725
114.85863536596298
117.24855893850327
100.67072558403015
123.23449873924255
116.06085991859436
100.90732455253601
126.67382657527924
99.38311064243317
120.74831581115723
99.8720428943634
116.63388311862946
110.72833740711212
119.48421168327332
112.92115896940231
123.78636825084686
101.30178040266037
102.28122639656067
96.33226525783539
108.13220566511154
102.17910444736481
112.58916693925858
104.44852250814438
98.15999430418015
109.21627175807953
110.55207681655884
96.24679428339005
96.74006807804108
106.86287355422974
101.37678533792496
101.57257783412933
90.84384006261826
102.96199238300323
111.29162991046906
91.57381355762482
102.7735533118248
108.56560444831848
103.29641205072403
102.48341536521912
93.0299831032753
102.34188711643219
96.59312045574188
115.3137720823288
98.65905010700226
90.72353601455688
99.6941705942154
91.18315529823303
91.4667557477951
103.84385943412781
106.25131034851074
103.8581935763359
98.80840522050858
94.42770802974701
102.2373576760292
94.65825301408768
87.40009009838104
86.74399334192276
94.20351922512054
99.72727108001709
92.33408719301224
86.03316897153854
79.06728959083557
100.88435769081116
91.99275732040405
87.67565214633942
94.63809657096863
96.52188289165497
81.29693871736526
90.62293511629105
88.89785182476044
84.11139163374901
86.3594696521759
84.41391456127167
91.11446624994278
78.61515972018242
85.56380891799927
87.38049775362015
117.04293501377106
89.44889533519745
85.71345615386963
86.75506377220154
85.18477511405945
102.42365115880966
95.60093188285828
82.18060383200645
87.05661463737488
91.49496066570282
84.29346948862076
90.23615503311157
87.40491515398026
82.21301934123039
83.50040763616562
89.09448039531708
81.49455949664116
90.29163813591003
79.70886081457138
78.30878883600235
73.95933866500854
78.28453260660172
90.95876502990723
84.64237439632416
91.3573408126831
87.7837877869606
76.74461460113525
72.38269382715225
92.3545760512352
85.05126512050629
76.84932535886765
84.60612100362778
72.39691212773323
97.40771877765656
86.29760015010834
82.7034273147583
88.04235637187958
83.13434809446335
75.43867653608322
75.34403392672539
81.39971542358398
79.73960921168327
81.76860049366951
74.84415212273598
77.19902604818344
72.84885564446449
73.52433824539185
69.74194794893265
78.03624874353409
71.41364336013794
70.90975242853165
69.6248773932457
74.86289831995964
73.6881987452507
76.7817947268486
77.3744404911995
74.26281350851059
74.94394212961197
69.9244539141655
67.54267451167107
69.83130717277527
80.39636072516441
76.15904021263123
76.57714286446571
76.09437036514282
75.85025680065155
64.6601973772049
64.44693797826767
69.47866007685661
67.11191490292549
62.575289845466614
88.74853700399399
72.77870094776154
75.8865807056427
78.90551424026489
78.60071980953217
68.36012354493141
76.37561872601509
72.4224123954773
82.70977342128754
71.85737723112106
73.43237510323524
65.7917535007
69.61898458003998
69.35619533061981
62.7064074575901
69.8779963850975
