233.82267785072327
224.12177765369415
184.01927995681763
170.8676289319992
161.03320866823196
144.6548143029213
139.25209176540375
116.13451504707336
97.41044861078262
103.61608457565308
90.37451022863388
92.01261156797409
99.08877217769623
74.49773529171944
70.29118835926056
68.48297107219696
81.55969774723053
63.69548341631889
65.8846333026886
59.434712529182434
61.589447379112244
52.53186106681824
56.7819946706295
60.12164834141731
58.27608472108841
57.27618008852005
52.480513006448746
54.851962357759476
59.26033562421799
57.82862377166748
47.77887910604477
54.26710316538811
45.63800495862961
46.40315401554108
47.665837824344635
52.56514286994934
48.10355296730995
51.04552233219147
50.041920840740204
42.756167471408844
45.20538181066513
43.96449637413025
43.30839961767197
42.131463795900345
41.03548616170883
41.369089901447296
43.572850942611694
43.37305435538292
38.5284618139267
43.777291268110275
39.96541675925255
40.51435749232769
38.4146146774292
40.572593092918396
35.449643194675446
42.07746900618076
37.279950976371765
35.021852657198906
39.98095968365669
40.82941398024559
40.14866058528423
34.21545138955116
35.84202900528908
32.676727056503296
39.17460122704506
35.47664940357208
34.2441221922636
33.841726154088974
35.68530283868313
35.01467803120613
35.29761365056038
35.46557393670082
36.01964443922043
35.79296252131462
39.938088208436966
38.421333491802216
34.91066484153271
34.493899405002594
32.27789944410324
32.28822949528694
39.90231329202652
33.25309203565121
31.960747733712196
35.97555159032345
33.903560400009155
32.28124877810478
32.26098404824734
34.552616000175476
31.411474585533142
31.352780655026436
32.74903993308544
33.14588564634323
30.736528381705284
32.03812238574028
38.09649594128132
32.552101612091064
34.0402535200119
30.494693875312805
31.610979050397873
29.710430949926376
32.902152344584465
27.714076787233353
35.337206304073334
34.37352988123894
32.9634955227375
28.71619500219822
33.90013551712036
36.41691070795059
31.466333150863647
28.73920215666294
31.259502962231636
27.906648382544518
28.957712203264236
26.87390013039112
30.271716371178627
27.246383845806122
27.764765053987503
35.071410208940506
29.714853078126907
27.970310911536217
28.98627471923828
26.114495307207108
27.091239169239998
28.722470596432686
30.552660018205643
30.544420152902603
31.95105229318142
28.93964594602585
28.06065982580185
27.418182015419006
25.206636920571327
26.342950105667114
25.656638830900192
26.11937576532364
26.507807850837708
27.78436243534088
25.787073984742165
24.322052627801895
28.126603931188583
26.34161289036274
25.070132672786713
26.611080661416054
25.682222202420235
24.372106283903122
27.174655213952065
26.9053712785244
25.48358654975891
29.246482715010643
24.663636848330498
23.61054328083992
25.62138268351555
25.058289125561714
25.181622684001923
27.39223349094391
24.83314336836338
26.764558225870132
24.99283105134964
25.394033417105675
27.01151242852211
24.077954173088074
24.298849046230316
24.746138751506805
24.973382249474525
24.0273490101099
24.065768137574196
24.342000052332878
25.43883642554283
23.478277325630188
23.36485829949379
23.644515097141266
25.121019884943962
23.520773574709892
26.04076211154461
23.486625477671623
26.014191567897797
23.097926452755928
24.166139870882034
23.72166310250759
23.923245161771774
23.73146179318428
25.992473781108856
23.732743605971336
24.376644253730774
24.50309294462204
23.642095014452934
24.88667982816696
23.306635290384293
23.569746881723404
22.759117394685745
27.58876132965088
25.030411586165428
23.32817931473255
21.4636352956295
22.96941275894642
22.732869192957878
23.81349529325962
21.883160784840584
23.2644714564085
21.83777604997158
23.46866750717163
