7418.15128326416
6308.191383361816
5658.48030090332
5252.217308044434
5798.284503936768
5257.606220245361
5423.841815948486
4828.34606552124
4887.643440246582
4836.059385299683
4933.252565383911
4656.221282958984
4891.685607910156
4891.915760040283
4716.048265457153
4561.581695556641
4629.598096847534
4957.989406585693
4442.987268447876
4493.995943069458
4536.459011077881
4441.816522598267
4388.923114776611
4293.2110958099365
4266.543104171753
4207.420761108398
4610.39973449707
4641.635633468628
4312.0258712768555
4315.857872009277
4225.250137329102
4228.694360733032
4196.786056518555
4229.397710800171
4163.5081214904785
4245.770746231079
4139.669647216797
4132.1977615356445
4102.032037734985
4005.2134189605713
4281.981025695801
3977.0210723876953
3909.916576385498
3935.1656188964844
3894.4054832458496
3731.261791229248
3803.962787628174
3740.1842155456543
3797.9279022216797
3807.6020278930664
3708.9189834594727
3834.659408569336
3654.5763263702393
3640.804267883301
3620.1418285369873
3631.750328063965
3771.8717155456543
3740.2660903930664
3750.33540725708
3677.1666927337646
3602.101963043213
3684.1476516723633
3797.0627365112305
3565.9371337890625
3718.0280437469482
3631.007329940796
3602.5687141418457
3660.9400005340576
3547.99139213562
3506.9836978912354
3540.49436378479
3607.294891357422
3518.4832458496094
3631.708423614502
3485.9918251037598
3441.8690185546875
3450.010730743408
3407.5866661071777
3381.99271774292
3294.9652347564697
3502.836124420166
3430.2763137817383
3293.2748737335205
3390.8078022003174
3311.5822830200195
3293.442169189453
3362.234769821167
3335.994848251343
3588.3231353759766
3267.9942417144775
3246.123020172119
3341.5497665405273
3220.501028060913
3211.918996810913
3247.3337364196777
3207.664083480835
3258.825548171997
3209.350898742676
3162.0865478515625
3182.3199501037598
3152.9101181030273
3180.6418380737305
3160.610221862793
3090.127582550049
3288.019733428955
3192.634569168091
3139.355318069458
3078.6954040527344
3223.9339694976807
3070.2784118652344
3098.101999282837
3062.617311477661
3043.33256149292
3054.3805084228516
3030.1133193969727
3020.768627166748
3106.2205028533936
3009.6620140075684
3112.1267738342285
3093.05509185791
3109.5512619018555
3008.692409515381
2973.5307083129883
2957.146713256836
2958.271041870117
2967.135766983032
3038.4471473693848
2930.9329013824463
3036.052791595459
2969.6393966674805
2865.6809043884277
2924.233024597168
2894.4060821533203
2951.0944213867188
2930.580904006958
2832.5380306243896
2841.511707305908
2906.7298583984375
2898.6119995117188
2848.4813842773438
2927.233383178711
2889.007822036743
2871.1758670806885
2875.4952487945557
2891.7183952331543
2849.369436264038
2839.975425720215
2808.0068435668945
2791.943256378174
2876.4974098205566
2835.723735809326
2811.092622756958
2815.0377655029297
2820.022138595581
2822.6115112304688
2756.860528945923
2807.2596549987793
2774.4452476501465
2945.5507850646973
2797.6912574768066
2737.533229827881
2763.460479736328
2693.48633480072
2653.0190467834473
2691.276036262512
2657.7806816101074
2639.6007585525513
2712.757707595825
2720.2647285461426
2591.3698654174805
2649.536142349243
2608.7057361602783
2667.3336067199707
2538.4812927246094
2623.354242324829
2496.47562789917
2526.3863792419434
2497.2550506591797
2451.005270957947
2515.9773139953613
2446.3100385665894
2462.0051889419556
2586.3832359313965
2499.163959503174
2492.3038787841797
2525.829694747925
2476.8733711242676
2659.6779861450195
2448.1910648345947
2526.6895418167114
2547.509928703308
2501.680805206299
2497.424602508545
2543.7367553710938
2533.6969327926636
2532.6282081604004
2555.923858642578
2486.248363494873
2449.632255554199
2501.060297012329
