4.47385148704052
-8.486881833523512
-22.373102873563766
-33.42976562678814
-43.39494842290878
-51.31896397471428
-60.157574355602264
-67.38054156303406
-75.60364508628845
-79.99091503024101
-87.14488595724106
-90.66852635145187
-95.13078612089157
-97.94920283555984
-103.98278880119324
-105.96376121044159
-107.76023316383362
-112.8805438876152
-117.72001421451569
-121.38288617134094
-121.627372443676
-124.52420890331268
-128.35377192497253
-128.55860006809235
-131.3232964873314
-134.30858558416367
-135.2845664024353
-137.85219103097916
-136.93047446012497
-140.9376176595688
-140.76593029499054
-140.99009895324707
-142.87521493434906
-144.20497608184814
-146.18242287635803
-146.755788564682
-145.24683552980423
-145.79323530197144
-147.02387630939484
-147.5931220650673
-146.26762187480927
-147.07254993915558
-149.40003991127014
-148.448667883873
-151.5955308675766
-150.4013547897339
-151.2401186823845
-152.20794022083282
-152.3769884109497
-152.82831746339798
-152.38877403736115
-152.5658707022667
-151.55218595266342
-151.80193042755127
-153.19690537452698
-153.39122718572617
-153.85770630836487
-152.76029324531555
-152.65131145715714
-153.3426240682602
-153.7616685628891
-152.94574058055878
-155.12485253810883
-155.8685759305954
-156.60158145427704
-153.97183549404144
-153.71290427446365
-155.9469654560089
-155.86766934394836
-155.66320383548737
-155.5729682445526
-154.61799001693726
-156.2771040201187
-156.6846650838852
-155.98203021287918
-155.42563784122467
-156.3610337972641
-153.40746515989304
-155.30310761928558
-156.82886272668839
-157.00112426280975
-157.58469408750534
-156.73049807548523
-157.70468586683273
-158.20926177501678
-158.06978845596313
-157.60911148786545
-158.08991467952728
-156.06803506612778
-157.6627612709999
-157.11555564403534
-157.13481557369232
-158.6592309474945
-158.39215052127838
-158.89347279071808
-158.1580295562744
-158.13814508914948
-157.8375209569931
-158.3750261068344
-158.38278245925903
-157.32818043231964
-156.76957195997238
-157.7714106440544
-157.27203249931335
-158.84133398532867
-157.91375482082367
-159.0526996254921
-155.60993683338165
-157.7927758693695
-157.22830480337143
-158.59778451919556
-155.3816180229187
-158.9956048130989
-158.6255260705948
-157.3429577946663
-159.86409467458725
-159.7335159778595
-157.75798308849335
-158.7379629611969
-157.22671324014664
-159.63618886470795
-159.37067985534668
-158.77493155002594
-159.68449985980988
-158.44262725114822
-158.99018543958664
-157.73163163661957
-155.82342791557312
-157.6490113735199
-159.1862599849701
-158.75534927845
-159.41863828897476
-159.27615308761597
-159.46587145328522
-157.82959336042404
-158.2059879899025
-159.3775799870491
-158.4043390750885
-159.14981520175934
-158.63701957464218
-158.3450483083725
-157.67403316497803
-157.30274564027786
-157.4039912223816
-160.2051626443863
-159.70208764076233
-159.43541014194489
-159.9158809185028
-160.1494780778885
-158.8409008383751
-159.14550387859344
-160.53946143388748
-159.80991101264954
-160.68520027399063
-160.09171843528748
-159.46977984905243
-160.83449494838715
-157.5245269536972
-159.54911625385284
-158.91092962026596
-159.4134908914566
-159.6750512123108
-158.67599272727966
-160.09013694524765
-160.19698321819305
-159.10023498535156
-160.64739561080933
-158.45309329032898
-159.75535464286804
-160.70694828033447
-159.71949410438538
-160.170712351799
-160.20231193304062
-160.2480744123459
-160.6497225165367
-159.55315560102463
-158.77434730529785
-160.3821485042572
-161.2244279384613
-160.98925936222076
-160.5211786031723
-159.22591811418533
-160.71829068660736
-159.2916053533554
-160.2594369649887
-159.51234912872314
-159.9503916501999
-159.9590344429016
-158.51249486207962
-160.59030079841614
-159.08770394325256
-159.63709545135498
-160.3173577785492
-159.70013344287872
-159.8276801109314
-160.2561732530594
-159.40245068073273
-158.97325241565704
-160.60474574565887
-160.6249727010727
