242.67770640055338
245.1029453277588
256.62091906865436
232.27212206522623
234.73303484916687
240.14702677726746
222.44335635503134
231.67870465914407
239.65202887852988
231.74791622161865
233.22397677103677
237.74529234568277
233.46224665641785
227.8654352823893
222.32264105478922
225.72490175565085
225.04723286628723
220.87872076034546
225.13162644704184
212.97419587771097
225.00835021336874
223.80121072133383
222.020703236262
223.7895075480143
221.7728594938914
219.30752809842429
217.7078421910604
211.91593114535013
215.966881275177
217.89021770159403
218.0142413775126
223.5282280445099
216.88979530334473
219.21478470166525
212.22278674443564
226.76029332478842
219.23145484924316
215.19491561253867
225.32774273554483
214.11931324005127
222.03432981173196
215.9196593761444
215.73504575093588
213.93383487065634
219.24215666453043
211.21231921513876
217.3051544825236
219.14425039291382
212.81929190953574
213.99458607037863
214.9481989542643
220.46676882108054
211.42077366511026
215.7959031263987
215.4571200211843
215.5451601346334
212.71951214472452
226.58029429117838
219.47963865598044
211.95282951990762
216.8368411064148
223.82659681638083
220.09878198305765
210.10592079162598
217.84538475672403
219.92785453796387
213.23371855417886
218.137637535731
209.57432357470194
220.7015974521637
217.64478770891824
221.92602316538492
219.14886363347372
220.42313504219055
214.28307882944742
212.99241932233176
215.38348166147867
213.27615102132162
214.4565295378367
215.06352186203003
215.26874033610025
213.14689842859903
214.2001073360443
211.6130566596985
217.6670661767324
207.03416800498962
217.28441230456033
210.4090805053711
207.39948972066244
209.9353106021881
217.29969557126364
220.69164991378784
212.01256481806436
214.48562288284302
211.32124209403992
212.25706672668457
208.10098179181418
224.77897040049234
214.11451133092245
206.63466795285544
211.45695916811624
206.3145673274994
209.10337813695273
217.4347813129425
215.59311906496683
209.02012991905212
211.06150579452515
209.58328676223755
219.1426215171814
212.57695492108664
216.73162619272867
217.48461850484213
210.10515189170837
225.54128321011862
204.6914802392324
216.65803774197897
217.4232623577118
211.58511527379355
218.05603289604187
206.3521724541982
211.6221559047699
213.08646472295126
218.43385736147562
215.97816292444864
207.33651526769003
216.98383824030557
215.03231660525003
211.57334661483765
220.84841140111288
211.79360699653625
210.25979344050089
220.89662114779154
212.2672304312388
210.94653566678366
208.87787183125815
217.56569163004556
209.1541785399119
213.00443728764853
215.34338196118674
208.2005487283071
214.81600308418274
207.38773504892984
212.26216967900595
214.5017679532369
210.40744320551553
210.41027235984802
215.09377463658652
212.1751880645752
211.27459907531738
208.60456824302673
214.72201466560364
214.1965572834015
213.49317336082458
207.7039167881012
217.59796826044717
216.09981989860535
206.8730551401774
217.46047369639078
209.77415855725607
212.29916644096375
211.73696676890054
209.867161432902
214.30935366948447
211.12023202578226
215.81231458981833
205.28994234402975
212.30961402257284
216.76831459999084
216.9847252368927
208.8886959552765
213.6885702610016
206.91168975830078
211.89002259572348
215.41111183166504
207.37090984980264
208.4228081703186
214.18835274378458
214.3261533578237
211.0651224454244
212.0325150489807
207.05337500572205
205.92945663134256
212.01364413897196
214.57311916351318
212.080726146698
211.42115092277527
209.30027540524802
210.18307479222617
209.91481955846152
214.07475741704306
204.6645882924398
203.49087270100912
208.02112690607706
207.92213145891824
210.5731905301412
208.31428066889444
210.2371658484141
213.68370246887207
210.33095010121664
217.56398423512778
