650.8761067390442
605.774952173233
548.3646476268768
544.6457486152649
534.5662376880646
512.0119736194611
510.22603821754456
498.05670404434204
475.9487223625183
471.87875270843506
476.7793974876404
464.9898626804352
474.4987075328827
454.6742765903473
456.7225983142853
449.5778090953827
448.22808289527893
452.33657240867615
425.24675607681274
421.05498147010803
427.9055531024933
419.00122022628784
432.63402700424194
425.40139961242676
414.88576006889343
416.97352838516235
407.3571825027466
408.06282925605774
404.69862723350525
413.7020802497864
392.2375736236572
393.75391030311584
391.0280661582947
384.6558096408844
381.8864896297455
384.3307681083679
391.89685821533203
382.25432205200195
371.7475469112396
374.3179819583893
365.24671626091003
379.34409832954407
385.63258624076843
366.7288444042206
363.57746863365173
366.1217133998871
364.9639821052551
366.1378707885742
368.5265452861786
365.9891502857208
364.9537477493286
358.38147807121277
343.26182889938354
359.8360459804535
357.39027667045593
358.44264245033264
367.012948513031
351.295113325119
350.9272003173828
339.9323592185974
353.6538906097412
348.3896441459656
353.1194477081299
343.0025854110718
350.9177315235138
351.08132004737854
343.1947817802429
339.3217227458954
346.417596578598
343.543475151062
331.00312542915344
344.8791391849518
339.58604311943054
327.0121496915817
332.03012692928314
330.38428938388824
324.7066595554352
328.8454089164734
338.27294301986694
326.64425683021545
334.15021002292633
328.2652539014816
319.81421434879303
330.32471656799316
329.19952166080475
325.2287930250168
324.48031508922577
331.02073335647583
331.2089810371399
311.7401738166809
315.19626343250275
313.78490948677063
319.6669645309448
315.17037534713745
310.5900981426239
316.0026218891144
310.7700253725052
321.03776383399963
319.7993463277817
315.67210054397583
321.7225389480591
313.3357058763504
318.7779656648636
309.8334609270096
312.63348400592804
318.6656496524811
320.5259453058243
306.92640018463135
312.8742935657501
298.15698754787445
303.7958356142044
299.1858022212982
305.9394496679306
309.015780210495
317.9069776535034
306.1760083436966
297.33096623420715
304.39295387268066
302.1262857913971
303.37763726711273
306.5809302330017
295.53681111335754
302.87720143795013
298.9077218770981
291.8061466217041
303.51336336135864
294.3159008026123
300.2103055715561
296.50268852710724
293.7663884162903
311.66956079006195
298.559028506279
292.29562282562256
302.0021640062332
293.6733524799347
291.7778409719467
298.03758001327515
295.3354481458664
286.6839119195938
285.85470747947693
285.6837856769562
290.6919516324997
296.7057840824127
296.2990691661835
284.2748694419861
287.4585599899292
290.58257699012756
293.0862469673157
280.20070934295654
304.3457307815552
284.97898507118225
277.58141934871674
294.3978360891342
286.196994304657
289.36902010440826
288.99145698547363
294.41794216632843
288.7569532394409
283.70778942108154
283.8686581850052
287.56994926929474
283.7610161304474
292.2431616783142
299.41595435142517
284.03951954841614
289.4501898288727
281.40783953666687
290.1605508327484
287.19210410118103
290.67426311969757
286.41384983062744
282.86468398571014
275.8247163295746
277.59342658519745
272.89307701587677
286.5629531145096
277.04864859580994
283.49451994895935
282.24921238422394
284.85361421108246
281.2567216157913
282.6945881843567
285.8778758049011
276.78714871406555
281.5773913860321
276.7008013725281
283.04821741580963
276.29694724082947
280.57873582839966
277.88605260849
276.48336160182953
271.1837179660797
270.65687024593353
273.25476479530334
263.43246257305145
278.03563940525055
268.18561577796936
266.7027220726013
275.76895117759705
272.21658205986023
