229.28175703684488
216.48640751838684
202.09014280637106
203.94058434168497
195.59645875295004
189.83488909403482
191.96662600835165
196.5199871857961
189.94260136286417
194.09741950035095
184.4126889705658
178.96685830752054
178.82187366485596
183.1091910203298
181.40261260668436
183.53883862495422
177.0923056602478
175.70589216550192
174.29550035794577
174.47375965118408
160.22580711046854
172.36449654897055
167.14938179651895
167.90401991208395
171.0924178759257
169.37420392036438
166.6231447060903
157.32221722602844
176.3594140211741
160.5783097743988
153.4169501463572
156.84933106104532
158.62622769673666
155.33232641220093
160.3884691397349
156.15142361323038
151.58104101816812
151.6552805105845
150.25468468666077
154.94781017303467
149.1901195049286
146.45231342315674
141.0761517683665
142.88489699363708
149.41083017985025
140.6944316228231
134.03794312477112
131.62602074941
136.45453222592673
138.44343511263529
133.9941249291102
132.7233832279841
121.50429773330688
126.07514111200969
129.7540578444799
132.28552532196045
124.67364867528279
125.2379287481308
125.43291719754536
117.09990167617798
123.38349572817485
124.36986188093822
115.73934916655223
117.47540207703908
114.74457399050395
115.33556536833446
118.03392120202382
117.97822984059651
116.33528836568196
116.87020301818848
118.33790838718414
107.50326291720073
111.814484556516
109.04409257570903
115.94455973307292
114.30741810798645
110.92381926377614
112.39509173234303
116.40167653560638
104.22792780399323
105.62133808930714
107.79293306668599
106.25653247038524
106.36986712614696
107.6590348482132
101.13833757241567
100.57505893707275
103.08161652088165
98.9347114165624
98.24187978108723
97.46794486045837
101.29954640070598
103.70740218957265
96.78553509712219
100.57337339719136
101.40766847133636
99.88864394028981
95.54190504550934
96.54295734564464
91.13887218634288
100.35956315199535
92.98211280504863
93.4872925678889
91.04627887407939
97.08165383338928
99.79696643352509
102.01388486226399
95.04706033070882
96.69676939646403
91.95089995861053
90.74677920341492
91.52610365549724
91.43863936265309
85.64874891440074
96.03074312210083
90.86206368605296
87.70023453235626
85.79423173268636
88.93913900852203
86.8135043780009
88.05275384585063
91.0891747077306
85.37242527802785
90.03500088055928
92.4172082344691
92.042183081309
88.96069550514221
81.0470290184021
93.87873335679372
87.1175411939621
85.61972192923228
80.09045938650767
84.28281048933665
82.788476506869
86.0449588696162
84.48588101069133
80.79705762863159
85.54770839214325
79.49385714530945
77.74886445204417
82.42575532197952
81.07767556111018
81.67078894376755
81.77974088986714
73.1323773264885
84.43317274252574
79.26829568545024
81.80359097321828
82.58000457286835
78.81112623214722
76.70743018388748
77.8128281434377
72.64973511298497
79.53127316633861
74.91245204210281
75.46472154061
79.18495825926463
77.96354365348816
75.52573291460673
78.49173545837402
81.49806396166484
80.48660210768382
76.42239964008331
76.24928943316142
74.01692501703899
73.47657603025436
74.28940047820409
73.01291410128276
69.67606163024902
73.4336159825325
75.85397054751714
73.06364409128825
73.62147237857182
72.83570619424184
79.52638709545135
72.08663866917293
69.37330704927444
74.82908205191295
71.08300123612086
74.27240216732025
72.39120284716289
63.2946720123291
73.28182077407837
72.63602085908254
65.84966218471527
70.48868874708812
72.44173675775528
69.8291847507159
72.35107908646266
69.97425889968872
71.22029083967209
66.7968720793724
72.84333495299022
69.84072357416153
66.0783932407697
67.05176891883214
68.8335456053416
66.38075725237529
65.60956571499507
66.19141002496083
