27.110466728607815
22.13144561648369
15.499198297659555
12.163911432027817
9.752852072318396
9.933822308977446
9.823673258225122
9.631394416093826
8.647395566105843
9.152607743938765
9.151314387718836
8.553580328822136
8.130775863925615
8.484107782443365
7.860767861207326
7.705801099538803
8.610364561279615
8.480983853340149
7.517626990874608
6.983345280090968
7.131513178348541
7.570993935068448
6.712823947270711
7.115367328127225
9.524781485398611
7.192645440498988
8.023616497715315
8.399088303248087
6.7747274960080786
6.747077658772469
7.563243716955185
6.29844402273496
7.3365412056446075
6.889314249157906
7.079612428943316
6.61059241493543
6.4664002160231275
6.337706575791041
6.323384627699852
5.993941982587178
6.2074556450049085
5.557415470480919
6.658820604284604
5.698900602757931
5.763300411403179
6.211041214565436
6.660352309544881
6.905179560184479
5.183646954596043
5.935069729884465
6.214216219882171
5.655881909032662
5.484055543939273
5.999348933498065
5.264397889375687
5.3666907623410225
5.10209580262502
5.39035418132941
5.5546284566322965
5.256787061691284
6.578150341908137
4.756777832905452
5.13727239271005
5.537456075350444
4.866931306819121
5.382037356495857
5.209113108615081
5.081481595834096
4.581959021588166
4.830753371119499
4.96433358391126
4.86555943886439
4.75212512165308
4.9039117222030955
4.752724344531695
4.413984539608161
5.263449241717656
4.571674858530362
4.933197329441707
4.692290802796681
4.847865454852581
4.689379662275314
4.9334984719753265
5.082539205749829
4.574858732521534
5.063887991011143
4.734778478741646
4.58241635064284
4.901197863121827
4.505139032999675
4.485074405868848
4.843525687853496
4.7990080664555235
4.923630217711131
5.09646129856507
5.0297332753737765
4.542658781011899
4.743401517470677
5.200802753369014
4.446990177035332
4.617874518036842
4.274113828937213
4.926290551821391
4.5880560378233595
4.743288313349088
4.341856320699056
5.307427366574605
4.423136427998543
4.558493246634801
3.989444851875305
4.840560170511405
4.2843484953045845
4.466401783128579
4.256241296728452
4.384496822953224
4.199108439187209
4.219238104919593
3.962551993628343
4.2187566210826235
4.313804651300113
4.27539990345637
4.5792882939179735
4.0952170466383295
4.0251401116450625
4.095105464259784
4.221845785776774
4.017844133079052
4.04722964266936
4.1812046865622206
4.062966195245584
4.218308642506599
4.068595729768276
4.131909882028897
4.379651889204979
3.9303099835912385
3.913305846353372
3.8962013920148215
3.7335203488667807
3.8311105171839395
4.580098475019137
4.061605465908845
3.865808685620626
3.7649070098996162
3.884324582914511
3.6023715138435364
3.652220959464709
3.6258093814055123
3.4702708000938096
3.431519728153944
4.060677553216617
3.5333609183629355
3.8718793938557305
3.4702980617682138
3.622067386905352
3.732586208730936
4.355812226732572
3.941884256899357
4.091348906358083
3.480394683778286
3.534597337245941
3.539913833141327
3.9158362820744514
3.777181545893351
3.563124045729637
3.6114468624194465
3.8432936693231263
3.606949927906195
3.7189585119485855
3.6209640353918076
3.5310365855693817
3.539279821018378
3.4976118256648383
3.918869234621525
3.6354890192548432
3.4129778345425925
3.5067786599198976
3.400243523220221
3.8070518051584563
3.1824605191747346
3.5816988175113997
3.480080768465996
3.567493721842766
3.2551637838284173
3.3077665343880653
3.542646278937658
3.2557755559682846
4.092814400792122
3.485399400194486
3.497232603530089
3.451762388149897
3.2015540935099125
3.8213952208558717
3.1775368054707847
3.4849660359323025
3.5057457983493805
3.2661326825618744
3.0572015357514224
3.335562107463678
3.3372532464563847
3.0174841235081353
