-0.1885011235717684
-21.198627427220345
-58.864157259464264
-89.75466686487198
-113.17351239919662
-125.82983469963074
-135.69827210903168
-139.8664754629135
-140.567740380764
-143.4044600725174
-146.07615077495575
-148.7013235092163
-148.74693489074707
-152.0550091266632
-150.1120126247406
-151.39994990825653
-151.5624908208847
-152.70323872566223
-153.19980645179749
-152.31584417819977
-153.19673413038254
-154.5484749674797
-155.80823755264282
-154.79196399450302
-156.25389540195465
-154.88172614574432
-154.80799043178558
-155.2848550081253
-153.0731462240219
-153.9945605993271
-154.06886041164398
-151.6134107708931
-150.44430685043335
-149.5138669013977
-149.80183911323547
-151.37239974737167
-153.33631825447083
-154.05050706863403
-155.30351054668427
-155.4604709148407
-155.36209619045258
-155.1314605474472
-155.6620655655861
-155.27673602104187
-153.69673681259155
-152.02033722400665
-151.94486892223358
-149.76398408412933
-147.47046089172363
-146.95449221134186
-149.40455269813538
-149.38460779190063
-151.90139305591583
-151.63039416074753
-152.3241444826126
-154.48798549175262
-155.48934066295624
-155.09402859210968
-156.36693668365479
-156.5567255616188
-156.19093799591064
-156.5442851781845
-157.26580727100372
-157.10461616516113
-157.55161374807358
-158.21337163448334
-157.29673194885254
-154.68327432870865
-156.4442584514618
-155.00399446487427
-156.9890364408493
-156.65595650672913
-158.24103260040283
-157.15729892253876
-156.7735710144043
-154.0335236787796
-158.51782357692719
-158.85084307193756
-157.03535294532776
-158.64301311969757
-158.83468568325043
-159.3684738278389
-159.84533840417862
-157.80844974517822
-158.18018049001694
-158.59350341558456
-155.97804123163223
-156.33605229854584
-156.40081280469894
-157.97478824853897
-157.98084223270416
-156.93484270572662
-157.76350319385529
-158.00273126363754
-157.41235196590424
-157.76648485660553
-157.31004869937897
-158.07208514213562
-157.79353135824203
-158.02367341518402
-156.11764550209045
-157.2392543554306
-159.39312291145325
-159.17362821102142
-159.98338133096695
-158.69384241104126
-159.27273827791214
-158.57383048534393
-157.67911005020142
-159.43877458572388
-158.61930084228516
-158.04893696308136
-158.7358878850937
-159.49327051639557
-159.37016612291336
-162.1126410961151
-161.9587933421135
-161.0384567975998
-161.73489665985107
-161.34453052282333
-161.77365827560425
-160.0743522644043
-161.5057921409607
-161.8205892443657
-159.74973380565643
-160.46547389030457
-158.691173017025
-159.56194949150085
-159.27114671468735
-158.93352377414703
-160.01977574825287
-159.25657081604004
-160.91561430692673
-160.03484523296356
-160.10002881288528
-158.45504748821259
-159.80127829313278
-161.62509894371033
-161.82690513134003
-161.19559848308563
-161.58976221084595
-160.602872133255
-159.40529131889343
-159.78597712516785
-157.2949389219284
-159.69064450263977
-157.94880950450897
-158.10571950674057
-155.69046187400818
-155.2911809682846
-153.9067224264145
-152.9895287156105
-152.1551063656807
-150.75281828641891
-151.4792359471321
-152.7184693813324
-153.0057566165924
-153.3590030670166
-153.4465692639351
-152.70088160037994
-152.95581376552582
-156.53852331638336
-154.92090076208115
-156.82941675186157
-156.88195848464966
-157.21888637542725
-157.61959767341614
-158.8190722465515
-158.61118185520172
-158.9020249247551
-159.77616584300995
-159.36340701580048
-159.72705906629562
-160.12384182214737
-160.85258638858795
-159.8729087114334
-160.85619258880615
-159.65611362457275
-160.60962116718292
-160.73360192775726
-159.94840723276138
-161.27634513378143
-161.1711911559105
-161.52239274978638
-159.86088132858276
-160.55780470371246
-161.8566210269928
-161.6834831237793
-161.39275085926056
-161.0162353515625
-162.3099244236946
-159.77886545658112
-162.07333552837372
-162.9705138206482
-162.51537710428238
-162.6452909708023
-163.59578663110733
-161.79022866487503
-160.77179944515228
-163.05809009075165
