188.97885886828104
124.46432828903198
128.00646964708963
103.89537803332011
103.84958016872406
99.62190838654836
87.11143732070923
81.8659249941508
86.60620574156444
71.49384129047394
98.43968510627747
77.45528503259023
99.96441586812337
101.73392355442047
76.36904311180115
72.61758041381836
81.59780883789062
73.31195318698883
85.42897923787434
89.08825373649597
76.02259349822998
99.67233328024547
77.08568982283275
75.54350471496582
90.01730465888977
77.64590231577556
72.64688156048457
89.5122520128886
100.59958378473918
69.78344182173412
97.40796271959941
81.68866205215454
55.2401971022288
84.59791827201843
88.71194100379944
68.5081250667572
77.71368209520976
71.72867874304454
85.43994287649791
97.2813340028127
68.01104946931203
62.09441681702932
81.91173521677653
91.94506454467773
72.68066827456157
84.35419909159343
73.86512653032939
74.15114482243855
75.17987469832103
74.9637067715327
76.49584559599559
67.00975181659062
82.96030449867249
65.7449832757314
90.72251470883687
88.38199373086293
80.2427506049474
67.4984365304311
86.70582715670268
70.98419276873271
105.12450329462688
74.02603665987651
85.51044424374898
72.6936096350352
84.72400331497192
70.56228212515514
98.31934344768524
67.13561936219533
64.89941322803497
78.1473669608434
75.56551829973857
61.70570492744446
88.5208589831988
94.75826720396678
55.63597838083903
62.44824059804281
76.91940712928772
82.95925243695577
61.106348077456154
64.77284759283066
68.59762831528981
65.96510648727417
63.341514666875206
61.98391471306483
80.0789219935735
80.35016365845998
61.747628112634025
88.10009948412578
75.5961035490036
62.02233429749807
56.480104525883995
69.3032070795695
72.1327451467514
63.920929312705994
104.72744870185852
72.02602501710255
66.66673888762791
79.988205909729
88.61869247754414
58.62951155503591
67.75699949264526
90.45799239476521
72.21005495389302
112.60983057816823
74.46439417203267
67.91664338111877
64.58109871546428
52.74090884129206
77.77554488182068
68.84193472067516
90.70183316866557
65.07057134310405
99.56285222371419
78.75638548533122
85.5589173634847
65.73957246541977
69.43955139319102
60.35178796450297
94.43960678577423
87.69708307584126
77.99462485313416
72.44159988562267
74.16297332445781
108.58092029889424
84.29391622543335
81.413671930631
109.92458689212799
73.0119332075119
72.22434230645497
80.92390624682109
96.55636096000671
67.3061359723409
83.79001684983571
69.25960191090901
63.752251863479614
87.51623709996541
59.691919803619385
85.89131053288777
95.98115078608195
56.948844154675804
67.44906385739644
89.27258221308391
53.02551507949829
80.2099773089091
98.01918252309163
85.62210655212402
73.81553304195404
85.7242681980133
76.70357775688171
71.68064383665721
86.59750159581502
82.4727156162262
75.92420283953349
109.88966139157613
56.87854011853536
79.50482598940532
79.21337759494781
75.63902990023296
79.51786359151204
67.92919433116913
68.40259408950806
87.17448314030965
67.3593378464381
81.62608774503072
65.2006943623225
80.04955085118611
72.85640943050385
69.5759169658025
97.96980619430542
72.49574820200603
61.741767247517906
87.18859402338664
92.02961166699727
78.91398596763611
66.75806526343028
94.13912963867188
58.76023415724436
69.56482990582784
82.46659270922343
71.00519132614136
72.92638285954793
66.70957545439403
80.33279220263164
70.19984038670857
71.9600038131078
67.88253653049469
89.8601269920667
59.05862887700399
76.58239499727885
74.71707741419475
76.9658915201823
73.51512924830119
70.45722730954488
68.68272376060486
58.64524960517883
90.5381068388621
78.78142122427623
71.67208850383759
66.82035382588704
61.37575765450796
