701.5870180130005
686.685956954956
651.2031226158142
636.3965077400208
591.7177016735077
614.3463864326477
553.1098833084106
601.3734941482544
580.5471439361572
583.8295919895172
585.6428458690643
552.2689738273621
573.178528547287
582.115377664566
550.5189392566681
567.5698194503784
565.8078582286835
549.5416388511658
563.1260943412781
536.0991749763489
537.6397678852081
537.5591421127319
518.149001121521
518.9564273357391
511.69378185272217
517.0108118057251
517.7229053974152
519.9197864532471
524.3090760707855
497.7800943851471
499.64520502090454
503.6580798625946
478.4701614379883
485.2541694641113
493.76492285728455
484.0962769985199
485.7608103752136
490.4038636684418
486.9813983440399
476.6189920902252
487.22903752326965
478.0783145427704
470.65792298316956
473.6071903705597
479.21239399909973
478.801246881485
486.17715525627136
451.12166571617126
462.5538442134857
470.84270548820496
462.27207708358765
459.7497112751007
452.7265658378601
467.06667137145996
441.72507643699646
425.2760488986969
441.73305439949036
463.47340512275696
451.0101354122162
438.983115196228
434.13722825050354
447.6651530265808
436.0401737689972
456.52480125427246
472.2097978591919
442.6084544658661
453.81152844429016
440.9716827869415
433.530419588089
440.6217403411865
431.95311999320984
446.1077983379364
444.9925355911255
452.39491629600525
426.4076704978943
437.4134712219238
427.1519982814789
419.6113328933716
417.7246253490448
430.39141368865967
421.5209267139435
415.8135004043579
425.51466250419617
430.3874247074127
420.8388512134552
415.5139238834381
403.25328636169434
421.81357288360596
421.78282952308655
434.3145968914032
418.33320689201355
404.0387933254242
410.91543436050415
415.8698699474335
430.96602845191956
405.1683599948883
427.6493718624115
417.789657831192
416.2605080604553
412.4213755130768
417.56293058395386
406.52836084365845
413.1127989292145
434.0650236606598
402.3348939418793
423.0139741897583
399.8118028640747
411.46043395996094
414.3650166988373
401.6016466617584
427.3197772502899
406.1312355995178
391.7580497264862
398.61647844314575
401.0289659500122
415.20088958740234
401.88131856918335
406.340838432312
414.43641543388367
409.20895624160767
407.2557656764984
403.12785506248474
388.40303444862366
401.13106775283813
399.4093186855316
402.47454857826233
395.8347885608673
408.7490146160126
397.54803586006165
391.37587308883667
410.57967495918274
403.17810010910034
400.0946578979492
406.1902644634247
400.8330626487732
393.361136674881
387.97448086738586
397.54586005210876
395.5138165950775
392.0784978866577
412.24892258644104
402.86232590675354
399.3975532054901
397.51805806159973
392.45422768592834
400.37013936042786
400.99548268318176
396.8722460269928
389.85877084732056
396.4581172466278
389.0682272911072
379.539115190506
406.49330615997314
396.54768800735474
386.70783829689026
392.3203752040863
380.11147356033325
382.99788427352905
394.99855303764343
388.9124958515167
391.9167628288269
400.3430223464966
413.24246096611023
406.097873210907
390.7237753868103
406.53686261177063
388.7916579246521
386.13173270225525
375.7096529006958
387.9030418395996
377.88372826576233
367.22549271583557
379.3562264442444
390.9609787464142
391.2127277851105
381.6509382724762
388.5538501739502
383.4532325267792
380.3439223766327
372.7267007827759
382.15431547164917
382.43306064605713
381.34612369537354
384.2635598182678
364.30845952033997
397.07213830947876
393.47089409828186
370.76714396476746
394.5247104167938
392.76178216934204
389.9816234111786
388.4318437576294
389.0570662021637
393.28043031692505
381.8500247001648
381.11955761909485
395.1238634586334
386.74708342552185
370.5724494457245
387.23752665519714
