790.4010004997253
752.2185525894165
772.8785743713379
739.4115858078003
727.6429629325867
725.6022968292236
739.9014649391174
721.5996160507202
716.9201784133911
693.2834901809692
684.8850326538086
695.9980926513672
713.7061877250671
681.0558524131775
671.2562954425812
675.5973143577576
634.6462314128876
677.5242743492126
661.432240486145
675.23592877388
665.3122701644897
653.3664801120758
646.0589485168457
616.9576380252838
633.573356628418
624.9609043598175
603.7024548053741
636.8080577850342
606.9143099784851
607.8322188854218
627.2604513168335
602.4871451854706
589.9566268920898
598.8628535270691
600.840582370758
552.9038665294647
555.6288645267487
571.955402135849
571.1357672214508
576.9299437999725
562.1595520973206
550.0466277599335
555.8944742679596
555.5693521499634
547.3601093292236
541.7360889911652
551.4539725780487
536.342422246933
538.6972105503082
528.3654670715332
521.9067423343658
538.3095943927765
508.32365679740906
506.12081241607666
508.4956262111664
516.4217722415924
515.262348651886
521.6277956962585
501.5977509021759
495.3762698173523
514.2825903892517
493.4972984790802
505.77606773376465
498.7189555168152
489.54780411720276
499.78324794769287
504.33451437950134
492.23831152915955
488.91258907318115
474.72023701667786
485.9845962524414
500.03435230255127
474.14022302627563
475.22055196762085
483.4293112754822
476.72121477127075
470.40516662597656
473.1275053024292
460.31538105010986
467.20539927482605
475.6438674926758
476.3629720211029
455.08046770095825
477.4690480232239
459.0874195098877
483.5190029144287
479.5932409763336
471.4490306377411
453.32438921928406
483.6248116493225
465.4421889781952
464.71853137016296
478.1472957134247
465.6898684501648
460.18745160102844
450.3822536468506
446.4793779850006
473.2604310512543
464.394859790802
455.96086406707764
449.8078806400299
456.5146474838257
439.3219771385193
463.9781119823456
448.9631836414337
457.00903940200806
432.32889008522034
458.4955997467041
436.63328289985657
445.95573353767395
450.81805992126465
453.4736738204956
427.4369888305664
456.0986249446869
458.4814569950104
439.2229778766632
441.8846356868744
438.9340789318085
437.40637969970703
433.7085134983063
431.42850852012634
446.4357006549835
443.0429310798645
443.56657552719116
438.53594636917114
429.7503159046173
422.40410327911377
426.5861270427704
439.2632303237915
444.3529689311981
433.35619378089905
426.84134125709534
447.2854745388031
439.4896755218506
440.12202978134155
423.61610889434814
444.9917297363281
428.5235631465912
412.2561752796173
419.5663661956787
437.30206179618835
431.9737901687622
427.0479624271393
424.04071378707886
404.01191806793213
419.47465991973877
406.41280126571655
416.24983048439026
423.1289293766022
412.6754615306854
409.4148118495941
410.63560128211975
409.8756802082062
408.33085656166077
418.23372411727905
408.998587846756
417.52320194244385
417.7216839790344
416.12935519218445
394.94536662101746
404.74975872039795
420.55543208122253
413.72972106933594
386.1750473976135
416.6316041946411
390.946674823761
413.2270288467407
408.8297612667084
402.5637164115906
400.17181849479675
398.55724811553955
411.9567196369171
404.70104479789734
403.7014625072479
385.99530148506165
397.87202978134155
394.27864265441895
394.5887758731842
408.6500153541565
405.88931798934937
405.3695819377899
408.88774251937866
414.9794406890869
396.9316375255585
404.1267523765564
390.21201729774475
387.4682025909424
392.4991943836212
396.11470222473145
395.6526653766632
400.1259653568268
395.23265385627747
404.8072564601898
401.4776659011841
390.3501811027527
395.3643708229065
398.913476228714
401.80854988098145
393.92741084098816
399.52991485595703
