937.4170757929484
773.413724899292
789.5119018554688
702.4735794067383
657.7830028533936
661.6274770100912
652.020798365275
627.1413660049438
600.3314844767252
640.9217230478922
588.1186478932699
627.9420318603516
572.3054650624593
643.6430854797363
592.8892593383789
591.5626843770345
581.9541562398275
560.4594424565634
551.2925383249918
571.2402165730795
550.0610287984213
545.7661457061768
527.2766650517782
531.2957280476888
527.6866655349731
553.735024134318
537.7739060719808
517.244992574056
527.2856267293295
523.4228159586588
529.3645394643148
505.5687011082967
490.8399073282878
492.69405460357666
484.6717487970988
491.8664372762044
484.89474868774414
515.0789546966553
488.80043601989746
467.37027708689374
470.11188983917236
459.4329646428426
472.7414906819661
464.5132703781128
470.15739313761395
448.00913588205975
474.2713203430176
462.88516553243
433.50395552317303
477.5633541742961
430.465807278951
458.9615287780762
460.12496185302734
452.96385828653973
454.4260940551758
424.1651620864868
465.268222173055
438.84486230214435
477.09277598063153
451.5173174540202
460.88082059224445
443.5591335296631
496.89935270945233
439.3705762227376
448.4917577107747
444.79862753550213
426.35573705037433
444.0745385487874
418.9288953145345
425.3970063527425
410.5219575564067
418.45007578531903
432.3421579996745
429.92770862579346
426.9262231190999
409.21704991658527
414.23795970280963
402.78235896428424
403.6747663815816
403.5206019083659
418.92446835835773
388.5885896682739
422.27970759073895
396.42175992329913
405.97418117523193
400.9780643781026
402.9892698923747
383.39594252904254
403.5995804468791
407.78890721003216
404.697138150533
390.6082313855489
392.8554212252299
398.1122206052144
385.91617918014526
398.4081697463989
406.42230828603107
381.71391757329303
388.5451176961263
406.24206193288165
374.53907171885174
389.863808631897
395.2883162498474
389.47761058807373
369.65014330546063
384.63645855585736
402.51608594258624
409.9181543986003
370.6665015220642
399.44504102071124
414.52442741394043
374.5043104489644
386.2704604466756
382.67027950286865
398.84076531728107
380.55958795547485
390.99257882436115
374.3619243303935
391.25594488779706
377.6116615931193
375.7917318344116
375.6268501281738
386.8660764694214
381.24666992823285
381.20227003097534
389.43307399749756
359.49588346481323
359.3594102859497
368.19964424769086
371.8598337173462
367.5514675776164
367.64013290405273
371.10798199971515
355.96335649490356
348.2869126001994
392.05620733896893
354.80967775980633
354.8237724304199
368.6714754104614
361.56896209716797
367.88533846537274
372.153013865153
384.01873715718585
358.14705753326416
358.3749647140503
385.81348037719727
352.8930543263753
354.87022161483765
360.84183502197266
351.30361827214557
347.76102956136066
362.89683723449707
348.93189398447674
356.28102986017865
354.0404691696167
357.4078137079875
340.50884977976483
343.52700726191205
345.31603320439655
360.3708281517029
352.7093563079834
336.10295009613037
346.0146333376567
344.05883598327637
344.8406017621358
336.25941864649457
335.17811822891235
331.2518431345622
328.51272471745807
329.57536602020264
336.49024295806885
332.13777256011963
357.75570996602374
347.741543451945
328.53727022806805
355.2768824895223
344.51548051834106
347.12859058380127
338.91575447718304
345.5956029891968
335.96458673477173
348.5566349029541
337.6444447835286
352.3350640932719
331.8078037897746
334.1051224072774
349.9223036766052
341.14484055836994
333.86176745096844
344.76519870758057
345.0695441563924
330.0336659749349
327.723708152771
339.41542116800946
356.1736526489258
340.3896034558614
329.3074903488159
351.048786799113
313.74066972732544
322.19848108291626
