347.3878221511841
265.8856536547343
252.97803354263306
232.19518248240152
221.70339330037436
247.586545308431
217.30534847577414
233.80831162134805
231.06796280543008
217.63934103647867
212.87398584683737
196.85873699188232
201.5258887608846
198.35788687070212
181.0293483734131
174.3999790350596
178.58140150705972
167.78785212834677
178.00924730300903
175.1780923207601
174.93289717038473
160.7536277770996
166.9808558622996
165.01455481847128
162.66882554690042
165.89253997802734
154.97305059432983
154.99045658111572
150.34534796079
151.29040702184042
145.58273220062256
148.512477238973
149.23004158337912
164.46160666147867
149.27900091807047
143.59880272547403
143.83649714787802
152.28239107131958
143.75670742988586
142.4726530710856
133.10256687800089
138.51102805137634
131.29314692815146
131.5127247174581
135.1456949710846
133.3923724492391
132.5528659025828
137.04452594121298
129.67578800519308
123.74042359987895
127.91917673746745
130.77616683642069
131.57545844713846
124.17760411898296
121.25462381045024
120.90722481409709
129.69592014948526
128.69081234931946
124.30504099527995
121.50041166941325
130.974711894989
124.75459480285645
122.24700466791789
127.64715067545573
121.96186208724976
127.92309172948201
120.99099318186443
118.65884335835774
122.9361408551534
119.8195436000824
113.2873302300771
120.91534511248271
116.24252780278523
123.6995096206665
122.71455367406209
119.39187717437744
111.8415075937907
128.13592251141867
112.08835903803508
116.79302390416463
115.53853050867717
115.5120579401652
111.09636616706848
108.90782475471497
113.20405721664429
110.18049963315327
109.34285616874695
108.95862253506978
114.66461912790935
107.90411571661632
120.11954085032146
105.71861823399861
109.65914702415466
116.49192921320598
108.49611441294353
114.33153637250264
116.99250674247742
112.57623211542766
111.72589321931203
106.77040545145671
115.1143946647644
109.21506706873576
107.73580876986186
106.7922116915385
100.1394389073054
112.85472202301025
104.28593011697133
104.26817421118419
106.34191532929738
98.79008730252583
105.63784388701121
102.91569542884827
99.48684978485107
99.60234634081523
100.30893659591675
104.90335869789124
106.11399412155151
99.60914095242818
110.70251146952312
103.78738856315613
102.30970764160156
98.48333017031352
101.85600348313649
103.0370265642802
110.87151734034221
108.0524156888326
100.11474967002869
101.37608893712361
100.85598095258077
96.98344429334004
100.90573724110921
103.08758052190144
101.68755106131236
104.15957268079121
109.98139667510986
96.03374795118968
99.98029092947642
111.39337042967479
95.73716481526692
99.94160362084706
103.26428858439128
110.6166721979777
107.12414121627808
102.88683334986369
104.57234676678975
102.54660745461781
100.76951471964519
105.9606483777364
102.01145072778066
107.69418843587239
103.25170826911926
101.84807614485423
108.44052747885387
95.32486208279927
95.26085495948792
102.15572420756023
100.5098826487859
96.31116731961568
95.39629586537679
96.79379447301228
100.68123149871826
98.88727517922719
97.59827454884847
99.1496132214864
104.8962852160136
93.15482529004414
104.62671001752217
95.74537567297618
94.59486293792725
104.27982584635417
93.60828916231792
96.48673570156097
93.47999819119771
103.01410031318665
94.98410447438557
98.59931262334187
100.40477259953816
97.54966568946838
102.51289240519206
98.05955072244008
94.74063789844513
93.90758347511292
93.91338260968526
95.82576402028401
99.04639705022176
95.61321552594502
98.20768733819325
96.33236853281657
97.0575708548228
97.38021508852641
92.51611745357513
102.13867553075154
92.27691407998402
99.59727025032043
95.70827233791351
99.77679014205933
97.57103423277538
89.93719104925792
97.11285575230916
89.38678419589996
