739.763744354248
653.4389667510986
600.5043394565582
588.3279943466187
639.2293291091919
586.4082870483398
616.7563757896423
608.6399674415588
580.3915333747864
564.6725699901581
569.7360780239105
593.3904950618744
592.7364633083344
534.6401345729828
532.7205884456635
533.6998229026794
546.1945209503174
517.7783079147339
521.6993556022644
549.7681243419647
517.3153846263885
549.7313370704651
521.7651536464691
538.3063306808472
517.6988506317139
504.89341497421265
524.520129442215
502.167409658432
479.0533182621002
535.9105243682861
489.8520143032074
507.055926322937
500.1816625595093
485.2689971923828
481.1053469181061
496.89180064201355
498.04896783828735
496.0612061023712
501.64328169822693
497.99848103523254
476.2895586490631
472.9978029727936
486.21043705940247
464.29610228538513
462.370069026947
471.1780619621277
476.145955324173
462.62367153167725
455.66205310821533
461.0442364215851
451.3356201648712
445.382972240448
454.6689579486847
448.88795709609985
456.0238013267517
461.380761384964
447.68679022789
457.1469211578369
457.65505290031433
441.3424162864685
450.4196050167084
444.58102583885193
449.82085490226746
451.6466398239136
429.6241593360901
447.8411114215851
445.44163846969604
435.97377133369446
444.18382000923157
439.64931535720825
435.99746346473694
431.4747242927551
432.8945195674896
457.1919684410095
439.7322781085968
425.11056661605835
441.061092376709
427.37413215637207
421.78980016708374
432.58212995529175
428.376615524292
443.17831468582153
431.3155679702759
431.5855293273926
424.48623061180115
417.4654221534729
431.2502534389496
442.6863000392914
428.5958483219147
418.44751739501953
430.34044337272644
446.90104150772095
458.0207095146179
449.8234739303589
430.059401512146
429.1238443851471
430.92009472846985
427.23959469795227
431.989141702652
429.16341185569763
418.95081400871277
398.114874124527
427.0736289024353
438.24648332595825
435.129154920578
413.3980312347412
430.7987732887268
408.3204610347748
416.73076462745667
427.8962051868439
445.17216062545776
406.2227807044983
413.6363627910614
417.09936261177063
420.4912054538727
416.3074893951416
404.3739080429077
416.5112900733948
417.9296751022339
438.32634353637695
404.8293368816376
410.58471155166626
441.57458305358887
412.33575344085693
423.69911193847656
397.66561007499695
428.7618544101715
411.1146013736725
400.4180474281311
413.3924708366394
425.8793923854828
412.15258264541626
412.3642404079437
405.86844635009766
408.246120929718
405.53256607055664
405.838992357254
401.67171573638916
391.40895342826843
404.39284563064575
396.2980341911316
396.368506193161
409.59814381599426
400.52961802482605
383.92256236076355
399.7506787776947
387.1382050514221
408.81420826911926
413.274010181427
405.6698031425476
400.84208822250366
401.14903831481934
396.50614619255066
409.7786955833435
404.3935708999634
408.14345502853394
398.93338084220886
411.36296582221985
407.7521722316742
409.0292103290558
400.03651547431946
399.196170091629
387.45216608047485
395.5407724380493
385.5616307258606
386.32852244377136
391.34436416625977
399.1827929019928
393.99046897888184
379.870724439621
388.1715929508209
391.3449685573578
389.6497724056244
389.62309861183167
400.14929485321045
390.4382207393646
388.0080850124359
396.67662477493286
390.83953642845154
386.8007130622864
385.63294887542725
383.08407044410706
386.58583188056946
383.4386465549469
387.19425225257874
389.5251066684723
385.0017228126526
399.4566626548767
381.0881292819977
393.8928396701813
380.4422769546509
383.48502349853516
397.4126522541046
393.5218241214752
387.0687806606293
389.90575218200684
373.7628688812256
387.85376381874084
378.6087155342102
382.9058153629303
