2022.276174545288
1386.8164730072021
1239.5233001708984
1014.3654551506042
1018.727466583252
998.8376808166504
1002.3358964920044
914.4287424087524
935.109797000885
943.0087051391602
925.3285732269287
913.3268165588379
891.6911463737488
901.5128240585327
883.9158563613892
914.4508228302002
898.501989364624
902.5217542648315
863.0135946273804
868.933403968811
836.9459648132324
849.6041707992554
845.8424406051636
784.9684915542603
823.6596755981445
874.9474177360535
790.1525554656982
813.9408249855042
752.9683198928833
736.3556232452393
783.4408326148987
792.2843637466431
706.0464572906494
755.573890209198
910.7015833854675
754.4926748275757
697.5351800918579
737.0480136871338
741.8130331039429
713.5823278427124
697.805624961853
689.5701112747192
708.5880427360535
674.8419060707092
678.379608631134
663.8678157329559
664.0298731327057
656.6689133644104
681.5392847061157
651.4903292655945
637.8126363754272
648.507538318634
642.0265316963196
632.7994539737701
617.6745264530182
624.1583132743835
646.103189945221
633.6481802463531
595.0198931694031
624.3038909435272
612.8169546127319
598.1939940452576
615.3660345077515
574.7446670532227
580.1256818771362
558.7469987869263
558.6956658363342
585.6388165950775
537.5330324172974
542.0904636383057
536.0934131145477
562.5826258659363
555.4396901130676
553.3833904266357
540.7075362205505
522.0554628372192
517.4952917098999
510.20198345184326
496.9745216369629
531.8239541053772
490.2520809173584
487.7925314903259
516.0005519390106
495.34923338890076
491.0370237827301
504.73079347610474
485.3059859275818
501.9022834300995
474.5132532119751
489.7886338233948
472.04592728614807
464.01929116249084
487.1841917037964
463.1855134963989
443.0362424850464
500.69732904434204
454.1228301525116
463.60197925567627
465.6368432044983
454.0138382911682
460.50475692749023
442.9583566188812
463.7981243133545
426.6854486465454
473.79608273506165
462.81099247932434
426.7287230491638
428.09480810165405
434.8384428024292
457.44154167175293
419.0000114440918
424.8347225189209
431.9939365386963
414.7680649757385
422.81404161453247
431.4290726184845
434.75866317749023
417.1824059486389
412.7027397155762
408.8941490650177
418.5464360713959
423.4097697734833
386.77984142303467
395.9573187828064
398.6374306678772
390.4378983974457
418.8231666088104
379.07506370544434
409.25908041000366
424.64720010757446
391.5417582988739
411.5626163482666
419.0270881652832
382.47254753112793
400.44657468795776
440.9220018386841
424.5870027542114
372.8455240726471
400.5045962333679
392.5915050506592
382.7826404571533
409.7438826560974
384.8666615486145
381.1696012020111
381.62607765197754
381.2213773727417
376.3696882724762
405.055983543396
380.8737316131592
385.31250071525574
386.745512008667
360.9046094417572
380.2821536064148
370.1966390609741
370.14417791366577
376.11459493637085
384.18224906921387
365.71713399887085
349.43294405937195
368.7093131542206
369.7481002807617
361.7548668384552
366.167888879776
370.1451449394226
369.88791608810425
346.9103364944458
364.39025378227234
361.2048306465149
353.7999920845032
355.14109563827515
343.27967858314514
361.0486559867859
339.69019985198975
336.5812120437622
340.7013864517212
353.6636414527893
345.4367504119873
342.89403676986694
351.9904451370239
345.9715962409973
365.06809854507446
367.6790680885315
345.70945167541504
351.9941520690918
352.2550072669983
328.7216296195984
342.91845417022705
340.99242091178894
339.90205907821655
373.98770236968994
327.5329535007477
359.673303604126
349.3856806755066
343.8665826320648
337.30406379699707
345.7864511013031
340.2551040649414
334.76308274269104
333.9639971256256
328.46365535259247
