-0.6321037677116692
-19.70207951962948
-41.72905012965202
-61.771439611911774
-78.91598027944565
-90.05535143613815
-105.85580688714981
-106.87713718414307
-112.62388920783997
-119.08503150939941
-118.13322633504868
-126.90202450752258
-120.74485063552856
-129.46347427368164
-124.98922741413116
-130.8195264339447
-130.85413789749146
-129.3231145143509
-133.7444469332695
-130.8586204648018
-135.2157363295555
-135.2981652021408
-137.2619527578354
-132.59561026096344
-131.0603964328766
-133.5133579969406
-132.25054323673248
-136.63818085193634
-134.04025608301163
-137.99014329910278
-136.7305519580841
-134.96064299345016
-137.59623140096664
-136.3895343542099
-136.50056099891663
-136.06809902191162
-136.4736454486847
-140.6363891363144
-141.30291163921356
-142.39106744527817
-138.5601646900177
-140.24749368429184
-138.83326888084412
-138.2208595275879
-138.57787334918976
-138.9155466556549
-140.73580139875412
-141.47846710681915
-143.11214631795883
-138.9044258594513
-137.9802010655403
-136.67969244718552
-133.82375311851501
-141.72594511508942
-141.78110587596893
-143.17467057704926
-145.34824228286743
-144.04666590690613
-143.03060388565063
-141.09907066822052
-141.75948882102966
-145.97298121452332
-142.41785204410553
-143.388081073761
-146.63886910676956
-142.35827922821045
-144.2991805076599
-145.56988257169724
-143.8080724477768
-146.57060313224792
-148.17810213565826
-147.95062947273254
-146.90708780288696
-146.58758652210236
-148.92906814813614
-146.54342567920685
-149.0014238357544
-146.52049911022186
-142.60926270484924
-146.86476027965546
-145.14822912216187
-147.67528903484344
-148.07534557580948
-147.61945337057114
-148.19681811332703
-147.67981189489365
-146.9278284907341
-150.55243241786957
-150.74221122264862
-144.68578934669495
-145.91364008188248
-150.62995564937592
-149.14339530467987
-149.27825510501862
-150.19398820400238
-153.5111484527588
-148.49564921855927
-143.16636019945145
-147.17882204055786
-151.7622219324112
-150.13895839452744
-149.1532267332077
-147.73923361301422
-147.89980018138885
-146.46536856889725
-150.42833077907562
-149.14875423908234
-151.73381555080414
-149.5009127855301
-148.76230657100677
-147.36177122592926
-145.5652791261673
-147.87201833724976
-148.55397295951843
-145.08262246847153
-151.04019618034363
-147.09914314746857
-148.98933601379395
-147.6004855632782
-144.60501247644424
-146.03859794139862
-146.97570633888245
-150.70706588029861
-147.440090239048
-147.37087738513947
-147.52841192483902
-150.10437715053558
-149.6439117193222
-147.82868349552155
-148.5985165834427
-149.89795744419098
-151.6891409754753
-149.44287109375
-149.6541863679886
-151.28129786252975
-147.32883191108704
-151.0430166721344
-152.0699577331543
-152.83560037612915
-148.2968246936798
-148.7192940711975
-153.77387726306915
-152.09768921136856
-152.18785429000854
-149.5019805431366
-149.29098761081696
-150.49725151062012
-149.62577998638153
-151.24971842765808
-151.50809562206268
-152.54096978902817
-152.67233419418335
-149.79928052425385
-148.581613779068
-152.21440720558167
-149.1418541073799
-148.0255840420723
-151.5757269859314
-149.61993753910065
-152.06831580400467
-153.24005889892578
-152.83046305179596
-150.7660846710205
-153.3025831580162
-152.41981959342957
-151.59371769428253
-153.19702625274658
-151.48742544651031
-154.8112541437149
-152.12253975868225
-149.67675030231476
-147.46905064582825
-151.56488823890686
-149.4247796535492
-152.25545543432236
-146.6433818936348
-151.84722954034805
-151.82388997077942
-148.70513117313385
-152.3630269765854
-151.8504831790924
-151.17096626758575
-151.20077282190323
-150.27052426338196
-149.1035659313202
-146.4319155216217
-147.9245399236679
-148.65752530097961
-150.5271487236023
-149.01457941532135
-149.7037262916565
-148.76329374313354
-148.77906835079193
-153.1239755153656
-151.7481597661972
-150.64792621135712
-146.08696937561035
-150.5114949941635
-151.0053631067276
-148.0319704413414
