132.52218580245972
122.06150424480438
112.70252466201782
106.0936593612035
98.88713121414185
89.64194929599762
93.67110188802083
93.99744844436646
85.98724834124248
87.76678955554962
85.82560157775879
87.60119251410167
79.35966515541077
76.06032222509384
74.2292098402977
74.94684014717738
73.20496745904286
70.01442197958629
65.09573602676392
64.15977032979329
60.651663184165955
62.03888243436813
64.64210969209671
59.608421981334686
54.52787792682648
56.86990378300349
59.64728510379791
52.51689092318217
57.743345061937966
55.599369625250496
50.304704477389656
51.461912175019584
49.30724537372589
47.98336637020111
49.198989470799766
49.61109572649002
48.103992660840355
48.64093176523844
47.38002574443817
44.133492509524025
43.751450737317406
40.462040523687996
42.012695928414665
45.25035008788109
43.01031584541003
44.33982531229655
42.19754227002462
45.39208519458771
42.33948887387911
40.3142378727595
41.95502024888992
38.28242292006811
39.796224504709244
34.584458788235985
33.97884604831537
37.320929273962975
37.74786519010862
34.7048488954703
38.32511727015177
34.180078794558845
34.48003759980202
39.4899785220623
35.14602201680342
33.015423665444054
31.49775293469429
32.69517062604427
35.26534190277258
37.33037204543749
32.24250780542692
32.68630760908127
34.419305304686226
32.125225375096
35.324607034524284
33.993842293818794
31.79658652842045
33.863311633467674
34.27524985869726
36.55154345929623
29.764914132654667
29.93972730388244
33.39938288927078
29.61271181702614
27.90534522384405
28.60102939605713
33.589704439044
34.06460625926653
28.721067334214847
29.068301347394783
31.920304894447327
32.33823029448589
27.711040169000626
28.80455583582322
27.341582390169304
29.336580768227577
28.181745767593384
28.5517905279994
27.251165972401697
28.513785479047026
28.642450555538137
29.291524051378172
26.72711890687545
30.375587783753872
27.041257777561743
24.929883718645822
28.833763065437477
26.308329143871862
25.06201145177086
28.642218242088955
25.181941345334053
27.38822289307912
24.218003198504448
25.909247312694788
26.86794850230217
24.469657925268013
30.937586766978104
30.357892379164696
21.574791229019564
27.78488335510095
20.971743257716298
22.514870022734005
28.559390256802242
23.99824348092079
26.293700254211824
30.34201094011466
21.93656601632635
29.45136582106352
25.131146053473156
32.60060521463553
21.901633769273758
24.346066471810143
22.527834245935082
23.162600701053936
26.189998008310795
26.36534055819114
25.52626980592807
22.00337292502324
25.427136437346537
23.882128063589334
24.265558034181595
22.948279008890193
23.702631225188572
25.527750474711258
20.148882925510406
22.68868524332841
23.450598095854122
23.978559020751465
22.560075238347054
20.806912526488304
21.59201703965664
22.38616130873561
17.84567032319804
24.588724061846733
21.910196017163496
20.266415301710367
20.726570801188547
23.92020813204969
18.114229862888653
23.408505854507286
18.707373954355717
19.668590262532234
18.90439046919346
18.505863944689434
23.96489612183844
24.307841824988525
24.13108303149541
20.427406705915928
20.750712202241022
17.63295208911101
21.788487041834742
20.55693061059962
20.558236771573622
18.647051348040502
22.66268849869569
23.88320203622182
22.70032232751449
25.047091329470277
21.0609848673145
18.07381873826186
18.390150349587202
21.681372857342165
21.741292943557102
23.456183434774477
21.558981737742823
21.02152760660586
19.749210161467392
16.42265455114345
23.454685368575156
21.884644031524658
22.84999268501997
19.202894068012636
18.690323571364086
21.59567320222656
21.59430598032971
23.549374509602785
20.971809541185696
21.312121864873916
17.610520011434954
19.356362243493397
17.171875827014446
18.79251129925251
