193.85691785812378
185.18443870544434
194.82116627693176
185.5187028249105
189.6925928592682
170.95461336771646
169.07749938964844
159.3273355960846
167.54357210795084
164.8384577433268
156.1630155245463
145.6346743106842
155.24583180745444
149.25509413083395
151.19756174087524
146.02994108200073
136.345534324646
136.67372886339822
131.3745572566986
120.73300536473592
131.71609691778818
121.58046817779541
115.01354964574178
117.47703492641449
115.02861913045247
107.48380712668101
114.72550157705943
107.51324685414632
99.76533726851146
104.43563528855641
103.15416912237804
102.70474390188853
105.98799522717793
107.50910568237305
98.90821437040965
105.93525278568268
96.23925526936848
106.17814962069194
94.08284493287404
93.19139055411021
94.5382342338562
98.1721344391505
92.47326250871022
88.33024609088898
94.92615211009979
95.72199487686157
90.0255190928777
94.40178751945496
92.52642051378886
85.28363025188446
86.77902738253276
87.57854930559795
82.48008235295613
83.94631107648213
85.10151302814484
88.04188291231792
90.90143899122874
77.71179685990016
80.83037829399109
86.61115515232086
76.8907463947932
75.13253927230835
85.81408600012462
82.22724344333012
78.97091130415599
76.83913362026215
79.6982175509135
83.18435736497243
80.68697257836659
73.49012305339177
75.22202509641647
75.14835784832637
72.60408020019531
75.97911934057872
71.42602729797363
68.19136289755504
74.38390123844147
72.6621166865031
76.42123142878215
74.91865785916646
71.06169964869817
72.66157964865367
75.97315551837285
66.337529083093
71.37868436177571
68.7300757964452
68.28087564309438
63.81502262751261
73.58088372151057
74.68085310856502
74.1632920106252
72.34008957942326
68.5304432908694
72.05283578236897
66.62126137812932
70.56315833330154
70.03119134902954
67.11818184455235
71.13643062114716
65.75715585549672
67.80644450585048
63.89058085282644
63.054184993108116
63.35988646745682
69.03399753570557
72.90323839584987
67.25768887996674
66.70394718647003
63.413665771484375
67.72402671972911
58.9435331026713
62.82329177856445
68.93363201618195
66.53018430868785
64.5938573082288
67.61043602228165
66.35474397738774
71.18456490834554
65.47016131877899
63.500963032245636
66.81133689483006
60.2502124508222
67.52030718326569
65.62287990252177
61.95254369576772
57.63534915447235
59.44934775431951
57.93199038505554
67.31532247861226
69.79016423225403
64.80315393209457
60.39876592159271
61.36792437235514
62.14478671550751
62.96456776062647
65.13183182477951
60.487238029638924
59.783772905667625
61.87987679243088
59.58718991279602
57.710590263207756
60.729507048924766
64.33949261903763
61.690891762574516
57.68124703566233
57.377833445866905
58.06938753525416
54.42436967293421
55.601568122704826
58.500960528850555
60.02189330259959
59.96481394767761
55.98197092612585
58.22318641344706
58.89797421296438
58.8200212319692
60.209937592347465
61.46388026078542
52.442309538523354
61.23754485448202
62.498137970765434
60.04620416959127
61.84223345915476
61.25101419289907
56.22146934270859
59.27458896239599
54.48280276854833
54.16082765658697
60.942271848519646
56.77861666679382
58.71462470293045
54.79825468858083
57.20408866802851
48.78320403893789
55.53308779001236
48.859514594078064
55.15877505143484
54.08941298723221
51.451424956321716
59.07821695009867
55.138489961624146
56.956069548924766
60.398352881272636
50.914869586626686
55.78332211573919
58.925981640815735
50.818729062875114
51.39150172472
54.87959003448486
54.30253118276596
54.58568060398102
58.94279181957245
52.595424811045326
57.770450373490654
51.8631406724453
51.76445116599401
57.56351820627848
53.7171359260877
54.02763103445371
55.38606262207031
