-3.6564091940720878
-19.638594885667164
-29.895805676778156
-28.968771596749622
-33.25579504172007
-38.11553990840912
-34.470682899157204
-36.81699061393738
-38.07872831821442
-40.18170396486918
-39.19560412565867
-38.42950785160065
-36.7030721505483
-40.79912304878235
-43.46533624331156
-40.27206486463547
-42.94124255577723
-44.46666395664215
-42.94586936632792
-44.27445630232493
-44.964255809783936
-45.290549536546074
-44.44155736764272
-44.54819736878077
-45.82470122973124
-46.55167098840078
-46.29633629322052
-47.16000827153524
-49.037429769833885
-49.14237129688263
-48.97911536693573
-48.78148772319158
-50.934072176615395
-48.69071133931478
-49.92426268259684
-49.85277887185415
-50.22197274367014
-50.23051790396372
-50.946982860565186
-52.07000106573105
-52.5114249587059
-52.662245194117226
-52.95495537916819
-52.572834054629006
-51.748030622800194
-52.17119057973226
-51.94061861435572
-51.844445645809174
-52.61383752028147
-51.667400081952415
-52.55538551012675
-52.24324603875478
-52.3023179769516
-51.25678652524948
-51.907403310139976
-52.74872680505117
-52.68086095650991
-52.687817653020225
-52.09001485506693
-52.20819886525472
-52.18256378173828
-52.70973747968674
-52.93719780445099
-52.275797625382744
-52.1621390581131
-52.03674900531769
-52.422309716542564
-52.265565594037376
-52.64270508289337
-52.77705846230189
-52.776352961858116
-53.14326333999634
-52.735875725746155
-53.37340601285299
-52.386995573838554
-51.625181476275124
-51.103760957717896
-52.02758093674978
-52.39723519484202
-52.04689653714498
-52.36251878738403
-53.084108670552574
-53.684879422187805
-53.615893602371216
-54.06880768140157
-53.755393306414284
-53.987637062867485
-53.29816401004791
-53.353424509366356
-53.54385435581207
-53.32276729742686
-53.470558206240334
-52.947758634885155
-53.866319139798485
-53.87857170899709
-52.49162789185842
-53.94097399711609
-53.199693302313484
-53.098570346832275
-53.63979013760885
-52.591874837875366
-53.077775518099465
-52.877941151460014
-52.866935769716896
-52.98339490095774
-53.25829601287842
-53.42077789704005
-53.3414945602417
-53.426177620887756
-53.193734546502434
-53.46146951119105
-52.97623590628306
-52.39998837312063
-52.509883880615234
-51.809361378351845
-52.07670931021372
-52.501815259456635
-52.36869160334269
-52.645037154356636
-52.57518124580383
-52.86829161643982
-53.56302658716837
-53.47060477733612
-53.182814160982765
-52.6447369257609
-53.61291146278381
-53.358016630013786
-53.70879133542379
-53.57115479310354
-53.26458936929703
-53.38348491986593
-53.52280161778132
-53.612885077794395
-52.82704110940298
-52.72457333405813
-52.47915029525757
-53.703382750352226
-53.051247318585716
-52.10047813256582
-52.03079096476237
-53.64988927046458
-52.57221575578054
-53.02018221219381
-53.016500194867454
-53.79193107287089
-53.72144798437754
-53.87130375703176
-54.341517289479576
-54.23081290721893
-54.426537116368614
-53.639518201351166
-53.67895579338074
-53.79819083213806
-54.3950986067454
-53.88648078838984
-53.610102693239845
-54.179922898610435
-53.963300347328186
-54.53588990370432
-53.76330157121023
-54.21918018658956
-53.87708024183909
-54.822496453921
-54.332083543141685
-54.52142687638601
-54.23997255166372
-54.560680190722145
-54.67434525489807
-54.57873519261678
-54.075348695119224
-54.1668898264567
-53.99520699183146
-53.62778882185618
-54.09468364715576
-53.56954171260198
-54.13566805919012
-54.03988027572632
-53.08694553375244
-54.23084167639414
-53.61439780394236
-54.1459835767746
-53.462546706199646
-54.41744691133499
-54.499831438064575
-54.63920406500498
-54.692527731259666
-54.2009582122167
-54.24922263622284
-54.64381370941798
-54.46453320980072
-54.242166678110756
-54.31074211994807
-54.572603623072304
-54.13611388206482
-54.47360368569692
-54.32408010959625
-54.673376619815826
-54.65151504675547
-54.31628884871801
-53.988434771696724
