2768.3923110961914
2166.7698078155518
1959.6158065795898
1781.6448698043823
1665.0878047943115
1520.702317237854
1507.7957468032837
1413.3052425384521
1385.532262802124
1328.7414994239807
1338.4048266410828
1308.5951294898987
1258.3554821014404
1220.2070412635803
1190.8001103401184
1194.8002123832703
1145.28244972229
1142.772373199463
1136.4288454055786
1187.5788669586182
1137.434229850769
1060.0730557441711
1074.7231736183167
1057.6670150756836
1024.4137392044067
1018.0253252983093
1003.8046474456787
1062.0639200210571
1028.0373458862305
982.7916612625122
955.2320718765259
951.9269390106201
972.8093767166138
951.5829195976257
1020.6523313522339
924.6764755249023
924.578483581543
938.6306571960449
890.3605189323425
932.1570644378662
895.7484641075134
927.531457901001
865.9548840522766
863.9459686279297
859.0621662139893
856.0815510749817
836.5584292411804
892.4274559020996
840.9977221488953
868.9649128913879
830.8123621940613
846.6976137161255
843.8344922065735
809.3386688232422
839.2342700958252
821.1998844146729
804.2084360122681
791.748309135437
790.3606271743774
775.5870523452759
762.8387517929077
758.0879154205322
759.8952865600586
774.6634621620178
762.2984261512756
783.168131351471
740.982922077179
739.9004173278809
717.5685691833496
745.1298508644104
711.1411519050598
720.5927810668945
743.9799766540527
707.8090229034424
703.4359712600708
694.8381452560425
717.2289819717407
689.5990414619446
686.1918873786926
666.3397753238678
676.2909135818481
678.6262001991272
697.6250329017639
669.6558678150177
646.3413200378418
686.3027729988098
640.9895577430725
643.7570242881775
637.1588060855865
634.3133327960968
650.9249415397644
636.670578956604
624.8752017021179
627.74134516716
619.5998344421387
625.4446187019348
649.0244135856628
608.1763188838959
616.5273518562317
617.9900186061859
608.3547351360321
631.7198100090027
606.7543075084686
603.210440158844
597.8824505805969
672.625563621521
639.2705082893372
598.6890306472778
585.109007358551
600.7638649940491
587.121871471405
602.6392502784729
621.120240688324
572.4551932811737
580.816782951355
593.3980298042297
584.8678956031799
570.3687949180603
611.1088647842407
604.4850606918335
559.0189344882965
569.3292422294617
565.754228591919
556.0722055435181
551.9906315803528
577.0851111412048
550.9195699691772
540.9299924373627
537.7445290088654
537.7386462688446
568.6424927711487
561.8687996864319
535.1976249217987
552.1324620246887
546.1933121681213
565.1832401752472
552.6574764251709
540.4313697814941
530.1127214431763
527.286951303482
518.7817583084106
537.2003755569458
552.2730031013489
538.1578922271729
512.1208446025848
512.3333485126495
520.1363196372986
519.4968738555908
510.416300535202
510.3526782989502
505.35525035858154
505.02259349823
508.4988899230957
566.2195291519165
514.7069938182831
497.99187302589417
512.0989656448364
514.7036092281342
503.68281960487366
491.76507329940796
514.0145227909088
506.17814898490906
499.36992502212524
478.67525148391724
508.9676556587219
526.3257277011871
483.1683351993561
484.17770862579346
480.3395833969116
472.7075743675232
494.89678621292114
508.7582139968872
486.43091893196106
476.495897769928
467.64761209487915
471.3688883781433
470.59857177734375
476.49654245376587
470.62234449386597
482.54734349250793
463.68006658554077
498.24096274375916
511.2815065383911
464.6840810775757
465.6293487548828
463.2989375591278
478.73710083961487
476.56362986564636
466.2329742908478
454.7346351146698
487.4992003440857
456.8725678920746
452.4406888484955
441.481023311615
446.4408178329468
444.27431750297546
445.1707100868225
449.4213926792145
442.0205430984497
441.4268295764923
