4552.001049041748
3864.8480186462402
3070.150119781494
2774.094861984253
2860.3358306884766
2667.0082025527954
2768.093500137329
2565.78590965271
2660.6624183654785
2495.7513256073
2603.933786392212
2370.1175956726074
2396.6595516204834
2208.8689517974854
2444.492835998535
2173.033233642578
2217.5052976608276
2260.37806224823
2147.1314487457275
2109.1428089141846
2049.6243076324463
2028.7621774673462
2122.0418043136597
1981.7748794555664
1939.8211116790771
2039.6958541870117
2022.5135793685913
1993.8333683013916
1958.4087972640991
1921.2031259536743
1930.915771484375
1899.3211059570312
1885.6844310760498
1825.5249528884888
1961.9132986068726
1800.7776355743408
1884.167812347412
1851.6786479949951
1770.492000579834
1810.972988128662
1799.420253753662
1771.8867740631104
1723.3050117492676
1744.2788333892822
1745.0102272033691
1682.9642429351807
1751.8919048309326
1688.1041460037231
1692.2825031280518
1610.0008602142334
1694.3719234466553
1725.825403213501
1610.4759922027588
1648.9832801818848
1632.095142364502
1639.5125522613525
1607.1294384002686
1697.810022354126
1617.7589855194092
1714.5215167999268
1585.3866701126099
1609.9376811981201
1572.5563335418701
1595.1674909591675
1565.2701168060303
1553.8811321258545
1612.6625986099243
1630.8492908477783
1554.4900360107422
1577.6754455566406
1562.51957321167
1526.546537399292
1547.6372079849243
1562.6713962554932
1507.9752912521362
1592.9112586975098
1517.970952987671
1576.037142753601
1499.412922859192
1499.6638660430908
1530.6634883880615
1475.3009414672852
1514.6898345947266
1488.262954711914
1472.3173446655273
1487.630036354065
1519.5713806152344
1440.6685256958008
1418.802300453186
1392.732897758484
1472.0159549713135
1386.3777656555176
1403.433198928833
1373.2561931610107
1382.697265625
1367.0878582000732
1365.6592388153076
1325.3169388771057
1402.2993612289429
1422.9253759384155
1350.1982698440552
1350.9001693725586
1277.8575711250305
1306.920804977417
1347.222409248352
1284.0532245635986
1308.60391330719
1265.7665257453918
1344.9092836380005
1253.9767088890076
1330.5914196968079
1275.9248895645142
1263.4895024299622
1279.7927508354187
1233.6447505950928
1221.5988330841064
1280.4266362190247
1210.4706230163574
1237.3530526161194
1237.5594320297241
1256.5929164886475
1238.8043971061707
1195.5766534805298
1277.490343093872
1213.193606376648
1180.9980955123901
1269.1507935523987
1161.4921383857727
1226.6341361999512
1205.386968612671
1214.9444065093994
1207.9944729804993
1175.283215045929
1213.1151161193848
1123.0951719284058
1137.354772567749
1174.6550512313843
1173.697937488556
1132.670419216156
1150.0170884132385
1151.4804401397705
1135.4055709838867
1138.8213477134705
1153.7126579284668
1082.6863083839417
1173.805519104004
1099.2117309570312
1121.1651496887207
1079.5265517234802
1165.672429561615
1173.92897605896
1171.310028553009
1061.261691570282
1114.2244029045105
1106.457332611084
1123.8322067260742
1098.0571022033691
1066.3951478004456
1038.9194478988647
1116.1045427322388
1112.1637516021729
1132.9263586997986
1021.5809178352356
1027.7464323043823
1039.0622453689575
1013.1481308937073
1060.2894277572632
1021.4190216064453
1040.2284784317017
1022.1552505493164
1027.181125164032
1040.287950515747
1037.7960863113403
1050.014295578003
1014.5000329017639
1057.1166162490845
1011.5999226570129
985.2410569190979
975.2569189071655
1026.6591730117798
1058.4801225662231
984.9148468971252
972.0262470245361
962.3380994796753
993.7542681694031
941.2149529457092
924.6491570472717
964.9078092575073
968.4578413963318
922.129490852356
1017.0558013916016
951.3760566711426
985.7384305000305
929.0827283859253
925.9636673927307
927.1065306663513
881.7236895561218
932.8537259101868
893.7343912124634
1017.4482526779175
