262.3009943962097
207.9120752811432
133.52981408437094
118.56659269332886
103.49245397249858
99.50339178244273
92.80493243535359
95.71742423375447
83.99643762906392
75.958971341451
75.55452076594035
74.66108338038127
82.04820259412129
72.40305876731873
76.60853207111359
72.05326708157857
72.03605635960896
69.55182111263275
70.50997292995453
74.65515383084615
65.47047297159831
70.36823590596516
72.14481099446614
67.3910075823466
68.56082284450531
63.47060934702555
69.68432195981343
68.27105287710826
63.7326025168101
61.32841046651205
61.379637122154236
61.74301064014435
59.59557982285818
58.83027478059133
58.550997813542686
60.44902682304382
66.51275571187337
61.17477401097616
67.38177887598674
62.47919170061747
57.66821893056234
62.586479902267456
56.405491749445595
55.933708230654396
63.43572715918223
58.57870614528656
55.5070188442866
59.15286632378896
58.563074827194214
54.933878660202026
55.018808583418526
61.245264410972595
53.01783686876297
65.09857559204102
51.05268653233846
57.582575599352516
50.443352262179054
52.11108382542928
56.25383053223292
51.92436810334524
49.355566243330635
48.24967694282532
50.292195081710815
52.12439753611883
55.414260029792786
47.93015410502752
49.73453799883524
47.888794243335724
46.981916427612305
48.89161483446757
46.486042300860085
47.97693155209223
44.8744041522344
47.114460031191506
51.22096939881643
44.92365674177805
45.38604009151459
45.3355975151062
48.73061986764272
46.954157869021095
43.282376527786255
47.134129087130226
44.37585496902466
43.37183423837026
43.271960496902466
44.71351504325867
40.38230353593826
45.20437471071879
42.60802459716797
43.8653577764829
39.453464925289154
43.06866502761841
41.575226744016014
38.286249895890556
39.67097814877828
45.48617100715637
40.47059144576391
40.31079091628393
39.55121372143427
40.59465475877126
39.237831910451256
40.2849814693133
39.0308805902799
37.267021437486015
38.75883839527766
36.94802884260813
40.43261742591858
37.67297172546387
35.20318669080734
35.72959327697754
38.2262194554011
36.99125838279724
38.43543932835261
34.77682322263718
37.946157574653625
36.168707728385925
36.7946475148201
37.02729403972626
33.233134071032204
35.30606875816981
33.00549324353536
36.98998975753784
34.70228761434555
33.477682868639626
33.21546592315038
33.698457856973015
35.71668618917465
32.94058825572332
32.5061084429423
33.00994956493378
35.71624547243118
33.65415012836456
35.542734841505684
33.37248659133911
31.50828291972478
31.932898203531902
33.921384612719216
32.82940495014191
32.73913220564524
32.080379684766136
31.88903860251109
32.78056516249975
34.76133098204931
29.764507432778675
31.010569373766582
29.93670537074407
34.21074092388153
29.795078893502552
31.529714822769165
31.21345607439677
31.738296647866566
35.53269306818644
29.74682193994522
31.292183339595795
29.894730925559998
30.73683186372121
30.576669057210285
30.389933625857037
29.798781394958496
29.537256916364033
32.26428469022115
29.893106440703075
31.259723981221516
29.67218815286954
29.60104564825694
29.60035268465678
32.02766937017441
29.44821274280548
30.619038820266724
30.38004744052887
29.364211161931355
30.268200715382893
28.737600843111675
30.373979528745014
29.339056928952534
29.568782647450764
28.42269327243169
29.387911240259807
27.901551246643066
29.41921105980873
27.94699772198995
30.464630961418152
26.844171941280365
32.23658734560013
30.92429729302724
26.1659338871638
29.223005771636963
29.331810851891834
29.01430622736613
27.9344296058019
28.027071575323742
30.39251712958018
28.096707085768383
26.817961792151134
25.632236063480377
26.14920965830485
32.57602641979853
28.48108470439911
28.76056448618571
27.362308859825134
