1060.3144092559814
862.5098547935486
744.4052262306213
716.4036254882812
658.3890910148621
655.0426177978516
646.1037540435791
612.3104748725891
614.2139844894409
599.442343711853
646.7342548370361
608.3932147026062
575.1334919929504
560.1449956893921
555.1864905357361
552.3174057006836
531.5666446685791
507.6463358402252
520.0398991107941
542.1214890480042
526.2926473617554
489.2684545516968
508.8358178138733
505.85290598869324
514.2026495933533
467.1931502819061
490.2958388328552
482.8714985847473
466.74497413635254
470.57391262054443
475.009015083313
454.6122660636902
461.34788250923157
443.76316380500793
443.06211042404175
466.80267333984375
425.3388249874115
438.80123376846313
438.8062300682068
437.43152236938477
447.8921220302582
433.6394920349121
448.29412269592285
407.36290407180786
411.02793169021606
406.75375843048096
406.1214847564697
399.2919056415558
415.14000725746155
387.1642744541168
403.41373205184937
410.73105478286743
404.61751794815063
399.5569109916687
386.95729064941406
391.5402674674988
386.8778736591339
383.8798520565033
374.41005086898804
378.35136580467224
361.4561767578125
364.23315238952637
384.0849018096924
367.8090524673462
354.52751779556274
345.67955446243286
353.0484519004822
402.1125988960266
363.1150288581848
393.88917303085327
379.1759970188141
341.79307794570923
342.9286482334137
369.9568166732788
379.50281143188477
332.20787835121155
337.20450043678284
342.1011965274811
334.1947536468506
318.84934425354004
329.2577648162842
327.9898328781128
349.0766353607178
340.0309958457947
343.94503259658813
332.21946251392365
325.7212508916855
314.9545271396637
326.26357102394104
349.90187096595764
325.2536939382553
328.12108647823334
363.4093270301819
318.93855237960815
316.8618242740631
321.78930401802063
315.7419681549072
297.3823193311691
334.99794912338257
321.1636584997177
295.1542718410492
303.2737021446228
308.8165326118469
291.0218484401703
323.6843521595001
314.42433512210846
290.5114804506302
307.2664306163788
301.58326053619385
312.2205640077591
302.71973741054535
297.12194764614105
311.96782779693604
310.6640554666519
303.1215970516205
309.94025683403015
300.1086469888687
337.25232791900635
303.45495903491974
306.5587692260742
287.23066425323486
303.7851983308792
304.87560045719147
311.71833515167236
285.1976134777069
313.190652012825
293.25019812583923
309.69813776016235
303.4503253698349
280.93877160549164
295.47675478458405
264.2013487815857
276.6220089197159
288.09097468852997
293.0666445493698
314.76220989227295
293.75301122665405
289.0452276468277
292.7375133037567
296.0618255138397
310.82077407836914
296.54354536533356
277.8363918066025
275.62047243118286
272.8762950897217
280.11152136325836
248.25467097759247
283.99596309661865
280.18717098236084
263.5229802131653
290.9289333820343
297.7998729944229
250.40124654769897
269.24648332595825
245.23650300502777
266.36811101436615
282.33811831474304
257.1438739299774
267.438165307045
284.6063175201416
278.4497480392456
255.18320906162262
265.9107481241226
271.583079457283
274.35872542858124
256.3544182777405
259.28184700012207
274.2158876657486
272.1330955028534
264.3081648349762
259.0429916381836
243.69965732097626
253.84599375724792
247.1815745830536
258.1784907579422
251.18721687793732
259.33338141441345
236.30869960784912
245.42972683906555
263.62143552303314
236.9072482585907
252.42341828346252
274.2157869338989
274.91107845306396
246.61820149421692
257.11161959171295
256.73443925380707
255.7013132572174
231.13380229473114
245.30866730213165
235.40727043151855
248.95342767238617
287.40545415878296
246.68097758293152
274.35405147075653
265.68337619304657
237.3646514415741
240.68326222896576
232.6694391965866
241.47148895263672
