862.5463600158691
850.4881935119629
837.891393661499
810.3316431045532
797.8495969772339
791.5156588554382
772.7418208122253
769.3880949020386
791.6918992996216
787.4307808876038
793.4395565986633
771.1962718963623
782.9611072540283
786.9793410301208
773.0107345581055
753.2610869407654
762.9759888648987
792.179844379425
772.3273696899414
737.9669299125671
753.4258842468262
742.7303376197815
767.6241593360901
762.8617992401123
755.9931764602661
745.8560872077942
745.7410917282104
744.2168979644775
740.7420520782471
728.1127762794495
726.8654742240906
726.0032095909119
723.4293093681335
718.8768744468689
731.0434284210205
736.16286277771
701.933132648468
730.8607411384583
729.9710774421692
718.1101841926575
724.0424036979675
698.8095588684082
707.0179152488708
713.1783528327942
701.2725734710693
684.8109745979309
707.6203722953796
693.3087134361267
677.480758190155
702.9299750328064
686.7829818725586
690.8952589035034
691.796688079834
692.3971304893494
664.2588164806366
679.2554116249084
703.801426410675
682.887318611145
687.3265309333801
673.4090559482574
672.8791661262512
682.9540433883667
692.8658156394958
698.1540765762329
673.6773653030396
664.5784587860107
679.0857791900635
665.7580690383911
668.104395866394
667.8850018978119
643.4120378494263
689.0061740875244
659.1618654727936
652.0363764762878
657.4177136421204
667.1368463039398
646.2752802371979
639.4473934173584
646.9110190868378
658.0172293186188
645.0321283340454
666.9407012462616
634.0172214508057
629.1233458518982
651.2584445476532
649.8894584178925
630.5267419815063
646.9565498828888
640.2564716339111
638.8064568042755
629.0746722221375
637.9179615974426
631.8841640949249
624.932941198349
606.9440460205078
616.691061258316
635.1740663051605
620.5533621311188
616.4410045146942
594.7710049152374
604.6355137825012
600.1571772098541
595.877201795578
600.6036610603333
602.8909993171692
605.6142647266388
597.0109186172485
603.2086672782898
604.4292149543762
605.8282594680786
591.3127596378326
603.9959874153137
590.8629717826843
597.0102739334106
583.8266506195068
592.3587591648102
597.3413593769073
584.0230374336243
586.2911560535431
603.6621217727661
565.7069652080536
559.2672183513641
565.7705874443054
573.2641506195068
573.3231391906738
563.1869766712189
553.6046378612518
569.8261725902557
578.7731351852417
570.2723340988159
559.852550983429
572.7517075538635
551.0786859989166
558.9807369709015
572.2972054481506
558.3564412593842
549.7855308055878
556.9477667808533
566.6473574638367
560.8483860492706
559.7445261478424
560.9798209667206
536.7927339076996
539.6458225250244
547.0030753612518
530.0380992889404
545.6224446296692
524.9896204471588
544.8631682395935
546.572990655899
529.3912396430969
541.744389295578
529.9567482471466
520.6043601036072
532.5373773574829
508.4156048297882
542.393545627594
506.94624948501587
532.7369875907898
513.1825180053711
531.9373781681061
525.83278632164
519.9367899894714
515.2398250102997
518.1811547279358
517.6949422359467
529.6286041736603
526.0785720348358
501.6896586418152
517.0275332927704
511.65228033065796
502.93208527565
510.4530072212219
510.46030020713806
500.67021203041077
501.7280173301697
499.5483009815216
510.38716888427734
509.8718247413635
505.2781300544739
511.0531675815582
507.5099046230316
503.6997022628784
501.8050973415375
497.0095360279083
509.5775668621063
484.4141867160797
503.22682666778564
489.77461194992065
487.7231070995331
491.73852038383484
503.4707589149475
496.2805597782135
501.40619921684265
466.00330567359924
492.29399609565735
485.7129828929901
478.3553674221039
484.38287925720215
482.84325337409973
