250.93057934443155
235.31256294250488
238.18408370018005
240.92230002085367
225.71753692626953
227.9962759812673
231.41234683990479
221.59760292371115
223.9031548500061
212.19613337516785
223.23025465011597
226.15945370992026
225.91482337315878
222.43170913060507
224.40750900904337
228.55034708976746
211.95593627293906
224.44600399335226
221.91324663162231
223.5948632558187
220.70899256070456
214.30808218320212
211.25343306859335
217.6844551563263
222.08496038118997
226.29201197624207
213.72813169161478
218.0616577466329
220.79704674084982
218.85180974006653
224.7684911886851
218.44923345247904
227.7013517220815
219.0189205010732
221.01625482241312
224.9604164759318
222.72758412361145
215.25669836997986
224.53088657061258
215.90414357185364
213.7333873907725
221.57781187693277
216.27999623616537
224.12443987528482
214.29946311314902
223.86548161506653
214.31387813886008
220.11872069040933
213.33762423197427
217.96295849482217
216.78985476493835
213.42828623453775
217.88309677441916
215.88468861579895
216.83183042208353
223.4579849243164
213.6882359981537
212.69565653800964
218.4337039788564
212.89303294817606
222.53260986010233
224.6203900973002
217.16067481040955
209.1488581498464
215.1848956743876
216.0068749586741
210.94093783696493
217.68890277544656
212.05970160166422
214.8696983655294
210.803412993749
226.05777915318808
216.08878310521445
217.95014190673828
212.64485589663187
213.82633940378824
215.1335378487905
208.34062886238098
211.88587745030722
216.37320383389792
216.12905613581339
210.35473457972208
209.18009773890176
213.8214107354482
212.8998236656189
216.62411705652872
206.6207983493805
215.63687618573508
215.39192628860474
212.84661730130514
216.44349575042725
224.4093703428904
219.0199966430664
210.29923844337463
210.7975648244222
217.4256765047709
222.41761008898416
213.61467385292053
218.5687391757965
213.20940073331198
209.0101202329
214.84736371040344
211.17857789993286
206.91945203145346
211.40674551328024
218.95735001564026
215.86269545555115
213.66061894098917
210.322372118632
215.4360318183899
214.58779184023538
214.00156044960022
212.30176091194153
211.53543782234192
209.7603120803833
217.04540173212686
211.5257102648417
211.3777695496877
204.2786439259847
214.64615233739218
212.47519866625467
207.01287253697714
216.18234181404114
222.90216811498007
205.7089003721873
219.5533545811971
214.56761995951334
208.12207412719727
212.255197763443
203.38100941975912
213.0263388156891
211.8497448762258
218.60740431149802
216.9974970817566
207.68739581108093
206.2982761065165
207.09177335103354
210.3540117740631
208.47169891993204
210.4425896803538
218.8251834710439
211.05236760775247
214.0897260506948
214.27794162432352
215.6553486188253
202.8588604927063
213.29776883125305
211.6340298652649
211.08406027158102
213.016880830129
209.90045960744223
213.87415417035422
216.21992468833923
212.02424971262613
209.34977539380392
212.2537477016449
210.36688486735025
207.4750055472056
212.7332911491394
208.5436244805654
214.6128318309784
216.45044676462808
212.14252924919128
203.85988767941794
217.0286656220754
214.92359217007956
209.4504483540853
209.3496011098226
213.25444356600443
212.7965075969696
211.47243038813272
205.56880640983582
214.94755792617798
219.89393965403238
215.37213389078775
211.14782985051474
209.91188836097717
213.9065237045288
205.43251768747965
207.11346332232156
214.59835680325827
206.9597704410553
213.58616344134012
208.421848932902
213.680788675944
209.44856627782187
213.73059447606406
206.78929344813028
219.63662179311117
209.23508516947427
219.14065535863242
208.81506117184958
209.21168899536133
210.5087298552195
212.63392066955566
208.28196946779886
213.06935501098633
210.9378277460734
215.53094895680746
212.05285358428955
