707.128800868988
661.0206501483917
634.8613946437836
595.7528584003448
613.6289339065552
581.8232955932617
572.2994618415833
575.9849984645844
591.5680141448975
582.084835767746
583.4949607849121
571.5391781330109
549.7036156654358
550.8233106136322
542.904256105423
561.381579875946
551.9085955619812
575.8056554794312
544.1459574699402
535.2873165607452
547.2321798801422
563.9186928272247
520.9998736381531
528.2202923297882
524.4134745597839
524.4540493488312
518.2056930065155
506.7268555164337
502.8394522666931
500.2365815639496
528.7594091892242
498.611132144928
499.68706917762756
486.2987587451935
496.7465856075287
493.58014035224915
487.32457160949707
479.2809319496155
502.1880798339844
491.1665246486664
472.39856934547424
497.10543274879456
482.9070770740509
483.2242212295532
468.3125228881836
481.255437374115
469.726233959198
459.7462058067322
465.45717787742615
447.42311453819275
450.86540389060974
463.05218482017517
436.74888277053833
462.0997853279114
443.4778106212616
434.6379864215851
424.32977390289307
438.48163175582886
447.89796447753906
451.4326047897339
446.92497539520264
445.77562499046326
443.3162770271301
429.19133472442627
444.9812536239624
436.5804994106293
452.33858704566956
435.6866452693939
446.91445899009705
426.2479500770569
456.87349462509155
431.34876918792725
429.37728571891785
430.0820863246918
442.0533413887024
438.28105449676514
415.8079400062561
431.57150745391846
417.1040768623352
435.59296464920044
419.5201907157898
432.2955276966095
412.14476585388184
452.94878029823303
436.1345796585083
422.7573094367981
442.568443775177
421.4841797351837
408.4978699684143
432.42607617378235
406.14678859710693
407.8921089172363
440.87788128852844
409.9447822570801
405.0727050304413
431.3508644104004
416.898140668869
431.82643961906433
424.0634388923645
403.522643327713
404.635125875473
415.3037166595459
400.9322633743286
411.3763430118561
430.71202301979065
417.2737092971802
428.78280663490295
414.10218715667725
410.1376233100891
415.24682331085205
411.99125051498413
408.3223145008087
420.7264747619629
404.20629024505615
424.45343232154846
410.95629119873047
411.4274744987488
397.83721685409546
416.779559135437
413.9705104827881
398.63569808006287
406.8245930671692
419.36659479141235
421.7739248275757
412.49382185935974
418.12424874305725
396.5015125274658
398.54512000083923
424.21703481674194
415.0084111690521
399.86946177482605
401.3862416744232
389.5105609893799
419.90865302085876
397.043329000473
400.8711795806885
405.85784935951233
414.9480526447296
398.4848823547363
387.7325632572174
396.0329079627991
395.21786642074585
407.18799328804016
403.91481256484985
395.5863838195801
408.2361686229706
388.2080578804016
401.4666659832001
392.0076229572296
389.9326274394989
398.40272545814514
388.53809571266174
399.90870690345764
398.5790464878082
389.56451296806335
387.1013774871826
389.5873589515686
384.51704144477844
388.5496597290039
382.8659658432007
394.97893047332764
381.2106192111969
386.6328535079956
403.35083508491516
398.22007846832275
392.5137803554535
390.51703333854675
395.80767154693604
385.734486579895
387.06044006347656
383.1899597644806
379.4192442893982
375.9602737426758
390.89735651016235
389.2747275829315
381.9869797229767
379.7564945220947
396.4349489212036
369.63197660446167
369.41661190986633
378.7828607559204
365.06128907203674
396.87599325180054
393.76893949508667
386.4052801132202
378.87154507637024
366.1402077674866
403.0534746646881
385.6677215099335
392.9538173675537
368.81250286102295
381.04566073417664
383.96358036994934
401.0353322029114
366.3699972629547
373.43754529953003
377.3917942047119
393.0274724960327
371.9455454349518
371.3250775337219
