7069.8286056518555
5795.26416015625
5600.240852355957
5600.354316711426
5190.062049865723
4912.051815032959
5002.701454162598
4908.79970741272
5051.840223312378
4849.722492218018
5345.437301635742
4937.943607330322
4762.522556304932
4841.384796142578
5734.106227874756
5435.534446716309
5416.775436401367
5192.060247421265
5445.466445922852
4899.877605438232
5107.565082550049
4804.045352935791
4857.49705696106
5385.812561035156
4792.276327133179
5288.100410461426
4765.192192077637
5560.26078414917
4955.803928375244
4993.763557434082
5022.133514404297
4632.278369903564
4589.624475479126
4858.679084777832
4676.459842681885
4625.315784454346
4599.638671875
5034.052751541138
5104.256565093994
4639.196472167969
5327.315238952637
4653.333099365234
4898.764236450195
5228.386892318726
4656.869834899902
4823.863578796387
4942.725227355957
4781.7805519104
4479.937322616577
5401.909671783447
4486.643323898315
5210.027908325195
4853.075492858887
4408.583393096924
4722.6965675354
4540.589500427246
4339.490369796753
4652.593969345093
4769.362651824951
4643.236061096191
4874.9850730896
4693.451774597168
4485.274982452393
4922.7545337677
4432.831241607666
4661.382621765137
4735.24275970459
4860.343658447266
4380.203765869141
4416.827610015869
5299.368839263916
5249.711744308472
4719.863182067871
5286.029041290283
6212.336566925049
4821.587200164795
5143.741516113281
5141.966701507568
4879.296718597412
4988.833660125732
4964.889457702637
5223.901504516602
4780.643329620361
4982.137651443481
4905.117918014526
5121.764888763428
4528.122604370117
5245.102577209473
5041.140727996826
4607.5515213012695
4999.9144859313965
4776.289134979248
4378.232322692871
5011.20032119751
4726.485374450684
5324.479919433594
4710.979438781738
4406.4930057525635
4405.306465148926
5037.663303375244
4301.428880691528
5555.997489929199
4454.404941558838
4441.786544799805
4476.546607971191
5361.77681350708
4404.032247543335
4543.444160461426
4884.212110519409
4762.86842918396
4665.086330413818
4526.25431060791
5219.56826210022
5285.7031536102295
4627.785568237305
4444.549337387085
4987.690635681152
4691.156377792358
4918.458038330078
4774.045635223389
4865.113351821899
4678.862257003784
4769.923849105835
4882.316095352173
4706.143342971802
5066.525798797607
4853.586404800415
4793.9692668914795
4964.932651519775
5055.634832382202
4644.468696594238
4561.267734527588
4532.914861679077
5123.4874839782715
5415.00191116333
4816.500322341919
5093.852012634277
5373.859477996826
4518.993236541748
5024.064987182617
4998.133224487305
5151.781045913696
4638.378046035767
5150.268295288086
4346.95161819458
4605.493045806885
4698.284324645996
4909.740623474121
4546.223392486572
4463.8850173950195
4997.373142242432
4675.106973648071
4960.748008728027
4959.395784378052
5400.526824951172
4354.731018066406
4405.080825805664
4795.16096496582
4812.578388214111
4893.199647903442
4777.151721954346
4501.51070022583
4308.490747451782
4400.083236694336
4539.275957107544
4460.133602142334
4470.873067855835
4403.236385345459
5252.315622329712
4395.970798492432
4822.440116882324
4726.1204833984375
4486.010566711426
4772.87456703186
4724.529403686523
4857.649524688721
4517.523357391357
5139.706439971924
4628.64879989624
4776.051246643066
4274.1906661987305
4361.009916305542
4878.739067077637
4658.320373535156
4892.4485912323
4552.137077331543
4394.505109786987
5401.473865509033
5341.07666015625
4486.655250549316
4659.995906829834
4980.408609390259
5591.025741577148
4746.463481903076
4394.533153533936
4477.223526000977
4569.573841094971
4621.984380722046
5161.697895050049
4604.945709228516
