1.2156245643272996
-15.180798441171646
-24.002936646342278
-34.92915165424347
-37.94703757762909
-47.00570675730705
-51.78000861406326
-59.720911860466
-65.58197438716888
-71.33891040086746
-71.79762813448906
-79.70086774230003
-87.4277913570404
-85.32553780078888
-92.70598918199539
-97.65004938840866
-104.79235053062439
-100.97662806510925
-108.02588319778442
-113.1099203824997
-115.40576040744781
-118.460453748703
-119.3367201089859
-121.40691071748734
-120.06178796291351
-123.4580227136612
-122.11617374420166
-125.81825053691864
-127.02873510122299
-128.27171576023102
-126.58597832918167
-130.82498610019684
-129.64095371961594
-129.87008845806122
-130.917538523674
-135.86915361881256
-131.11414694786072
-133.49154955148697
-131.23055267333984
-131.57152998447418
-134.0646533370018
-133.43293368816376
-138.14140224456787
-139.8025409579277
-133.64778465032578
-134.89729273319244
-135.61450350284576
-133.18770200014114
-134.4639846086502
-135.8460658788681
-135.5546486377716
-140.4870239496231
-139.68104827404022
-137.37005817890167
-133.96562385559082
-133.89892929792404
-135.94871163368225
-139.24312663078308
-139.83405995368958
-141.64739441871643
-139.62835544347763
-139.22956812381744
-142.94766128063202
-143.14020013809204
-137.90321171283722
-141.30528891086578
-141.5284804701805
-141.2581262588501
-137.32670319080353
-142.70939016342163
-142.14650058746338
-142.31233543157578
-138.48341709375381
-141.41685950756073
-145.61939227581024
-143.09142577648163
-139.89891111850739
-140.42442917823792
-141.73847615718842
-144.2415417432785
-141.03141915798187
-143.8841451406479
-143.2834609746933
-140.2740063071251
-144.6112276315689
-141.00299263000488
-142.7916477918625
-144.84585225582123
-143.5919018983841
-143.2441554069519
-143.3348039984703
-143.03219544887543
-144.04565858840942
-144.55519050359726
-144.91551840305328
-143.2684519290924
-144.75583827495575
-143.26641714572906
-142.11156678199768
-140.87608057260513
-142.14983481168747
-143.47889083623886
-141.28013616800308
-143.7129916548729
-146.7196359038353
-138.16928482055664
-145.03181332349777
-146.0966396331787
-142.1854636669159
-141.73384249210358
-144.04348278045654
-143.11548054218292
-145.54859793186188
-142.13935869932175
-146.308347761631
-147.29816913604736
-144.88951951265335
-143.04180526733398
-146.00898277759552
-145.07062530517578
-145.78984063863754
-144.2888857126236
-147.48305237293243
-144.913161277771
-145.81359320878983
-146.1046478152275
-148.2187978029251
-147.02081406116486
-146.6452152132988
-148.95294159650803
-148.1734483242035
-147.92378443479538
-148.10873818397522
-148.6188644170761
-145.0053712129593
-146.3759287595749
-146.63138473033905
-149.08129411935806
-146.35054433345795
-147.93451237678528
-145.8334373831749
-147.6976716518402
-146.02318596839905
-145.0631610751152
-149.43594074249268
-145.1273776292801
-144.91870152950287
-148.2168133854866
-144.7183861732483
-148.69633728265762
-147.03900623321533
-148.3030902147293
-148.5050172805786
-150.43153405189514
-147.98274278640747
-150.33855855464935
-148.84198546409607
-145.35392355918884
-148.5198450088501
-147.03271049261093
-147.44127887487411
-150.9689283967018
-148.2367683649063
-147.90924882888794
-147.42564529180527
-148.67801415920258
-144.88544994592667
-147.74209439754486
-147.65474981069565
-147.326394200325
-146.73944985866547
-146.42125809192657
-143.93473267555237
-148.00261718034744
-148.12930762767792
-148.6404713988304
-147.09712851047516
-148.18229258060455
-149.03791898488998
-150.5568545460701
-150.56578946113586
-151.40589308738708
-150.5029126405716
-147.65594851970673
-150.33801460266113
-151.26128244400024
-151.72100245952606
-148.21324747800827
-149.21723175048828
-149.08049833774567
-148.66473770141602
-150.4832900762558
-146.90534514188766
-149.36430025100708
-148.55787128210068
-145.29972982406616
-149.44887471199036
-147.88333052396774
-150.53797739744186
-146.3169401884079
