157.20008611679077
123.79937100410461
111.9592017730077
105.36807239055634
100.53785554567973
98.70806241035461
90.76949838797252
89.51195538043976
83.79721800486247
84.43707938989003
75.65189913908641
76.07113482554753
73.25683520237605
71.41721332073212
66.58567885557811
63.585753997166954
64.73602728048961
64.32270656029384
61.53603859742483
61.45314107338587
61.91996365785599
61.71091256539027
55.1537956794103
56.340890963872276
55.38698877890905
52.312613209088646
51.09279975295067
49.07186762491862
48.269539495309196
48.72722604870796
45.7182782193025
47.31297339002291
43.9358226954937
40.66173232098421
42.12530690431595
47.024423917134605
41.76421989003817
40.53551919261614
41.42278798421224
42.36254745721817
40.34744203090668
39.5655206044515
42.66329570611318
38.33843765656153
36.473591670393944
37.768087923526764
37.29092818001906
38.23346868157387
36.838317761818566
35.20337149500847
36.04093621174494
33.789973080158234
37.38921062151591
32.56320949892203
33.58091227710247
33.18120811382929
31.559225149452686
32.639907851815224
32.909536458551884
28.117602713406086
31.781492163737614
28.65322194000085
33.40778532375892
30.28769937654336
29.25804314017296
29.642225607608754
29.976215794682503
29.16814674685399
27.13852133291463
27.433712949355442
26.664874103851616
23.356492759039003
27.804009566704433
29.08973939716816
25.30290164798498
27.378889376918476
28.78975912059347
25.42595942877233
27.122011210769415
24.541360712299745
29.072528017063934
25.400373841946323
26.164929136633873
23.131012368947268
21.863747597982485
25.249803937971592
25.55889881402254
27.13399340212345
26.779820904135704
21.65953678637743
21.183944160739582
23.693202714125317
21.92237450679143
23.02565100292365
21.35561350484689
21.516419646640617
18.221275786558788
23.09811977048715
28.004186858733494
23.893362677345674
20.505756554504234
18.649414220203955
23.29353587081035
20.930659644305706
22.930757536242407
19.4467959155639
22.126647524535656
23.87627124538024
20.739341971774895
20.950637976949412
20.44992805769046
16.525871972242992
17.3987281670173
17.987828669448692
23.443877518177032
16.5430565054218
18.412544762094814
18.113576367497444
16.999730934699375
17.253436267375946
19.046635162085295
17.321272803470492
20.599353700876236
21.26799603054921
15.20595790197452
18.81733446009457
18.885785014679033
19.630394876003265
18.19515411555767
19.66768205910921
20.17147136727969
16.648886596163113
16.190758160625894
12.133787547548613
12.59119705359141
16.796907600015402
16.42695673306783
19.28252964715163
17.39481572682659
17.36943071583907
17.5453227981925
14.028841296831766
16.886111731330555
13.4708714534839
13.946210905909538
15.114519899090132
17.4222424775362
14.668187584728003
13.618138939142227
14.123686412970224
17.735263029734295
14.109741931160292
14.562294701735178
16.174193133910496
13.9719417989254
13.923526441057524
13.24471432964007
14.471033871173859
14.074383507172266
15.02926342189312
15.285989488164583
17.596365039547283
15.535267679641644
14.045739819606146
13.932483678062757
18.81010790914297
13.076248253385225
14.159340356787046
14.946877221266428
13.222471411029497
13.956584443648657
13.25582550962766
14.866858849922815
13.070189972718557
8.942524135112762
11.705301935474077
13.444613918662071
10.334259619315466
14.340032060941061
15.771493926644325
14.44563010831674
9.863165587186813
9.803765386343002
10.21849517027537
12.39658106615146
14.420406719048819
15.594537943601608
13.60358715057373
15.177351078639427
9.110061605771383
11.39582667251428
14.788667490084967
12.544283072153727
13.30191077788671
9.854528223474821
16.0792067895333
12.33166427910328
11.240844259659449
13.301718341807524
10.752874702215195
