810.6661534309387
593.9769155979156
572.18736743927
520.5014524459839
624.2017891407013
544.4120507240295
322.1110415458679
493.0510563850403
337.92247676849365
287.97888028621674
356.442510843277
308.5158278942108
441.2305233478546
266.3777208328247
324.9651777744293
294.46607184410095
383.4482765197754
460.3247289657593
250.16716587543488
295.85814571380615
532.5157401561737
331.86462450027466
407.79081296920776
264.95724058151245
359.714563369751
341.03859639167786
273.26576471328735
343.77161264419556
281.6074094772339
445.82167959213257
288.04788160324097
321.5813330411911
363.34570479393005
363.76765036582947
354.9072768688202
449.48026037216187
254.00359880924225
272.0434240102768
280.6385906934738
292.0139362812042
298.64193081855774
317.2890884876251
354.34688544273376
309.16713988780975
313.52588760852814
279.9182572364807
393.8706786632538
365.6802258491516
316.96281802654266
255.74867737293243
342.61291432380676
373.0513393878937
299.6864798069
423.5503511428833
313.06735622882843
310.16299510002136
307.47141993045807
286.2007415294647
366.50739550590515
396.8601179122925
374.4327759742737
306.6962077617645
288.4510910511017
369.3314733505249
293.45804822444916
359.08736658096313
317.17957282066345
344.6117162704468
308.90840005874634
231.17780196666718
390.09657859802246
295.577023267746
282.6649730205536
355.83211612701416
361.3845362663269
346.4634094238281
386.8058705329895
252.3482723236084
244.5311987400055
249.43268966674805
310.0651240348816
290.8416996002197
327.68171429634094
360.16213512420654
316.9326790571213
386.50230503082275
259.26770424842834
356.55682134628296
260.7304918766022
263.32884979248047
376.201345205307
277.05013942718506
265.5706572532654
330.3289271593094
295.1143618822098
327.14185202121735
254.06849026679993
320.93356680870056
346.38717555999756
292.1079795360565
475.9929234981537
307.72570741176605
279.66622614860535
303.49368035793304
413.72158193588257
260.3459984064102
332.12330389022827
271.4494888782501
309.7982450723648
279.93352818489075
438.63756465911865
259.410542011261
247.90247213840485
429.03592562675476
311.9140168428421
403.1859974861145
381.9493865966797
273.11462664604187
320.7764049768448
345.43239879608154
278.13050866127014
318.24233412742615
287.01187467575073
333.0645422935486
307.2828096151352
244.9410766363144
260.16135692596436
293.26865220069885
332.0876649618149
360.41070103645325
368.2853932380676
356.2742886543274
527.3757565021515
355.2812337875366
239.68934106826782
339.7723970413208
319.0942233800888
257.1524361371994
340.5248236656189
353.0299575328827
283.2482305765152
276.07839941978455
421.11163306236267
276.3185441493988
411.4818696975708
254.86705207824707
292.4092483520508
247.9209463596344
252.31142461299896
457.9320251941681
370.95245027542114
372.46350860595703
363.1411385536194
251.82386231422424
322.8937683105469
557.2354972362518
232.58766508102417
418.65478324890137
320.8965780735016
371.0018894672394
245.3286726474762
273.23538398742676
408.4879982471466
409.9150059223175
342.10780453681946
433.1460671424866
315.2151002883911
248.38878536224365
224.19952249526978
457.75828289985657
361.4866783618927
345.00956678390503
373.86468863487244
517.6959495544434
281.91488337516785
332.95196437835693
350.7154619693756
276.93877029418945
290.7778356075287
261.47818410396576
304.6846330165863
349.5998365879059
367.3987514972687
272.7629919052124
327.46820306777954
299.8133616447449
297.7313551902771
304.90356361866
286.093683719635
251.09105825424194
260.6022199392319
280.974732875824
262.14932012557983
326.08275735378265
261.2878210544586
280.7508261203766
371.0674457550049
318.1779866218567
322.23371279239655
269.43332076072693
