1.9776252787560225
-18.670205116271973
-31.93866227567196
-43.50875526666641
-54.26594978570938
-63.11921161413193
-71.01206576824188
-81.8863308429718
-89.38703590631485
-95.97582560777664
-100.58272624015808
-107.67787480354309
-112.27640461921692
-116.16147089004517
-121.6901485323906
-122.77338862419128
-126.55055093765259
-127.04030919075012
-131.87961834669113
-133.14478015899658
-135.67379426956177
-136.66922640800476
-137.60766446590424
-139.97131717205048
-141.39026629924774
-141.7930627465248
-142.1363165974617
-142.71962451934814
-146.21086955070496
-144.73551058769226
-147.61338931322098
-146.38419884443283
-148.10943323373795
-149.15497946739197
-148.7653285264969
-147.75373899936676
-150.20633792877197
-148.06240153312683
-152.46010226011276
-151.8021923303604
-151.2526799440384
-150.35041469335556
-152.0361521244049
-153.10584378242493
-153.69203263521194
-152.63458997011185
-153.21120929718018
-153.11604791879654
-153.20204269886017
-154.211587369442
-152.8331425189972
-156.30911660194397
-155.5689389705658
-154.58771002292633
-154.3423272371292
-154.7558113336563
-154.79550975561142
-155.23319971561432
-154.0027803182602
-155.46935546398163
-152.99177503585815
-156.4082568883896
-155.53698682785034
-155.9299417734146
-155.9198887348175
-154.01532143354416
-156.5185582637787
-157.10511982440948
-155.54701972007751
-155.50874161720276
-157.33459705114365
-155.39721131324768
-156.22131872177124
-155.91950595378876
-157.06780874729156
-155.67787039279938
-155.72766214609146
-156.88699507713318
-155.842718064785
-156.2845984697342
-155.94460833072662
-155.77326345443726
-156.91209745407104
-157.82580584287643
-155.9531100988388
-156.73948335647583
-153.88811725378036
-157.67166596651077
-156.7483578324318
-157.59119129180908
-156.63531655073166
-156.74155843257904
-157.8507571220398
-155.1338781118393
-157.164863884449
-155.55231821537018
-155.31868076324463
-156.43473929166794
-158.0368491411209
-156.75863248109818
-155.69755339622498
-154.89143669605255
-156.77001518011093
-157.50889337062836
-155.7065286040306
-157.17853319644928
-157.11256390810013
-156.24696505069733
-157.63839423656464
-157.73577171564102
-157.08554762601852
-159.05558055639267
-159.68973791599274
-159.17361813783646
-158.36382472515106
-158.10291916131973
-159.00218260288239
-157.95346331596375
-158.5246330499649
-157.25309491157532
-158.53562289476395
-159.0897991657257
-158.71587246656418
-155.23491215705872
-157.51191532611847
-158.3757312297821
-157.80266773700714
-157.65768438577652
-157.37487971782684
-157.12548780441284
-157.55831241607666
-157.31519609689713
-157.3859602212906
-156.29823756217957
-158.07408970594406
-157.37133395671844
-156.1495069861412
-158.10956746339798
-157.10476726293564
-157.4191211462021
-157.79793334007263
-157.51218730211258
-155.19655346870422
-158.1036947965622
-157.47482585906982
-157.52785110473633
-156.15407013893127
-158.01959377527237
-157.68948543071747
-157.8323231935501
-157.8077244758606
-157.99876242876053
-156.14748227596283
-158.27002322673798
-156.7081960439682
-157.87289798259735
-157.14903891086578
-157.3354935646057
-157.94047898054123
-156.82319152355194
-157.69863188266754
-155.90368098020554
-155.94499111175537
-157.5816519856453
-157.294757604599
-157.8534768819809
-158.0432053208351
-159.12897378206253
-156.78239512443542
-156.79271006584167
-158.40364402532578
-158.63243627548218
-155.54079449176788
-157.65755343437195
-156.82664662599564
-158.59655559062958
-157.45810437202454
-157.280393242836
-157.4462583065033
-157.17945992946625
-156.8146494626999
-158.50656175613403
-157.068896651268
-158.4363415837288
-157.83028841018677
-157.4257493019104
-158.04432344436646
-157.87937504053116
-158.10512518882751
-155.689595580101
-156.55839771032333
-156.88389253616333
-155.8356567621231
-156.80455613136292
-156.65182650089264
-154.96676397323608
-157.14541256427765
-155.40046495199203
-155.91324043273926
-156.8483241200447
