798.8316922187805
745.1623268127441
697.8799247741699
687.162458896637
702.5976405143738
673.4402022361755
646.3914844989777
651.7226572036743
643.658750295639
616.8587596416473
643.9461181163788
624.9849994182587
640.5739784240723
639.1783990859985
618.0008573532104
594.061772108078
580.3725554943085
601.2794106006622
598.6644520759583
595.6114711761475
570.5136876106262
595.374146938324
595.6342768669128
573.0084125995636
558.626362323761
593.674558877945
574.2197332382202
580.0595614910126
563.4243814945221
562.1887240409851
548.7522234916687
564.4412896633148
553.6047990322113
562.1723651885986
542.5296545028687
554.3548483848572
545.5205039978027
549.4836575984955
558.1928124427795
549.1000304222107
559.4208948612213
531.1591238975525
524.4510676860809
551.0302138328552
542.2583231925964
549.8061606884003
530.3903787136078
538.3064515590668
525.2581715583801
514.8221504688263
540.4545381069183
513.3673005104065
524.7284026145935
511.5979657173157
530.8187308311462
495.31115674972534
505.87083625793457
512.8320517539978
534.2248775959015
500.7617974281311
485.3507914543152
495.08990931510925
506.7819356918335
495.0535249710083
504.33995389938354
498.31199884414673
505.6337537765503
500.92969727516174
499.75822615623474
498.15703296661377
500.719651222229
499.3281817436218
496.99825406074524
485.9748454093933
505.29247426986694
498.385573387146
490.11911487579346
487.3184471130371
489.6064703464508
489.71413254737854
476.73692893981934
478.9541175365448
477.8179831504822
482.1745147705078
468.1737949848175
466.81431794166565
476.88500475883484
480.28869366645813
478.0833914279938
491.71926045417786
488.8851900100708
476.82738614082336
444.8120241165161
470.280339717865
460.2107005119324
467.1113963127136
457.6858365535736
481.36966729164124
442.937646150589
472.34502029418945
454.00412774086
445.8074562549591
465.61798620224
456.6835949420929
463.3371753692627
463.83740973472595
469.33394384384155
443.9298951625824
447.38149213790894
469.0316677093506
456.14995789527893
465.0723419189453
455.46296668052673
456.06655192375183
441.4789683818817
442.3624269962311
455.9995048046112
444.16673588752747
442.0048289299011
430.3300075531006
457.42304730415344
444.10573267936707
428.784015417099
449.320378780365
446.8027272224426
435.35858178138733
453.4802415370941
443.07959747314453
444.5811870098114
451.2715950012207
443.1408021450043
445.7743356227875
443.13487911224365
436.15919852256775
432.5161304473877
441.6055681705475
426.65502762794495
435.31921577453613
443.9285252094269
443.7889108657837
438.1075942516327
434.7943625450134
428.87922716140747
445.5890293121338
432.228440284729
429.3900988101959
426.33228278160095
421.26857328414917
453.76204895973206
433.7911539077759
435.801237821579
435.410640001297
441.91973066329956
440.20076179504395
445.2805480957031
431.2355465888977
437.0356059074402
442.9519500732422
434.8759150505066
437.79049038887024
439.87559938430786
443.7886691093445
431.3022310733795
436.2479634284973
441.6816408634186
428.29034876823425
424.6423246860504
434.23707365989685
431.45913100242615
435.15607047080994
425.5115599632263
432.5318446159363
432.60010051727295
428.67711877822876
442.3331341743469
449.618665933609
421.6036880016327
443.7997496128082
427.8785972595215
434.6467299461365
424.40105175971985
425.5072486400604
423.2662470340729
424.89580631256104
418.010623216629
427.41603660583496
433.83144664764404
419.1760504245758
412.5902020931244
430.9648599624634
420.7669689655304
422.88721323013306
430.61572337150574
410.96620321273804
417.18284916877747
424.49102544784546
414.0727331638336
428.72937846183777
415.4652099609375
400.9547064304352
