-1.7958404906094074
-6.746625807136297
-13.738353610038757
-20.692165315151215
-25.869253545999527
-33.37075439095497
-41.2122705578804
-43.27504226565361
-53.41817542910576
-54.40221983194351
-60.43326735496521
-71.31231719255447
-74.79244646430016
-77.85786271095276
-73.00687873363495
-81.9240448474884
-90.45339334011078
-96.84587681293488
-101.48651254177094
-95.65679776668549
-105.55470931529999
-100.37489628791809
-104.65804475545883
-93.61182034015656
-92.72348630428314
-103.40293598175049
-104.14710259437561
-106.07011389732361
-102.29761546850204
-100.57088017463684
-108.21120965480804
-109.44724988937378
-115.22464454174042
-107.09097075462341
-111.08034485578537
-111.76793038845062
-118.91799795627594
-114.74123239517212
-112.71851670742035
-114.46646612882614
-112.22470903396606
-110.5951497554779
-116.7024210691452
-111.2049400806427
-115.38002341985703
-115.65356075763702
-117.57357025146484
-117.86423200368881
-119.25262916088104
-119.74738371372223
-126.28091192245483
-119.44089698791504
-124.26532804965973
-122.80722445249557
-127.20679879188538
-119.64840459823608
-116.02377045154572
-123.89479601383209
-124.92350995540619
-120.8518077135086
-120.18635296821594
-125.09237682819366
-129.0895173549652
-122.45545876026154
-127.63760876655579
-125.44761776924133
-121.58310079574585
-130.48060405254364
-126.35542327165604
-127.17786860466003
-125.96757543087006
-129.7419172525406
-128.17079252004623
-125.01644515991211
-129.44088011980057
-132.65148621797562
-130.35186874866486
-130.57744765281677
-129.5113823413849
-131.37395453453064
-126.49373817443848
-132.49511009454727
-134.51453185081482
-135.5941959619522
-133.81702423095703
-135.22003757953644
-135.85027647018433
-135.67520451545715
-137.59060049057007
-131.0284241437912
-135.63815534114838
-136.56404221057892
-134.70062386989594
-136.96263813972473
-135.59441757202148
-138.58680826425552
-132.30110055208206
-136.80551660060883
-140.0184093117714
-136.450013756752
-135.28577518463135
-137.97267639636993
-138.1890685558319
-134.89441180229187
-135.67211204767227
-139.69491904973984
-139.74527490139008
-138.49447745084763
-139.03359431028366
-139.00253868103027
-140.22399294376373
-141.62007594108582
-142.06575393676758
-142.95046162605286
-144.21037530899048
-141.1464146375656
-143.04130160808563
-140.8474223613739
-142.790267765522
-139.91615641117096
-139.31414258480072
-141.52095580101013
-144.4720766544342
-141.88070952892303
-145.19245040416718
-143.20857691764832
-144.50391799211502
-144.53966772556305
-143.07765573263168
-142.45525377988815
-145.7636604309082
-144.8510298728943
-147.00516033172607
-144.99212497472763
-144.87252604961395
-146.02880680561066
-147.07891619205475
-146.15558791160583
-145.91401278972626
-143.32990843057632
-145.78824907541275
-145.70844930410385
-147.37684071063995
-143.06455051898956
-146.3671852350235
-146.30646407604218
-147.46012580394745
-147.72636008262634
-145.49430346488953
-144.26381355524063
-145.70376527309418
-147.67252898216248
-147.12797260284424
-148.92692255973816
-148.7358342409134
-148.56279706954956
-146.51389110088348
-147.74326288700104
-147.1280128955841
-147.6369504928589
-147.39291751384735
-149.14395940303802
-144.07120418548584
-147.79308485984802
-146.02652019262314
-147.57765972614288
-147.46899020671844
-150.18125569820404
-146.73475575447083
-148.20649844408035
-147.20654344558716
-148.1434906721115
-150.17559456825256
-152.20612704753876
-150.61317372322083
-146.81278264522552
-149.26173508167267
-152.27126026153564
-148.92672109603882
-150.6894680261612
-148.42022120952606
-152.69274246692657
-151.79280412197113
-151.59008127450943
-148.23696982860565
-149.72974532842636
-150.58629846572876
-151.84862971305847
-150.95799899101257
-151.64593708515167
-150.49229550361633
-152.46321487426758
-151.49419462680817
-151.91755044460297
-150.75772392749786
-151.92107605934143
-150.74067002534866
-151.02472376823425
-152.16808062791824
-152.3809975385666
