1.5871379487216473
-28.489273846149445
-58.988440215587616
-85.26060605049133
-103.09779906272888
-116.25160574913025
-126.19385945796967
-134.90124142169952
-138.47347486019135
-141.7615538239479
-143.81403577327728
-143.72033500671387
-146.67689538002014
-146.97435653209686
-149.91997742652893
-150.40149581432343
-151.5290277004242
-153.83780169487
-153.44927895069122
-151.95347142219543
-154.16874611377716
-154.09088039398193
-153.89723348617554
-153.3311607837677
-153.0738513469696
-153.68895024061203
-153.72219175100327
-152.8044440150261
-154.12718415260315
-153.80518472194672
-152.93146687746048
-153.79108226299286
-154.04328459501266
-152.5705144405365
-153.4615077972412
-154.13130408525467
-153.41138362884521
-154.23541045188904
-152.51257348060608
-153.62797725200653
-154.56757372617722
-153.19442737102509
-152.90073359012604
-153.53865832090378
-154.2023502588272
-154.96604877710342
-151.98403346538544
-150.9975664615631
-151.95679557323456
-154.59302866458893
-153.76920330524445
-154.88443583250046
-155.44024395942688
-154.5116171836853
-155.31411761045456
-154.82341247797012
-155.7541143298149
-154.77532309293747
-155.8203455209732
-154.26383697986603
-155.11616945266724
-153.62882339954376
-150.69507879018784
-149.81459176540375
-148.1205439567566
-148.40627992153168
-146.4156574010849
-146.82378256320953
-147.29557025432587
-148.62301456928253
-149.5261561870575
-149.7506673336029
-151.03866505622864
-153.19392371177673
-153.02968043088913
-153.66587257385254
-154.30542916059494
-154.61037468910217
-154.06033849716187
-154.91218745708466
-154.8110728263855
-154.26049268245697
-156.4169601202011
-156.22834980487823
-155.39842009544373
-155.7966634631157
-155.54517632722855
-156.67346370220184
-155.55795919895172
-156.28385305404663
-154.20630902051926
-155.8010654449463
-157.8346198797226
-156.82520616054535
-157.17627680301666
-156.89299869537354
-157.82259249687195
-157.41897004842758
-155.35609257221222
-157.33231043815613
-156.79694080352783
-157.0070674419403
-157.04053056240082
-156.72614645957947
-157.30851757526398
-156.30401957035065
-155.98571699857712
-156.91199672222137
-155.6670114994049
-156.65369004011154
-156.29918444156647
-156.12100994586945
-154.76768761873245
-155.7451592683792
-155.74414187669754
-155.08536565303802
-154.32562589645386
-155.0656020641327
-155.06479620933533
-156.23162358999252
-156.06546640396118
-155.11912089586258
-156.03682833909988
-155.34584814310074
-157.19203126430511
-157.39266896247864
-156.42892706394196
-157.50691902637482
-156.97233510017395
-158.97288978099823
-159.73329436779022
-158.38460570573807
-157.8924701809883
-159.0212209224701
-158.5777489542961
-159.42283880710602
-158.18325281143188
-159.321683883667
-158.25933557748795
-159.262393116951
-157.38682651519775
-158.26624578237534
-159.3374786376953
-158.77186930179596
-157.8453176021576
-158.5505211353302
-157.88796746730804
-158.06132698059082
-157.4717736840248
-157.86173689365387
-155.94480979442596
-156.67424941062927
-154.770578622818
-154.7350605726242
-153.1051185131073
-152.85482001304626
-152.86557817459106
-151.45737713575363
-152.49671828746796
-152.12425220012665
-153.16799533367157
-152.80964177846909
-154.06531465053558
-153.10311394929886
-153.63861453533173
-155.16103541851044
-154.21756076812744
-154.58954334259033
-154.8467721939087
-156.14157938957214
-154.63910341262817
-156.21296805143356
-156.50888800621033
-155.49169778823853
-155.82900846004486
-153.66627550125122
-154.51653289794922
-154.3050161600113
-153.29578375816345
-154.11398828029633
-152.97396564483643
-153.9503594636917
-155.21287202835083
-153.54197239875793
-154.09184741973877
-155.15110325813293
-154.34236752986908
-154.43232107162476
-155.23245429992676
-156.5975924730301
-157.14978432655334
-158.46093022823334
-159.25238037109375
-158.76165509223938
-160.27879762649536
-159.2228760123253
-159.626699924469
-158.81643307209015
-159.31029111146927
-159.14810276031494
