836.406042098999
632.9010722637177
539.4553990364075
476.9998390674591
442.0613193511963
452.10154485702515
388.7151823043823
375.1986200809479
354.29148292541504
370.8882236480713
339.0803289413452
341.929146528244
327.2304356098175
349.6614844799042
322.8402998447418
330.2607719898224
315.2555944919586
308.3141224384308
301.8649067878723
289.4385049343109
294.11203968524933
284.07499730587006
273.37783896923065
266.6318471431732
273.6993750333786
264.8841495513916
283.52183842658997
276.5895531177521
261.9361312389374
253.48650193214417
252.81711864471436
257.05651926994324
247.75316739082336
245.41552364826202
246.1321098804474
250.03321266174316
231.36731886863708
240.3380138874054
238.43635773658752
237.36581993103027
225.2009381055832
220.65186762809753
226.60024452209473
217.37657153606415
212.74437713623047
212.3964694738388
209.21322214603424
212.04477429389954
205.2978355884552
198.2219066619873
202.59793996810913
195.31796860694885
210.0349724292755
209.5089910030365
201.54001379013062
189.19526517391205
189.07779169082642
188.28384339809418
188.23375952243805
180.87142980098724
184.98398888111115
192.2533028125763
179.04880785942078
179.67306327819824
175.18944835662842
184.27630734443665
184.18627321720123
183.91945469379425
185.73162066936493
178.00756287574768
170.6334878206253
180.50651860237122
182.85810363292694
178.14892995357513
175.86991214752197
175.02720963954926
168.09067344665527
191.45566773414612
167.2975007891655
171.09340929985046
182.57575225830078
169.40403544902802
169.70846724510193
182.86324095726013
181.14197540283203
175.51380491256714
165.44428658485413
188.95153439044952
173.50295543670654
165.28993517160416
171.77530348300934
166.32909500598907
160.53813177347183
163.24888628721237
167.94850051403046
156.19915771484375
164.19269335269928
160.39038836956024
161.91375613212585
158.91243052482605
161.76533782482147
161.91913521289825
152.94462245702744
156.6290107369423
156.50693380832672
167.8799021244049
158.70525532960892
156.5045867562294
157.5470808148384
149.3666473031044
155.23169881105423
163.82779222726822
152.8635232448578
148.31778699159622
156.3909813761711
150.0570634007454
153.5669538974762
147.3949522972107
144.61522668600082
148.9295415878296
150.87891441583633
145.95438611507416
144.9970507621765
152.64400839805603
180.17031598091125
145.94134134054184
148.71548640727997
164.32420885562897
154.51437723636627
153.62998181581497
144.2375729084015
146.65760523080826
145.5769539475441
163.71194052696228
144.3385465145111
145.25419902801514
163.74255293607712
147.44594275951385
160.02106511592865
139.9467688202858
139.19860315322876
164.33520877361298
138.13907533884048
152.42233788967133
143.970905482769
142.97334790229797
143.10697877407074
144.68329119682312
137.07347339391708
148.13735610246658
134.10382795333862
140.76269680261612
151.99037957191467
140.97164487838745
141.68769723176956
153.04666382074356
135.76841169595718
133.03695678710938
140.08091342449188
140.5669143795967
140.77881389856339
132.13851934671402
135.61589360237122
144.44330763816833
129.95317208766937
128.03722208738327
134.96588104963303
139.34907639026642
136.70661807060242
138.0220752954483
148.84059536457062
127.93808180093765
129.36590540409088
126.60315310955048
131.1819394826889
151.56095969676971
134.91693544387817
138.81100714206696
132.34059751033783
136.81391763687134
130.67003029584885
129.61216455698013
127.54344463348389
138.54037088155746
132.71984285116196
126.24306696653366
130.79415208101273
126.78191184997559
138.86526131629944
122.57645785808563
123.45585697889328
123.46637338399887
120.2139333486557
123.40594434738159
128.09664380550385
133.60169982910156
125.13434171676636
127.25815188884735
127.14758861064911
129.0434627532959
