177.56935079892477
161.47042576471964
154.81901876131693
151.544290860494
151.16945735613504
138.69763175646463
130.47484004497528
130.5894149939219
121.0033609867096
118.30092199643452
113.94026402632396
119.40930585066478
126.28405912717183
117.3966459830602
111.24643433094025
109.87485154469807
109.06342005729675
113.7766135931015
112.44638081391652
112.05529924233754
109.33276983102162
108.67900184790294
116.6362555027008
98.27372137705485
105.84928365548451
97.6108425060908
103.83444142341614
97.63870445887248
102.2678615252177
98.09858059883118
98.7521782318751
106.57807989915212
92.90748119354248
86.63060597578685
88.97450184822083
95.09883956114452
90.0268364350001
90.51237734158833
91.91764509677887
92.81628358364105
89.9233003060023
89.33007482687633
82.64724198977153
91.87645316123962
88.89341608683269
91.06488231817882
81.76357452074687
87.47431063652039
77.35633158683777
83.28934578100841
88.06675589084625
88.5348785718282
86.80541475613911
78.35755103826523
80.43290070692699
79.70332185427348
77.52651379505794
76.30454874038696
80.11502289772034
79.16559012730916
77.01318579912186
81.06433387597401
79.157597164313
79.75697835286458
81.18171292543411
75.11704496542613
80.57818857828777
77.95321452617645
77.42463624477386
73.6675974925359
73.54877964655559
82.14038149515788
78.50349479913712
69.4820503393809
75.8340312242508
72.71699756383896
76.44153225421906
78.84734523296356
73.34615401426952
74.58182978630066
74.3932770093282
70.76797552903493
68.11271027723949
79.33648910125096
72.23742379744847
69.93559000889461
78.18019624551137
71.53536832332611
66.02028755346934
69.42798062165578
76.80970178047816
62.81529561678568
75.86662216981252
62.69186665614446
66.62002883354823
72.05234003067017
67.34823695818584
63.23017112414042
70.90527709325154
65.85318398475647
66.01624325911204
67.26079036792119
72.23844134807587
64.43303871154785
68.47636226812999
64.54367530345917
70.15153803428014
74.35227604707082
66.05397669474284
65.10034990310669
64.36091228326161
68.84366345405579
66.05627411603928
73.05853180090587
61.26544636487961
66.55505291620891
64.96024324496587
62.58532883723577
67.09939161936443
70.00899223486583
63.80910454193751
67.41167749961217
63.78565357128779
64.43138372898102
66.83462580045064
60.49635565280914
64.77198489507039
65.97985708713531
67.17821713288625
65.11838207642238
70.2971179485321
64.8755953113238
60.65060901641846
57.148454666137695
61.26280399163564
70.13153453667958
69.76343492666881
59.331742564837135
66.2490038673083
60.55559283494949
62.15841140349706
61.00834973653158
58.2829561928908
55.57374429702759
58.386023898919426
60.22580546140671
57.991709887981415
65.2328860561053
68.56430033842723
62.05757715304693
65.86811073621114
57.26388704776764
61.566279550393425
54.125184059143066
56.86019710699717
59.12545277674993
60.288919587930046
60.888467669487
60.65851287047068
54.875825107097626
63.64691857496897
63.461648017168045
58.405626237392426
63.30447200934092
63.71614156166712
59.56224246819814
58.10155916213989
69.6305284500122
54.4872177640597
57.96144491434097
60.04649666945139
57.82303808132807
58.08767049511274
57.038008312384285
59.076153894265495
57.07930960257848
55.40811143318812
65.57390920321147
58.480780839920044
61.01648752888044
59.212409953276314
57.65967263778051
54.54553982615471
54.90785938501358
60.02182467778524
58.76139090458552
55.51457635561625
49.757779121398926
62.10552793741226
55.75811892747879
48.259020964304604
54.50765212376913
56.88736328482628
59.47551453113556
54.3682237068812
55.58258976538976
55.067016859849296
52.91273868083954
53.44729334115982
60.73509027560552
