177.50053222974142
168.0582971572876
157.91222874323526
151.5166970094045
150.6904226144155
142.3859821955363
147.38469711939493
130.98780727386475
121.94911575317383
136.98775259653726
124.18568547566731
128.9739337762197
125.767435948054
124.36234211921692
121.75236662228902
128.99571633338928
119.27052227656047
116.79340581099193
117.0641774336497
120.96727395057678
115.97109472751617
115.02163056532542
116.77263510227203
111.52612292766571
112.30835322539012
107.8416412671407
107.00340747833252
108.76022458076477
100.76184026400249
112.07153789202373
101.9260406891505
99.11181433995564
100.21770826975505
95.75451588630676
94.02772764364879
104.09304551283519
98.18206437428792
92.50718935330708
93.65539697806041
94.68684661388397
92.20607980092366
90.71398882071178
90.19722219308217
91.6240332921346
90.61414182186127
83.63973212242126
90.13974499702454
89.73680790265401
86.14687609672546
81.93297562996547
87.37575821081798
86.27336525917053
80.36440012852351
76.380724132061
78.65862490733464
77.88326249519984
84.06514712174733
83.83598975340526
81.46126526594162
82.37526381015778
81.97378015518188
79.38449561595917
78.14999743302663
78.22164889176686
81.45784803231557
78.87200685342152
71.44712934891383
79.97167873382568
80.35814146200816
75.23898307482402
72.24219447374344
72.78918941815694
74.67509881655376
78.72575585047404
66.85410366455714
74.70161616802216
73.37695403893788
73.41637847820918
75.84254292647044
74.96487617492676
73.84031905730565
76.52480767170589
72.71132493019104
72.15737833579381
64.68864766756694
76.69599898656209
73.6224917769432
81.17559536298116
70.01046033700307
74.84679591655731
66.30967897176743
73.4980669816335
71.98658192157745
68.45664217074712
76.23656406005223
73.7916356921196
73.00943471988042
75.40555330117543
69.32541781663895
69.86805792649587
68.56789098183314
68.13928379615147
60.88734658559164
72.89670379956563
68.11041992902756
66.10620957612991
69.90254652500153
63.631108144919075
71.77233858903249
65.68197880188625
68.78694583972295
66.82877604166667
65.56419952710469
63.52989798784256
60.638224045435585
63.663382947444916
64.97097126642863
63.02865797281265
63.864477455616
66.82159715890884
70.04036305348079
57.60124079386393
66.02984287341435
65.25878532727559
64.28798047701518
62.52553103367487
67.9153590798378
63.211533645788826
63.671664575735726
68.77948149045308
70.62598091363907
66.3315504193306
62.00640364487966
62.785356760025024
59.953996896743774
60.771491845448814
66.1610028942426
60.612428526083626
68.91577718655269
60.76984578371048
62.94651347398758
49.776327600081764
64.14975949128468
64.18192495902379
67.36330775419871
56.73058288296064
63.65088480710983
61.42445957660675
61.52782942851385
62.82093540827433
62.589556872844696
61.18383026123047
60.02155683437983
63.18240930636724
61.57870695988337
63.8821365237236
58.185980121294655
62.7035507162412
60.353137930234276
59.27383772532145
67.26526536544164
64.36747407913208
61.357567290465035
60.453466614087425
65.66439739863078
64.4605280359586
56.26030363639196
57.294493317604065
65.61688661575317
58.57777049144109
57.59025776386261
53.716358621915184
59.464723686377205
51.6550235748291
59.156363149484
59.71995053688685
60.72830923398336
54.24759766459465
60.8766131401062
58.72898153463999
58.057423770427704
60.37585633993149
62.91211932897568
62.52862775325775
57.27029903729757
59.17664724588394
57.8952801823616
56.668294290701546
55.88064884146055
62.04716485738754
61.67371586958567
64.94454073905945
58.36521468559901
59.814002792040505
58.99000100294749
58.80015140771866
54.84518287579218
55.75758169094721
60.141087094942726
59.72815424203873
