-5.085999051729838
-27.11879684527715
-38.51711658636729
-42.387863636016846
-43.33946180343628
-44.432136257489525
-43.88503070672353
-44.29307774702708
-44.833337465922035
-44.23498501380285
-47.08607939879099
-44.62374214331309
-45.313737432161965
-49.36826606591543
-46.391914089520775
-48.137191434701286
-47.06682006518046
-47.84820067882538
-46.84269440174103
-48.32804568608602
-48.529819210370384
-48.88335359096527
-49.06789469718933
-46.27225295702616
-48.310069719950356
-48.2009060382843
-49.47797707716624
-49.049017588297524
-49.43230217695236
-50.89085058371226
-50.19105573495229
-50.61073092619578
-51.04700255393982
-50.430927534898125
-49.47707426548004
-49.19723721345266
-49.29165514310201
-47.67808167139689
-50.28263974189758
-47.982622583707176
-47.99042069911957
-49.3787446419398
-48.96463185548782
-47.792158444722496
-48.69906282424927
-49.78094696998596
-50.36934586366018
-51.61982697248459
-51.32678258419037
-51.63486456871033
-52.07872847716013
-51.48703505595525
-51.57020823160807
-51.4951221148173
-51.34266610940298
-51.05493245522181
-51.714803536732994
-51.35645282268524
-51.47574067115784
-50.83468143145243
-50.89030726750692
-51.14223754405975
-51.29690351088842
-51.01549232006073
-51.22837074597677
-51.02835293610891
-50.67499301830927
-50.639107982317604
-50.124179323514305
-50.86258558432261
-50.39424322048823
-51.24042618274689
-50.38973540067673
-51.519697388013206
-50.53873944282532
-51.35938902695974
-51.83093919356664
-52.07320113976797
-52.090581814448036
-52.17903516689936
-52.39058683315913
-52.99991178512573
-52.76772662003835
-52.68862076600393
-52.12642379601797
-53.20112931728363
-52.06119394302368
-52.16200200716654
-52.73690869410833
-53.362376968065895
-52.332222859064736
-52.63319945335388
-50.99944746494293
-51.83047767480215
-51.9213502407074
-51.43567353487015
-51.7905937631925
-50.16729895273844
-51.278836031754814
-51.16707354784012
-50.58605603377024
-51.85574769973755
-50.247130473454796
-49.91598284244537
-51.25002290805181
-52.49689920743307
-50.54304641485214
-50.89420882860819
-50.38716342051824
-52.1497517824173
-50.93646035591761
-51.158899466196694
-50.96713968118032
-51.38492997487386
-50.82205454508463
-51.26190044482549
-51.51380316416422
-51.80260078112284
-49.667150457700096
-51.45054038365682
-51.235559940338135
-53.24228489398956
-52.466354171435036
-51.67149660984675
-53.29606161514918
-53.35523235797882
-52.804028153419495
-53.041538874308266
-52.63334651788076
-52.880098501841225
-52.742745439211525
-52.691217263539635
-53.31655550003052
-52.9091020822525
-53.25357194741567
-52.45126791795095
-53.24277514219284
-52.55908805131912
-50.62421961625417
-51.41519230604172
-52.112542967001595
-52.47298550605774
-52.48993734518687
-52.16673934459686
-52.28059200445811
-51.846839427948
-52.64485736687978
-52.218351562817894
-51.530648509661354
-52.76194806893667
-51.666871547698975
-52.005067666371666
-52.74004407723745
-52.45459894339243
-52.25519506136576
-51.553856452306114
-51.182876924673714
-51.78621327877045
-51.648540337880455
-52.028761307398476
-50.75576251745224
-51.81774083773295
-52.012981593608856
-52.765319188435875
-52.998952984809875
-52.5724603732427
-52.20194673538208
-52.88370450337728
-53.34950081507365
-52.48049555222193
-52.74810393651327
-53.53534173965454
-53.184392730395
-53.1097682317098
-52.463439762592316
-53.27256021896998
-53.61071888605753
-53.85082038243612
-53.3706667025884
-53.04713620742162
-53.62980854511261
-53.48914490143458
-53.36614793539047
-53.201138377189636
-53.375351309776306
-53.70386117696762
-53.82293935616811
-54.1165676911672
-53.93099802732468
-53.067854126294456
-53.40175052483877
-53.07902944087982
-53.14082968235016
-52.55360492070516
-52.367025216420494
-52.64680806795756
-53.57435135046641
-53.00034672021866
-53.160971919695534
-53.0222804347674
