931.265305519104
874.3688945770264
862.8467020988464
881.2252683639526
863.0837845802307
863.608154296875
877.2526459693909
885.4705920219421
845.0416626930237
865.1873879432678
843.5515565872192
848.1817564964294
850.4289631843567
839.8274598121643
845.442253112793
861.1868023872375
842.9980955123901
832.4000573158264
813.2470645904541
833.1221837997437
856.5682873725891
837.6912999153137
832.4561448097229
844.5734610557556
825.298300743103
845.7898182868958
848.7303824424744
837.9348292350769
844.5606479644775
839.8766169548035
819.5934128761292
830.6588468551636
845.9791135787964
822.6343865394592
854.0702986717224
816.019446849823
838.2392811775208
830.3340873718262
858.1222977638245
827.2546744346619
842.0331649780273
824.2404551506042
835.5972056388855
837.7908229827881
855.424054145813
819.2722797393799
846.2116832733154
841.0976481437683
811.2894821166992
829.4059844017029
868.4112906455994
848.269917011261
845.9081177711487
842.5680913925171
817.8709788322449
856.1232137680054
826.9565081596375
834.0299792289734
830.5675435066223
804.1266417503357
837.8129034042358
829.1070928573608
831.5792942047119
814.707998752594
825.9865007400513
828.6432428359985
861.4542655944824
823.642430305481
829.8138275146484
826.4307684898376
830.3293328285217
834.1216049194336
826.4656620025635
814.5701975822449
832.4806427955627
815.201584815979
844.484414100647
836.2523655891418
816.6939473152161
832.5156168937683
808.4144339561462
851.0411710739136
829.8173732757568
835.9490418434143
820.8812494277954
851.4127507209778
816.8377923965454
842.5627727508545
845.1881670951843
854.8680143356323
834.8865222930908
833.0208072662354
839.7417974472046
853.4470505714417
818.2515840530396
827.4579916000366
814.9681286811829
827.2114000320435
853.4709844589233
840.6752190589905
825.0395407676697
828.6084299087524
821.5119113922119
833.5268840789795
817.3864989280701
826.4643726348877
823.6869940757751
822.705060005188
847.3449568748474
820.0063328742981
832.4123063087463
830.7586922645569
826.83957862854
824.9953799247742
821.6542253494263
842.7676210403442
834.5885977745056
826.1301846504211
817.1998629570007
818.5997133255005
831.0822429656982
807.1045169830322
830.055422782898
822.589822769165
823.6314706802368
823.6120495796204
822.8991098403931
822.9372267723083
802.275351524353
825.303216457367
831.5108771324158
830.1530117988586
828.149817943573
829.4632806777954
824.838641166687
823.527515411377
845.7742652893066
827.8272342681885
814.598886013031
821.5929803848267
824.9195489883423
817.5047178268433
816.5389008522034
838.4769277572632
817.6081895828247
818.8444514274597
840.8891735076904
835.0183601379395
825.8269414901733
820.3458395004272
812.9388251304626
828.6373600959778
820.9727945327759
811.8361740112305
829.0917816162109
824.4758453369141
834.126359462738
816.1883540153503
849.5583982467651
827.3983583450317
809.6282930374146
836.3290023803711
828.3309741020203
825.2782349586487
812.0045170783997
822.8977398872375
831.393141746521
827.6982169151306
823.3309674263
820.0442080497742
833.3856983184814
801.5622506141663
818.7083425521851
811.2291235923767
831.3144903182983
818.8247079849243
816.8282833099365
825.9918193817139
835.5876965522766
832.5029649734497
815.9051766395569
836.5229716300964
820.851432800293
830.2445569038391
810.7869510650635
828.6019024848938
820.2670269012451
828.3352451324463
830.8836803436279
829.0746974945068
829.1508507728577
815.1926398277283
815.8735065460205
826.9646472930908
832.076828956604
817.681441783905
816.7199764251709
844.9141764640808
810.5765423774719
822.5613760948181
