625.7051918506622
524.9318406581879
497.1733663082123
487.4453692436218
473.3878769874573
453.83127188682556
445.531813621521
439.89498019218445
421.22570180892944
414.59033370018005
420.47972202301025
401.35698914527893
392.09489703178406
385.5032868385315
396.16518902778625
389.005007982254
384.25453424453735
367.86175537109375
374.7298946380615
371.99522638320923
366.2516574859619
372.0715811252594
363.9556965827942
357.49757623672485
362.3670344352722
350.02830958366394
355.16539216041565
347.68004870414734
342.30983233451843
342.1425771713257
335.5854172706604
336.2870750427246
335.6292154788971
336.08788788318634
338.3512318134308
328.10760855674744
322.74438297748566
322.9845277070999
328.03242230415344
327.84284496307373
319.81103122234344
323.9675295352936
318.60214829444885
323.9632383584976
318.9036387205124
316.7688890695572
323.0446243286133
318.73267662525177
312.8918410539627
310.30462408065796
301.9412212371826
318.2703980207443
311.1241582632065
300.69049429893494
312.4174746274948
309.42634308338165
303.82635736465454
307.7057625055313
303.9537630081177
316.4441295862198
295.3492081165314
297.93864119052887
301.2684735059738
298.57897341251373
302.0530335903168
302.7398636341095
305.0185590982437
297.70147812366486
305.8059799671173
283.861385345459
297.34313464164734
294.61042058467865
291.12445390224457
298.1008597612381
290.9506914615631
276.43323743343353
297.0943672657013
286.4628256559372
286.33423137664795
284.49545204639435
278.5579944849014
284.5908854007721
284.53399205207825
280.59704887866974
292.53991770744324
286.393501996994
281.60638201236725
282.49743580818176
278.1056480407715
279.5822157859802
281.7903788089752
280.5232527256012
283.0864552259445
283.1259824037552
277.74003171920776
283.4733864068985
281.73862278461456
272.4178845882416
278.80567395687103
279.22361040115356
279.821594953537
271.3406380414963
278.27032446861267
271.47799599170685
272.3367954492569
277.5570019483566
279.52997624874115
276.96808326244354
265.7157312631607
278.59435868263245
284.8633247613907
275.8393224477768
270.5203584432602
266.69409942626953
276.3266429901123
266.17623698711395
269.3588194847107
271.03816044330597
262.77123856544495
269.4868496656418
264.81696140766144
265.42689275741577
264.48996567726135
266.44998586177826
257.452677488327
266.5025074481964
272.17965376377106
262.59161353111267
265.791441321373
261.29092359542847
256.87103164196014
264.1453620195389
261.8080406188965
260.69525587558746
266.15578842163086
262.59515929222107
259.1344964504242
260.18281280994415
255.3108766078949
274.1241410970688
266.90424621105194
249.24160134792328
265.91211807727814
256.2281206846237
262.3355733156204
263.97492372989655
256.97246861457825
249.84977996349335
271.35522401332855
253.17767822742462
264.1068824529648
258.1036469936371
266.89514005184174
261.508363366127
253.1520117521286
258.83796203136444
256.8347278833389
267.031067609787
258.4354979991913
248.23758685588837
255.68574011325836
259.54014360904694
242.31324458122253
262.16269731521606
247.28605365753174
251.049476146698
252.55993008613586
268.9772673845291
263.9536693096161
263.1470892429352
252.33233654499054
271.48301243782043
258.5439862012863
261.60319232940674
263.4267611503601
247.3396430015564
260.592408657074
245.5015083551407
249.67553400993347
252.07462418079376
264.0080645084381
245.68921208381653
248.048210978508
247.96488559246063
257.72247767448425
250.13110387325287
250.95551347732544
259.63543593883514
253.17933022975922
263.92981600761414
248.60721230506897
250.83322501182556
250.04449462890625
252.92659401893616
258.08984673023224
251.6682517528534
241.94148361682892
250.72262144088745
256.1475956439972
246.40033864974976
