0.18512416700832546
-12.698346368968487
-30.197746455669403
-45.044049680233
-60.897117376327515
-71.17076879739761
-82.12875211238861
-91.86186635494232
-90.98427033424377
-98.40124708414078
-92.93365323543549
-99.96450465917587
-94.82525634765625
-106.33352768421173
-105.26915466785431
-102.10234677791595
-101.57171154022217
-109.26367616653442
-108.25281190872192
-112.15079200267792
-103.53256779909134
-117.81595122814178
-117.83762872219086
-110.6445083618164
-109.43353021144867
-109.93444955348969
-116.3787293434143
-122.52189141511917
-115.65033733844757
-116.26538586616516
-118.07714891433716
-120.09106063842773
-116.44162631034851
-117.0342720746994
-122.60369575023651
-116.80226647853851
-120.79920554161072
-117.60229897499084
-122.84788990020752
-129.49017828702927
-122.0743800997734
-126.31469738483429
-128.8127465248108
-124.41003942489624
-126.49766671657562
-128.57342779636383
-130.65972542762756
-130.99822473526
-129.51561307907104
-132.0742826461792
-132.00931060314178
-139.24062848091125
-131.37523382902145
-133.49554860591888
-135.20262104272842
-136.71165466308594
-137.6940118074417
-136.65159833431244
-131.9096364378929
-139.33265709877014
-136.26598674058914
-138.66491574048996
-138.880673289299
-141.14468204975128
-138.636176943779
-141.6434960961342
-141.3341989517212
-143.5806803703308
-143.70280766487122
-145.3753895163536
-142.75183856487274
-145.76126301288605
-141.80240058898926
-146.5375127196312
-144.72589069604874
-145.29747343063354
-145.39909172058105
-147.7933366894722
-146.7315524816513
-147.58332085609436
-149.08850651979446
-149.9582555294037
-146.02273267507553
-152.11495465040207
-148.21179693937302
-149.78243815898895
-149.11620777845383
-146.4069440960884
-149.54358279705048
-149.4348629117012
-151.428839802742
-149.77216351032257
-150.8836891055107
-151.53432619571686
-150.08469414710999
-150.9515722990036
-152.47064888477325
-148.6716479063034
-149.213957965374
-148.2581638097763
-147.65236246585846
-149.8934245109558
-148.67691618204117
-149.87924146652222
-150.35824155807495
-148.3111588358879
-147.79161417484283
-146.01254868507385
-148.6773996949196
-145.89177119731903
-147.84818518161774
-141.9061141014099
-144.97194838523865
-143.9646097421646
-146.03632140159607
-148.29082107543945
-145.60876506567
-146.4270602464676
-147.85819792747498
-146.56537514925003
-148.8990399837494
-149.03539061546326
-148.15162980556488
-146.80938798189163
-144.40336745977402
-145.2643527984619
-145.4907677769661
-140.619395673275
-145.26542055606842
-145.48894453048706
-142.15723860263824
-145.13484185934067
-141.20657169818878
-142.46961814165115
-142.4464095234871
-143.06650471687317
-143.18833988904953
-141.9298364520073
-143.65469813346863
-146.323024392128
-142.76456099748611
-146.38043147325516
-144.00442904233932
-146.91671776771545
-147.6889684200287
-148.61098718643188
-148.77900791168213
-144.98548674583435
-149.28068274259567
-148.8258985877037
-151.23774141073227
-147.83032542467117
-148.09919887781143
-148.6124175786972
-149.69010734558105
-146.61435097455978
-149.56272184848785
-147.12261366844177
-149.27833569049835
-149.68662202358246
-148.5137003660202
-147.0173488855362
-145.5850830078125
-145.01269441843033
-148.066632270813
-150.83915555477142
-149.4932672381401
-146.23038130998611
-148.96372997760773
-147.26504850387573
-149.14391911029816
-146.48212027549744
-146.6386777162552
-145.82979089021683
-148.19386667013168
-146.55161517858505
-148.54617631435394
-149.46318870782852
-148.03251439332962
-149.96098536252975
-149.14951980113983
-148.80533921718597
-154.11218518018723
-153.48350763320923
-152.68355572223663
-153.848801612854
-150.6444509625435
-152.0433040857315
-150.1963956952095
-151.37009298801422
-152.70384311676025
-150.96724617481232
-150.83498525619507
-151.8316261768341
-155.1905397772789
-153.6332153081894
-154.96549475193024
-155.87931394577026
-153.36830061674118
-154.06452894210815
