-2.991278350353241
-9.181995222965876
-12.735673387845358
-16.48419149716695
-21.108883718649547
-23.5840325653553
-27.233592351277668
-30.71432985862096
-33.158933301766716
-33.95711441834768
-35.56251211961111
-37.805036425590515
-38.34748121102651
-39.84925764799118
-40.72724978129069
-41.217878659566246
-41.03598793347677
-41.61789353688558
-42.45513049761454
-42.28084782759348
-43.619715770085655
-44.49721153577169
-43.92393591006597
-45.44607184330622
-45.78680376211802
-45.704644560813904
-44.85579514503479
-46.27949607372284
-45.36644792556763
-45.99396312236786
-46.02721651395162
-45.726234356562294
-45.86825978755951
-45.69282571474711
-46.83361375331879
-46.44209905465444
-46.679162780443825
-47.04708882172903
-48.29563001791636
-48.364089687665306
-47.52520517508189
-46.9299130042394
-48.162476897239685
-47.66970640420914
-47.99246366818746
-48.48356672128042
-49.18612233797709
-49.60076129436493
-48.554206331570946
-49.881787737210594
-49.009141047795616
-49.362187226613365
-50.464950482050575
-48.992673794428505
-48.82526308298111
-50.08621700604757
-49.86810259024302
-49.55355564753214
-50.13131070137024
-50.0097382068634
-49.9726722240448
-49.7662228345871
-50.11627425750097
-49.91709142923355
-49.06257345279058
-50.56089901924133
-50.24783957004547
-50.309807340304054
-50.717915872732796
-50.69581643740336
-51.072261095047
-50.25009894371033
-50.44431817531586
-50.231716334819794
-50.087538282076515
-50.55383030573527
-50.603044748306274
-49.4120999177297
-50.57272517681122
-49.880572279294334
-51.08466994762421
-49.881884137789406
-50.58356579144796
-50.713821132977806
-50.28036296367645
-50.70409389336904
-50.726133386294045
-50.73665380477905
-51.002326687177025
-50.87116760015488
-50.088790933291115
-50.66610197226206
-50.41163903474808
-50.16371258099874
-50.814276138941445
-50.55538511276245
-51.28226192792257
-51.691467583179474
-51.22590607404709
-50.69287292162577
-50.711962858835854
-50.93315076828003
-50.48990217844645
-51.09066251913706
-51.052681843439736
-50.71432113647461
-50.5096785624822
-51.218007842699684
-51.07577361663183
-51.127411007881165
-50.87905212243398
-51.86940586566925
-51.40165670712789
-51.46921690305074
-51.62610940138499
-50.06557516256968
-50.39933959643046
-50.793818990389504
-51.78897762298584
-49.82948261499405
-51.66076489289602
-51.41965492566427
-51.156982044378914
-51.28217178583145
-50.6195516983668
-51.515270352363586
-51.534336825211845
-51.35224517186483
-50.809698700904846
-50.393036246299744
-51.03842496871948
-50.75613548358282
-51.81369370222092
-51.734921058019005
-50.83610463142395
-51.175555189450584
-50.5158820549647
-51.08269836505254
-51.59616867701212
-51.03259722391764
-51.41836829980215
-51.41369386514028
-51.66504327456156
-51.54322075843811
-51.22838568687439
-51.65953334172567
-51.597394148508705
-51.5974672238032
-50.8502242565155
-51.46361517906189
-51.70085549354553
-51.37838943799337
-51.617293218771614
-51.51362828413645
-51.63215911388397
-52.030241429805756
-51.69407776991526
-51.23392120997111
-50.69361982742945
-50.55019521713257
-51.34615170955658
-51.47020967801412
-51.370556791623436
-51.62958606084188
-51.50830280780792
-51.48809393246969
-52.08455562591553
-51.521453539530434
-52.25525585810343
-51.97141001621882
-51.5233960946401
-51.44320297241211
-51.0602902173996
-51.51779051621755
-50.70965508619944
-51.797317703564964
-51.42939035097758
-51.50439818700155
-51.940418203671776
-52.01693566640218
-51.12744458516439
-51.32965807120005
-52.046836376190186
-51.8303764462471
-51.90308690071106
-51.90338742733002
-51.05305924018224
-52.17298165957133
-51.392842411994934
-52.154516299565636
-51.483378767967224
-51.39959784348806
-51.011746088663735
-51.697164515654244
-51.52715265750885
-51.60073709487915
-51.04429300626119
-51.64780215422312
-51.56897203127543
-51.833903114000954
