0.4703994016163051
-5.673944301903248
-10.333544060587883
-16.617091074585915
-21.833134829998016
-28.72527849674225
-32.55560204386711
-39.53556877374649
-43.94518607854843
-43.60450088977814
-54.43499797582626
-53.4250705242157
-62.42211699485779
-62.46788954734802
-62.94603341817856
-70.81537675857544
-73.08184337615967
-78.12711894512177
-82.14076942205429
-85.79706358909607
-83.21756267547607
-88.25024676322937
-88.37403613328934
-98.7955619096756
-89.23002517223358
-91.84352308511734
-96.99888849258423
-96.48882269859314
-93.17030256986618
-95.35436046123505
-98.13434797525406
-101.25759941339493
-93.39764428138733
-104.36251765489578
-106.28625422716141
-104.70133930444717
-106.25485610961914
-108.39726138114929
-104.3960109949112
-100.93857157230377
-108.30298644304276
-106.00926178693771
-100.74623417854309
-107.25410598516464
-110.61258643865585
-110.78283333778381
-112.93464696407318
-116.89836466312408
-112.73661822080612
-110.47981178760529
-116.48179817199707
-113.00205671787262
-113.00181496143341
-112.14429479837418
-111.1880674958229
-113.78895378112793
-116.87932634353638
-117.48065519332886
-114.59693402051926
-117.94367921352386
-114.2607616186142
-115.59038174152374
-122.14494276046753
-119.07129168510437
-121.94472813606262
-118.64203298091888
-123.96535867452621
-121.1394072175026
-118.44911134243011
-124.77882879972458
-118.80252903699875
-119.25526833534241
-121.55074572563171
-128.71753478050232
-125.73060375452042
-130.30452477931976
-133.45384562015533
-130.55605220794678
-128.16195833683014
-132.79498881101608
-128.18411934375763
-131.4151639342308
-125.51845240592957
-131.4969481229782
-128.32564759254456
-127.18703520298004
-129.656214594841
-129.70152378082275
-129.08388644456863
-130.7703491449356
-133.1580666899681
-133.8836885690689
-133.41663527488708
-133.27285063266754
-132.51507514715195
-140.90403366088867
-137.04481518268585
-138.37679243087769
-136.7851989865303
-136.86009311676025
-137.70314818620682
-137.6468894481659
-139.95759749412537
-138.72941434383392
-137.03738117218018
-137.29243421554565
-135.14948499202728
-133.69559198617935
-140.06167364120483
-138.0575329065323
-140.34217154979706
-139.738576233387
-136.31906235218048
-140.47445261478424
-142.97302556037903
-145.04955220222473
-139.8246113061905
-139.89561718702316
-140.7828733921051
-145.32293844223022
-138.5174342393875
-141.96653306484222
-141.62543487548828
-143.0281057357788
-140.64424622058868
-140.4806677699089
-140.94777143001556
-142.19609087705612
-143.8207848072052
-141.50050723552704
-145.1892672777176
-144.49596017599106
-142.55592519044876
-145.84108293056488
-144.57000815868378
-144.14665234088898
-145.50559550523758
-144.20396876335144
-144.86565613746643
-143.28194999694824
-145.84738874435425
-143.04747647047043
-140.02660888433456
-144.49508380889893
-146.2611045241356
-144.69153106212616
-145.2706183195114
-145.25041151046753
-143.741690158844
-146.47251045703888
-146.89669227600098
-143.72000259160995
-149.4261193871498
-146.40562450885773
-142.79272562265396
-143.58934330940247
-145.09548592567444
-149.77782464027405
-141.29350328445435
-147.93874311447144
-148.12114834785461
-147.9973086118698
-146.2000106573105
-148.1855462193489
-149.17401778697968
-148.30470192432404
-149.82899641990662
-144.86928248405457
-147.47839856147766
-147.32391619682312
-146.29999709129333
-146.969420671463
-145.57162523269653
-149.35870963335037
-148.70042699575424
-151.46949517726898
-147.78264904022217
-146.18407487869263
-148.68939685821533
-144.9932632446289
-149.41562312841415
-149.13988983631134
-150.72245770692825
-148.69422191381454
-150.47627913951874
-149.5941904783249
-148.19699943065643
-150.64893352985382
-148.10955411195755
-151.10796856880188
-147.97877395153046
-148.32673197984695
-148.73511904478073
-150.9366539120674
-152.3552303314209
-151.1373923420906
-147.44512683153152
-149.96377563476562
-148.9965584874153
-152.76444339752197
