-0.1262216113973409
-11.270571872591972
-31.26443126797676
-48.40614640712738
-70.40103140473366
-76.9780405163765
-94.59225350618362
-93.32479500770569
-103.35805994272232
-98.85164940357208
-93.2856707572937
-110.69281935691833
-95.81636708974838
-107.22542762756348
-109.04220712184906
-112.83660465478897
-110.9644125699997
-116.8422167301178
-118.10065972805023
-110.77960991859436
-119.97778767347336
-120.13863629102707
-124.26654690504074
-119.27145594358444
-120.55297660827637
-119.99490201473236
-124.2100161910057
-122.42957067489624
-123.92072439193726
-128.25907391309738
-116.91499549150467
-127.62495684623718
-129.86325883865356
-126.71210467815399
-129.50093644857407
-130.30778849124908
-127.93329703807831
-132.7506365776062
-138.4994334578514
-133.5410189628601
-135.90122663974762
-134.13408780097961
-135.9409653544426
-136.13012969493866
-137.4710317850113
-138.59469556808472
-139.50047636032104
-143.38712412118912
-143.57868587970734
-136.9794905781746
-140.3302046060562
-133.96439492702484
-139.28289556503296
-141.55320006608963
-139.81667363643646
-138.80294859409332
-137.56767392158508
-140.76280760765076
-139.11074483394623
-139.98452311754227
-145.42341846227646
-141.58107256889343
-147.06944739818573
-146.3122964501381
-139.63958704471588
-142.40626788139343
-146.28373897075653
-148.42322301864624
-149.7071511745453
-144.84627532958984
-148.25020599365234
-149.49569487571716
-149.55385744571686
-147.1376428604126
-152.37229430675507
-151.8165264725685
-152.37146830558777
-149.48023253679276
-151.84733027219772
-151.48737508058548
-152.1242320537567
-153.73169076442719
-157.0645248889923
-150.24024426937103
-152.58618831634521
-149.18429243564606
-153.87458896636963
-156.05126321315765
-154.1676985025406
-156.01208859682083
-154.43155550956726
-155.97078853845596
-154.95703327655792
-155.2649302482605
-155.86859607696533
-157.31129777431488
-153.461568236351
-156.81194984912872
-158.03995168209076
-154.8825320005417
-157.7265144586563
-156.23640835285187
-156.83858335018158
-158.56579208374023
-156.54382181167603
-157.12068289518356
-159.42544776201248
-156.1693713068962
-156.80230981111526
-158.0519488453865
-158.94607496261597
-159.1634845137596
-157.1648941040039
-157.94004583358765
-157.97244119644165
-157.79743975400925
-157.14376056194305
-158.59564900398254
-157.95981949567795
-156.88409399986267
-157.7664042711258
-156.4120444059372
-158.22362613677979
-155.98695600032806
-157.98100340366364
-158.3870434165001
-157.30092239379883
-157.1100959777832
-155.59018331766129
-155.87644308805466
-155.72708797454834
-152.91240841150284
-151.23360133171082
-155.52311605215073
-153.46642351150513
-152.94107669591904
-149.79521095752716
-151.9515575170517
-151.31146705150604
-152.80008232593536
-151.22447502613068
-150.59092205762863
-151.08951449394226
-153.0322893857956
-150.01850324869156
-150.36839532852173
-151.41250109672546
-154.4131115078926
-150.8280045390129
-151.78833162784576
-152.19589269161224
-155.97742676734924
-152.01034462451935
-154.58248203992844
-151.64420449733734
-149.59576189517975
-148.99896597862244
-153.81145024299622
-153.77139925956726
-156.31392151117325
-157.24378728866577
-155.88082492351532
-155.1080806851387
-156.0598052740097
-158.9845444560051
-157.1690543293953
-155.7501757144928
-156.43416512012482
-156.75561052560806
-156.25023883581161
-157.73586237430573
-155.8491044640541
-157.81271070241928
-158.08777916431427
-158.64732444286346
-156.82822811603546
-157.72268664836884
-155.60901010036469
-157.14714515209198
-156.51527440547943
-156.3714897632599
-155.65935587882996
-158.90404963493347
-156.37412893772125
-156.08568328619003
-155.89078730344772
-159.40271258354187
-158.61994552612305
-158.55446982383728
-157.83916288614273
-159.59859573841095
-160.15083795785904
-160.51169973611832
-160.9249118566513
-159.4600088596344
-159.7783215045929
-159.69892466068268
-159.02267146110535
-159.2278823852539
-158.02192068099976
