1428.9658317565918
1003.197146097819
1007.3950754801432
925.5786679585775
877.2090333302816
820.1286417643229
891.8849223454794
802.3685633341471
752.3281517028809
756.9554465611776
761.7294025421143
752.9465891520182
756.4495598475138
747.9827404022217
745.1446361541748
685.8189690907797
684.1299381256104
679.7318449020386
668.0427780151367
733.4675893783569
700.1616732279459
663.6482086181641
653.7773755391439
652.8411127726237
616.2893231709799
660.582612991333
679.6173165639242
641.628454208374
657.3144652048746
626.1138451894125
636.6721426645914
633.2321977615356
608.83651415507
617.7457885742188
638.442361831665
632.1819699605306
606.1684697469076
603.0615418752035
611.9093049367269
594.5070215861002
589.4299154281616
600.6093063354492
601.4573618570963
604.2451680501302
580.6186768213907
616.6928793589274
588.2070121765137
576.5040270487467
576.4897810618082
577.3131233851115
581.5869938532511
558.0676924387614
548.2318560282389
558.1986414591471
570.0752512613932
555.2509225209554
551.9084917704264
528.8836994171143
549.9053478240967
536.5622205734253
535.0614706675211
554.9119914372762
536.2012821833292
542.7281322479248
527.7566788991293
525.6549866994222
537.51722240448
517.7819652557373
526.7751369476318
529.9882939656576
514.5032259623209
509.4323263168335
514.3831396102905
504.3172467549642
494.64012304941815
488.11877187093097
479.1293948491414
532.6523475646973
503.7389780680339
505.32579549153644
487.24025853474933
497.4197184244792
480.4542357126872
488.40096855163574
481.32216453552246
492.07439104715985
480.9404487609863
464.286794980367
475.4382667541504
471.55234177907306
452.7924861907959
454.06567637125653
478.903959274292
464.79495588938397
454.746249516805
439.86961523691815
448.1615238189697
434.59286340077716
447.6158021291097
449.6111259460449
461.0056794484456
454.1409222284953
431.3528283437093
430.81028747558594
446.175926844279
432.0932143529256
447.7328774134318
435.44359970092773
424.84919420878094
434.5001160303752
418.95183785756427
429.11025365193683
428.4308598836263
447.13678010304767
419.250053246816
438.05171807607013
443.2930974960327
429.3834810256958
440.7215067545573
441.7686055501302
428.5502192179362
450.07105986277264
428.76405652364093
434.5556445121765
424.35544236501056
419.1791982650757
431.6408004760742
399.25194390614826
409.75245809555054
411.116499265035
397.1232541402181
399.08767827351886
409.22895828882855
405.6048704783122
395.9116489092509
394.6405913035075
399.63927841186523
385.99678532282513
393.1395886739095
412.34374554951984
392.531621615092
404.4036766688029
398.8017934163411
391.55339368184406
383.26899878184
378.8369261423747
376.3286728858948
374.97596104939777
373.2243685722351
386.5720583597819
383.9891866048177
391.6267776489258
374.70594024658203
365.1384627024333
375.3570744196574
377.8857415517171
385.3792915344238
368.3144283294678
381.6634038289388
356.8029613494873
378.69636646906537
375.0523107846578
369.5180015563965
385.6958233515422
366.5666947364807
377.20292886098224
371.2920157114665
396.04270394643146
372.3162514368693
373.38944816589355
373.45752970377606
370.88631947835285
363.90188630421954
373.63590780893963
362.1326575279236
363.94895998636883
349.63317759831745
370.0248667399089
362.5772829055786
359.76187403996784
361.1242386500041
368.4034899075826
351.2341111501058
358.27108097076416
358.2810815175374
350.90411376953125
353.71280272801715
352.94195795059204
343.38980706532794
349.19610563913983
350.5759566624959
365.9929478963216
353.23858340581256
368.17604382832843
343.68538935979205
344.41655174891156
359.01154232025146
355.9576373100281
354.1591703097026
346.5772492090861
