4311.487560272217
3259.3309803009033
3693.079746246338
3599.638626098633
3470.9036445617676
3653.865562438965
3391.990152359009
3236.981081008911
3103.7819862365723
3148.7058124542236
3053.800937652588
3031.497455596924
3408.3731803894043
3533.3051719665527
3245.7013969421387
3224.7901096343994
3002.0921363830566
3417.724319458008
3056.0070457458496
3407.748804092407
3181.0531463623047
3356.6140937805176
2913.440372467041
3068.9284439086914
3327.729679107666
3063.461524963379
3042.6350135803223
2873.6575775146484
3180.1815338134766
3344.392822265625
2942.617151260376
3229.671977996826
2889.5948066711426
2925.546890258789
2900.8426055908203
2950.2299003601074
2837.299343109131
2956.498161315918
2985.7181339263916
2883.4587059020996
2897.7058963775635
3097.5195274353027
2812.065450668335
3362.394651412964
2887.7400512695312
2807.6638717651367
2762.0386295318604
2845.8233528137207
2879.495189666748
2832.336566925049
2886.397174835205
2942.9572219848633
3017.4878311157227
3289.4190196990967
2767.4542961120605
3456.3266983032227
3044.057508468628
3227.1944580078125
3275.1731185913086
2892.7299041748047
3332.0194053649902
2944.0809059143066
3191.070243835449
2904.7010383605957
2940.8990688323975
2755.3113536834717
2855.7856521606445
2847.3525428771973
2963.831117630005
2931.5872554779053
3125.8704662323
3056.953763961792
3189.9065895080566
2845.0465087890625
2948.7335891723633
2730.860107421875
3197.9886684417725
3123.2137241363525
3025.986053466797
3151.1475524902344
2714.567657470703
2771.9915809631348
3062.706600189209
2744.515800476074
2731.354579925537
2912.137466430664
2960.23539352417
2854.580093383789
2800.86568069458
2678.7809352874756
3017.8079166412354
2566.4538021087646
3053.270362854004
3499.5604858398438
3065.912935256958
2798.666664123535
2738.0186767578125
2694.7545890808105
2691.8643102645874
2972.0366535186768
3147.8635330200195
2527.026711463928
2758.5666847229004
2653.615056991577
2954.6675815582275
3112.3027725219727
2818.077772140503
2981.7578411102295
2894.6236629486084
2717.4945220947266
2812.712390899658
2823.794506072998
2957.6434421539307
2816.7074966430664
3097.840902328491
2901.9014987945557
2982.4653816223145
3283.217483520508
2992.7387409210205
2564.6375665664673
2890.594711303711
2532.8839864730835
3105.7505283355713
2602.908416748047
2560.1662006378174
2644.8881330490112
2547.881911277771
2589.268196105957
2517.5490531921387
3285.868423461914
3063.0624656677246
2726.8946571350098
2643.9863815307617
2848.226089477539
2876.365249633789
3325.7417964935303
2546.0318298339844
3173.689889907837
2943.555166244507
2888.589422225952
2631.2472677230835
3130.80938911438
2785.530586242676
2867.075677871704
2799.668825149536
2976.7718563079834
3444.358142852783
2717.3062744140625
2995.7919635772705
2699.608413696289
2605.2495861053467
2842.078062057495
2961.89190864563
2664.305687904358
3268.220525741577
2509.2584190368652
2742.429281234741
3084.5597705841064
2634.461661338806
2868.8311519622803
2847.73064994812
3123.35200881958
2590.845253944397
2857.6117191314697
3112.3688526153564
2744.4190979003906
3004.3665809631348
2832.752710342407
2643.5293006896973
2847.960479736328
2656.7393560409546
2721.735897064209
2657.78293800354
2963.5974197387695
3263.848602294922
3078.4162559509277
3131.0882148742676
2801.5777339935303
2664.3709621429443
2744.594774246216
2849.8394107818604
2850.1501483917236
2530.2443284988403
2934.654016494751
2527.6341648101807
2936.1529064178467
2989.364143371582
2939.144561767578
2776.2606773376465
2728.624988555908
2800.6700191497803
2585.4329719543457
2720.8030395507812
2684.9395999908447
2607.453115463257
2803.2220001220703
2704.5573291778564
3040.5839519500732
2867.8915252685547
2584.5255794525146
