-3.4774340093135834
-16.291394193967182
-28.227543493111927
-28.02118992805481
-33.25091807047526
-34.740497867266335
-35.176381985346474
-35.5152340332667
-35.70169846216837
-38.261178056399025
-38.96629273891449
-37.87764620780945
-34.843926986058555
-40.61412167549133
-39.83365452289581
-40.612064838409424
-40.25127303600311
-42.65748600165049
-43.10778681437174
-41.91166891654333
-45.361576080322266
-44.15175139904022
-45.546879371007286
-47.14093085130056
-45.23147761821747
-45.939258535703026
-47.88134276866913
-47.325585862000786
-48.25102869669596
-47.431210239728294
-47.864755153656006
-48.490221758683525
-46.58769643306732
-48.765996058781944
-49.516139566898346
-49.805401722590126
-50.41774068276087
-51.39788476626078
-50.82100792725881
-50.53627026081085
-50.63560275236765
-50.49875875314077
-50.8050340016683
-51.86980309089025
-51.00727701187134
-51.196536580721535
-51.449427326520286
-51.59569944938024
-51.788962046305336
-50.6138014793396
-50.967808763186135
-51.27727913856506
-52.44787851969401
-52.07528539498647
-51.08504978815714
-51.710374077161156
-51.599820057551064
-51.70572660366694
-49.76897215843201
-50.40592356522878
-50.64091420173645
-51.97087093194326
-52.05137844880422
-51.92029011249542
-52.522141416867576
-52.875430484612785
-52.34569072723389
-52.759974201520286
-52.44977939128876
-52.75528780619303
-52.409485618273415
-51.33207537730535
-52.68979422251383
-52.04319496949514
-51.59606977303823
-52.137780010700226
-51.41531268755595
-51.10195153951645
-51.876833180586495
-51.49866245190302
-51.53731588522593
-52.23602692286173
-51.1216074625651
-52.10236517588297
-51.141846219698586
-51.14766734838486
-51.82689559459686
-50.99790048599243
-51.23343563079834
-51.339451710383095
-51.30615941683451
-51.647828459739685
-51.50112430254618
-51.31039071083069
-51.471927642822266
-49.82613984743754
-50.11458639303843
-50.499891916910805
-50.73526660601298
-51.988443771998085
-51.00020776192347
-51.134791572888695
-50.9157500465711
-51.14586249987284
-51.629507621129356
-51.203715801239014
-50.76006130377451
-51.453559597333275
-50.78908542792002
-50.118852615356445
-51.62787973880768
-51.44788054625193
-51.58664321899414
-52.094783226648964
-51.514634470144905
-52.49284219741821
-52.47928114732107
-52.56273063023885
-52.86619893709818
-53.32825227578481
-52.70313340425491
-52.902592957019806
-52.93764694531759
-52.59857587019602
-52.20193862915039
-52.31003447373708
-52.455003917217255
-51.519322176774345
-51.88869947195053
-51.71637932459513
-51.85084621111552
-51.8983234167099
-51.57652586698532
-51.864960074424744
-52.03689948717753
-51.398672580718994
-51.05957837899526
-51.058447321256004
-51.812189181645714
-50.63190793991089
-51.48249582449595
-52.28998410701752
-51.90505027770996
-51.407761216163635
-51.03633042176565
-49.54766345024109
-50.3139131863912
-51.19056127468745
-51.105735103289284
-50.14135936896006
-50.55330820878347
-50.244618038336434
-51.43139358361562
-51.60444575548172
-51.45855909585953
-51.367335855960846
-51.7915073633194
-52.493009865283966
-52.130737006664276
-50.7451567252477
-52.00348722934723
-51.35415037473043
-51.32967827717463
-51.898810068766274
-51.9294647971789
-51.86041730642319
-51.94627288977305
-51.601291139920555
-50.947082916895546
-51.278674602508545
-50.60699991385142
-51.720301946004234
-52.37571533521017
-52.490915060043335
-52.1588990688324
-51.790221095085144
-50.981062392393746
-52.26443334420522
-51.23104961713155
-52.34221337238947
-52.49424064159393
-51.66583001613617
-52.37487153212229
-52.33996331691742
-52.284437934557594
-51.87145857016245
-51.25036551554998
-51.639539778232574
-50.461441576480865
-51.097143054008484
-51.48045468330383
-51.21151397625605
-51.722888708114624
-52.26519560813904
-52.44625703493754
-52.36191999912262
-52.17069305976232
-52.28118711709976
-52.94812834262848
-52.86556178331375
