5198.107704162598
4724.295383453369
4239.529239654541
3979.6768474578857
3539.9022216796875
3584.6274852752686
3064.7650756835938
3360.3297290802
3225.2958641052246
2971.6031036376953
2936.264114379883
2954.9734840393066
2751.6917762756348
2733.1258487701416
2776.7777137756348
2721.1447219848633
2778.1186561584473
2543.5726833343506
2680.076427459717
2497.0684146881104
2457.9586696624756
2496.014678955078
2472.951759338379
2437.1350593566895
2443.8665256500244
2371.515914916992
2380.2133445739746
2460.7967290878296
2313.0235891342163
2293.643264770508
2350.211853981018
2225.2191009521484
2255.466054916382
2233.103261947632
2209.4565811157227
2168.696445465088
2152.3553218841553
2193.1012744903564
2170.43789768219
2240.149172782898
2134.157992362976
2138.446590423584
2081.208013534546
2090.0698375701904
2046.9898071289062
2113.550189971924
2203.0925846099854
2107.720958709717
2028.3927736282349
2146.482413291931
2057.271224975586
2003.6565771102905
2027.2120351791382
2025.559871673584
2048.7320652008057
1981.9940719604492
1975.9698238372803
1962.4533824920654
1979.8124618530273
1962.4303350448608
1946.564826965332
1980.7778759002686
1981.234956741333
1934.7606658935547
1916.262107849121
1914.9024696350098
1905.3372955322266
1967.348466873169
1916.5973434448242
1903.885145187378
1904.1530113220215
1856.7116947174072
1892.7608032226562
1839.1951513290405
1915.543285369873
1819.3396949768066
1822.6241979599
1773.5487689971924
1812.4454460144043
1813.4313287734985
1773.707200050354
1791.4173097610474
1761.3187942504883
1777.656533241272
1708.8479766845703
1777.8868465423584
1769.172010421753
1833.4914722442627
1737.7710723876953
1676.6244220733643
1703.46293258667
1663.6761083602905
1716.7376174926758
1719.5229740142822
1655.0555572509766
1670.9076881408691
1626.87562084198
1647.2855052947998
1620.7806186676025
1643.2694473266602
1603.6779623031616
1591.218641281128
1614.3086376190186
1574.419792175293
1551.6571340560913
1641.0762329101562
1619.7699155807495
1594.242208480835
1563.3840942382812
1571.3944520950317
1613.3657875061035
1570.1793842315674
1596.3432331085205
1566.3931560516357
1607.6616249084473
1561.7984943389893
1539.9330749511719
1544.9616088867188
1539.2703399658203
1518.987458229065
1568.8577823638916
1505.837197303772
1512.7482080459595
1617.6526126861572
1497.0475778579712
1509.3254203796387
1506.181941986084
1504.2132387161255
1540.0128545761108
1524.6780824661255
1492.7533388137817
1455.8617897033691
1435.0375347137451
1453.6044292449951
1571.0687255859375
1457.2422189712524
1427.3864269256592
1438.8256969451904
1413.9682998657227
1464.863187789917
1393.9394235610962
1458.226490020752
1418.6213054656982
1455.0451364517212
1386.5703649520874
1444.4810247421265
1398.414496421814
1413.7263822555542
1392.9314603805542
1360.263557434082
1386.9217176437378
1423.2341794967651
1373.1606187820435
1355.6140975952148
1361.3914318084717
1413.5225009918213
1379.4354877471924
1337.8292045593262
1378.8768692016602
1332.732011795044
1340.4021377563477
1359.8266229629517
1337.6143636703491
1319.679259300232
1338.5282835960388
1310.0775799751282
1361.8307838439941
1349.387176990509
1294.8488583564758
1280.4609656333923
1296.1478157043457
1285.456540107727
1275.3798093795776
1288.1358461380005
1304.09281873703
1318.2516875267029
1270.4064764976501
1285.8531818389893
1257.0599093437195
1337.8508014678955
1296.2902908325195
1272.0272116661072
1277.707682132721
1245.6042804718018
1267.2627563476562
1275.1371665000916
1233.5503044128418
1303.7341327667236
1214.1249327659607
1231.0943813323975
1223.6337776184082
1238.9292240142822
1218.017614364624
1218.4431056976318
1211.5075969696045
1219.7707514762878
1195.662799358368
1231.6152052879333
1199.6962637901306
1205.262866973877
