490.64183630943296
420.0378625075022
353.04924104213717
346.61372604370115
337.9584077835083
339.69860600630443
333.03353304862975
322.4886303583781
333.7790855884552
325.8393776893616
341.68077318668367
315.71598052978516
333.8258472283681
321.29891344706215
337.0830790599187
332.83754746119183
324.2372397263845
328.4998820066452
296.9598482767741
315.4265419522921
319.8565962553024
304.1023996194204
304.7122548262278
302.01776287555697
311.583482503891
325.9040524085363
300.1568977793058
288.0910887638728
316.01108950773875
335.43797900676725
321.51322287718455
311.6188298304876
324.78020601272584
295.88109063307445
296.5092816988627
305.49878706932066
317.026055320104
295.11691857973733
327.19952778021496
293.52144674460095
293.1995161215464
320.80785846710205
320.05864077011745
290.5150692224503
293.63358994325
299.3282177686691
324.5996732234955
320.0899663925171
302.4986802021662
299.56212811470033
286.3436461766561
305.80774846871697
332.6169900019964
299.201296154658
311.92340497175854
277.86194729010265
275.7994686285655
287.00337251027423
291.51179444789886
314.232088748614
275.5253729343414
283.9184086004893
267.0750842173894
327.7090249141057
317.57553860743843
298.31606108347574
285.83982244332634
278.3084593375524
295.32912658055625
270.806190152963
306.88197652896247
308.0927530765533
290.61404925982157
302.9953657706579
300.0415399710337
289.68981739282606
290.87392544349035
294.6034289677938
301.15205636819206
300.6164706071218
313.2715157032013
292.14991443951925
297.64667453765867
291.3500970125198
307.58249686559043
307.4969867785772
274.0907951792081
289.0572602669398
305.5768595258395
269.5502062479655
295.6712457895279
280.4167412161827
279.31074533462527
267.6526171763738
286.7126250823339
304.4769701639811
282.05034221808114
272.68679954210916
278.89567527771
327.02536293665565
287.96113724708556
283.9043067574501
290.42076922655104
298.5171225468318
280.4434806227684
291.0907950162888
315.8838052034378
266.72023148139317
284.75669730504353
276.886617565155
284.9421671152115
301.3327732960383
293.79721475044886
300.9645965337753
276.3159393707911
301.69553859233855
292.67082444826764
242.53709783156714
269.8786944707235
283.6463382562002
303.4520477135976
276.40495752890905
295.6896520535151
286.92339061896007
273.8582231601079
288.1304527600606
296.8634405533473
287.22020579973855
303.5641235748927
283.8305915315946
272.27427600224814
300.64211202462513
295.7497658252716
294.3387147665024
268.42031428019203
261.38278210163116
302.2226514577866
271.0261028369268
282.2526459058126
273.6639774799347
284.55478580792743
269.1544154326121
304.80036489168805
277.08790197372434
273.60431662003197
284.4602560758591
300.84787455399834
264.0571790456772
269.14437735875447
284.39082935651146
268.86014600594837
279.2367262204488
303.1002679467201
280.53837450345355
282.74431207974754
295.68667015631996
280.9072825829188
297.44065177440643
258.66478729248047
276.3394757827123
289.041967133681
306.6766199111938
293.17731777826947
255.60426671504973
283.6652355790138
275.75368132591245
279.4241259932518
264.100484029452
311.79423826535543
289.3740026712418
280.6946230649948
287.2567999204
277.3088958263397
278.84443866411846
267.3166115919749
268.041405804952
270.15468575159707
311.6257592916489
251.32235601743062
294.79744737943014
286.9437336921692
265.7647718111674
274.73205353418984
274.6201434453329
276.2598726391792
261.5828717470169
266.7792848825455
302.1871123234431
291.91663290659585
281.7329076051712
291.79236167669296
273.7111299435298
282.3642053524653
270.11300041675565
288.93973188797634
266.8609479268392
284.4510519822439
290.6667913556099
271.4080459117889
291.09894948800405
