1949.250096956889
1400.0509850184123
1241.6621749560038
1125.2780499776204
1040.897912756602
1010.3262335459391
935.9814456939697
911.6707102775574
878.4621446609497
865.1826285362243
856.15358432134
830.1643388907115
806.7611863454183
784.6443353494009
774.1852469444275
767.7508313337962
773.8027904351552
727.4808576107025
736.4289327303569
717.9981238683065
706.1882477283477
689.2551424344381
682.9348757266998
700.801992893219
679.5317939440409
689.8305876413981
671.7017172813415
650.623952738444
648.0535074234009
643.0221990903218
633.4205052375794
645.1219245592753
619.567780717214
602.4112882932027
616.1729613939921
612.359734694163
616.6577091852824
615.8625749429067
607.2914534250896
606.5765504995982
591.1457512696584
603.3912450472513
610.098353099823
600.1102709134419
586.6155961195628
591.0591246287028
589.1253637154897
582.3258306662242
570.2192094326019
580.7740185896556
577.8029747009277
582.8032090981801
576.1044871171315
578.2448994954427
569.1742485046386
571.2800023078919
557.9857957839965
557.319656864802
564.1831505616506
555.2668555736542
560.6413831075032
561.3668504714966
558.9165972391764
545.6644259134929
556.0495276927948
543.9113883336385
566.0057534853618
544.0730171839397
538.6452489058177
538.099760945638
544.8944538752238
539.5794930617014
519.9470718065897
522.5887808799744
524.1683704694112
518.8322864850362
530.4859364827474
521.733190647761
522.5955382029216
526.0230876922608
519.1583049456278
516.7976603825887
524.0760854085287
523.1729534784953
524.6320432345073
506.00152840614317
508.62763996124266
517.4595685164134
511.86503200531007
514.9127195040385
514.8937153975169
505.3191217422485
512.9403772354126
511.2956127643585
518.4035318692526
506.3456929206848
504.11243368784585
517.0898389021555
504.49684103329975
510.10572751363117
505.4150990486145
501.539609559377
505.761821269989
505.1797285397848
495.69559446970624
507.2859278519948
494.54318647384645
501.9285142739614
503.175240723292
495.6529635111491
501.6068912506104
495.62437737782795
495.3383244196574
493.0570773283641
488.1809919039408
482.68360862731936
485.0020775794983
485.512801472346
488.1511099179586
478.8328393936157
482.27439680099485
485.7080373287201
480.63958129882815
481.7642347494761
475.50906154314674
485.3408757527669
480.079464673996
480.2241070111593
491.6275447209676
480.99937923749286
479.6172833442688
475.85740844408673
472.3384774843852
476.57811385790507
474.4322663784027
468.3082195599874
466.8507826487223
462.8958257198334
462.9716006278992
469.9705929279327
483.51410551071166
487.3935075124105
465.47536827723184
465.2715828895569
468.7686773300171
457.3790259679159
467.51215534210206
473.8466130892436
474.69594462712604
471.93852566083274
465.1913219134013
471.58752749760947
459.6689600944519
452.3008842468262
463.0422686576843
465.8873865763346
467.3821720282237
456.5313794930776
462.92742821375526
453.8305822054545
453.7454091072083
457.6198673884074
470.14427626927693
449.8161866823832
454.24639280637103
454.8990484237671
459.13947140375774
460.1613263130188
452.412707789739
457.35736937522887
460.97337964375816
464.28583240509033
455.131476465861
451.6503323872884
449.1811405499776
445.7252163251241
447.39677087465924
444.7432964960734
455.1611127058665
456.99281409581505
444.1209743181864
441.10584456125895
450.40273173650104
448.58180176417034
441.24958925247194
448.54232896169026
453.2444063504537
443.8495525677999
447.6703303337097
452.8480542341868
440.14078086217245
441.77602968215945
437.95816831588746
444.2968353589376
446.2633779207865
446.9977858543396
441.33302644093834
436.2179071744283
443.48696846961974
445.736851978302
