185.95703207651775
116.42320122122764
104.23907186786333
94.51848531166712
95.2800233801206
90.49100379943847
84.99356786410014
83.67914751768112
79.62764990925788
76.4563443005085
75.72226488987604
71.87264879544576
69.15690082510312
69.13156362771988
65.53938081463178
66.18104409774145
63.418069336811705
64.51700846155485
64.18310118913651
60.28362497488658
58.03239461183548
56.99846525589625
56.24442779223124
54.91415071288745
54.60241343776385
54.57054363489151
52.911506525675456
52.121061523755394
51.26761244336764
49.59559327065945
48.82986738880475
49.50438127020995
48.1591227799654
48.30051992932955
48.270241830746336
47.11237069666386
44.356454167763395
46.183694473902385
44.58392742474874
44.955754813551906
44.467320278286934
44.02047945559025
42.017999376853304
44.23207807044188
43.234988981485365
43.309433508912726
42.984310283263525
42.905291584134105
42.08134609659513
40.50599367618561
41.0955153097709
41.38611977100372
43.530835487445195
41.52855228483677
41.55661290983359
39.642629116773605
40.75899180173874
39.93996420999368
41.202727258205414
40.87550730506579
39.09874063531558
39.48540601829688
40.5601723074913
39.97621796031793
39.85353861451149
39.42303832968076
39.419616081317265
38.93398814996083
40.3921760737896
38.93714081346989
38.704836648702624
39.083444664875664
38.028484271963436
38.00345209737619
37.44957605501016
37.124182456731795
36.254513665040335
35.92874679366748
36.922317264477414
36.95619587401549
35.854774697621664
36.508718049526216
37.098822169502576
36.218630307912825
36.51493557790915
36.142890922228496
36.47228706777096
35.44198188483715
35.51139672001203
35.25184046427409
35.55381370484829
34.5727493673563
35.336807670195896
34.73946498632431
34.00243151982625
35.10663716197014
35.58136155505975
34.58309733966986
34.23216019173463
34.11024572253227
34.291330977280936
34.46953481634458
34.75549976329009
35.22082341909409
34.88343255420526
33.72340667446454
34.82591564059258
34.08575141231219
33.534698283672334
32.7304809987545
33.65764940778414
32.975161985556284
32.52150070468585
33.92800829211871
35.30965535740058
33.94896977146467
33.486397105455396
32.56149441401164
32.9180315832297
33.740126949548724
33.125583503643675
32.50242176155249
34.391370677948
32.76109825571378
31.982169251640638
31.821810985604923
32.88697837789854
31.812065583467483
33.0776395569245
30.964699610074362
32.31362028817336
32.0424240231514
31.618943047523498
32.187518286705014
32.010291886329654
32.427290267745654
31.01413152416547
32.16312579015891
31.67701252202193
31.642437728246055
31.448818405469257
31.909653470913568
32.274374495943384
32.011448456843695
31.34716056485971
31.377435342470804
31.742392474412917
31.26973037024339
32.22731791337331
31.681613502899804
31.054824022452035
30.858284384012222
30.99900914132595
31.168185807267825
31.49218090971311
31.197065725922585
30.765000156561534
30.412679322560628
31.023685492078464
31.307538876930874
30.27698024411996
30.776189848780632
29.490034513672192
30.38253798484802
30.554056718945503
31.588381040096284
30.55314307610194
29.84020622173945
30.70887593428294
31.744687034686407
30.12513525187969
30.907805853088696
30.718929306666055
29.91177542308966
29.804215188821157
30.45273313721021
30.022071600953737
30.454456582665443
29.430690503120424
30.31822384993235
29.411778006951014
30.973891692360244
29.566165508826575
29.10623430411021
30.503920245170594
29.449713974197707
29.982846850156783
29.530707920591038
30.18010258078575
29.488594291607537
29.89549114406109
29.2120369553566
29.16818140745163
30.24574203292529
28.68884805440903
30.506971552968025
29.526515460014345
29.307911233107248
29.0729319135348
29.433788575728734
