1358.9211404164632
1311.9775592803956
1284.4715158780416
1281.5646366119386
1274.8741516113282
1272.237631225586
1266.1246189753215
1257.8844758669536
1262.698741531372
1256.4268299738567
1247.3210676193237
1258.3797680219016
1260.1584995587666
1249.946032555898
1253.9413789749146
1242.872694683075
1247.0536424636841
1245.5785991668702
1235.268157641093
1241.6634218533834
1243.9671761830648
1247.103514957428
1237.966509660085
1242.4680301030478
1231.917934767405
1238.7505854288736
1232.8890472412108
1231.7119730949403
1230.8297257741292
1224.4922525087993
1229.5004470189413
1228.7522800127665
1231.220480600993
1222.4185811360678
1237.3703548113506
1233.3330763816834
1234.2854908307393
1227.080985101064
1226.0431753476462
1226.2065936406455
1231.7819831212362
1224.8853640556335
1219.5133660316467
1223.420570786794
1227.2710343043009
1233.02321656545
1223.5893549919128
1220.225155512492
1221.6845571200054
1219.4583685874939
1214.7911529223124
1223.4360100428264
1218.894482676188
1216.8235747973124
1219.1531928062439
1219.8146363576254
1212.1847898483277
1222.8152894973755
1212.672851594289
1214.2116485913596
1222.8332261085511
1221.7748283068338
1224.5927530288695
1215.363365618388
1217.718948396047
1216.3969667911529
1214.6067328135173
1225.3464060147603
1218.8789622624715
1215.2815005938212
1218.4654973665872
1221.0363211949666
1218.324115339915
1213.5006457328795
1214.5294793128967
1212.3170899073282
1213.9601831436157
1208.6378083229065
1209.246232287089
1211.6804629007975
1215.7787373542785
1209.9829943021139
1213.5589744885763
1214.37992811203
1216.058975982666
1209.868196551005
1211.409583346049
1211.3612197875977
1213.621207110087
1214.9992464383442
1204.88186489741
1206.2242782592773
1212.5328804651897
1217.6257911682128
1205.9748385747273
1209.4416343053183
1212.3968338648478
1212.1918756167095
1205.7710803349812
1208.6477550824484
1211.4404534657797
1212.8393492062887
1204.6204133351644
1211.2050739924114
1209.5219323158265
1203.4791923840842
1213.3475589434306
1205.6710499445596
1213.1647464752198
1215.4670716603598
1209.132565053304
1206.8609237035116
1205.4189480781556
1202.6490443547566
1200.3623209635416
1205.8476912498475
1208.0126598040263
1210.3693175315857
1200.4994506200155
1211.4823903083802
1203.6090488433838
1209.1713318188986
1206.8270210584005
1209.208318869273
1208.1170941670737
1206.4350110371909
1204.453603776296
1205.833091576894
1201.237334950765
1206.7800836881001
1201.945279788971
1202.1039479573567
1206.3524387041728
1203.0326894919078
1199.2174383481345
1202.9697989781698
1209.954567416509
1207.445756340027
1201.849405368169
1204.265672938029
1201.4648049990335
1201.289608001709
1207.7091631889343
1204.279396502177
1206.270236937205
1210.9686113039652
1203.6757600625356
1207.3694479942321
1200.3235683600108
1206.2461775779725
1205.9822704633077
1203.130873743693
1200.489391009013
1213.1548442522685
1209.7714770634968
1202.1202427228293
1208.7685994148255
1204.5000349362692
1211.969275156657
1203.3891951243083
1202.2020489374797
1204.4282752037047
1195.7312908490499
1201.519456322988
1198.4793118158975
1195.1001758257548
1201.3289434115093
1199.3130598862965
1201.7787251313528
1202.5176690419514
1198.795297686259
1204.0822836240134
1202.4736483573913
1194.908426920573
1209.4818864822387
1194.869005171458
1196.5592460314433
1199.721288140615
1199.6948803901673
1200.2176211992899
1203.451252555847
1206.3237562815348
1202.1731069087982
1205.9163482030233
1204.7581452687582
1203.644681708018
1208.288789097468
1198.5813184738158
1200.1820516268413
1200.5143349965413
1197.094740788142
1203.816586780548
1198.5562521298727
1198.3043797651926
1200.0570868968964
1200.8951361020406
1202.5505009969077
1201.662248802185
1191.3967840830485
1198.6098540941873
