743.6201185623805
641.4742753267288
606.1226796944936
583.5847731431326
568.979460589091
567.1811760346095
558.9507497946421
548.3988414208094
535.3342057307561
523.1711977958679
514.8585837443669
500.6569178263346
499.2034785270691
493.95857600371045
487.0712498267492
482.2834446191788
485.55135931968687
480.7246401230494
482.96665670077005
478.86095867156985
471.29479525089266
467.22107503414156
463.86903706391655
462.16374196211495
460.96408671538035
459.47474464575447
460.1729244311651
452.5280038197835
454.30960361162823
454.66885964870454
448.87727324565253
450.256286406517
448.17253057956697
442.040005060037
445.5552747646968
445.19560202757515
442.3767546415329
441.12340847651166
440.69042530854546
437.8629257440567
436.23177237908044
438.60917766888934
439.5126353740692
439.6126358350118
438.29372428655626
435.8000158945719
433.79217888911563
431.1556410034498
432.5109291156133
431.32635062535604
430.28598780234654
430.5580320239067
427.0020193338394
424.2209246953328
427.93749979734423
427.2561609109243
431.02152194976804
425.96840907732644
424.95367346604667
423.7384107430776
420.46521053711575
423.96309274435043
420.17283624807993
421.9452339331309
423.0836156050364
423.4820085644722
420.764014061292
421.6429765701294
420.01178887287773
414.6333509882291
419.2801003376643
416.4344302256902
418.590637421608
416.1265328168869
417.8604010105133
415.343388013045
413.06487567424773
416.4394059697787
417.6119698007902
415.1231114387512
411.72335793177285
415.8787383000056
409.9876226703326
411.71638354460396
413.60254036982855
415.7842474102974
414.54992553790413
414.822187936306
411.2695827682813
410.127209353447
409.9453490098318
410.7379267772039
413.9374846378962
407.9096156040827
411.25994859933854
409.5617242137591
405.67663187185923
412.6311681985855
405.66822451750437
402.85853833754857
404.649338499705
404.0639713962873
406.2323518196742
407.45083407560986
407.1946968873342
403.08549180825554
407.1649404923121
401.46126985549927
400.4586006800334
404.30400034586586
402.40142188866935
403.9121935248375
401.56907968918483
401.95488047997156
401.45847228368126
400.80383709669115
399.8520577867826
398.40210240681967
401.34969813426335
396.7256153027217
401.4567134300868
399.52816051244736
394.6927680492401
397.6522964835167
401.14800506830215
400.72014563481014
396.63336954116824
398.66164197524387
401.85831821362177
396.3372852921486
399.0840277592341
395.59064530531566
393.91824337641395
397.91662037769953
395.13888317743937
396.553388106823
397.3107868115107
392.3202087044716
392.64385846455895
393.8640696088473
392.76602422793707
394.0180164774259
396.9644420107206
394.40109336773554
397.07055821021396
393.4800843636195
395.34700989723206
394.76311715443927
394.7944114247958
394.62036010424293
388.77708928585054
389.9767743865649
390.48470290104547
387.29549046754835
392.98084341287614
394.64011678298317
393.68259541988374
389.8710812012354
389.1098122199376
391.57070615688957
390.05296134551367
385.1846130053202
388.8745693484942
384.07214647134145
391.0379136999448
391.8420892238617
392.248600824674
392.2001009861628
386.78636947075523
389.5792265733083
388.4062366724014
386.9413997848829
385.5536236524582
389.7609239975611
384.9872038602829
390.68050938447317
388.75122207403183
383.4727506796519
384.0000919898351
387.74435350100197
390.1914994676908
385.97586863040925
389.000232676665
386.099157889684
386.55947988828024
388.10696857770284
381.75116229454676
382.58254039287567
384.04300482670465
381.3532843987147
380.1412850022316
382.910766406854
382.12954906225207
387.4666071534157
386.4639764428139
382.94071538845697
381.5463367382685
382.065182252725
383.40641799767815
381.8561450242996
