790.9530402216418
559.5191894892988
509.9091078001877
471.2048314850906
443.80432841695585
416.481702146859
394.0278400223831
376.3241075071795
359.21456988926593
344.4650465537762
332.56243878397447
322.54325827236835
315.48278308736866
307.13396443169694
296.93051782147637
291.2723743997771
286.2948546902887
276.1753468102422
276.32176849759855
271.78815445406684
265.5096915261499
261.88994940396014
255.69915380149052
252.90668147185752
250.59427072261943
247.01619348854854
242.62709333156718
241.98589019117685
241.05680404038264
240.4941464785872
238.32004935988064
233.05322568992088
230.96373301538927
230.79252441176052
229.13045211496024
225.71449202504652
226.89956304944795
224.75891163431365
222.63903769953498
220.59649332227377
219.5472057112332
218.72334214736676
218.91099273747412
230.77740110200028
219.8829854521258
214.67268687281114
215.14626555607236
213.22589507596246
211.55255439363677
211.0791336996802
208.58979920683237
206.2988275330642
206.08844206662013
205.39547514915466
202.64788655988102
199.48352599143982
201.25819038522656
200.1563541025951
198.3217103440186
198.06282590175496
197.74691671338576
197.65722999901607
196.3452079789392
195.0058917012708
194.7648603833955
193.12026046884472
194.41187164701265
192.7092369507099
191.09257744509597
188.6611449636262
189.89549191244717
188.7075035572052
188.00238131654675
189.17254770624226
188.36085998600927
187.91824937688892
186.8404404171582
186.85829913205114
185.76099727893697
183.32652301623904
182.73375673540707
184.7521687746048
181.25141901805483
181.41541821792208
180.2401466451842
180.2150478856317
178.32772917994137
178.40014850682226
179.39038427122708
179.28646178081118
176.68753545859764
177.3499861914536
176.92834928529015
176.36867707351158
174.95239363456594
174.96921005742303
173.69554295211003
174.57307903108926
173.60615854838798
173.39388799667358
172.91182572677218
173.22927892619165
174.99261335668893
172.12762265780876
173.63575625830683
170.75831437521967
170.34695466222433
169.1172095989359
170.4334781457638
169.39211834299152
167.78518665659016
169.0268659098395
167.81717111324443
166.84670224683038
166.17084524549287
170.9953878624686
168.1068631246172
166.63220725799428
165.52249938044054
166.42447071239866
166.24491181866875
164.9640724083473
164.15283527045415
163.76902212767766
164.17458558904713
164.9086616984729
164.56582500194682
163.03668237965684
162.80701141521848
162.30442780461806
162.30498335279268
161.22784060445326
161.48830165534184
161.42633854109664
160.42907785136123
160.29358747087676
160.94678789993813
161.09668396259175
160.02688582190152
159.9504992304177
159.2100491605956
160.28621640698663
159.37931339083048
160.2298320449632
159.18420004844666
158.5109435730967
158.80134083484782
157.74099879840324
157.01745715634576
159.74742374337953
158.5852585948747
160.06158902727324
158.4914566114031
157.40160179138184
156.4878284684543
157.66064807464338
155.5666328833021
155.4750812711387
155.33713565201595
154.8959299654796
155.0076880126164
153.91824943443825
155.5308537401002
154.47013489953403
153.14607790420794
154.38418258880748
153.38949998082785
152.92818041094418
152.12269901818243
152.1892591016046
153.34056175988297
152.4425163885643
151.7724220300543
152.2499159533402
151.47555586387372
152.24953403144048
152.44972957002705
151.77337376413675
152.06728272602476
151.7353696247627
151.22671958495832
150.42522015653807
150.106598706081
150.71278709789803
151.66401819525095
149.740935099536
149.33064843868388
149.55685129247863
149.53812441332587
148.75522413335997
147.40015081290542
147.68070257943253
148.24282682764118
148.49246197733385
147.15813628147387
148.0335854415236
146.61126651435063
146.99308860713037
147.50196071739853
147.14079305221296
