399.90969444910684
185.45729310115178
161.9924917022387
143.83082047303517
134.1126504500707
121.95734753608704
115.21725038290023
106.44215752283732
101.21656696200371
95.79069935679436
94.63179346720378
88.79982567826907
86.32200147310893
80.09360308249792
79.07090252240499
74.51199595530828
73.56875827709834
72.17624616821607
70.03005810976029
65.91638057629267
64.67280950943629
62.86235115925471
61.09102487166722
60.07100498477618
59.366393426060675
57.50238031546275
54.88738082647323
54.5792950630188
53.64132083257039
53.18721682429314
51.6685758660237
50.817258145411806
48.448768399159114
48.485767463843025
48.32415151198705
46.975081100066504
46.290796573956804
45.793489798903465
44.191549901167555
43.22381782531738
42.7829019288222
41.303724666436516
41.4932823240757
39.81763187746207
40.111069764693575
37.81557775636514
37.22629353602727
36.83622984488805
36.24507270057996
35.803065192699435
35.123406612873076
35.21416259407997
33.933914825320244
33.09457117915154
32.982924769322075
31.09893138209979
30.616047024726868
30.012672127286592
29.91670179069042
29.852321776747704
29.533574323852857
28.09026411076387
27.86127565999826
27.07955812215805
26.780540508031844
26.139177998900415
25.805496184031167
25.63296436816454
25.198852347830933
24.570713584621746
24.06440991659959
23.950538622339568
23.631996393203735
22.63607988456885
23.285357709228993
22.577276703715324
22.60876911431551
21.605790921052296
22.086883638302485
21.357917591929436
20.751031518975893
20.931389255821706
21.00755163182815
20.70616987546285
20.55339536567529
20.36722767005364
20.38982949902614
19.90598599811395
19.58307033777237
19.674647569159667
19.411407188574472
19.04273042033116
18.38803122639656
18.29729995181163
17.9000594496727
18.215631058812143
17.369510502616563
17.569465330739817
17.385693975289662
17.153291720151902
16.523353677491347
16.628738517065845
16.638599358002345
16.18780019978682
16.040211178859074
15.731492596367994
15.735088748236498
15.326254889865716
14.893877081076305
14.919795461992424
14.907356330255668
14.646380610267322
14.470862395068009
14.385063475867112
14.280948000152906
13.986660412947337
13.85802284727494
13.81069271514813
13.770858336488406
13.761766330401104
13.450715652108192
13.367975840965906
13.094456148147582
12.876535000900427
12.77456167638302
12.956711899737517
12.643538178006809
12.479158431043228
12.316865401466687
12.131803742051124
11.877042928338051
12.093856889506181
11.728539434572061
11.731485393146674
11.626508210102717
11.73670335933566
11.508743956188361
11.447255725910265
11.266570060203472
11.188544233888388
11.306888726353645
11.180510707696278
10.903639440238475
10.827068252364795
10.744255731254816
10.654870648185412
10.548743878304958
10.334251311669748
10.296327251195908
10.394183939447005
10.298347384730976
10.071571835875512
10.036612902581691
9.968246981004874
9.952473687628904
9.922726054489612
9.904603155454
9.87576580097278
9.73223418816924
9.535968888302644
9.518694770087798
9.499007854610682
9.49956539645791
9.38197449768583
9.29545991420746
9.24255338460207
9.172367832064628
9.174631260087093
9.140017058203618
8.989665252466997
9.061405553668738
8.96865573078394
8.903805971642335
8.774106184144815
8.909640368322531
8.74642349605759
8.691691608726979
8.58669643898805
8.585457098235686
8.518026563028494
8.47313263292114
8.416943590839704
8.357883632928132
8.380636280030012
8.312610474477212
8.28294106076161
8.169401913384597
8.254763993124167
8.1040636472404
8.046461626638969
7.933420133590698
7.915027985225121
7.919087443252405
7.815643804520368
7.759250175456206
7.822896604736646
7.797845677783092
7.65842988366882
7.713529580583175
7.667213714122772
