9.630668057449933
6.306193616626592
5.308637333584243
5.0814807770838
4.684226510082853
4.417741561758107
4.167756004194761
4.14045450014287
3.8992789168681563
3.70230374658673
3.574492725896938
3.3211011503790986
3.2180568977933506
3.111297324620958
3.069353757040768
2.924070305223095
2.9248892387439467
2.774875012194288
2.843985406617666
2.757440618721062
2.6863051199450574
2.6461693113348606
2.6480629471098553
2.5754469042836594
2.6477019808672626
2.624381543618852
2.642837773237763
2.630737643945834
2.62219537120184
2.5801031093659073
2.5485952294849117
2.538047676006782
2.5101245229999565
2.538535024135791
2.471238917317884
2.437484011439414
2.5187308121601055
2.4793061687900075
2.5505817639802038
2.3927385708766766
2.445670556919328
2.4585083132802414
2.466056309383491
2.3582395026781438
2.3955297286397426
2.4935946506929807
2.36526150956493
2.3994969592012207
2.4394206566543413
2.3372770018618683
2.3589441758291474
2.327954707859919
2.334236476634597
2.3239432178951542
2.252800295707481
2.2548379245503196
2.216014835212765
2.2126800126942068
2.2325155809521675
2.1927254036839665
2.1552074999259463
2.173184492785869
2.1835647689114355
2.176012350695914
2.1625941263447546
2.088788773992966
2.1017502238010537
2.13192790361314
2.1476202125436274
2.157294383015612
2.0756340691627098
2.1233692514742244
2.0904070379148267
2.047178274662844
2.039535619960777
2.122724819157658
2.072325027130287
2.007765838234075
2.0709448162594746
2.0680638336544406
2.0546309715458033
2.102887480744514
2.0248690206429054
2.0445171025549542
2.0591917498486825
2.0297305000110946
2.0491212167745005
1.968980537213642
2.002624634396413
2.0258852007060217
1.9881046571094414
2.0309247643012425
1.9984615898273628
2.0089529524075576
2.024941640681234
1.9537708860789906
1.981496799737215
1.9433182341785267
1.9219239574439566
1.9705265542042667
2.0077842653825364
1.9346542014772523
1.9864701325202296
1.965889772336031
1.9680040637352343
1.9329976542884935
1.9453218206763268
1.9133920256562273
1.9242872082596194
1.9150406903876314
1.9094350611598327
1.9316185925412794
1.9968894377736182
1.9629596796785962
1.8754156125902102
1.937828492373228
1.8811526091705109
1.891603037201125
1.8918672561131675
1.927031668095753
1.897547464400273
1.905592848771605
1.9038799181259398
1.8721924259744842
1.8866917722184082
1.898309532520843
1.8731048340941299
1.8864694411127731
1.9092378952893718
1.8653569253932298
1.8478212612199372
1.8517817484921422
1.913027715772904
1.850389223224644
1.898200769619695
1.8460580370035664
1.8844013170435512
1.8743704247834354
1.8580133041431164
1.8867415883417786
1.8482895390740757
1.8552460260046968
1.840466545830513
1.894051283084113
1.919885471206287
1.9164372003990515
1.8645473511825348
1.8476409657761967
1.871370314331404
1.8356170162622785
1.8490245772589897
1.8517947384509548
1.8094040123296196
1.8234709571918537
1.8771572250487476
1.8039796199521114
1.8523103350066934
1.8405176393430809
1.8341391429561993
1.8193879782318556
1.8437118469898044
1.9122323131766812
1.8779241491494507
1.887345703768319
1.8597940405638054
1.8536247955314045
1.8420926740971104
1.8271432830470389
1.8038673787538348
1.8462990599459614
1.7888523288199614
1.8697820810023054
1.829847799517728
1.8167358344613478
1.8439489691036528
1.8278521567518855
1.7693316290026595
1.8215999710534154
1.8579885556908518
1.8250523257101405
1.8075476099319499
1.7795406777154783
1.8038483092497135
1.8039189539207467
1.816100963744624
1.8023286994932026
1.8055353215092729
1.8065599347625314
1.7851514938319553
1.7972414037533875
1.812292577377681
1.832571632517823
1.795116185306989
1.7761485772528525
1.7925402582141345
1.7840588221583387
1.8070570470701004
1.7991829037923237
1.7693181085111251
1.8080318584588582
