-169.87845749060313
-224.54325853983562
-224.1190232594808
-218.6585994164149
-229.4494192957878
-233.37009127934775
-233.57796059449512
-226.37181203365327
-228.33930755058924
-235.13586951096852
-226.4279397726059
-230.33858246803283
-235.1545846382777
-238.48573304812115
-240.21036059856414
-239.18170409997305
-237.60756265322368
-230.7371989130974
-233.22693363428115
-234.35536060730615
-236.5784678697586
-234.76986525058746
-235.5189027627309
-236.72740962107977
-238.88769334952036
-237.25593328475952
-236.76316058635712
-237.95898609161378
-236.4960208773613
-237.43658150434493
-237.01554971536
-233.7098217288653
-232.6480743567149
-235.54528471628825
-237.4732183933258
-238.26576906840006
-239.90309438705444
-238.58943083286286
-238.93658176263173
-237.58694705168406
-237.60463202397028
-238.8617539167404
-239.74414304494857
-238.021304444472
-237.35556083520254
-235.87922197580338
-235.23080565134686
-237.62213176091512
-239.9899256547292
-241.63141039609908
-240.45836554368336
-240.62731335163116
-239.8823448340098
-238.2621296008428
-237.90557679335276
-238.19444176355998
-237.4838653167089
-240.3904042204221
-241.43005380630493
-241.21161568164825
-239.83901995023092
-239.90777539809545
-239.37014787197114
-239.37059319019318
-240.91187509298325
-238.84344651699067
-238.55223755836488
-240.7808436512947
-239.06869180997214
-237.10674951871235
-238.26402895847957
-241.0107904990514
-241.5797473748525
-239.84317115545272
-238.75880746841432
-238.22561645905176
-234.43601372639338
-236.17224325339
-240.80861966609956
-240.13134014606476
-240.0186004559199
-239.54190194209417
-234.45686237017313
-237.3296865582466
-238.21344957351684
-239.87900813817978
-240.06257582505543
-239.8599119901657
-239.96262735128403
-240.37113590240477
-241.30968912442526
-240.52241322994232
-240.06720206737518
-241.03789018789928
-241.4892653942108
-242.04281820853552
-241.48435280323028
-240.9140392223994
-240.27220120429993
-241.31913681030272
-240.70806266466778
-240.63884874184927
-241.31039925416312
-242.04623196919758
-239.03789984782537
-240.42865073680878
-241.10866737365723
-241.84232325553893
-242.59421385924023
-242.6050021489461
-241.65828872521718
-242.4394485791524
-242.6176196495692
-242.28718135356903
-241.40618070761363
-241.33609437147777
-241.37522799968718
-239.16227532625197
-240.93067608674366
-240.33873270750047
-239.47272528012593
-239.67761301994324
-240.83288820187252
-242.05682357947032
-240.8865879058838
-240.9304088195165
-239.25952192942302
-239.3359240690867
-241.48270866076152
-240.86737129688262
-238.9870437145233
-236.15532133579254
-238.68371798992158
-239.4461286385854
-239.86390236616134
-240.24949639638265
-239.83832178910572
-241.25234163602192
-239.10232966740926
-238.6031489610672
-239.94970004558564
-239.89711923599242
-239.13091259797415
-240.59027889966964
-241.68454302151997
-240.0129627466202
-240.05100348790486
-238.29145706892012
-237.0789734363556
-239.60151968797047
-240.01780767440795
-234.6894689957301
-233.70294422308604
-237.27054775555928
-237.42159113089244
-237.1395431836446
-239.65654442310333
-238.40565234820048
-240.63758760293325
-240.30170328617095
-240.2168028831482
-241.16213573614758
-241.1475075364113
-241.74061721960703
-242.1657331307729
-241.56968637307486
-241.63270970980327
-240.77185903390247
-240.6956063747406
-240.35083951155346
-237.59977072874705
-239.5398437579473
-238.557963569959
-237.59479361375173
-236.07717781066896
-235.96011533737183
-238.05115380684535
-239.9542160511017
-238.18107957839965
-237.12311168114346
-234.54898240566254
-235.09512973626454
-236.97971693674722
-239.67731572786968
-240.1597563902537
-240.57325363556544
-240.50847090880077
-240.55013673305513
-240.82972912788392
-240.89014279445013
-240.33486867745717
-240.18583845297496
-238.83922046422958
-237.57970144748688
-239.68601069847742
-240.64028101364772
-241.3808924595515
-241.25150526762008
-241.2179414987564
-238.9356954932213
