213.41933377857865
151.01416524936414
124.2009196404753
106.76517000280577
96.30672237790864
87.23164691185129
80.08933382198728
74.14831133546501
68.81981236461935
63.65733970136478
61.78193928044418
58.29904982653157
56.24135449425928
54.64165694035333
54.08604342978576
51.49599577948965
49.464775220073506
48.16271684087556
44.927894357977245
43.65903581113651
40.73162559805245
41.26165345105632
37.971564567294614
36.18759107949405
35.24442228983189
35.979281825752096
34.44054044526199
32.94453702199048
34.240842161507445
32.13826039639012
32.135219075556456
31.82749642431736
29.606497708065756
30.35539449391694
28.94795806757335
28.974522245341333
28.78777610330746
28.226777030990043
28.233400809353796
27.39959211390594
26.12599457081022
25.71912795767702
26.037790694113436
23.559903524559118
24.1448076100185
23.18356812488416
23.863671192835117
23.35137473766146
24.172089024864395
22.14905060172595
23.28882958585846
22.55754416153349
21.571863023885363
21.309424170132342
19.873152209638523
20.22020326195092
19.377807459954557
18.790720139598026
20.464847573946262
19.4215914668708
18.304360216515587
18.449154174533383
17.77590916125939
17.870854663694725
18.262567774745925
17.799425070141925
17.711436656014673
17.94787931211036
16.22888526885674
15.658228682803697
15.919057226001188
15.900710201212044
15.883701200372187
14.722301040615502
15.623073614363012
14.60425946822968
16.68608646473751
14.892501532196485
14.239457068547349
14.370753190608632
13.777951824398519
14.186894631205961
12.423947800336213
13.764745147063815
13.312631740202677
12.883516600291276
12.921511456113437
13.526346882740999
12.873012787694561
12.853975526197685
12.657364139172795
11.074971856870528
12.324756256208337
12.473408368640932
12.506813686196532
11.689306437840749
12.970087514869098
11.681983454217171
11.436149360909095
10.94390903850054
10.512386354778346
11.185376975428442
10.880985041967882
10.513617331162095
9.54596651075729
10.312457132442244
10.711621325334598
10.552466885218847
10.608346856745152
9.28338841310349
10.348006688572209
9.983250484801829
9.873749758662848
9.600881811359834
8.973957766537907
10.36474775619291
10.274901248900028
9.720444017443164
9.5156589704084
7.143468547997804
9.45905957864758
9.171692321655051
9.665802717170726
8.15519417668211
9.25304555610336
8.318103250501485
8.817676493319972
7.621158414793297
9.718777790826199
8.246435254298408
7.548898849829004
7.785724221632399
8.078934042361276
7.546924199780514
7.860148199271925
7.814197708820474
6.966340762659393
8.596957025856808
7.369779593214907
7.785804210551854
6.501222565256316
6.955939652333999
7.190560312877441
6.888556876829986
6.4474034442983825
6.388511420323931
7.516467827789742
7.446081262338778
6.3768007996781115
6.740743610879471
6.442229942065374
5.9793291870376155
6.151638184513511
6.766988717404933
6.849890545652858
5.46230043136868
5.86179590016475
6.410478723203314
5.284125455237668
5.118285450699
5.297279421882383
5.96597370357606
5.640291753000226
5.598665290094655
4.973982371646782
5.634011637162546
5.550031696414125
5.17894987633516
5.489572455913856
5.318688923171882
5.4310052510479405
4.6984487805387065
4.282783671185888
5.935149598095951
5.122819956520508
4.615577723188647
4.561872337398858
4.16489480230315
4.362629684394803
4.66848854977509
3.92976579840841
4.52973774460883
5.928785183691773
3.232189373787621
4.067856062075188
3.796695182806459
4.436999330232883
3.5641081757072746
3.7016159717378945
3.6139135900242576
3.003784490299636
3.763315586437439
3.8474558476872485
4.638581658231801
3.928433305230634
2.3206700202206085
4.162031308458797
4.991761028252799
3.1627613255304508
3.865790009659169
