251.0247569988514
246.20979003248544
242.82686223243846
240.40117463983339
239.55680014758275
237.4569598724102
237.5370686835256
235.59000297661484
234.2609394418782
235.57612569167696
234.3961866518547
234.66418961820932
233.4117024972521
234.08337409742947
231.6261640622698
233.6203954096498
230.34101672830252
230.4319305995415
231.38466014944274
231.4083294539616
232.94699455129688
232.32717146955687
231.07797905494428
228.6537343263626
228.74732911997828
229.14827709362424
229.47111567135514
231.21270267305704
230.41382554892837
229.65049375747813
229.6166721417986
228.5547181737834
228.98716668424936
230.48295869498418
229.38620895352858
229.7036672419515
226.55700552463531
228.56991219109503
229.31939525028756
227.09596020188826
228.4786743377817
228.36796876890907
226.19492696893627
229.44264834502647
228.9198443519658
227.54548303834324
227.66518340028566
226.54785357261525
227.3387342732528
227.76698995869737
229.17056971582872
229.95179392140489
227.21340382510218
228.14972857360183
228.50714150379443
224.72449547668984
228.20411094714856
226.8284816084237
228.6023197338499
226.28686093461926
227.1566425931865
229.17986649069292
228.03603582546629
224.39289001760812
225.76004665884477
227.87154837723435
226.01371276789698
225.79850164364123
225.5805296692355
227.36418593340906
223.9504190765578
225.5245920789653
227.04240699061032
225.53847794697202
226.2942377863259
227.39505364566014
227.62061138399716
225.87747068240725
225.9551637542659
227.38817808134803
225.32171395729327
226.76745673705793
226.4798206008714
226.76565301007238
224.13619800271658
228.61917657687746
226.2398107216276
225.78515607735207
226.59332235928238
227.25484229367356
227.09878862726276
227.08690962298164
224.2785850845534
226.67780315053875
225.77576771686816
225.72272981857432
224.3292325036279
226.475007817663
225.0104292096763
227.07569060654475
223.20696874322562
225.3981840857144
224.39746763377354
226.77365455545228
226.4717229522508
224.38064188381722
226.79904454329917
224.29426037443096
223.57387596163255
224.35857168148303
224.628907195453
225.58544806776376
224.4633945391096
225.9077263495018
224.68190163990548
223.05877328741138
223.65623029347122
223.32024342849337
225.71978944745558
223.39097219500047
222.69395885796382
225.23580383021255
225.6601534424157
223.49292702921505
223.20976429561088
226.74989257187679
225.04691088610682
224.4489309582217
225.63345276487286
224.1232027103161
224.75403629089223
225.30003121803546
225.62820908941072
224.21266520023346
224.73182138081253
227.06050355681057
225.4092723336713
224.32108770567794
225.22344720774683
222.70140183794086
224.81623674261158
224.51516874083157
223.24219049256425
222.0958536287834
225.74722110814062
223.40404309486522
223.23964652110791
222.91436114804497
224.4308248388356
223.2257378553522
223.25086304237104
224.70468379711284
224.37921933881168
225.24644840996842
223.32901716643366
222.0976518145923
223.19087499996712
224.18232922718443
224.02722100553842
223.2915929884746
223.40950418340748
223.98367626913662
224.23860248615003
221.46411411104532
221.7090405924567
223.35734901757075
222.18031643587966
223.94489685420334
223.24332987440044
224.39824473035748
222.59146203254832
222.64110312790706
223.68703652250355
224.39131722368043
222.59037231576855
223.69091969934004
223.07893113021194
222.76404591264395
224.68515929271436
224.09712582210014
222.62794262376326
224.81338437672318
222.9134125668427
224.60849156461913
222.48173805351914
223.19831572729964
222.2771708307595
222.7121093396483
222.189634643752
223.14791138007723
223.0795849972758
223.79591299336533
222.08408130859507
224.72464495280693
221.79570709425826
223.99744497907574
224.28908267514458
222.68703411365377
222.28515579782683
223.33610512470378
