-35.71647284527619
-104.04101704955102
-152.6010091304779
-171.66900646686554
-177.62991944551467
-182.81850690046946
-186.34547627369562
-191.65021986166636
-194.2642833630244
-197.6818961938222
-201.38490199247997
-202.53929427464803
-205.98685485124588
-208.39987756411236
-209.80385971864064
-211.84476782480877
-212.9083671371142
-213.77272816499075
-215.79803241093953
-215.7907574613889
-217.28760282198587
-217.23508516947427
-218.60815212726592
-217.49041041533152
-218.54350807269415
-217.9007762114207
-217.78407190640766
-218.1434151649475
-219.4675866007805
-220.59522802035013
-220.7245988925298
-220.47666225830713
-220.32279578844705
-221.59362845023472
-221.97436939875286
-222.72746548652648
-223.4312395175298
-222.15237793922424
-221.57518461147944
-221.09562786022823
-221.6762990951538
-220.4155493736267
-219.68521196444829
-218.98146729866664
-220.44991761048635
-219.38931795756022
-218.07074440320332
-220.20140905380248
-220.3808112780253
-219.38664943377177
-219.72981222073238
-219.78841292063396
-218.99879886309307
-221.96664301156997
-223.8204903205236
-222.42408470312753
-223.5455489118894
-223.43787347078325
-223.3847145954768
-222.9568736632665
-222.98211626609165
-221.04097168048222
-221.2532443443934
-220.4792695681254
-220.87520892620086
-222.94976613521575
-222.90121666987736
-222.982386525472
-223.67177664438884
-223.0044748544693
-222.8734259446462
-221.96429193019867
-221.1619739294052
-221.28156608343124
-220.73784046967825
-222.06802944342294
-221.94468190670014
-221.50896415313085
-220.82591108083724
-221.4383639494578
-222.16785648663839
-224.21982388099033
-225.3066467364629
-225.82577160199483
-225.9712954680125
-226.78853216965993
-226.35581223964692
-225.939172911644
-226.27877713044484
-226.88075747887294
-226.93853811422983
-227.8005090991656
-228.27889399131138
-227.60501635074615
-227.74915973742802
-228.38653054237366
-228.99338692824045
-230.10813057820002
-228.41382844448088
-228.27680066426595
-226.80755989551545
-224.73537180423736
-223.00292880535125
-229.1379060268402
-229.19228967825572
-229.80165573358536
-230.21951411565144
-232.12070726950964
-232.8795652071635
-230.39937442938486
-232.01627234617868
-231.62641213734943
-229.22767889499664
-226.5944018125534
-232.24877598285676
-230.67967212200165
-230.9927825609843
-231.74443684816362
-232.55291175842285
-231.8450794537862
-233.14167838891348
-233.86245305538176
-232.53270621299743
-234.3032783349355
-234.93607791264853
-234.67005949815115
-235.28443738619487
-235.22085147301357
-234.1264642437299
-234.84151273568472
-234.30906419356663
-233.99496562083561
-235.22146082719166
-236.8154367486636
-237.46784367958705
-236.62315336465835
-237.55781280199687
-236.3979089975357
-235.63071455160778
-233.04416623910268
-237.88587106068928
-237.8612892071406
-236.6619263569514
-236.59544901450474
-238.89439778327943
-238.53871474266052
-238.83618576129277
-236.88743603626887
-234.45480955441792
-238.61045317649842
-238.59576450188953
-238.7766922990481
-237.94908708731333
-237.0279116153717
-237.19382666746776
-238.23675351937612
-238.92475794951122
-236.98856074810027
-236.2666384299596
-238.54430940945943
-237.9937102119128
-239.75689574082693
-239.13525194327036
-240.0678906440735
-239.49001692930858
-239.34944972991943
-239.88922353585562
-239.91581774950026
-239.1559487740199
-238.65632310311
-237.29190861384075
-238.29606838226317
-240.302186413606
-241.5258104642232
-242.20888987382253
-242.2691496570905
-242.5874880393346
-243.41056315104166
-243.38850524425507
-243.53227371374766
-243.18767879009246
-242.96030445893606
-242.731588045756
-242.3815404812495
-242.45568654139836
-242.62637414932252
-243.15802859067918
-243.50451683600744
-242.28169912497202
-240.77793698310853
-241.82781400680543
-241.20839089155197
-241.52851725419362
-241.5691937685013
-237.84615098635356
-237.03277684847515
-240.261437189579
-241.94543656110764
-241.6423041820526
-241.48566032648085
