3523.3401226679484
2396.3895128885906
1968.0955870946248
1721.3791060129802
1544.046634165446
1414.7868131955465
1312.0278136571249
1225.841043694814
1165.172171274821
1119.0369672139486
1065.1175170580545
1034.9678396542868
1004.593486626943
964.2461282412211
942.811144065857
917.434829680125
895.8741238276164
869.4020155588786
852.454015604655
836.1409218152364
827.8762772878011
812.5575850168864
796.1735504468282
778.8535506566366
763.8148471991221
749.7194847424825
739.7767490069072
727.721691608429
716.6133271853129
709.4677456219991
703.148205391566
692.3250098864238
685.8624237060546
679.3282545407613
671.0561523278554
661.9248063882192
653.2943603197733
644.6656101067861
642.2030754248301
633.2843213558197
628.6167424043019
625.413218832016
620.9370894749959
612.2961287975311
610.8374829451243
607.3304942448934
608.4586044947306
602.404344701767
602.6759179751078
602.367862590154
586.7904693603516
586.933145570755
582.1891860167185
582.6826395511628
579.2957839647929
571.8325757344563
569.5638536771138
565.2200117270152
561.0341386795044
557.0287524700165
557.567333094279
555.2825077692668
549.4681525230408
544.182757250468
545.2890168825785
539.0625191847483
540.5910856882731
532.8803761323293
536.2066607952117
531.1104659557343
528.5948151111603
530.3737329641978
526.9914701302846
524.4481687863668
521.0625522931417
517.2520651817322
515.0762316226959
512.4751041730245
514.0238958199819
506.0787182966868
508.3641263961792
505.88912943204247
504.6719266096751
503.5578155040741
501.3062894185384
501.5664186795553
500.4683852672577
498.42524474461874
495.91472433408103
493.8417947769165
490.1840183575948
490.8264119784037
490.3928013483683
490.2778166770935
490.31765807469685
493.4008245944977
488.69042822519935
485.7779076894124
488.0740012804667
484.2770683924357
479.70933982531227
480.0084395567576
477.3845528125763
475.57337396939596
473.4710482438405
476.9305996417999
470.7723721822103
472.1745112101237
470.1818676630656
468.4153294404348
471.2743032137553
471.34019786516825
475.4865219593048
471.4803610165914
467.79362738927205
471.8443686803182
465.09767546653745
461.6424038092295
458.2873379548391
459.5298197428385
464.9401528676351
460.69900668462117
459.60886006355287
454.51261417071026
455.8246581395467
450.81231015523275
456.2835822264353
453.8120272318522
455.8805309772491
454.4765346368154
450.02986782391866
447.88046587308247
445.1704987684886
449.78061288197836
447.3853706677755
446.2774025440216
440.67981092135113
443.35800078709923
443.04500857988995
442.89465975761414
442.1149733543396
440.42459591229755
439.42200393676757
443.6156284968058
440.01925633748374
436.3432597160339
436.40139667193097
438.00182569821675
441.8137536684672
436.0094430287679
433.32597160339355
436.4166628360748
434.58921111424763
432.9705464363098
437.39804298082987
434.4590616067251
435.71651571591696
434.87430593172706
430.08154390652976
429.6485511779785
429.1017711480459
431.58849137624105
429.9406973203023
431.4268221219381
428.06565674146015
426.3349007606506
429.44167613983154
426.34072381655375
426.4675133864085
424.26571555137633
422.90216194788616
420.49012303352356
423.9353353500366
422.43534425099693
423.5144907315572
418.3930109341939
421.37424003283184
423.2129010836283
422.513116534551
417.8382630825043
419.4977927049001
418.2077058792114
419.1062908490499
417.1437690893809
417.4753364721934
418.4661312262217
417.7238478183746
417.8003404935201
414.4081078529358
414.4406434218089
418.20254991849265
416.7513043721517
413.5196134726206
411.55633913675945
415.3017429987589
413.0518215020498
414.86597935358685
415.9828540802002
412.009372138977
415.55439217885333
