302.46191019847475
199.76173097511818
171.87357450353687
157.60002261194688
149.18498408383337
140.04675866817607
132.82223287122002
125.91878524730946
119.13539061875179
117.52415152253776
113.59765168716167
112.0799163209981
110.38514682342266
107.88653732784863
106.61673371956266
105.25707776382052
103.74263895380086
103.10780695183524
103.0781744924085
100.14738300339928
98.74577795225998
97.22184077624617
98.14221218331107
95.14668449656716
95.3358406773929
95.70604878047416
92.96910573490734
92.37773383074793
91.9249620684262
91.87004724864302
90.70233228699914
90.77293038162692
90.37546520192048
89.18584877869179
90.16006772682584
88.97900840331768
85.80780066292861
86.52542651932815
88.78644879933061
86.58205886750386
87.8278803743165
85.96114119579052
84.40710358578583
85.41593233059193
84.41799391549209
84.038414490634
84.94568410413018
82.05422135879253
81.89688075821975
83.44608406773929
83.31984106836647
83.64218937117478
83.61717397591164
82.48364524183602
80.45431554317474
79.4189333134684
79.21427091647838
80.23618308017994
79.9972259772235
79.97420103591064
79.54496323240214
78.84334340999867
77.81387506682297
77.36202097350153
77.79516600740367
77.7997976911479
76.70710132039827
75.88184292357543
77.30577728666108
77.26732122487036
76.33327815039405
77.61607008761374
75.8776394601526
76.10592940758015
78.3372848157225
76.44920895634026
75.16192189167286
74.77085692718111
74.19409171055104
75.29643208199533
73.99273890462415
73.69237558389533
73.72005232449236
75.53120993745738
73.3536737252926
73.8892897285264
73.2843932612189
74.05810315855618
72.91308913559749
71.20258434065457
71.56769595063966
72.83762713752944
71.29420675080398
71.91331151230582
71.58935209800457
70.74402377112159
70.3630001586059
69.87729285092189
70.93887819298382
71.56678639609238
70.07145713937693
70.48933250123056
69.79304839002675
70.04408739764115
69.15487982281323
68.90543210506439
69.59411168920583
69.43212298483684
70.28319866081765
68.8667259997335
68.1242795771566
68.81014365163342
69.44694477114184
68.86927499031198
68.77580924075225
68.63595245007811
68.24522956486406
68.76389352000993
68.33676390195716
67.3599190958615
67.50955958818567
67.51958930903467
67.51818083483597
68.63905193682375
68.09225482365181
66.63356693037625
66.75128171567259
66.57422486255909
67.06435585844106
66.075216176181
67.14802216661387
66.43077958041223
65.77183907401972
65.33744356138953
65.03324757773301
65.7514226313295
66.20874936416232
65.06340351598016
65.08900022506714
64.64871738902454
65.88791962122095
65.4941604342954
64.9209506182835
65.72554177456888
65.24279378816999
64.66536501769362
65.00971704926984
64.80048350630135
63.48838456540272
63.487752951424696
64.2069077471207
64.15208183485886
63.271349987079354
64.13548607045206
64.33733917515853
64.00663815284598
64.1633569474878
63.58825799514507
64.71937527944301
63.336576691989244
63.49623217459383
62.39933872633967
63.271302675378735
62.513832834260214
61.626265441549236
62.570092234118235
62.73952143151185
62.87684501861704
61.934963000231775
62.19379236574831
63.32117672213192
63.22507388016273
61.999134417237904
62.09051142478811
61.51974849454288
62.522713969493736
61.125997062387135
62.313407223800134
61.040028066470704
61.36585156259866
61.4761518116655
61.93567118562501
60.95437247588717
61.74148594305433
60.833775407281415
60.608367708222616
61.22103171512998
60.62583544336516
59.96786190518017
61.01698291301727
61.58906805309756
59.99588636283217
60.26029646807704
60.2834360167898
59.77769278041248
58.87751249198256
58.927637196820356
59.75223947393483
60.55104965793675
60.72455721065916
