1322.5950339635212
1292.655435403188
1291.7671069145204
1272.1571651140848
1269.651909192403
1272.5804460843403
1263.983069928487
1261.5313208897908
1256.0676528612773
1253.1757314999898
1248.580663839976
1245.8377470652263
1241.567691230774
1251.4797066370645
1252.555872408549
1244.435797182719
1249.3283436139425
1244.2637040138245
1241.0841325441995
1234.6485834121704
1238.4895588874817
1235.0492164611817
1243.52668132782
1232.359251085917
1233.9686403274536
1227.1544593493143
1232.9348154703775
1232.8058214505513
1236.2120039304098
1233.9355525334677
1234.3411343256632
1229.8954870224
1225.8312721570333
1226.776086393992
1230.2058423042297
1227.561894416809
1228.644129594167
1225.349858379364
1227.7710702578227
1222.1403155644734
1218.5767821629843
1224.0842226982118
1216.1521801948547
1218.181332619985
1223.865141805013
1211.5959023475648
1222.044817352295
1219.6579853375754
1216.3510173797608
1220.1565669695535
1220.6861092885335
1213.7004506746928
1217.604316329956
1217.8415845870973
1214.1142346700033
1214.0943156560263
1218.128547859192
1212.9305994987487
1219.2828734397888
1216.489097436269
1225.154288228353
1215.4075846354167
1213.1334281603495
1218.8623728752136
1213.313665707906
1212.1751944541932
1212.026896349589
1214.3758268674214
1213.5416836420695
1221.5865175565084
1210.5640422503154
1206.685939057668
1209.3877166112263
1216.893928941091
1213.8758962313334
1211.7089764595032
1210.903677113851
1209.775075260798
1210.3457136789957
1214.1076650619507
1208.520437812805
1208.9182839711507
1218.700809319814
1208.6466262499491
1211.699831199646
1216.4416211446126
1204.7979623158774
1204.3697620391845
1205.333616956075
1213.795779800415
1203.3493766784668
1211.0249994595845
1206.6589376449585
1216.411154015859
1209.481836859385
1203.8790589014689
1212.707580693563
1206.7494902133942
1212.126175403595
1205.3494914372761
1203.6470443725586
1207.8798481623332
1205.9885883013408
1206.2831661860148
1203.9825573921203
1202.419403998057
1212.4515577634177
1213.722143014272
1205.8612950325012
1207.0212481180827
1204.8463320096334
1207.0625622908274
1210.7265705744426
1201.5599708716074
1205.4988302866618
1210.00575726827
1206.0668200969696
1198.318819840749
1207.475547917684
1205.3639220555624
1206.8261394500732
1205.290765317281
1202.149739265442
1211.8573585510253
1207.587966601054
1208.499987220764
1206.7876646200816
1207.604164536794
1204.0325811386108
1209.728041489919
1205.1403332074483
1204.0357024510702
1203.515383529663
1202.820183436076
1208.3921790440877
1205.6437074979146
1206.9789050738016
1203.3270532131196
1210.7317612012228
1200.2675957679749
1206.3954788843791
1203.9549949963887
1203.0722754478454
1211.4065890630086
1207.8668288230897
1200.317225488027
1198.6503792126973
1202.0886947155
1199.1877093315125
1203.871900876363
1198.6647905985515
1201.66111536026
1204.7660656293233
1199.1277720769247
1205.7248421351114
1208.0005449930827
1196.359154478709
1198.576078637441
1201.2506959279378
1200.7895199775696
1199.5879276275634
1198.107144800822
1197.5751730283102
1206.1147062301636
1204.132724380493
1200.9479394276937
1197.520352268219
1194.670977306366
1200.5909858703612
1197.2464364051818
1203.2962255795796
1196.0263379096984
1208.110078048706
1204.7780865987143
1195.5418440024057
1208.4544880549113
1197.5967712084453
1199.3140623728434
1195.6641151110332
1201.4431624094645
1204.6770460446676
1202.3034653663635
1200.4631940205893
1202.9156158924102
1202.059654267629
1197.6315394878388
1199.6708727677662
1200.3251425425212
1206.2065186182658
1198.1270931561787
1200.0594659487406
1197.689808177948
1195.418881257375
1197.8934823354086
1208.8034636179607
1202.6670261065165
1199.484370581309
1197.053780968984
1204.8122391064962
1193.9397514979044
