-53.260550131571705
-58.51713370660256
-59.318715287693614
-59.817069902502254
-60.68122506861029
-60.56452826179307
-60.35377566978849
-60.56943660563436
-60.660008402733965
-60.637187620689126
-60.999981678765394
-60.65762012066512
-61.44321542053387
-61.58820724281772
-61.46342512245836
-61.630019804527016
-61.481570136958155
-61.34471191414471
-61.49225426953414
-61.59795679306162
-61.60200678480083
-61.7448470099219
-61.85122473486538
-61.641809148007425
-61.853179785712015
-61.591865202476235
-61.631229026564235
-61.16831127939553
-61.30681593253695
-61.679917520490186
-61.876712868953575
-61.80615492319239
-61.653873925579006
-61.81400595451223
-61.8928598412152
-61.855361646619336
-61.6869194990602
-61.77242824743534
-61.91611510515213
-61.936841855789055
-61.73237225310556
-61.91103463645639
-62.08582615235756
-61.94716473797272
-61.89297314142359
-61.96223115509954
-61.943043115837824
-62.036322848550206
-61.98424178464659
-61.94698819620856
-61.93638471077229
-61.986666936298896
-61.973660351901216
-62.01118514866665
-62.09630525317685
-61.95542297075535
-61.93234088708614
-61.958663021696026
-62.064673929378905
-61.95371824708478
-61.91775304181822
-62.17182863580769
-62.17900232199965
-62.22253667691658
-62.166803610735926
-62.19103118263442
-62.18259847986287
-62.119641479747045
-62.132300751990286
-62.103237380241524
-61.95865007104545
-62.26411322684124
-62.3509703052455
-62.364877820014954
-62.29758477519299
-62.17227012330088
-62.16412760060409
-62.15231783328385
-61.92152954175555
-62.16018283367157
-62.14898894778614
-62.20807017129043
-62.16462955598173
-62.118254469386464
-62.149727636370166
-62.15938399577963
-62.089759004527124
-62.01031796274514
-62.05176272268953
-62.09838211947474
-62.06537385439051
-62.04950655739883
-62.08110565358195
-61.982321911844714
-61.926123086748454
-62.008831914128926
-62.026861821783
-62.15368659537414
-62.12093784069193
-62.13732608536194
-62.070360481739044
-62.125862986877046
-61.99370527678523
-61.948562773137255
-61.7659302230539
-61.7883366048336
-61.75995284524457
-61.653343578864785
-61.8718976923104
-61.92520101214277
-62.002215514922966
-61.86111590368994
-61.96015509860269
-61.802777188605276
-61.83413558170713
-61.92575305494769
-61.95323595712925
-61.9532213807106
-61.82031835050419
-61.73892933130264
-62.120240472514055
-62.211634015214855
-61.92673727458921
-62.183422142061694
-62.29208072917215
-62.13623244597994
-62.04746142954662
-62.01715565960983
-62.01713912343157
-62.00076453336354
-62.119866152261864
-62.09302624443482
-62.47178905688483
-62.40943003831239
-62.533140427079694
-62.79592972068951
-62.50251610525723
-62.20324176138845
-62.394659615796186
-62.24666142669217
-62.377586846721584
-62.15157805845655
-62.03083591009008
-61.72917079000637
-61.695474315306235
-61.84969182774938
-61.807018541056536
-61.3783914590704
-61.984478177695436
-62.20782163225371
-62.587569748533184
-62.83639944421834
-62.89020431452784
-62.5636822129118
-62.39102490605979
-62.466913219155934
-62.44893144225252
-62.42650614730243
-62.92041524319813
-63.009847083996085
-62.17697922628501
-61.410657397631944
-61.35730756973398
-61.85470594619883
-61.78143536325159
-61.57440401562329
-62.08576503087734
-61.86155836027244
-61.753694332879164
-61.58623369808855
-61.815398483440795
-61.93293098334608
-62.043144423386146
-62.85316338621337
-62.28011826400099
-62.5742301026295
-63.16615439591737
-63.19592408270672
-62.70956810281194
-62.2153155084314
-62.43650261184265
-62.094847418110945
-62.55432880335841
-62.718152361697165
-62.9709382725173
-62.32566298184724
-61.848968543883025
-62.43351154800119
-62.01817141935743
-62.54723500075011
-62.31805117582453
-62.63560978708596
-62.667230978094295
-62.44876502197364
-62.15666196983436
-61.58583612380357
-62.06482101103355
-62.07082280619391
-62.03619741468594
-62.30000895672831
