1160.2454365730287
989.6153473695119
886.7467363993327
829.4388980229695
785.109750699997
744.6056788126627
716.7820530414581
684.1894512494405
664.268848268191
641.8008081118265
631.6395871480306
616.926073829333
598.1961578845978
590.058685986201
576.4326529979705
560.9986957152685
551.9350944201152
539.7752153396607
535.0434796412786
526.1530476172765
510.9572170416514
504.09068669478097
493.94735018412274
490.82987468242646
481.09844113985696
469.78739785353343
467.4682910601298
454.69023574988046
451.68036040465034
448.3144677400589
444.7550455172857
440.31658203601836
436.33058864275614
426.0535409251849
425.49011866648993
421.82910809119545
420.81164726813637
412.4787962237994
406.73953740994136
399.54704353014625
398.2592628677686
393.81513102054595
389.7424680431684
381.19823890924454
378.6912732044856
372.8152157942454
366.9951220353444
369.57195312976836
361.783335963885
360.7147665182749
355.57126941680906
351.7635471145312
353.4315460205078
345.98274642626444
345.1814808170001
339.93921769857405
336.5941168467204
336.416396600008
331.49701603651044
331.27458777030307
328.77955281734467
326.70180113712945
323.0392029543718
324.00305521686874
320.25279451608657
319.82362841765087
318.47134321133296
314.1238881011804
311.22365759213767
309.86278924544655
308.1964409589767
306.4257613460223
303.4436150530974
302.1259591281414
301.7326920469602
297.7798695445061
296.4077223440011
296.70846760074295
293.77147501309713
292.3490121344725
290.6729369739691
289.92113848129907
287.1759334027767
285.0622399290403
284.8741582989693
281.6830363194148
280.6518248001734
282.1303321679433
281.28901402552924
276.85935411850613
275.4111698627472
273.0007043004036
271.8333899358908
275.2734550217787
271.59792663852375
269.60454254547756
269.21935851474603
269.0943021158377
267.9592782715956
268.6883834262689
264.0503831108411
263.1885145366192
261.3094284385443
260.5959103256464
261.625705353419
265.6689062277476
262.3596302419901
261.518415632844
258.11189998686314
256.7067987213532
254.80225471655527
255.1389507462581
252.91065073808034
254.0285880148411
252.37074947754542
252.75193589826424
251.51141200761
252.58094630440075
251.01358026663462
251.30797265768052
250.7498793711265
247.9808975527684
247.46344607373078
248.61999115943908
246.26411077082156
247.58304336269697
249.25639441808065
246.2817636579275
245.6238967726628
245.1748236934344
245.91155166725318
245.1466042260329
244.17477405369283
245.38036755422752
242.90919912159444
242.13263649245104
241.02829776406287
241.43264540781578
239.18478060364723
238.8093104660511
240.11228912373383
237.6834675575296
238.05504453033208
237.08849975367386
236.04714086900154
235.61807566285134
234.86266248275837
235.2344556937615
237.44472254514693
235.13182346175114
234.44324194341897
235.6759163280328
236.65874973386525
237.08190877834957
238.116936990122
234.44981849342585
234.6576391334335
237.33321878810725
235.75118529597918
236.0639068375031
236.86797884255648
232.75079851249853
232.4535552452008
233.39266228973867
230.60702093044918
230.74691509380938
229.12885651936134
228.9191439171632
228.1733594805002
228.76286878536146
228.5126361310482
228.58025179207326
227.9949797709783
227.29617770115536
227.57637988676626
226.93592753186823
225.5483907610178
225.60183115154504
226.51783204128344
227.74590964665015
227.78384425292413
225.35300711095334
225.72176417261363
226.63752239396175
226.4774340197444
224.11439918776352
224.03069134751956
224.63982920100293
224.6001516506076
224.98306689361732
225.83894198834895
225.40146731709441
224.89573132594427
225.23487514654795
226.25018175542354
225.7983613267541
225.0064846391479
223.47687126795452
223.54586809898416
222.03646735486885
