1304.4805150349935
1284.849784374237
1270.8863577524821
1266.3395339012145
1266.9126870791117
1261.4549899419148
1251.7135187784831
1254.0697809537253
1250.068471813202
1248.5009571711223
1249.4677357991536
1251.879147752126
1248.153974755605
1246.2273873647055
1239.1701018333436
1238.3022068977357
1238.1990257263183
1236.6767903645834
1237.4775816281638
1236.2966461499532
1233.6874892870585
1236.8671445528666
1238.6580255508422
1232.7327429453533
1235.4035049120585
1229.6510646820068
1232.4023490269979
1230.8658751805624
1233.2491978963217
1227.6596507708232
1235.643035030365
1231.7833621025086
1230.2045321464539
1228.4955418904622
1220.776169013977
1224.6436050097147
1224.1791215896606
1227.3655737241108
1216.057213306427
1228.1396216392518
1213.2397031148275
1218.9209909439087
1218.0339558283488
1224.9454357783
1218.6842134793599
1226.9014908154807
1224.404824288686
1217.1037086486817
1216.8717135747274
1228.0194211006165
1222.1950863520303
1223.887671883901
1216.7609992663065
1223.3659285227457
1225.5281268755596
1210.4972628911337
1217.3203610579174
1222.8413099924724
1218.4880150794984
1217.2968139012655
1210.6564269065857
1217.4329971631369
1212.9907909711203
1217.791200129191
1214.7006618499756
1214.65414797465
1219.7362921079
1218.5749654769897
1216.4748721122742
1213.5330996513367
1221.4460287729898
1217.8885083198547
1209.7986207326253
1209.900418138504
1210.32840274175
1213.819630877177
1212.3191355387369
1212.697789891561
1208.6261324882507
1215.378116575877
1215.715605545044
1212.1247631549836
1212.6457887967429
1208.4935332934062
1210.9362811088563
1213.7659907976786
1210.4330953915915
1220.8174373308818
1211.4252836545309
1208.8643505732218
1209.7098528226218
1208.6640047073365
1219.4288060188294
1212.696871884664
1210.9076733589172
1211.6360733350118
1211.010178788503
1213.726971467336
1208.8094254175821
1200.1230122248332
1204.6120491663614
1207.6996321837107
1208.059915860494
1207.6903740247092
1214.0158547083536
1203.5242912610372
1209.4792106628418
1202.9333957990011
1208.937204583486
1205.0696407000223
1206.883025741577
1214.0879304567973
1214.7378118197123
1212.1082455635071
1211.0594369888306
1209.9307865460714
1206.4825543085733
1203.6208138465881
1203.002924156189
1207.6462843259176
1208.5944535891215
1206.9627058029175
1206.1193474133809
1205.0191709836324
1210.516478697459
1206.2834112008413
1207.8880145072937
1206.5673303922017
1210.0228967666626
1205.5202792962393
1206.7876762072244
1204.6282365481059
1201.8796481132508
1210.6246024131774
1208.3870267868042
1199.113617960612
1206.232075881958
1200.985038057963
1204.4105824788412
1198.1217229207357
1206.3386770248412
1202.2933177630107
1196.7436026891073
1200.5968498547873
1209.62164812088
1198.825239753723
1209.3701942761738
1206.514832687378
1204.7844985961915
1201.6016488711039
1198.3425007184346
1209.8145957310994
1206.812833627065
1201.2153598149619
1205.4209583600361
1201.5207438786824
1205.1419999440511
1206.6685782114664
1201.0724615573884
1200.3319498697917
1196.9228448867798
1201.5496380488078
1205.459927558899
1198.3729739189148
1197.1768509229025
1199.1506990909577
1199.9120779037476
1202.9596721013388
1202.2147124926248
1198.267116133372
1197.429733657837
1203.3598992029827
1212.1865501085917
1203.2939986864726
1205.5139839808146
1199.940089861552
1203.3791416486104
1201.1918763796489
1205.372010199229
1206.7287421703338
1208.0249899228413
1213.0000847816468
1199.9757969856262
1206.261356194814
1206.359561475118
1203.663520081838
1201.7742791811625
1199.5740238189696
1200.6750599861145
1199.2548979918163
1197.7763315200805
1198.2815143585206
1196.267642513911
1206.7234944343568
1202.1230982144673
1206.5873922665915
1210.809437974294
1203.2620494842529
1207.0741729100546
1205.5962860107422
