4257.478680419922
3960.9366050720214
3988.4017450968427
3933.587432352702
3712.6492009480794
3838.610594876607
3922.587679799398
3770.490902582804
3790.150483194987
3752.267082977295
3906.254985555013
3622.4157173156736
3651.3785722732546
3669.2955300649005
3523.93331044515
3709.998382314046
3699.9795864105226
3737.530993906657
3623.101703898112
3639.806743558248
3540.1670115152997
3475.7176390329996
3532.423259989421
3627.362860171
3593.2034737904864
3608.6058336893716
3546.0598651885985
3661.552088546753
3551.1676984151204
3507.921116256714
3446.4337146759035
3488.232451438904
3562.876514307658
3604.199378458659
3535.100574874878
3376.1643409729004
3444.319806543986
3482.3756119410195
3671.4172538757325
3369.0927707672117
3554.945123418172
3515.1952425638833
3412.8184251149496
3523.3826787312823
3648.645421346029
3595.699983851115
3585.1095463434854
3460.9753003438313
3415.014694976807
3480.307668177287
3530.13134803772
3367.801043891907
3487.596984799703
3564.2377985636394
3481.2852582295736
3487.397968673706
3558.102478090922
3469.4523465474444
3380.284777959188
3504.612585449219
3553.299794069926
3338.0669830322267
3410.1969626108807
3554.308828862508
3253.360915247599
3388.511159133911
3376.799792353312
3558.685779126485
3433.848406728109
3513.7296718597413
3337.7895785013834
3529.1261627197264
3404.899587059021
3406.0576421101887
3453.5783396402994
3401.789832051595
3594.9014587402344
3328.201686096191
3558.992256673177
3401.8138032277425
3532.4924915313723
3359.4249856313068
3484.5657494227094
3542.293615086873
3520.2617398579914
3325.73262201945
3427.106103134155
3486.015305074056
3419.655529530843
3441.0065643310545
3355.743088277181
3569.201590092977
3192.8518442789714
3410.150144704183
3314.1656142552692
3393.3301903406777
3345.462808609009
3413.2412494659425
3406.435517056783
3392.9537864685058
3349.917916361491
3284.9551162719727
3460.3946458180744
3448.7250107447308
3389.9748051961265
3439.650205421448
3453.8908157984415
3361.415305455526
3539.304960123698
3375.177831840515
3548.454940541585
3368.4744329452515
3176.2523484547933
3372.5388041178385
3397.001411628723
3433.885886001587
3353.054281552633
3486.948532803853
3341.7113735198973
3274.6199275970457
3489.8030453999836
3467.0597487131754
3445.765497461955
3356.963455835978
3441.7521790822348
3314.657480239868
3326.6535453796387
3371.4218978881836
3372.1778696060182
3227.3880610148112
3427.1815178553265
3443.3593464533487
3435.543051528931
3350.727402369181
3413.233992513021
3370.6097076416017
3451.3475330352785
3340.9437502543133
3322.785480372111
3212.178763516744
3280.072082010905
3540.460336112976
3560.9616062164305
3367.0804386138916
3396.248966662089
3420.187347793579
3397.870788828532
3499.9795701344806
3442.566762669881
3372.95777053833
3319.7402788798013
3459.3820086161295
3322.361424509684
3433.922682380676
3398.9548033396404
3400.166963386536
3442.486265627543
3263.362134361267
3348.872756576538
3211.6503800710043
3352.0329048156736
3458.2831127166746
3523.907236099243
3300.2932572046916
3362.5385139465334
3311.100221633911
3431.6455238342287
3394.278330675761
3360.3199844996134
3378.977898788452
3464.053647104899
3358.167707824707
3436.2939434687296
3476.5176203409833
3260.9911539713544
3326.512221590678
3286.5465830485027
3361.736844889323
3268.5723702748614
3246.3295632680256
3421.93632628123
3444.42067527771
3333.5939292907715
3430.281823539734
3498.5256819407145
3508.45925394694
3305.391795921326
3270.43471476237
3267.574142964681
3382.5606671651203
3476.7335963567098
3416.2063430786134
3314.886927922567
3428.982232920329
3269.027582359314
3437.693256378174
3438.432220840454
3260.199196243286
3264.9455251057943
3296.4256726582844
