72.60048033595085
42.468777978420256
33.35617013971011
29.006483099857967
26.823999361197153
24.065001624822617
22.28713116844495
21.423178797960283
19.971047478417557
18.754159345229468
17.984044967095056
16.97393121321996
16.304076369603475
15.876070855061213
15.22619915008545
14.60185280541579
14.169468907515208
13.626674787700177
13.254895482957362
12.781244492530822
12.458235000570616
12.044365917146205
11.617239336172739
11.508818670610587
11.272960300246874
10.970266249775886
10.699268027643363
10.670436801016331
10.162476257731518
10.179384485135476
9.916156710435947
9.753625000019868
9.64937049150467
9.28579769556721
9.188257029652595
9.068653539568185
8.989613634099562
8.766660533597072
8.662076623737812
8.604978078852097
8.339345377435286
8.327209972341855
8.315661686162153
8.177608113984267
8.151445804039637
8.026190156737963
7.968817575772603
7.908657957613468
7.7006998834510645
7.666947520772616
7.614405206342538
7.3277365664641065
7.345686716834704
7.330649776756763
7.499550148348013
7.195297485093276
7.1896971399585405
7.085705172022184
7.199439775695404
7.0575041798253855
6.999415344248216
6.952132103592158
6.791181591153145
6.725405497848987
6.6446814256409805
6.66348626613617
6.652318348983924
6.551568011939525
6.515444582204024
6.60366111472249
6.423370121916135
6.446506046752135
6.358504118770361
6.386792886753877
6.202351468801498
6.216121955215931
6.209062365194161
6.083542543152968
5.931174004822969
6.052596548944711
5.915829230348269
5.911190650363763
5.8737620939811075
6.0297605156898495
5.956682821363211
5.835769643386205
5.878341293459138
5.693429350852966
5.690235684315364
5.637277662754059
5.653635976711909
5.698334819575151
5.659761845692993
5.642900984734297
5.568753106271227
5.5012127039333185
5.54313373863697
5.423123572518429
5.451262164612611
5.508675783375899
5.401983540753523
5.383533747990926
5.267025797565778
5.20708852224052
5.2223298168430725
5.215017609422405
5.437105636050304
5.333830382178227
5.246228905022145
5.2504320431500675
5.41451991746823
5.186180957779288
5.168752508610487
5.110038499161601
5.106364520887534
5.06924672909081
5.0669641062617305
5.0275164537131785
4.960369289914767
4.9709007085611425
5.13145645459493
4.9910594357798495
4.953081373870373
4.939623310168584
4.928833889464538
4.928162897626559
4.86122498785456
4.832953001434604
4.799991079047322
4.819264144450426
4.755301096538703
4.8661127441873155
4.875949244077007
4.731460455805063
4.818796447416147
4.700255338475108
4.694186049451431
4.692452399184306
4.662961677958568
4.669557204594215
4.605950682113568
4.64951756435136
4.616305795684457
4.653331145768364
4.568242439379294
4.562399237727125
4.600237398594618
4.51512091892461
4.567877412214875
4.617222014193733
4.633467695862055
4.587615876396497
4.492623711874088
4.554889779662092
4.4952757979432745
4.418108958750963
4.473404775063197
4.445496046791474
4.549927603577574
4.352728703121344
4.393731104334195
4.353069355587165
4.467137709508339
4.4962542531390985
4.33171314150095
4.329305212696394
4.255775584156314
4.275797898570697
4.243595632786552
4.351184268419941
4.341699768602848
4.235518616562088
4.264121944457292
4.266570516179005
4.3174552435676254
4.5833655167371035
4.401551227395733
4.360183497766654
4.2339873317629095
4.196806816632549
4.246083045999209
4.196327043573062
4.249422131478786
4.203697654604912
4.2940805442631245
4.110160384699702
4.1268696874380115
4.111828378091256
4.219504493350784
4.149190707008044
4.153286642829577
4.080973743026456
4.159803297370672
4.200929995377859
4.1532827941079935
4.0323095758756
4.087247060984373
4.044900008911887
4.109960844616095
4.0049759529531
