37.815422240002405
13.90937465660531
5.951575443662446
1.3184064367207988
-2.7041848011571785
-6.133209777803256
-8.681925662118813
-11.028613484111325
-13.338317213387326
-14.615894290393797
-16.404281592574613
-18.173128887497146
-18.95381249127717
-20.209445238113403
-21.41609817023935
-21.67925836813861
-23.481193909357334
-23.875407580671638
-24.335135211204662
-24.357873133544263
-25.015275121762834
-25.979614665796017
-27.0194423897513
-26.77473596766077
-27.938851295874038
-28.12948713528699
-29.10741401849122
-29.073199401641713
-29.52212473339048
-29.855007990680893
-29.93880837950213
-30.007838878138312
-30.873790194248333
-30.863835366635488
-30.796105035420123
-31.953996733344834
-32.19661657049738
-32.53982656885837
-32.19771237517225
-32.42372912065736
-31.84703033751455
-33.310355123774755
-34.307387878154884
-33.568149545069396
-34.152145475149155
-34.61734553143896
-34.3896605033299
-34.58166350989506
-35.10232005550944
-35.26795512026754
-35.2475437994661
-35.61985664737636
-37.27458643296669
-36.22899039757663
-36.41638405055836
-36.49012417526081
-36.56897900330609
-36.01504951407169
-36.98208932629947
-37.33967829881043
-37.46414162372721
-37.82781236849982
-37.962260930702605
-38.61717145812923
-38.17343860350806
-37.73463611664443
-37.91758852272198
-38.760020844895266
-38.11812669758139
-38.61189248335773
-38.77319296783414
-38.94375224771171
-39.28213074597819
-39.42289320662104
-39.536828499415826
-39.55320626497269
-39.75145812384014
-39.19941699299319
-40.05726227061502
-40.25443102059693
-39.89984219958042
-39.56784990840945
-40.482285223130525
-40.519280507646755
-40.41986411501621
-41.321168186335726
-40.78380758289633
-41.67954116956941
-41.17897324520966
-40.74105912755276
-40.946336457441596
-41.87546588223556
-41.072708432016704
-41.64909618065275
-41.79351000333654
-42.47645446144301
-41.25215162593743
-42.43195435713078
-41.75678380912748
-41.62274023171129
-41.65231637194239
-41.64657355176991
-42.66170204199594
-41.77334432355289
-42.6109467415974
-41.94170817116211
-43.00845386344811
-42.63044583386388
-42.857911370951555
-43.31262878713937
-42.74623895719134
-42.997739532898215
-42.83926708533846
-43.76491169888398
-43.31107794313595
-43.70720792844378
-43.59773842425182
-43.82420202884181
-43.53404601483509
-43.733891386410285
-43.24788087400897
-44.15236622608941
-44.30118620806727
-44.6089742101472
-43.94917286675552
-44.12473137214266
-43.93454974170389
-44.07864121835807
-44.11715647064406
-44.459858705257545
-44.404540604558484
-43.7242376156922
-44.76360934356163
-44.695954168665
-45.10938487998371
-44.70430934223636
-44.544651422007334
-45.417375165840674
-44.93339080440587
-44.87531303742836
-43.93523347994377
-44.53927463704142
-45.36494450733579
-45.08254552915179
-45.51272006075958
-45.4281776424112
-45.32574588985279
-45.094541814820516
-46.323144232404644
-44.83336026504122
-45.450067183067056
-46.187305349728156
-45.47213507726275
-45.86845361364299
-45.2050901969959
-45.6424337368587
-45.3754040609146
-45.76141667571561
-45.942978777762114
-45.77881629508117
-46.41257905960083
-45.90623587164386
-46.13286081881359
-45.027256684056645
-46.06767412711834
-45.86712984586584
-46.57736171319567
-46.54506892787999
-46.864760877757234
-46.44378430473393
-46.75886807153965
-46.88495543496362
-46.435748708659204
-46.42674731386119
-46.06457645831437
-46.82206044423169
-46.40589411710871
-46.46481396000961
-47.321144225268526
-47.096886367633424
-46.490831436782045
-46.70074283665624
-46.6901340916239
-46.30549481202816
-46.36453160540811
-46.92574911076447
-46.83821389695694
-47.24090748408745
-47.26488156359771
-47.02374247846932
-47.65897758048156
-47.13722449335559
-46.59461286150176
-46.78732685796146
-46.89970500304781
-47.06690165914338
-47.798235355780044
-47.39359205344628
-47.38324997342866
-46.76093463445532
