144.52050271733054
101.59373033457788
83.7627655555462
68.98008899133781
58.89768556068684
54.97777441555056
51.689247867156716
49.961429008122145
49.160049155868336
45.93585645998346
43.29536175573694
40.325016379356384
37.91477181788149
36.68584723410935
35.10153385380219
33.14256724561083
32.44943380766902
31.253371997126216
30.638602455114498
29.110987358052157
27.19973295002148
27.862487548384173
27.813174001358707
26.628276724239875
25.251584911140903
24.77578965651578
24.784960525559967
23.487297987115795
23.144074286880166
22.725498480015787
21.47701921596609
20.99498416432019
19.988482820062803
19.127776644610126
19.08269745291307
18.1766761687809
17.90828214971156
16.7207706713214
17.03634795752065
16.567620908391888
16.38801296763443
16.545505633641934
16.58379617246703
15.44724771200583
14.477564012503315
15.218968539450575
13.805593126292887
12.800970701372314
12.882257811982056
12.1563766963523
13.65736284473076
11.99617081386005
12.185915260222451
12.481995096751328
11.82785303145647
11.347585721134111
10.151532706900918
9.574784118810605
10.16816991329964
10.845902204320863
9.782105116045166
9.789393042503246
9.700079457818306
9.362095449505182
9.316758833119067
8.987828439872327
7.885729086906489
7.478972168189698
7.975985503016875
6.7731882132075985
7.718282561106928
7.629867816279674
7.1302504583165565
6.6581861664508954
6.871394926617885
6.631933702059604
6.448040398287362
6.558794931348028
4.155534968293947
6.746265080468408
5.698904363695403
5.4464420439868135
5.256384262750888
4.6026696909604405
4.170612177972136
5.045644901050576
3.7112982144643523
3.8494853197500625
3.6908240266915024
2.8450034458575577
2.633956953369338
2.1851962933252596
2.4122300564215102
2.1413422214059996
1.7478110481952798
3.758668796255671
1.8145091723779152
1.5856583277726997
1.4553020265081833
1.7792949506948734
1.3657709658145905
1.3411349160917874
0.26980176362498054
0.7922891848560037
1.1903839584054619
0.4599443185946037
-0.02805522854985862
0.776193782173354
0.5557025948475147
0.3911504231650254
-0.41321382594519646
0.709837474185845
-0.28060123170244283
0.6357888260792042
-0.11783602011614833
-0.47665834709488114
-1.6519479073327163
-0.6235678648126537
-0.8649820022541901
0.010285318411629775
-1.1556237488985062
-1.2053076188112128
-2.810080450156639
-1.6797765791416168
-1.8453350095399494
-1.204671490809013
-2.7035522712715743
-2.672421178427236
-1.745391760406823
-1.1696480900563042
-3.4148658899397684
-2.167730741973581
-2.887467857064872
-1.9153742160776566
-2.387907553335716
-1.8649090204773278
-3.023736558597663
-3.213857733997805
-1.7154723174613098
-3.2533037973375154
-2.8227594720906226
-3.77863955703275
-3.758693897004785
-3.574997551482299
-3.050002852647469
-3.659639546583439
-3.643980605335071
-4.004714001869333
-3.236482122848774
-3.854705166713945
-4.011839245156995
-3.4991197986849425
-5.624990786457884
-4.013773494496427
-4.283739685498435
-5.082689540653393
-5.219175246768985
-4.845506108526526
-5.42496802632151
-3.688216713995769
-5.13981130410885
-5.351073430016123
-5.857882680050258
-4.301050007857126
-4.452394484959799
-4.9912948007213656
-6.462978211456332
-6.694539379456947
-7.0323564363964675
-5.762149358617848
-5.07979436115972
-6.171873754468457
-6.481840969673518
-6.224091890043225
-6.510370604436973
-6.060962123089824
-6.102291347137813
-5.9065754886331225
-5.823980692645599
-7.082738264881331
-6.520143615274594
-5.45703726647229
-6.921667802950432
-7.037078613864964
-6.9662032435680254
-6.400683422540796
-7.244722729613041
-6.656998717065515
-7.36383166446768
-6.509187617692454
-5.739944200063574
-7.040866458724285
-6.8962597590068295
-7.234051830809692
-7.388481309187823
-7.09785080161588
-7.715776923401602
-8.47803414279017
-7.580389333182368
-7.623068441604746
