-20.44841067030512
-24.666892192487058
-25.125160171554008
-26.338586309860492
-26.262857588200735
-26.87420973284491
-26.26584558959665
-25.603887675137354
-26.028231764661854
-27.231382005173586
-26.315160075138355
-26.806363383243824
-25.81590161446867
-26.043926130081044
-27.038204392996327
-25.214695067241273
-25.53689064959
-26.16050811882677
-26.043868534523867
-25.784772730593023
-25.191105567175768
-24.610585039031918
-25.373913381634086
-24.942029630315716
-24.747040557450262
-25.906149870362775
-26.121811999329204
-25.118765537081092
-25.291810980130887
-25.78736697497039
-25.98622746971147
-25.67984128974635
-25.170786115116087
-25.80212958568129
-24.81469580120054
-25.227337377852407
-26.092300977172524
-24.677421668480182
-25.505832764609107
-26.137937125460855
-25.985084804995306
-25.962144259748786
-25.77680252646578
-24.913372983192577
-24.818164505835238
-25.216922774397094
-25.33394982537319
-25.181704316673606
-25.224732901515633
-25.414700663295285
-24.80540607150259
-25.184327252466105
-24.635929085571192
-25.724613820684368
-24.727419574712886
-25.489387829755916
-25.835219189010818
-25.061374717745288
-25.383648671980563
-25.108478574917235
-25.385419608703977
-25.936709623912286
-25.48804876465222
-24.884244031947233
-24.385299752498494
-26.09965681002058
-25.50560697245187
-24.27087708691071
-24.905416388449996
-25.034004650239286
-24.866701286414575
-26.271228451153327
-25.611672401942055
-24.865878425795458
-24.864357902058238
-25.32330856754862
-25.596153335838483
-26.236244392806086
-25.89836134376197
-24.727258804029432
-25.23851049049147
-25.775154573136362
-26.082603775221727
-25.270605981863778
-25.634976806311773
-25.41401247988487
-25.17482704694929
-26.15836564168848
-25.399296293998585
-25.93906247924114
-25.58162505667785
-25.878683180644593
-25.617806080086478
-26.042370639484503
-25.170452612227407
-25.00341790503469
-26.145445186516334
-26.031260738085056
-24.91865451120097
-26.024921858105166
-26.854375146072485
-25.87669812605299
-25.33198918864645
-26.352236419916153
-26.495043662601503
-26.025578938681505
-26.989082154528848
-25.62912018237443
-25.71348389161044
-24.762547487842625
-26.28190047473743
-25.398113895079184
-24.95163051218822
-24.84644594891318
-25.200204558413603
-24.593408045069925
-25.376839112618875
-25.75534425007886
-24.888652194162894
-25.751394167028625
-25.631317929461083
-26.09048027005689
-25.452375726967023
-25.986520979938835
-25.222712264492593
-24.65047275197917
-25.463914880464817
-25.115404424482378
-25.154536426067352
-24.965141852354183
-25.960794698575448
-25.590611294425766
-24.588561545158253
-26.261664924950434
-26.540714760278835
-24.690324841902175
-26.018391689349865
-25.993565691956157
-24.398505591112993
-26.545678087349597
-25.74564765239584
-25.226975502638982
-25.949168176486573
-24.881895669575396
-25.696922266791606
-24.294964346906234
-24.89716120167025
-26.352371930048385
-24.740442662403503
-25.38511420015631
-25.409323164101306
-24.72520317702458
-24.82048708714288
-25.553121299065392
-25.163899208964974
-25.255545577098584
-25.915890807221675
-25.18001608139482
-26.17246339547223
-25.311616679717755
-25.702106032905906
-24.413392972329568
-25.347132945882862
-25.409252543901577
-25.265232037881326
-25.42263571661094
-25.23138803551937
-25.683347889061633
-25.172804187084065
-25.547958492205062
-25.881308859278416
-26.001391216084876
-25.41424785194726
-26.169381632887085
-24.397782754281472
-25.618315441855067
-24.46750096617074
-26.047704757287583
-25.442734418244196
-24.28082418236239
-24.58247393780741
-26.351341720285088
-25.34725226718804
-26.360282727356616
-26.394814515935963
-26.310507651546907
-24.606048623035694
-24.967545909614397
-25.288806543268006
-26.11580479504733
-26.50182273470122
-25.21398274651889
-25.097607649605848
-25.84147207798629
-25.290416723695294
-25.83385136620752
-25.21218030822688
-26.23630732914497
-26.050320874514252
-25.002450627499613
