503.5104822953542
415.30744094053904
388.1320442795753
371.5646849672
362.4596186002096
349.6574184815089
341.95109097162884
334.70126076539356
329.12982156475385
321.06134459376335
317.47339653571447
312.16807538072266
309.3849286913872
304.4634032726288
300.60716659228007
304.58916368484495
299.92533359924954
296.22849562565483
293.0835248788198
293.7001224438349
292.8866507411003
291.946782374382
290.0253815074762
288.1469362239043
287.2808740854263
286.2797197918097
287.11054373582203
282.3164350171884
282.1362242658933
283.0035628656546
280.0439869562785
277.99888514677684
276.89448816776274
276.00591445664566
275.3687580088774
275.3579574426015
276.35445437232653
274.7711212138335
272.8130047818025
272.6138841579358
270.9250903983911
272.0767184187969
271.91188907225927
271.0153311709563
270.7046631375949
270.91055191755294
271.7692072033882
267.84201698203884
270.0238118290901
269.25331212480864
268.8719542821248
269.18956880172095
265.1035376558701
267.17390385568143
265.05101709465185
264.0765998025735
265.1081803282102
263.74247304499147
264.786579550306
263.6201632767916
264.16930740177634
262.5672362834215
259.94793333212533
260.16054438253246
263.9645657102267
257.68402567009133
259.8785276095072
260.2044592887163
262.4703771452109
258.5837510784467
259.059313878417
258.7752994676431
258.79971464474994
255.18646181027094
258.6933952291807
258.64211023847264
260.1988084067901
257.6056141187747
258.3100255350272
259.32065768440566
256.80462336838247
257.78905780017374
257.23588629166284
256.54599576393764
256.3860785484314
255.48297100861868
259.292312280337
258.0975823889176
256.227143796285
255.1592149545749
254.81971709330875
255.3271553069353
256.1567614287138
256.2340649773677
255.01946610808372
254.93876938124498
256.22569853762786
253.22836529612542
253.38846382896105
253.86221468249957
255.36276063720385
253.21016284426054
253.01753783424695
253.4102602193753
252.81616013397772
252.6093944688638
250.43647811263799
249.9461561476191
252.21738105118274
252.2401446888844
251.09167084296544
251.78545476297538
250.89700105935336
251.20681992073852
250.06863629221917
248.2241677125295
254.31372304459413
251.20239553054174
252.76967907051247
250.84013489484786
250.04174391130607
248.79344375828902
250.60988142589727
250.4004536042611
247.4723628083865
247.60449798603852
247.56516114771367
249.75145182609558
246.87516348858674
246.3774227509896
248.75848155518372
246.81208939105272
247.4689001172781
247.2049083073934
247.47457548081874
246.09597064057985
250.09368171592553
247.7653643776973
247.45470466117064
247.68550743162632
247.35615711708863
248.4557948042949
250.38784794708093
248.09947761297227
246.4234003861745
248.4999935949842
245.32011210074026
246.88063194155694
246.81791766335567
246.25551189780236
246.6346221834421
244.3029202595353
244.12113298873106
245.62478481382132
244.81786792178949
244.6950245678425
243.74012495825687
244.2106703122457
245.385431368649
244.25160261591276
245.68011622577905
243.37616687864065
243.12303511897724
243.0257965490222
244.65983897348244
242.99172598222893
242.78704301267862
244.5645792802175
243.47428885151942
241.27979435722034
244.39775495827197
242.98888718485833
245.507432877024
242.13840494304895
240.88257416188716
242.72165016581616
241.74765272339184
245.22701527724664
246.30453525483608
243.463525724411
242.4423796137174
242.7045253644387
242.9285453826189
240.9701296016574
244.9913007348776
241.16995043307543
241.366417538623
243.23999101320902
241.68805210739373
243.46858231127263
241.5616840571165
239.45028246939182
239.88546876509983
242.40639910747606
242.34695290426413
239.75714749942225
241.07981247504551
240.77884465257327
240.47977114816507
244.48794374664624
