-116.98321714401246
-186.9767116943995
-194.5353486339251
-196.39660434325535
-201.3846028804779
-203.15504355033238
-205.9879162152608
-211.0212071498235
-211.2618862748146
-209.86189009348553
-212.12531470457714
-213.4807606379191
-215.63588743607204
-216.60122293631235
-213.2388529618581
-221.51435127655665
-226.18169463475544
-225.7370399395625
-226.13780320882796
-225.73723424275715
-225.26971495946248
-223.36081813971202
-222.4709042231242
-221.59756738742192
-219.49163479010264
-222.91741358836492
-220.6128786166509
-223.38000421126682
-225.85855983098347
-226.23099219799042
-225.75981317361195
-224.73186713854471
-224.9608920653661
-225.52873621781666
-224.75079409281412
-223.88685643672943
-224.66144716739655
-225.22690523465474
-226.40486737887065
-225.48971812327702
-226.46096737384795
-226.40037536621094
-225.5832778731982
-227.08639415105185
-227.97979880174
-227.90720497369767
-225.86900825103123
-223.50403357744216
-223.43215800921124
-225.39440975983936
-225.0403050382932
-222.60080390373867
-222.88449034690856
-227.74608585039775
-226.1481255531311
-224.97195981343586
-225.27012933095295
-223.3812330921491
-224.65080757141112
-222.55189309120178
-225.3012976725896
-229.20932250817617
-226.86321325302123
-227.35602369308472
-226.42626124620438
-225.6552263657252
-226.14310725132626
-225.94622672398884
-226.65862021048864
-225.18040641943614
-226.99083052873613
-226.7751975774765
-225.17338914076487
-225.98881065050762
-223.87042044798534
-223.72147091229758
-224.1432745496432
-223.39319194157918
-225.01850263675053
-225.04952731132508
-224.34151806036633
-223.16422089735667
-225.91055165131885
-225.15747485955555
-225.36217906475068
-225.45858952999114
-227.34723563194274
-226.3646437327067
-225.4172330180804
-225.47072321971257
-226.9630563656489
-226.98261536757153
-227.66138451099397
-226.46224919160207
-225.75803978443145
-225.91996119419733
-225.40366510947544
-224.8846597592036
-226.94858632087707
-228.4026609659195
-227.80848838090895
-227.06452740033467
-226.11370809078215
-225.78843571345013
-226.3825332403183
-225.8174496293068
-227.86324248711267
-225.89224687417348
-225.63901364008586
-225.31162255605062
-225.22071019013723
-222.59939561684925
-224.5877453883489
-224.2214279929797
-222.86441029707592
-223.11377172072727
-224.04130825996398
-224.37268464565278
-225.91888763904572
-228.4664181311925
-228.00005489985148
-228.10265711943308
-228.57937558492026
-227.81581421693167
-227.69546430110933
-228.46204617818196
-228.16931162277857
-227.93123325109482
-224.47584958871207
-225.41678928136827
-226.33782093524934
-226.3051775376002
-227.45879414081574
-228.28722109794617
-228.8637797832489
-227.2923683166504
-228.21627009312311
-227.07157611846924
-227.5740884701411
-228.15122035741805
-228.4553508202235
-228.36769242684048
-227.77601790428162
-229.4062804222107
-228.94162811438244
-227.40214539368947
-226.6908776283264
-225.6958179752032
-226.0318392197291
-226.0356112241745
-227.26835250854492
-227.53481129805246
-228.08616445859272
-229.0607382297516
-228.46670509179432
-228.53901718457539
-229.09575902620952
-230.08759140173595
-228.5853609442711
-228.3600821574529
-228.47084583441418
-228.2126797556877
-228.4840857744217
-227.2363034963608
-226.21941165526707
-227.48460919857024
-229.8494214018186
-228.7363785425822
-228.97506427764893
-229.40778906345366
-230.27179299592973
-230.79053361018498
-230.3288425842921
-229.9759100675583
-231.0042832374573
-230.12091461022695
-229.18941167990366
-229.6801082690557
-230.21960161526997
-228.46261721849442
-228.32121700048447
-227.87634842793148
-228.7191731929779
-227.83206896781923
-231.44445785681407
-232.36942219336828
-230.8633848508199
-231.64749807914097
-231.07377541065216
-232.06874457995096
-230.17918734550477
-230.71389036973318
-232.52142147223154
-230.39578108787538
-229.10112799803417
-231.23011314868927
-230.74606297016143
-233.0660325050354
-232.89734326203663
-231.18398356437683
