1215.2937948950405
974.3123015370862
880.7752523257815
843.6156662908094
800.4905863465934
768.034392044462
753.1908653357933
737.1813901046227
722.1530164850169
704.458700985744
694.7388238249154
681.1480916286337
669.0548726114733
662.7644435619486
653.5990375321487
640.2366727960521
627.3176007106387
627.1541639854169
615.902616089788
609.343498789031
596.9615781553861
589.9882495485504
585.4297485187136
587.0046164413978
574.3654211800674
576.5594471898572
581.4202163301666
570.8223129963053
568.628685852577
560.6915069119684
558.1303924198809
561.4201675283498
572.6399128354828
550.138565819839
551.0938687160098
541.2437023294383
538.6772185851788
544.9459809928105
538.7208369682575
532.434224671331
540.0229133244219
541.8122097212693
539.3310985236333
529.1406463919014
523.4010304089251
522.9155200596514
524.6933812437386
520.6213665337398
524.0363790742282
515.3197301996165
510.4228032704057
508.688860482183
506.58607696664745
511.5044061397684
510.35057973861694
512.4957502463768
506.52471940270783
508.3199700487071
501.73063279842506
503.09113065127667
499.8807678222656
505.1153214553307
499.8845105006777
493.65543077731957
497.7872993535009
494.9089720824669
498.0678585808853
493.98978174143826
486.63803753359565
492.68447274175185
483.2965296712415
483.5610244027499
484.66637545618516
483.7316206405903
482.1536415034327
482.31659401696305
479.63971017969067
486.0543059316175
483.47053664306117
485.3840189884449
485.3129798461651
478.9525879004906
476.97491894097163
479.9139246940613
476.97888593016
471.55306827610934
476.3956125851335
475.8575716676383
472.6617456633469
465.5944868120654
464.42240808750023
469.7631675457132
467.4194922611631
464.95674966943676
462.40225198351106
464.2470909809244
457.73704913566854
459.77778294990804
461.4388189315796
468.32209031335236
457.0923560734453
462.32066119950395
456.927368673785
456.3843715108674
452.5691513028638
452.51476807429873
462.51284083004657
452.86810118576574
453.2880022114721
449.0336511052888
451.86921913048315
454.0115758632791
450.09504337968497
450.3401473966138
454.2793207168579
447.08773933607955
449.43146268252667
450.86151174841257
443.02056187596816
444.0762549433215
444.02569918796934
446.67690833683673
442.10649815921124
445.85646729633726
444.2913164763615
440.88818990773166
437.6444327420202
440.3745370733327
437.42660016849123
436.1553820330521
432.1517702299973
437.73970130394247
441.8205862045288
433.44098269528354
443.5872270649877
434.1186919705621
431.03603390989633
432.6720656855353
432.3071708596986
436.4289583502145
432.7844318192581
431.5551292320778
425.95366533871356
426.41008025202257
426.3375879978311
427.47343385630643
428.2837425840312
429.0625115098624
431.92433487135787
422.6631461176379
424.7059524141509
423.41800198883845
426.9912721946322
422.3200952349038
424.3595438085753
419.93901777267456
425.81508117708665
422.6785900675017
419.20769717775545
420.519636532356
421.7776965683904
422.72766211937216
417.84858056594584
415.22320336308974
418.00783857805976
417.70664617933073
413.201198232585
416.0159164132743
416.89623226790593
415.9626476518039
413.6683332262368
417.6326513290405
421.16849387103116
413.47090703865575
418.5699762393688
412.87219733205336
411.5506784833711
411.80324219013085
409.0530038208797
412.0332058955883
410.74750867383233
409.8469567709956
410.5735082790769
408.91895466015256
407.06354049978586
407.39207231587375
408.01158967511407
408.2998539990392
407.5393125435402
401.1769322526866
400.63169496634913
403.17987733051694
406.28169750345165
405.6803094025316
401.2059351329146
403.3676749755596
403.0507744591812
401.8289049000576
402.40866143127965
397.1781688476431
