42.11060885091623
24.54362323532502
21.08357279946407
19.73499064594507
17.970598850150903
17.606091018021107
16.035615361730258
15.202518634994824
14.607950708766777
14.025367902964353
13.309734984735648
13.793766346077124
13.391023190567891
13.233596816907326
12.96399787987272
12.364708348860344
12.437899417181809
11.600234001129866
11.461646484335263
11.127839006731907
10.833707750340302
10.544499160846074
10.397591434419155
10.874937442938487
10.241247502466043
10.007888336479663
9.597518216570219
9.693085698783397
9.308571785440048
9.486734211196502
9.430799922843773
9.03108723461628
9.088712887962659
9.146590959529082
8.761019293467204
8.465186641613643
8.72222159554561
8.631103176871935
8.47390858406822
8.546253486226002
8.820420601218938
8.28944951966405
8.279385121166706
8.350088535249233
8.22167436555028
8.122837403416634
7.959926566978296
7.797784626980623
7.704645968973637
7.651762613654137
7.501592975606521
7.429089210927486
7.184342620273431
7.304378152638674
7.424068220953147
7.214033564925193
7.367467887699604
7.179931084314982
7.065422035629551
6.832579920937618
7.39025976161162
7.173796267807484
7.070896054804325
6.810376937439044
6.622200197602312
6.828713540732861
6.933075853685538
6.993405749152104
6.8390389561653135
6.617459526658058
7.01472329137226
6.855569576720397
6.8948580096165335
6.934771067649126
6.604123669614395
6.584580805897713
6.441514443481962
6.4313596419990064
6.4621867241958775
6.586500788231691
6.521148136258125
6.422252524768313
6.462136495858431
6.353306989620129
6.5925093472003935
6.312823732942343
6.382804692039887
6.322541427363952
6.645887614786625
6.282412354896466
6.392938713729381
6.381043095638355
6.217958289633194
6.21365041124324
5.982772049680352
6.150048995638887
5.799469587703546
6.5978641953319315
6.1246711400647955
6.321991741408905
6.244823310275873
6.097884693493445
6.019965134561062
5.869811050593853
6.2096142515540125
5.91556415433685
5.732281720265746
5.8809551746894915
5.938760148733854
6.1099755093455315
5.972869672377905
6.056361342718204
5.783928561583162
5.735531900450587
5.731518187870582
5.786155526960889
5.56416253571709
5.557973433037599
5.676666039228439
5.591226562857628
5.662171390404304
5.590678774068753
5.560085055356224
5.477958913768331
5.4038255761067076
5.287069091697534
5.652377394959331
5.315547311802705
5.56978022120893
5.344794506952167
5.361735883479317
5.590396844098965
5.506120519588391
5.1808119958887495
5.2861212340494
5.670034581174453
5.812312418222428
5.384326417495807
5.301876045018434
5.517608250925938
5.365838791429996
5.302257220819593
5.43402196864287
5.245934583991766
5.015577167645096
5.156858898450931
5.2012902525564035
5.170609697699547
5.162562009568016
5.315448537717263
5.193392640848955
5.036165041228135
5.166715908671419
5.098983828350901
5.081195712834597
4.90649531185627
4.982276054099202
5.128886972864469
5.072783437122902
4.979337440306941
5.0987290593485035
5.181703229124348
5.059372198581696
5.362379366407792
4.891938025380174
4.947993781169256
4.903691225498915
4.83156650836269
4.974976686760783
4.964538772776723
4.88514939174056
4.825798399249712
5.182211626817783
5.083162041132649
4.998883810142676
4.993037638440728
4.885139661406478
4.99051179997623
5.213426048184434
4.912088152766228
4.809201651314894
5.07893989632527
4.993737386539578
5.276478246847788
4.889884852493803
5.043268614883224
5.00216396736602
4.752857564886411
4.9304296114792425
4.885027540102601
4.96798287431399
5.00130419296523
5.14931238591671
4.678349369764328
4.695527978489796
4.795651535441478
4.701397033780813
4.810760945330063
4.779226304342349
4.694914874682824
