-131.88397456407546
-192.10604903697967
-199.71972540219625
-207.40503419240315
-209.0514399290085
-214.2207854072253
-218.76439477602642
-220.73199701706568
-221.1099041422208
-220.475004641215
-209.10931785901388
-214.18931868076325
-217.5544380426407
-218.32844604651135
-218.49165541728337
-214.0527369737625
-214.8807734688123
-220.71415452957154
-220.2969481865565
-219.51915276845295
-217.2985456466675
-225.05157115459443
-226.51492957274118
-226.1919918815295
-225.19928696950277
-225.38753167788187
-224.8239727338155
-225.44134041865667
-225.58822078704833
-226.23187021414438
-226.90198421478271
-226.85029697418213
-226.2678383509318
-226.8686948657036
-227.96802625656127
-228.64763422012328
-229.87665768464407
-227.439901804924
-228.27369083563488
-228.85229488213858
-232.7009926756223
-235.29746465682985
-232.15009005467098
-229.2933305621147
-233.35550430615743
-232.2824863553047
-233.22513468265532
-233.5321602423986
-231.77755457162857
-226.7114566405614
-226.15771727561952
-228.43018170992534
-228.72984926700593
-226.137772834301
-226.73076736927032
-226.69496438503265
-229.46451673110326
-230.35405844052633
-231.06640730698902
-231.53276564280193
-230.53090600570042
-231.96491261323294
-231.12509794235228
-230.25078935623168
-230.4937925974528
-232.11128223339716
-232.18278505007427
-231.6033544619878
-233.66458422342936
-233.536488032341
-232.40522651672364
-234.21022123098373
-235.14389011065165
-236.62136634985606
-236.9304880142212
-237.17445902427036
-235.5409417907397
-236.48513035376865
-236.30648668209713
-235.892951464653
-235.37220350901285
-235.1684161702792
-235.63473813533784
-236.96891848246256
-235.68790470759075
-237.2052302122116
-238.59770885308583
-238.60758043130238
-239.1629237572352
-239.01986911296845
-239.0583566268285
-239.26922523578008
-239.2448716123899
-238.88697109222412
-239.03023873964946
-238.9386429866155
-238.54415424664816
-238.7302721977234
-238.72515365282695
-238.83674515088398
-238.03407719930013
-238.15183238983155
-237.55049850940705
-237.44928214550018
-236.01000299453736
-235.5664613167445
-233.60664864381155
-234.95052238702775
-236.38685938517253
-233.74594456354777
-233.03597502708436
-234.11892812252046
-236.26141868432362
-236.8616174697876
-233.63769380251566
-232.15645872751873
-233.9287763118744
-235.671120651563
-236.23529138565064
-236.13466129302978
-236.38854881127676
-236.56541361808777
-235.84982379277548
-237.24486734867097
-237.49575680096945
-235.68701144854228
-236.23651759624482
-238.11794935862224
-239.11419564088186
-238.66707682609558
-237.93798251946768
-238.3636298894882
-238.48922809362412
-238.4330304781596
-238.4764924287796
-240.12953542073566
-240.2961957891782
-239.71630903879802
-238.38077861467997
-238.07840035756428
-239.76231650511423
-237.95006256103517
-238.95115879774093
-240.6445949872335
-239.84151822725931
-240.07362594604493
-239.59976735115052
-240.4889696041743
-240.8652080019315
-239.98206322193147
-239.5028856277466
-239.67827199697496
-240.01303290526073
-240.33329065640768
-239.92951880693437
-238.9447636882464
-240.17841216723124
-240.50019082228343
-239.78510026931764
-239.0400840361913
-238.6396940787633
-238.62145092089972
-240.4417440891266
-241.8083509405454
-241.50108161767324
-242.01919543743134
-241.781929397583
-241.38573525349298
-239.87090756495795
-239.2245640873909
-241.05293266773225
-241.60818178653716
-241.42966827948888
-241.69274379412334
-241.686352566878
-241.35467561880748
-241.62392411231994
-241.71553903420767
-241.22994995117188
-239.73231788078945
-238.53869744936625
-241.27332895596822
-240.24758021036783
-239.36666995684305
-238.70337039629618
-239.49391173919042
-240.40096079508464
-240.41310781637827
-239.32371106942495
-240.6209368467331
-240.864564371109
-241.29380547602972
-240.93689326842625
-241.52668357690175
-241.3996480067571
-241.6442603309949
-240.48104814688364
-240.26461001237234
-240.19951252937318
-240.84864353338878
