133.9973155835579
91.76782832063478
72.64736034746828
61.85589420589908
43.56590994781461
28.27286319948476
17.597398676363557
10.76712534011438
4.593628557334686
1.1343012894022053
-3.082542537101384
-7.752369936170249
-10.924882670414858
-13.777858327175009
-15.872607652483316
-17.927464313034353
-19.471354869932963
-21.731734582062426
-24.216864086430647
-25.276325169308432
-26.53887850765524
-27.627105721111956
-28.947777593957966
-30.106514119896396
-30.88311812487142
-31.789527183976666
-33.042651950285354
-34.08544200761565
-34.93925694247772
-35.11692058629003
-36.12898770591308
-37.25078429744161
-37.96997452193293
-38.8845153204326
-39.59509637438018
-40.1127293531237
-40.77275639977948
-41.33261205718435
-41.849807491590234
-41.98740526828273
-42.742337703704834
-43.32455309403354
-43.99931008034739
-44.445898087887926
-44.911634806928966
-45.18256407565084
-45.343636806668904
-45.90242729515865
-46.34950734418014
-46.69753138361306
-47.10330976288894
-47.48908396219385
-47.52988219877769
-48.04408295401211
-48.16066897943102
-48.77285212894966
-48.63248721278947
-49.12296517964067
-49.36151810144556
-49.76459138968895
-49.97779231646965
-50.13205888970145
-50.287884249769405
-50.391576645703154
-50.4875729721168
-51.03506969994512
-51.205881141383074
-51.394217244509996
-51.63474452906642
-52.0231128458319
-52.233138170735586
-52.24018348291003
-52.302453454198506
-52.457026964631574
-52.73157630090056
-52.71155576253759
-52.933985064769615
-53.112839813890126
-52.882853014715785
-53.243771429719594
-53.46183887226828
-53.53508831920295
-53.50965041127698
-53.556388885810456
-53.748265482228376
-53.95896070579003
-54.01591216284653
-54.062043913479506
-54.10772717821187
-54.376317100278264
-54.40629095250163
-54.496496673288014
-54.772638386693494
-54.214377686895176
-54.67481333428416
-54.83895338403767
-55.1488746918481
-55.26627415213092
-55.108055203125396
-55.042843619297294
-55.24202408461735
-55.49477565494077
-55.59711862843612
-55.504031637619285
-55.43354917600237
-55.223927980866925
-55.66186653951119
-55.61530987764227
-55.93387938162376
-56.11448588864557
-55.516910226180634
-55.99900422014039
-56.18994170838389
-56.344556820803675
-56.42559847955046
-56.30991484995546
-56.19292469271298
-56.36030626708064
-56.560772453916485
-56.667046758635294
-56.62353693000202
-56.69795638733897
-56.87601038505291
-56.9193048168873
-56.760492341271764
-56.81461654038265
-56.68481005882395
-56.35603110543613
-55.682210860581236
-56.39163752876479
-56.73651199505247
-56.96343019296383
-56.725355446338654
-56.898867968855235
-56.45027781149437
-57.04791169947591
-57.123246544394
-57.258299634374424
-57.34482371396032
-57.36761053882796
-57.27573552419399
-57.26621441594486
-57.476127299769175
-57.55871805034835
-57.561123566380864
-57.47599333935771
-57.47967070135577
-57.59139233210991
-57.49156578655901
-57.56239728269906
-57.55845470058507
-57.62372351103816
-57.240602485064805
-56.77197213830619
-57.393825446737225
-57.59668424828299
-57.6565965968987
-57.82466631922229
-57.86510474106361
-58.003089927393816
-57.820870763268964
-57.69218489013869
-57.86260977284662
-57.97146587947319
-57.758548265901105
-57.915356675098685
-57.83807481568435
-57.90295193318663
-57.95523617596462
-57.900635018430904
-57.977534583930314
-57.92916278181405
-57.89859775017048
-58.02429995660124
-58.15773860544994
-57.42039940480528
-55.7586996781415
-57.21098010909969
-57.88061228086208
-58.16949528455734
-58.32985818180545
-58.46386926749657
-58.43192880729149
-58.373449820896674
-58.16577224484806
-58.37619529921433
-58.384388576293816
-58.490801449479726
-58.22150078929704
-58.29167871434113
-58.322233148689925
-58.01543654861121
-57.967230439186096
-58.235170286277246
-58.28752610395695
-58.235986765088704
-58.4574519950768
-58.558995890206305
-58.38637460511306
-58.40853980286368
