182.92612479925157
69.17956734299659
56.927810903390245
49.85815601249536
46.18066206872463
43.75707924564679
40.15832249323527
39.542783351739246
35.82611276606719
35.559148051341374
33.22860220968723
32.19266788164774
31.381612169742585
31.32034137447675
29.797211382786433
30.117223791281383
28.86433684527874
27.826717350880305
27.147615122795106
26.178190257151922
25.96932413329681
25.73105881214142
25.16164261053006
24.49876386721929
24.62698075522979
24.143932078282038
22.975108391046525
22.30950991809368
22.503164246678352
21.880806649724644
20.640110768874486
20.963644391298295
19.499330057700476
19.381025330225626
19.749045104781786
19.379882765809693
19.14713334739208
18.661288231611252
18.38542561729749
17.825485409796237
17.600158048669496
17.137809992829958
17.360101673007012
17.05261584818363
17.144697583218417
16.830935012797514
16.486012522379557
16.545418613652387
16.217157433430355
15.61000334918499
15.727795521418253
15.53738796710968
15.258729268113772
14.969476806620756
14.552502343058586
14.687777419636648
14.299141051371892
14.341322280963261
14.48356432740887
14.558329114317894
14.012176659454902
14.388948765397071
13.972176241874696
13.79074869553248
13.60105661675334
14.385778709252675
13.778672036031882
13.584386266271274
13.975308723251025
13.671840649843215
13.070984672755003
13.346633166074753
13.504190324246883
13.415102739632129
13.478606805205345
13.115924067795277
13.380881488571564
13.25232037504514
13.111130871375401
12.645270639657975
12.977777094642322
12.876661455631256
12.387773520499469
12.384054264922936
12.498916183908781
12.499493090311686
11.973796378076077
12.314387638618548
12.206387706597646
11.803101326028505
12.16657072007656
12.131457883119584
11.738115951170524
11.220301440854866
11.452671422064304
11.290870925287406
11.459928888827562
11.377771770954132
10.711181601385276
10.97754661416014
10.850016204516093
10.665429688741764
10.580590862532457
10.514180322984854
10.349271501104036
10.503174316386382
10.985311620434125
10.657909372945626
10.667427697281044
10.558064426481724
10.725274252891541
10.618543105572462
10.6155230636398
10.669409964978694
10.250057517240444
10.342082100113233
10.791796036809682
10.476957006255786
10.266430060068766
9.968190385897953
10.355984896421432
10.37491463497281
10.31195745319128
10.253625043729942
10.187735015402238
10.230003668864567
9.627234726895889
10.051133803774913
9.731421983490387
10.069082129995028
10.052868103732665
9.696729857722918
9.72109909603993
9.617721912513177
9.505383805185556
9.418244485557079
9.35432403087616
9.375503298143546
9.459056872129441
9.365373867750169
9.106596705814203
9.090577713151772
9.063403993844986
8.952750671406587
8.834342032422622
9.02574696217974
9.093653506537278
8.964745683471362
8.835723502437274
8.848359175026417
8.652346773693958
8.426596433917682
8.55159125427405
8.181449681768814
8.54921368509531
8.35092480207483
8.403429844230413
8.35881737197439
7.996198875457049
7.955130867411693
8.010148482521375
8.26818072249492
8.206940627098083
8.111968596527975
8.277597282330195
8.003142953912418
7.997615893681844
7.885393648346265
7.754618423680465
8.038891972601414
7.889681532730659
7.897208098818859
7.422716119637092
7.771148296693961
7.718121350804965
7.912828176965316
7.978615908076366
7.643634380400181
7.841085347036521
7.768185698489348
7.59091423129042
7.408400240043799
7.3656746536493305
7.496816045542558
7.237379956742128
7.17737802217404
7.349121097971996
7.341499854127566
7.38024019698302
7.22674520611763
7.252236792941888
7.149421609441439
7.117123202979565
6.950098814442754
6.982883353034655
7.21109643727541
7.012966594845056
7.119119541347027
6.966091207414865
6.8527887620031835
