-39.79196131178017
-57.38303217908432
-58.96863669773628
-58.95679085830162
-58.86883281119938
-59.048216946166136
-59.19628981886239
-59.53749658321512
-60.02647566589816
-60.44958826385695
-60.5609027332273
-60.56373943542612
-60.51446532278225
-60.65896098161566
-60.731108369498415
-60.9743003536915
-61.09365374877535
-61.174288513331575
-61.274543398413165
-61.43899631705777
-61.74443140831487
-61.92386076265368
-62.0066666829175
-62.07697195328515
-62.22974159388706
-62.35321277277223
-62.3383563140343
-62.33114131976818
-62.36364566046616
-62.29392544359997
-62.26797088158542
-62.379561249552104
-62.51484923116092
-62.62963767709403
-62.677172784147594
-62.726933662233684
-62.73076152184914
-62.7651411603237
-62.659032272881475
-62.80689676876726
-62.88970609780016
-62.91251625685856
-62.79370446040713
-62.91190218514409
-62.898726929878364
-62.9482096115063
-62.850454877162804
-62.90139243828839
-62.920280638439905
-62.89670046855663
-62.96393575647782
-62.89049466622287
-62.89122209877804
-62.71622838953446
-62.94147726276825
-62.981591284275055
-62.95564287900925
-62.95068368418463
-63.0151252962392
-63.059110550017195
-63.027457894950075
-62.87275868037651
-62.95774931332161
-62.96062894525199
-63.01417509440718
-62.97833299739607
-63.01657146420972
-62.94018180000371
-63.02961488736087
-63.036334309084666
-62.97933704791398
-63.0281729061028
-62.96136875501995
-63.08415967945395
-62.9639051104414
-63.00763429341645
-63.102097061173666
-62.90539091619952
-63.0117192042285
-63.01782410206466
-63.00853591951831
-63.00952268057856
-62.989967595914315
-62.93622086582513
-62.9908676846274
-62.884770303964615
-62.963982723910235
-62.906293301746764
-62.8141605103838
-62.981870452905525
-62.972598390332585
-62.88603427903406
-63.00831115862419
-63.05404208035305
-62.87166238858782
-62.87737386596614
-62.96343942551777
-63.004709763773555
-62.97024644346073
-63.0142667067462
-63.08708481336462
-63.0213105719665
-62.96598725483335
-63.16541239002655
-62.958766450142036
-62.99215148440723
-63.08365589380264
-62.878829298348265
-63.02021903827273
-62.95688198558216
-63.05712581297447
-63.006208541064424
-62.90686219930649
-62.89818728175656
-63.01563413903631
-63.05166497518276
-62.9935401688362
-63.02301250552309
-62.97362044761921
-63.06594098230888
-63.09872576902653
-63.096471440175485
-63.1016343832016
-63.04270102237833
-62.97568697148356
-63.134982145038144
-63.133492212871026
-63.09275493128546
-63.017481847056025
-63.07094085216522
-62.998189017690464
-62.92247610359356
-62.88447393322813
-62.99240057632841
-62.99265886380755
-63.065076795117605
-63.201305637071876
-63.16026249014098
-63.102751195430756
-63.140001210673105
-63.136821920501774
-63.086716101087376
-63.11426313786671
-63.115536435924724
-63.15132266283035
-63.16013747864756
-63.1386666955619
-63.10296373017903
-63.12023043324207
-62.82900471420124
-63.016273410155854
-63.09794071008419
-63.154008890020435
-63.132533470104484
-63.06142043656316
-63.112643385755604
-63.091882248376976
-62.97497861138706
-63.09874219935516
-62.87914747308041
-63.07772159268116
-63.138810233823186
-63.07932005771275
-63.08902503293136
-63.005258801682245
-63.12360305005107
-63.21317661630696
-63.061597994689286
-63.22023806284214
-63.03324991670148
-63.12773590457851
-63.05866229945216
-63.05851961826456
-63.09166460201658
-63.074304609463134
-63.01849301107998
-63.2106948289378
-63.074300046624806
-63.18510048348328
-63.17817040661286
-63.13148189207603
-62.93455834532606
-63.08267511684319
-63.107655819120076
-63.10619198453838
-63.13693946497194
-63.173109897251784
-63.10883978831357
-63.091597314538625
-63.12635272946851
-63.10447787519159
-63.21121677448009
-63.17281393860949
-63.15576658474988
-63.13785211382241
-63.077111738509146
-63.14627246815583
-63.17390539317295
-63.06506790888721
-63.15052580216835
