102.77719401902166
63.98356974535975
54.61160290960608
48.083407519192534
40.575543909237304
35.93451123813103
32.43418887771409
31.101025145629357
29.489907696843147
27.11539146406897
25.19447027763416
23.42709703126858
21.89385743182281
20.31448083961832
18.953469486072144
17.690363887055167
17.022039987403772
16.231219945796603
15.518659747366247
14.688160979028407
14.260447109567709
13.755948055407096
13.37609727321
13.14184249886151
12.763021418503646
12.60967275243381
12.222449000025618
11.981525469185977
11.781879754415874
11.612509786311922
11.343111478563014
11.103634926779517
10.926077686507126
10.691713760125227
10.481412283562381
10.350171073500452
10.153817052471227
10.04809612061443
9.800924247194981
9.649120659406844
9.470520870695854
9.461772455737508
9.278360559765634
9.101658783339222
8.96080024643191
8.827706250394213
8.723021773942586
8.581733725708107
8.474398499675866
8.343449850277654
8.28513436738787
8.150511092666921
8.061537446389938
7.918732987395648
7.869139988103817
7.765490391901855
7.824376594917528
7.710919382500237
7.547716834935649
7.473827443246184
7.397782113274624
7.328356641633757
7.271600059908012
7.167589367206754
7.102517570144143
7.04699301462749
6.957873992621899
6.897115605658498
6.861118452687716
6.793057630545106
6.750168174890609
6.681004503420715
6.602132312696556
6.596661809061108
6.5129910933560335
6.47236971582832
6.400938667742343
6.367201189799555
6.337566918725598
6.2765496973076775
6.259808840808169
6.206119059231774
6.119699202991765
6.109895510277871
6.090025513336577
6.052609583940999
6.00155224818094
5.95823396883648
6.512725804386468
6.467456200898721
5.961881740211413
5.891044861026879
5.813345028280184
5.754427586264652
5.726228988761532
5.680260819993142
5.6707928501840295
5.623570270450978
5.584900139863121
5.575062731216693
5.538437396031002
5.527859220730847
5.505154106894444
5.469817425413378
5.451198255835936
5.439228893867854
5.43572447140669
5.402823935808806
5.367781197074159
5.352655966220231
5.324129326847093
5.302623445232367
5.281888354441215
5.2603233705820704
5.245530310375937
5.235842623073479
5.233569369747721
5.192256520405926
5.157857185036971
5.15328342583159
5.132375492361085
5.123286564545385
5.1078123437433405
5.077266529844753
5.055304772124209
5.031354092960727
5.018466940470811
4.998917509512655
4.963501861254716
4.974642452109476
4.9664344606471476
4.925021586233172
7.85713669220949
8.782448087272973
7.0990054762825885
6.513284742832184
6.235575977327494
5.984975661054768
5.825614854950329
5.736822746437172
5.636751582139525
5.5015596576548855
5.458401631820818
5.398325532803248
5.326892734858497
5.288466371210484
5.228865221399685
5.178677550549137
5.116566704907294
5.0877079040069
5.036041319884103
5.030089242062692
5.054000709077408
5.046113386493305
5.055667904430423
4.973480357178326
4.913678704536166
4.885194585883412
4.844663483957792
4.825578665039663
4.813297432686748
4.7917968116957566
4.761792747368073
4.745578296996396
4.740346744913479
4.739461686847539
4.81284628461661
4.717612346313123
4.690366947060001
4.670402164603102
4.655128501355648
4.632355132236563
4.637052440309319
4.622159641364525
4.620077492861912
4.6119280538425365
4.601646701323575
4.575599766111579
4.571007149229789
4.563083541804347
4.565829999744892
4.759009681898972
4.730957225222012
4.56414333062953
4.53036675203977
4.506806773101461
4.500870977110904
4.497325839410568
4.475936018444341
4.462796770678512
4.455781326725565
4.4532043603730616
4.441192710964844
4.430676921431361
4.419520453903182
4.407837553270932
4.4013330078330535
4.397279667057868
4.404905382029969
4.399880264596693
