-32.35985316695838
-47.376920175963434
-50.17729720370523
-52.43046384844287
-53.406512965416084
-53.92469253313953
-54.57233023849027
-54.767667917342024
-54.9078649570202
-55.2507521057951
-55.452783354397475
-55.22853062378949
-55.67806063027218
-55.97086834085399
-56.288685394772166
-56.55821901662596
-57.36802505727472
-57.42315466650601
-57.50280977220371
-57.655709079627336
-57.91334252521909
-58.25827484089753
-58.44940043523394
-59.00866085290909
-59.09902579619967
-59.23945475857833
-59.296107193519326
-59.32910078558429
-59.609809561022395
-59.52116624445751
-59.453281378951566
-59.77066284726406
-59.98109321553132
-60.11966813843826
-60.22988682060406
-60.46262989989643
-60.830109101944956
-60.57473932566314
-60.60286611421355
-60.84952253925389
-60.88290805652224
-60.85806082446
-60.90195872249274
-61.08199284611077
-61.264961900382204
-61.20271819829941
-61.134294939452204
-61.4154708889024
-61.40407574587855
-61.53025484085083
-61.69067472425
-61.779169346751836
-61.88417189388439
-61.72739561261802
-61.83692527844988
-61.94860520445067
-61.89329434366062
-61.867596402250484
-61.92600738180095
-61.87526546058984
-61.9623613234224
-62.17937140629209
-62.26319596787979
-62.26184195896675
-62.20229449765436
-62.278221531160945
-62.19062633555511
-62.352907537386336
-62.267691018252535
-62.37077848664646
-62.14144652670827
-62.114161302303444
-62.25777996408528
-62.252986550331116
-62.21707466552998
-62.37226804782604
-62.37358377411448
-62.27661237017862
-62.18291491372832
-62.18734876862888
-62.331418569745686
-62.288806438446045
-62.33497349147139
-62.402517557144165
-62.46959047584698
-62.4163883718951
-62.47415903724473
-62.55506944039772
-62.55449314055772
-62.578397937889754
-62.522833448031854
-62.42427915951301
-62.513489540280965
-62.37869849081697
-62.33550283004497
-62.29932086221103
-62.35374740485487
-62.35754438823667
-62.402778896792185
-62.61818278452446
-62.64020908906542
-62.46914456836109
-62.53673737419063
-62.65146969104635
-62.62676659123651
-62.43942138449899
-62.41880422213982
-62.614064242305425
-62.573871533418526
-62.625390967418404
-62.63760271154601
-62.609257969362986
-62.738354352013815
-62.682225859370725
-62.625841033869776
-62.848974180632624
-62.7393262447982
-62.826163705053
-63.01033361615806
-62.94899332112279
-62.90674036535724
-62.979909354242785
-62.9531019412238
-63.001650160756604
-62.942345811375255
-62.97505978571957
-62.85374812319361
-62.97274024322115
-62.96670987277195
-62.92721830976421
-62.87311601022194
-63.071765044639854
-63.00657128465587
-63.12703679758927
-63.13163874478176
-62.990412557947224
-63.06279299896339
-63.10168254683758
-63.15435109364575
-63.00097335001518
-63.03059848218128
-63.077083565037825
-63.18626148741821
-63.01488588185146
-63.030830246621164
-63.12409034063076
-63.04497188432463
-62.96548347843105
-63.183783677117574
-63.20586121698906
-63.11157643486713
-63.00914028903534
-62.959993834125584
-63.019914167708365
-63.01816921398557
-63.07220127664763
-62.86648992115054
-62.86127045750618
-62.98487421459165
-62.88356699820223
-63.06862734001258
-62.97284299340741
-62.902994879360854
-62.878179015784426
-63.12677743928186
-63.1312848545354
-63.21589054526954
-62.99045053843794
-62.986553611426515
-62.986888203127634
-62.96655341880075
-63.042933503101615
-63.13517725673215
-63.0200091847058
-62.9977496482175
-63.08747198663909
-63.08184535338961
-63.35332151733596
-63.305141114983066
-63.16206882020523
-63.203820171027346
-63.19052397588204
-63.123866867402505
-63.068624699937885
-63.18065441682421
-63.221589721482374
-63.16166344182245
-63.118578325057854
-63.06680268460307
-63.265227395912696
-63.25936071420538
-63.185171086212684
-63.174477244245594
-63.356036936414654
-63.31500394796503
-63.28146485624642
-63.26997552863483
-63.304962865237535
-63.24799074181195
-63.272240448614646
