-44.997157533107135
-51.40413807794965
-53.23062780191158
-55.79190163776792
-56.699990398924925
-56.36518154678674
-57.04209768669359
-57.72507480814539
-58.70591122323069
-58.958763942636295
-58.79706583351925
-58.55134737286075
-57.55513734139245
-57.0961289611356
-58.116391374119395
-58.81125415090857
-59.559341897224556
-59.765644040601
-60.451347870045694
-61.10185401809627
-61.47921671538517
-61.606663845736406
-61.68698035437485
-61.938699169405574
-62.12765408076089
-62.06632794593943
-62.08407953278772
-61.544668861504256
-60.971214292378264
-62.029575407505035
-62.94048392361608
-62.98415895371601
-63.17278931469753
-63.16360280637083
-63.18661126802708
-63.19969741229353
-62.949136107132354
-62.88895710994457
-62.60304214625523
-62.575379427137044
-62.46333735461893
-62.36804577502711
-62.84153708712808
-63.027428941480046
-62.98413599256811
-62.74007929193562
-62.64631560753132
-62.95317447802116
-62.93914641182998
-62.89126205033269
-62.99410569873349
-63.030927777290344
-62.95037229924366
-63.00547702764643
-63.11361542241327
-63.09546239211642
-62.904724912396794
-63.009962897876214
-62.873757619282294
-63.182497306116694
-62.96779799050298
-62.345603492753256
-63.03680030847418
-63.24492688322889
-63.23149063258335
-63.21704612312646
-63.148617416620255
-63.03603183401042
-63.031263102745186
-62.90639178197959
-62.90253666351582
-63.04186277142887
-62.841427114503134
-62.902773030873
-63.22589055114779
-63.134603231117644
-63.1960497416299
-63.170052507828025
-62.99405142356609
-62.98128924082066
-63.01645469151694
-63.12189791736932
-63.14097110670188
-63.09502420343202
-62.827915035445116
-62.887210940492565
-63.196658036832154
-63.26586745936295
-63.18515396529231
-63.08408680455438
-63.17845405997901
-63.18907626332908
-63.276589627923634
-63.37359476192244
-63.36869939647872
-63.3312318407256
-63.321770222022614
-63.22821728525491
-63.24370182588183
-63.17650491718588
-63.36332817940876
-63.16449300276822
-63.140616683096724
-63.12345479993984
-63.17129631700187
-62.98982211022541
-62.83637887033923
-63.121400588545306
-63.07311418755301
-63.0813951297053
-63.035577977525776
-62.97773436020161
-62.981283459170115
-62.993331750919076
-63.269225687816224
-63.203040880375895
-63.279001778569715
-63.11294918224729
-63.061776613367016
-63.01549249065334
-63.045492555560735
-63.29268323347486
-63.31468467260229
-63.147229701280594
-63.07554314259825
-62.966258385058104
-63.06251264440602
-63.15559675672959
-63.173273526389025
-63.045713669267194
-63.08555391533621
-63.13583670607929
-63.133826867259785
-63.03133569914719
-63.172028155162415
-63.14548330471433
-63.18786491402264
-63.21227055068674
-63.266530450048116
-63.20738879565535
-63.05822453416627
-63.17937924944121
-63.23727759205062
-63.12683748890613
-63.22636229005353
-63.25057997169166
-63.00849038362503
-63.119397471691
-63.08060832475794
-62.89748612560075
-62.995552054766954
-62.9397992676702
-62.64627286689035
-62.802893671496165
-63.06212430370265
-63.13283942896744
-63.05714736724722
-63.21189009937747
-63.256207325335204
-63.28632398309379
-63.09678362361316
-63.12610019692059
-63.19699057628368
-63.05921933979824
-63.18200026092858
-63.27603658931009
-63.08332198652728
-62.929517287632514
-62.94467748650189
-62.93238458448443
-63.14594382869786
-63.05403678170566
-63.17471731120143
-63.16804173691519
-62.7132614727678
-62.9329342019969
-63.06780162145351
-63.05299856333897
-63.056563058803825
-63.00227077151167
-63.06709431985329
-63.06423608187971
-63.06289248219852
-63.2600423447017
-63.29315304345098
-63.11242171710935
-62.79000988705405
-62.81008444366784
-62.91196504543568
-62.62147236692494
-62.883502545027895
-63.04428904837575
-62.92328229957614
-63.00941155696737
-63.19091631831794
-63.21697182079841
-63.2278684295457
-63.09556846783079
-63.0240591034807
-62.98369239527604
