588.8104168574015
427.4603304862976
375.7675801038742
346.10529270172117
333.1401851336161
325.0368018627167
299.58186569213865
286.51978284517924
280.18231263160703
284.625492310524
274.940713151296
267.1275479078293
252.93546489079793
245.94991172154744
237.50211853981017
235.60887747605642
234.66953070163726
235.3512583096822
227.36861471335092
224.6570752064387
221.191228167216
221.39451592763265
218.92613577842712
217.02049295107523
222.82281834284464
213.4652734597524
209.85940561294555
203.99885067939758
207.58101650079092
206.76865893999735
206.78034025828043
205.39706158638
203.1949995835622
198.43229060173036
202.5643752972285
195.67087115844092
192.4096189578374
195.90938039620718
194.5045299490293
196.87216395139694
195.70828750928243
192.76099344889323
187.5847788333893
192.45471752087275
184.62853563626607
188.794704246521
189.5663354754448
182.66727453072866
191.01001205046973
187.06551402012508
182.98680644830068
184.68062178293863
181.84519296884537
182.51294026374816
179.36700828075408
180.38302933772405
176.91557087898255
180.65041999022165
178.45239541133245
176.36097824573517
175.41368764241537
174.80674505233765
175.85141127904257
177.48688975175222
178.91639395952225
172.96007339159647
175.26229002078375
172.68607004483542
171.97519532044728
173.45449486573537
175.94964610735576
171.25027368863422
170.37384482622147
173.44649387200673
174.3442799170812
172.68189679781597
167.02021449804306
172.71455025672913
165.84519412517548
168.68426047563554
176.4603012442589
173.6790486017863
168.7013624548912
174.37349399725596
170.644917178154
167.65488270521163
172.74304951032002
166.88591055870057
166.49600064357122
166.65842395623525
167.6438945531845
168.9488169193268
165.43572860558828
164.50442694028217
158.78602906862895
161.24764194091162
161.0081489443779
161.59672780831656
162.5791891336441
164.3662176211675
165.74181714455287
167.27997836669286
168.7906725525856
168.4152581532796
162.84046000639597
164.14782436688742
161.58524657090504
163.79257235924402
161.89936143954594
164.36054954528808
160.37564098437628
159.19536882241567
159.31779284477233
161.53391872644426
159.9681382973989
158.76695102850596
156.86012263298034
161.02142401536307
162.4402124842008
161.1678175608317
162.7543037136396
158.67202622493107
157.00764043728512
160.24765820503234
161.35773414770762
158.60648907025654
159.4157256126404
155.02611373265583
159.70223855177562
150.5110273361206
158.2069244583448
152.7797586162885
155.46258988777797
156.44796698888143
158.1072155634562
157.20411363045375
151.73907771110535
156.35455844402313
156.64675380388897
156.14356679121653
153.50076597134273
160.86267054478327
152.62135382095974
154.5334024230639
157.95408126910527
154.0819201906522
155.80164729356767
155.9283342520396
157.65126987695695
155.26884295543036
152.17194139560064
156.3912112315496
153.03950934410096
153.60617447694142
152.1771967490514
150.7115128993988
151.28232689698538
150.33322596152624
146.18576438824337
151.02675734361011
153.7771383802096
153.8501577337583
152.19541679620744
150.40765741666158
147.03906241257985
148.5799895564715
148.2577672402064
150.26032536029817
150.26621259053547
154.05845154126484
148.76774011850358
149.3443175236384
153.00711094935735
153.01208947499592
149.34674254655837
152.5288257042567
149.33491636514663
149.72849121888478
154.52173926035564
149.50181968212127
152.85283763011296
150.53899134397506
149.01839514176052
146.0792804280917
148.98499664465587
147.15111371676127
147.3970905462901
146.42496480147045
149.32652386426926
147.4323886593183
144.95232648054758
148.67027698755265
145.76929970184963
144.00560522874196
142.37269947528839
143.23282341162363
145.39727528095244
144.78297769625982
149.13046931028367
146.30956309636434
