631.0120271205902
528.99875942866
482.8313017209371
461.06675638357797
441.70404534339906
423.7334369421005
412.5187893191973
400.16169186433154
391.1089035669963
385.60295863548913
380.4996031999588
373.20836051702497
366.2606980363528
360.3637316544851
358.7237953901291
356.37521051565807
353.8415534774462
348.575232732296
346.6218085010847
343.245307858785
338.5896419723829
337.42615546385446
335.8957670489947
335.43460175196327
330.60043737490975
329.7660312314828
331.3703748186429
327.0571753422419
324.3731307029724
325.88278934558235
324.5806638479233
321.9898375312487
318.0836824417114
319.1449184000492
320.1298602124055
320.25870845715207
318.3732124209404
315.2159932633241
313.7359044889609
313.88684581518174
313.3461757640044
312.69851305882133
312.11649346351624
312.213002850612
312.0883784711361
312.0286436319351
308.1836735943953
309.6577294071515
305.0066589017709
306.5308335741361
306.2309059401353
305.3696533918381
305.94739639759064
303.6935120324294
307.69879634579024
305.8312996327877
305.52560018698375
306.6529652873675
301.56375675400096
304.3762854238351
302.0199116766453
300.8111375729243
299.7213100691636
300.2619255761305
300.8866137961547
298.99450887839
298.9668903470039
299.19547408620514
299.3916284561157
300.7181080361207
297.9839039683342
298.7398304124673
297.2610285719236
299.36787763237953
297.98097924192746
297.6448882699013
295.16622278292976
296.13368631402653
295.0292492469152
296.8336368282636
296.8681140005589
293.7406356116136
293.98427063028015
294.68474326531094
293.4791737318039
294.65641263922055
296.5767685353756
292.97861690123875
294.28261657357217
292.5862197657426
296.92486751278244
293.7685170173645
293.04056230783465
292.4526666621367
296.00150184432664
292.144907450676
292.4384795824687
289.6838890592257
293.7851864139239
291.85343320568404
289.44281395872434
289.955916617314
288.8637166917324
291.9809576789538
293.0932045797507
292.20085436304413
291.5355401714643
289.3577645877997
289.14807722767193
288.6369772195816
288.4672904253006
289.910446135203
288.40814700722694
288.6046014149984
287.24533560673393
289.3676085015138
287.928796684742
288.95184931556383
288.43622129559515
289.5940261383851
288.45681056181587
287.1031915565332
288.7638869623343
287.21941680709523
284.4383090217908
286.9521964093049
285.365276068449
287.3209627191226
288.2288092533747
285.9612153728803
285.99116649429004
284.2672179142634
286.9248787720998
284.2573520481586
286.33559715151785
285.55843300819396
286.22182031869886
282.61542670329413
284.57327265143397
283.6492263376713
284.1499571303527
285.7337294737498
285.1604816854
284.2270794471105
285.3800255695979
285.2991647521655
283.6619777321815
282.8311532100042
284.9361264824867
283.4891057054202
284.94627105395
282.5459344466527
282.36512118180593
284.504996963342
284.22613216439885
283.95075522263846
284.4613262792428
281.90506957769395
283.537906430165
282.4411444326242
284.3486287077268
281.7940667072932
279.96862772107124
282.1565583745639
283.1644625504812
281.8483540336291
282.8476863304774
282.28816255927086
282.993404396375
280.79539723793664
281.5678718527158
280.40334469278656
281.5123793760935
280.6625794549783
280.01937009096144
280.3053532878558
281.43303872346877
283.87060887416203
284.784986247619
282.29054400722185
280.13631692528725
281.8079066971938
280.0014876504739
281.6888347585996
278.99864138762155
280.38054611881574
277.81086222132046
280.4386433164279
279.98301460345584
279.8972593208154
282.2183841029803
279.85472376346587
280.85517061750096
279.8199059466521
279.7509672721227
281.6863870282968
280.31276276508964
279.2093645811081
279.09389175573983
278.4360684514046
