455.07035775842337
334.4053704163124
301.3785490167552
280.5423735667919
264.93938663088045
254.75697450802244
245.22192778258488
235.21921767037492
227.7973447010435
222.30885366735788
217.60860839383355
213.51083014751302
209.21616669358878
205.73679082147007
202.67234866783537
198.85943436211554
197.38485670500788
194.2334101035677
191.00177981113566
188.60791733758202
187.08715767695986
187.11913922326318
183.1425569838491
181.9787096155101
179.53789080011433
177.84319354747905
176.60835184722112
175.31738071606077
175.129201239553
174.0761577877505
173.0926397710011
173.33638832075843
171.3327873821916
170.43987251561265
169.6183619910273
167.95029406711973
167.50001937767556
165.95244792412066
166.1486211316339
163.91072919862023
164.35278391838074
164.83003859684385
163.6461181270665
162.61278521603552
162.3341644920152
161.63655809698434
160.99542051348192
160.4215819917876
159.29197958420062
159.08755115393936
158.93584849916655
158.1489519250804
157.53195221259676
158.31000392190342
157.07800468083084
156.47101538756797
156.5471500487163
155.32814026701038
155.52519813077203
155.65667964261155
154.45493779922353
154.19489202828242
154.2475634402242
154.61796170678633
153.4137044281795
152.99402160480105
152.60602968314598
152.64285397940668
152.26972073933175
151.9974090929689
152.04790783339533
150.92720180133293
150.422369652781
150.38401404742538
149.7280188264518
149.5891284819307
149.53667921444466
148.90686609416173
148.1583200158744
148.49194463779187
148.47111812131158
148.2705583161321
147.9554125440532
148.42986579187985
147.53448868208918
146.86650365385515
146.94095763666877
146.1518974098666
146.94623565673828
146.11704266893452
146.99027664908047
146.584614227558
145.77450071121083
146.12673105453624
145.3720278411076
145.35852537072938
146.32396759658025
144.80272827066224
144.2731018559686
143.72413042907058
144.07138667846547
144.53912043160406
144.59322976654974
143.79414528813857
143.51702158615507
143.38390304302348
143.59508099638182
142.23911021906753
142.67924638041134
142.31620156764984
142.80234755318742
142.90566664317558
141.24698586710568
141.79809985078614
141.89308787625413
141.2548778098205
141.47018545249412
141.55598570560588
141.1010663591582
140.825359607565
140.42291431591428
140.01345308073635
139.76936620268327
140.4086931286187
140.27330012568112
140.9356806360442
140.2669369804448
140.00608693320174
139.79546392375025
138.3904489772073
139.42942988050396
138.55871967611643
139.02293232802688
138.47248788948716
138.48438265816918
138.18279643305416
138.47143458909002
137.84845372726178
137.49530244695728
136.62189871278304
137.36650169717853
136.66455410266744
138.13055495558115
137.88683568198104
137.89736305845196
137.65358896091067
137.64815024671884
136.99718999451605
136.9221338855809
136.5466395780958
137.73552579715334
136.95422988924486
136.79419425849258
137.1156956738439
136.87873326909954
135.6508983250322
135.11244950623347
135.3229948117815
135.08309584239433
134.8193920234154
135.2198673322283
135.2417106381778
135.71769877137808
135.73997391092365
134.29206889251182
134.7790520478939
135.2088283505933
135.08575991926523
134.93835567605907
134.85658939953507
135.4226088030585
134.5494645751756
134.4052439681415
134.09228652099083
134.76886314359206
134.8406004987914
135.12388707851542
134.45378930815335
134.0311675934956
134.03312412623703
133.89876253029396
134.29304607983292
134.07259553876418
133.03910335179032
133.99808814196751
133.40801047045608
133.23378072935958
132.58913773914864
132.48929630476852
132.80623656305772
132.08438507441818
133.12913150622927
132.32651124740468
132.91035518564027
132.8611076371423
132.37290735902457
132.4574388224503
133.09711232678643
132.27018223548757
132.01359298722497
