253.29023874217066
250.09569660959573
245.98283298262234
242.6795371606432
241.7788987283049
240.81663296962606
239.51910249529215
238.77519069457875
235.46046346631545
237.38874219203817
235.56369684071376
236.81537713264598
238.56147414651412
235.13773535448928
236.22288418227228
233.72460895982283
235.51453642598514
235.3546601986063
234.52640098127824
235.4112610159249
233.99478414551965
233.62134561456483
233.23987719519386
233.02511423620683
231.95537164293486
231.93019743623404
233.1254160321992
230.662977979101
231.59673219302604
231.5238471853322
229.8323109232146
231.3216945467324
230.84249484127966
232.21983850413355
230.05517184734344
231.66176566173291
231.37454444375533
227.43148526652107
230.5612043594492
229.90532854096642
229.635832996204
230.24701256998654
229.9584591429809
231.42830535050095
230.60518606777848
230.62402146849138
230.61523370085092
227.25613538561197
229.56543672084808
229.84081630460147
229.04731304892178
231.24767398012096
230.12799548691717
230.9668872561948
229.60920308787246
230.09139767186394
229.5845698817023
227.54138348431422
228.79401304804045
231.07126940118854
229.15548273201645
226.08232414311377
228.77924235113736
229.69364906590562
228.52473064948774
228.50441682338715
228.0690005442192
230.01552544791122
227.4217872989589
230.38963622060317
226.00975198170235
228.135558839502
230.13798823438842
228.37233428708439
228.063897654928
228.12569538478195
226.38277646590925
225.5408226128282
227.19665705746618
227.26860289738096
229.32392952359956
227.9453259254324
225.91717351305073
227.0001463026836
227.58526888386956
225.83676615254632
227.81605235461532
227.30500824698086
227.13103576775254
225.62448659436456
226.70635293681045
226.1126826261652
227.10967661594523
225.9368287119372
226.3766394236992
228.76611542290655
226.20187368475158
226.2679885872479
227.3464130245406
228.25961884136856
224.87547650830498
226.69043213745644
227.48893824528002
227.12724342428405
226.77123431501718
228.54067608405805
226.5532259242288
224.72946676714668
228.57214253524253
226.04319114931698
225.1309892432443
225.45611960723483
226.14773670558273
226.25509974463233
226.00529836786205
226.37095411481528
227.3693768978119
225.2830992238275
224.60634552199264
225.9626886022502
224.46163474691326
226.07285302260826
223.0210056962638
225.44614206511397
225.62197001638083
224.52851290127327
226.19169280035743
226.24303548500455
226.91000564344998
225.30155960444748
225.19871183099417
224.0445342146117
225.71923908282972
225.44055497646332
225.4384290884281
225.63265429694076
225.31772632023385
226.73209309577942
225.10442528642457
225.12705880197984
225.17069616399962
226.71734661891543
226.36134213825753
225.65777177235177
226.04728277798355
224.4775666943912
225.14093374383862
224.4613562205742
222.85452912182643
223.19633527048703
227.4114072980552
221.96871671183357
225.6837637999962
227.02652046598237
223.97062729144918
224.92148198752568
223.6587222896773
223.97481353529568
226.23662681004097
223.93817049881508
224.37658106869665
224.93877474192917
222.26452249083025
225.33338209678388
222.48997974395752
220.87246390046744
223.9556804196588
224.49521885247066
222.19630911021397
224.8339218476723
223.0444258656995
223.6792679983994
224.7525298307682
222.53722469148966
223.9108951831686
222.695286241071
224.38715298833517
223.9299630584388
222.37605864426186
223.5607986861262
225.1338266134262
223.66363423035062
224.50856002445877
223.8486120577516
223.57181717609538
222.7026400483888
224.08323555157102
222.00087403840033
223.67088371720808
224.5313538559552
223.80165810831662
222.32099294662476
222.16917567006473
222.52729956446024
222.69323845567374
222.8284969206514
224.10606520751426
222.7633034566353
222.23056287601077
224.65583774961274
