36.002961638158766
15.423970661029733
13.393458588113045
11.696628386604376
10.76759029513803
9.862996563315392
9.254374815986074
8.52434671336207
8.04990019212509
7.500647770305132
7.10558480306946
6.634498235480539
6.5824360441544965
6.107645646508398
5.9248892079139575
5.841804543188934
5.824215537258263
5.609691680248441
5.409190291346147
5.175804750158869
4.869195467953024
4.687306091703218
4.562980325057588
4.536491712362602
4.433430821088882
4.303636548077238
4.14526574210874
3.974056533313003
3.963395411919417
3.9266430884599686
3.816683677635316
3.809392740371926
3.779256835836789
3.6620337970811745
3.6073561381420185
3.583519182842353
3.601606954531423
3.6127838716553202
3.582101908994132
3.5533294240976203
3.4462813634810776
3.507715139345362
3.5373777402243736
3.417993900783617
3.4743937002173784
3.4736823462078283
3.391886758393255
3.435446691924128
3.4367065455379158
3.4081112882443545
3.3051524681263955
3.236004547505029
3.1945777951001095
3.136120665433078
3.1809539247689576
3.0635618593158394
3.070037124036201
3.0212387813833255
2.962777780561612
2.9095298839925694
2.8682445003811656
2.911170966024029
2.811995140951255
2.7716591134667397
2.760157012348545
2.7918117607076622
2.6781283254767287
2.6728122046795386
2.5959633406380127
2.5948513305649676
2.601501899803507
2.5541236345367184
2.550074038320574
2.526499515527795
2.491442620304638
2.4928092767709287
2.4353298988707106
2.466222160399474
2.46955689312569
2.4425019987955174
2.4484410135653514
2.3869347686654536
2.382485824861917
2.377866147535628
2.356677317799165
2.3392751807796546
2.3276209634696614
2.346468656034819
2.2733621186223525
2.256900193555088
2.2452473062379608
2.2458633731665283
2.2028484892999303
2.183553818741749
2.1959382698325247
2.1638155495426776
2.1875370315693576
2.144281735451057
2.140031929352674
2.121829852911419
2.0906828876970143
2.071659572679421
2.111597239714244
2.0795536939825476
2.053837705660483
2.05565939740888
2.0729437016336054
2.0042969802844115
2.05265808388077
2.0050411789581695
1.9895466519198541
1.992685661747538
1.9840056455597794
1.9691058420415581
1.9640094542811657
1.9630875391564493
1.962942011654377
1.9343523656114423
1.9876274164637615
1.9577050962453257
1.9374630925213467
1.9283479921005924
1.9391045327587375
1.9139687851199816
1.910500751936744
1.9249340543073827
1.9234774111416832
1.9229497961571504
1.894636992943184
1.896354541182518
1.838001704999599
1.8464879048024785
1.8597206391779513
1.8327145243127798
1.858985869342397
1.8317337010441155
1.833815826873841
1.8349435077659015
1.794768966541722
1.781925751924001
1.798244004362616
1.812998390788662
1.7979038724483087
1.7779468339065025
1.7636841846758435
1.7985038382868315
1.7916458303044582
1.7880670312663605
1.7396405799763983
1.7420179537529576
1.7526622296407306
1.738974704375041
1.7553319463442112
1.7665941358768735
1.752806465687423
1.7377314118604208
1.7654416620217521
1.726185100410005
1.7304809176330935
1.7124358068123973
1.7113165024282604
1.733302030648137
1.7510916412775885
1.7508708223828982
1.7150487284465084
1.7081753624410465
1.7106467695457155
1.6890127610029846
1.6900496022326166
1.7081210513695562
1.6962793064143122
1.6638876202933748
1.6709117786637668
1.6680752729097832
1.661110178663813
1.6673798933625221
1.6721857067454478
1.6729674634748493
1.6346342291939875
1.6456417158438728
1.6523831190605616
1.6270945094011982
1.6353880229952007
1.6491972641569788
1.6382929854544586
1.6142114857532854
1.6207101950743075
1.6219162428430443
1.623866665562422
1.5948017075144012
1.6246366986426815
1.607015121407036
1.5971348327745138
1.606088689817437
1.5821921785586868
1.5780392390643727
1.5807900262097347
1.6111793625971367
1.592001305636147
1.5861763681509886
