102.18209602832795
65.34901775121689
56.84502339363098
52.328288692235944
48.67006533145904
46.235723181565604
44.87860841353734
42.93050850828489
40.898187599579494
40.63154076139132
39.043535115321475
37.00513492226601
35.239748605092366
35.42061300873756
33.617472074429195
33.96511681377888
33.513751176993054
32.07823387384415
31.68065168261528
30.941943606734277
29.343652884165447
28.845950521032016
29.0569787611564
28.039359654982885
28.786845030387244
28.629955335954826
28.61260817150275
25.6402857174476
26.12139185369015
26.196653950214387
25.717753484348457
25.182803797721864
25.834160190820693
24.966594242552915
25.28773415287336
24.382572703560193
24.569406328598657
23.682690749069057
24.290424932042757
23.636683463056883
23.548963874578476
23.05750476916631
23.567013297975063
23.843381239970526
22.848796577751635
22.06560186247031
22.88020116786162
22.389050636192163
22.51221815844377
22.56949110031128
22.648710959156354
22.54498750617107
21.955690492192904
22.021413343648117
21.05503801802794
21.44162671864033
22.100053913891315
21.885054167111715
21.234185509880383
21.794701420267423
21.30550439308087
20.547299221158028
20.330802990992865
20.843384843071302
20.510527462760606
20.65706917643547
20.766022386650246
21.00481778482596
20.31479632258415
19.658311029275257
20.068613226215046
20.586856154600778
20.386337749660015
19.59817790488402
19.871571098764736
19.52053354183833
20.033612067004047
19.659606506923833
19.932883598903814
19.119884772102036
19.166793869932494
18.969761247436207
18.771481181681157
19.617888487378757
18.545290890336037
18.94240898787975
19.04164714316527
18.834546390672525
19.34455063243707
19.20238624860843
19.368660953640937
19.282235019405682
18.32661082049211
18.55861951261759
17.78520052631696
17.741207505265873
18.83824460307757
18.22161523401737
18.19904333551725
18.15352065563202
18.40612124353647
17.856593346595766
17.900914893050988
17.50983663300673
18.231887661417325
18.187790756424267
17.39419611444076
18.160349159439406
17.500885079801083
17.972939601540567
17.109409211079278
17.627499685188134
17.63183250427246
17.32895531356335
17.36092926263809
17.056193023423354
17.464736116925874
18.043391170104346
17.6627200315396
18.207891135911147
16.752412718037764
16.760549642145634
16.98413225611051
17.21856722633044
17.117140456537406
17.271754201253255
16.820126803716025
16.53850039144357
16.97743678788344
16.279470499356588
16.738197680811087
16.69070093035698
17.141061819593112
17.51846952140331
16.899938348432382
16.247795109450816
17.317203388611475
16.945789214471976
16.8077106376489
16.936669500668845
16.526994891961415
16.579848990837732
16.937043173114457
15.987514529625575
16.37452691992124
16.488562618692715
15.840978159507115
16.259278592964012
16.085417891045413
15.875067948301632
15.724942429860432
16.154406186938285
15.807549523810545
16.702951729297638
15.973722415665785
16.65523609817028
16.024426676829655
15.766446861128012
15.807594826320807
15.936541252334912
16.41788825293382
15.673220160603524
16.31711253672838
15.722979945937793
16.360703779757024
15.634785761435827
15.124365368982156
15.842571253577868
15.689939280351004
15.42522945801417
16.314111880461375
15.57513998001814
15.940228806932767
15.30718018313249
16.03791353305181
15.81271389424801
15.233021714289983
15.424595978856086
15.192581370969613
15.801235569516818
15.713036982218425
15.409568912784259
15.438323467969894
16.213354464372
16.01332376052936
16.48017622381449
15.390081958969434
15.602700596054396
15.489317276080449
15.65090620170037
16.30299604535103
15.428541281819344
15.640101372698943
15.890134799480439
15.422917090853055
15.680166722337406
15.404228704671064
15.623372463385264
15.907604598005612
15.399280806879203
