1140.0566301345825
949.4578644275665
847.4654087861379
800.1710236390431
749.8908521811168
711.4158902486165
677.9311563014984
654.6000626007716
632.6432208379109
617.5905728975932
596.6022567828496
586.2960482994715
567.0711213429769
554.4476458152135
550.3793330192566
535.3106504360835
524.62205119133
506.195631368955
493.0734400987625
478.61725849310557
469.74177140394846
452.2545037905375
439.18042809963225
429.77548784414927
425.2634762247404
415.1563702225685
401.8974731683731
397.63555084466935
389.41675370931625
385.19206840197245
378.764572318395
371.13773888746897
364.8210654815038
360.9907246271769
353.6621762911479
347.6424123446147
344.1416293064753
335.49616788228354
332.5574858546257
326.7970874349276
321.12337519923847
317.2773675362269
313.5001546561718
309.9711389482021
303.9089378575484
301.48522927761076
297.31579274336497
295.42819040020305
290.943113954862
285.8377450009187
284.91252243916193
281.85174742539726
279.34421781897544
276.07076185941696
275.0943365196387
271.65620803634323
268.08747282028196
266.73711162408193
265.6818541536729
261.0652888675531
259.41631477971873
256.1946133106947
253.68169226646424
251.46448947588604
250.66574837764105
250.58597067296506
247.35962699453037
246.7405932943026
243.57657307684423
240.16348962883154
240.50901132424673
236.3905891423424
234.59147321830193
233.33063537627459
233.80620652784904
232.1066483197113
230.44492762039104
228.56732274020712
227.11242389579613
225.37482310384513
223.82804076385995
223.40969468901554
220.52910326644778
219.06121934354306
218.78418199879428
217.81183676527192
217.4538165064839
216.31664717569947
215.41092122380698
214.94336265946427
214.4172929663211
213.57810422057906
212.6710520333921
212.28959347493947
210.56230438475808
209.62159170235196
209.92663835110142
208.66408114520212
208.01774487321575
207.5446350944539
206.55436390911538
205.56145770847797
204.27855238740642
204.4313464956979
204.29113504886627
202.75258492777746
201.40589631249506
200.5098464069267
199.68726668159167
199.08563783665497
198.68154493818682
197.9904893497626
238.1502967307965
226.7282159051237
208.32621902674435
201.8400380678475
198.58320601383846
196.92535188049078
195.30877609948317
194.12405491918327
193.44953259428343
193.76239591191214
194.07942280222971
192.73128621230524
191.85623208284377
190.82775855263074
189.84601063181955
189.53240806957086
189.44160227825245
189.1159461150567
188.28692251841227
187.93537438958884
187.57009317626554
187.20291138937077
186.58351250986257
186.5989202712973
187.22216050674518
187.17333581050238
188.0900811860959
187.05763460646074
186.98212390840052
186.75786609351636
186.33232002755005
185.18138948082924
184.24182189702987
183.40614984631537
184.3234792470932
184.6829703281323
184.04750227431455
183.09819548328718
183.21987115641434
181.37156504193942
181.53017019331455
180.65225626925627
180.11085237165292
179.76122869849206
179.62576131621998
179.57076264321805
178.98930697540442
178.91562055548033
178.7183050175508
177.56778219441574
177.5656521221002
177.37015133400757
177.0366478929917
176.45219148397445
176.46590739885966
176.3175546705723
177.2082530160745
176.1570789138476
175.298114507397
175.3896386106809
175.40764392415682
175.42584004004797
175.30304798086485
175.61041747530302
174.56709285477797
174.24333757460118
174.1521179775397
173.43624146580697
173.54462641278903
172.7850490430991
172.45748528440794
172.39255232910315
172.03540486693382
172.19152066310247
172.0056013604005
171.602613996466
171.89323524037997
171.45148523350557
170.8892281085253
170.8250938653946
171.01122223039468
170.3436038374901
170.02468857268494
169.7121693690618
170.01066213448843
170.0858766168356
170.0548523912827
169.58454720675945
