1292.364172244894
1249.780245879601
1225.1142404819357
1216.7277065803264
1214.784399986267
1186.889832200675
1210.6204936586578
1168.882944962074
1216.5899819670053
1181.897829549066
1179.4785708394543
1148.245846748352
1171.7846703036078
1167.487561719171
1158.4693984327646
1124.9282389015987
1162.3521143814612
1098.9601000424088
1155.3410625457764
1102.7904347386852
1115.227261247306
1136.8103414403981
1146.323727805039
1133.2242031755118
1129.2083301873042
1170.2279496686212
1146.3103573568935
1132.4279436571844
1087.0618304219738
1131.8523851098685
1133.1297727453298
1153.9537192213124
1120.9308317118678
1094.0308616572413
1121.5702656055319
1115.5879848743307
1119.9321943480393
1098.9645626133886
1157.3436237532517
1153.2387918603831
1142.7545709938838
1107.153125697169
1110.91141381757
1119.2327997602265
1117.9854139788397
1112.2661939160578
1115.2726352954733
1103.197943588783
1128.2398013082043
1138.6653661399052
1088.233034956044
1118.335105271175
1117.1407304961106
1104.6887484254507
1109.0375787471903
1119.5606071866791
1108.692216675857
1104.508053056125
1138.787932593247
1127.5726389391668
1103.1545657453867
1125.9135151238277
1105.574146698261
1123.3693624364919
1101.1857914760194
1119.7483652049098
1122.6511240005493
1099.630177777389
1141.0339289369253
1115.9452292343665
1099.8601478708201
1090.521478652954
1112.0932753990437
1091.1670983084316
1104.8125427838029
1136.6216284324382
1123.5035021551723
1117.7377988552225
1119.0507192611694
1105.7724099323668
1105.9841855805496
1136.906816778512
1113.4240082707897
1113.595688162179
1114.4369555835067
1083.973050873855
1097.9513011143126
1108.8599799254846
1118.9978672553752
1112.2174062071176
1078.5439554740642
1098.7406835227177
1105.4533637803177
1132.2110268494177
1110.6370616123595
1094.16883629766
1122.9165727023421
1114.0653774820526
1092.5756997404428
1117.8473938580216
1098.1559596226134
1120.127703568031
1121.0501080217032
1130.5120214593821
1113.28951957308
1120.2435587192404
1116.1590861616464
1122.035673404562
1073.0427937836482
1113.2569140236953
1083.8404870197692
1092.221496976655
1089.569167860623
1119.1346809452978
1093.4164746547567
1115.3596438375012
1083.3431635725087
1117.8582580829489
1100.4030665693613
1115.1677692018707
1115.2445006534972
1114.3303827088455
1092.718569525357
1085.3636250660338
1107.692716582068
1094.5528964996338
1105.9764829832932
1095.4631441543843
1081.9084604526388
1119.0037464931092
1093.6872282028198
1105.6634390600796
1095.4152830715836
1102.8091339900575
1093.2688826856943
1106.6659947757064
1108.1833182367786
1094.051856304037
1098.8563510138413
1098.856646143157
1093.2016916275024
1102.5894739216772
1079.8358401758917
1109.1260082639496
1105.7692636950262
1092.2006481433737
1086.3320823537892
1078.0298364573512
1080.5309980326685
1112.1344183888928
1102.0373359548635
1100.8236981095938
1099.6395705979446
1113.4696635871098
1107.8637784596147
1084.1334266333745
1080.4942368474499
1078.4980492098578
1073.42804300374
1084.8886606939907
1122.8475474324719
1079.6544899118358
1114.543102034207
1087.598158145773
1101.4273076221862
1123.2173563858557
1086.5377876347509
1095.2364765035695
1083.9994504205113
1077.345961603625
1090.3675717485362
1095.3745896569615
1110.8639816744574
1087.860254468589
1123.9591469929137
1091.133227183901
1103.8131192141566
1077.185793482024
1105.202210886725
1084.440284959201
1105.4176520314709
1080.7935757472596
1075.6162685525828
1095.8452636126815
1098.43997261442
1084.2619725260242
1057.664986445986
1099.0324802069829
1074.438338773004
1086.4363984732793
1066.9637877694493
1094.3072006949062
1086.5190839767456
1081.9385783425694
1065.9475307135747
1067.6921085160354
1089.552417261847
1071.754022532496
1102.3956588876658
1107.6593904166386
