803.9362991333007
703.3902003924052
664.2241078138352
631.0923827966054
611.2143465995789
603.71691690286
593.0894353230794
565.012222679456
564.9468781471253
560.0403474648793
558.4587968508403
546.8172888358434
544.0219318389893
536.2103174448014
531.8894626617432
521.2976944684982
514.1848214944204
507.8410770893097
507.7291172504425
497.66659178733823
493.757187239329
497.67263917128247
488.0332687775294
487.2939628283183
483.9183905204137
482.5508219798406
486.25763334433236
478.0763127883275
474.288699944814
474.5661626259486
474.1030755917231
465.92859298388163
470.6041960875193
464.5038306713104
467.7341986576716
463.0722512722015
460.58798534870147
460.5410929044088
462.0157651901245
461.0135048151016
454.37323592503867
454.99193150202433
455.55826375087105
447.04061039288837
446.2810378630956
449.4272580544154
447.47268843253454
444.7541774471601
447.89804236888887
444.0746565381686
446.23172568480175
447.4372671286265
443.3782946189245
443.18857796986896
445.72875845829645
439.8609538515409
439.8788079579671
440.8298573096593
439.6724002877871
435.7339421788851
436.5605270624161
436.9232818086942
436.0624129851659
432.31142865816753
433.94733846584955
437.09442506233853
432.7393194794655
435.2424525260925
428.9512114485105
433.04849815766016
437.19102245171865
433.1530073126157
431.0563904007276
426.05838386217755
432.2798641403516
429.09998557170235
430.7758387088776
425.46634575128553
428.2499529957771
426.02080539862317
426.10781646172205
427.6480919996897
421.04697882731756
424.4397444089254
427.9025676290194
429.8479501167933
424.8392405430476
423.948346499602
424.9821445385615
423.5062159697215
421.8700172106425
423.0523392359416
420.05705957810085
424.88829439878464
419.1303740898768
418.08542806307474
421.138227891922
419.54611170689265
420.1207284053167
422.1085905631383
423.38765645424525
417.3900641361872
416.3056202451388
423.88591039180756
414.91531962951024
420.7321477731069
414.2253007014593
416.5855668067932
415.97481080293653
415.06615580320357
411.8375791231791
413.8177630742391
412.9718855301539
415.22482624451317
417.7100074291229
410.67502523263295
412.9383823474248
414.5991991043091
410.0620123982429
409.2359667738279
410.12926083405813
411.80253374179205
412.09178459246954
411.68290268977483
414.5609435160955
414.1090298096339
411.5823800206184
411.6111143231392
413.69349526166917
409.65462203025817
410.23648519913354
412.729903793335
414.5642353216807
413.37938716014224
403.23673878510795
408.43123536109925
411.8807358702024
407.59144475062686
412.58222736120223
409.237943081061
407.6885230819384
405.76711657444633
412.4588160991669
410.28677897055945
409.80789035956064
409.7536809404691
411.1674620350202
408.7301807443301
407.9455878416697
409.10739320516586
406.8994758248329
404.4882504741351
411.1702820579211
407.75589969555534
406.31731530825294
411.32411637703575
406.82236509720485
409.20768608252206
404.07760533094404
408.31484135389326
410.69560419718425
404.84309170246127
408.97288844982785
411.0423737287521
409.5193711042404
407.6130238175392
402.5590226173401
407.6955909649531
404.7643655220667
403.7160060564677
407.38605098724366
407.75085172255837
405.9902763128281
408.2917689760526
403.8271989107132
400.70005287329354
404.29537247021995
404.71366668542225
402.5916103084882
399.21358222961425
401.77948952118555
402.4344035585721
404.465938047568
405.550547293822
402.53265573183694
400.92501619259514
400.6888250788053
404.74763768116634
402.87174698909126
400.4922158241272
398.77718261480334
405.12354010740916
399.4008095622063
401.3545101205508
404.1270226597786
402.3717567602793
398.68272718191145
400.72422581513723
405.316213619709
398.1530617515246
