116.76332429770765
99.56551452751818
94.15025002380898
93.86693556966453
92.34123418248933
92.97194956088889
94.96884712679633
90.28749428329796
91.71743942334734
91.44846973542509
93.26148722706169
91.68689129064823
88.88693245526018
86.3506270708709
96.64017313513263
92.63396336703465
90.79349118471146
87.76492810043796
89.9328374307731
91.75834423509137
86.96445219064582
88.77807715432397
89.1072291834601
87.04592529658613
93.54970484149867
88.54153028644365
88.76018473403207
90.21519889913756
87.66810899356315
89.46985106016028
85.40126057123315
86.16452544105464
84.91937527368809
86.2120012579293
86.28473537543724
86.79289964355272
84.23261939451612
87.02610092738578
87.52958809507304
90.27434346182594
85.4175654361988
84.1792488755851
88.27051473897079
90.69121699292084
88.7404550272843
85.84813547751
85.31103716019926
82.48136505587348
88.89774720833219
85.93442240254632
89.27472361408431
82.62316979622018
84.5165136107083
86.46754406238425
88.18798894923309
85.58354117952544
86.53208761996237
85.18038343355573
89.26817756480185
88.1546075426299
90.91823510877018
89.3954411662858
90.5086050896809
87.28017972255576
85.92128620476558
88.30326313602514
86.46644350989112
86.04981727024605
84.99362369035852
84.77499730422579
85.337160007707
83.59246295690536
88.58950515862169
87.0781900882721
84.94382727557215
90.70315564911941
89.02060415826995
85.45891361400999
89.62587378353908
86.23973839961249
83.5394684446269
88.1155216272535
86.198290280227
86.40433972868426
81.56162773946235
85.48865504100405
85.61678921765295
85.22457652667472
87.00458835116748
84.41148856590534
84.99817679257228
86.0383852494174
86.08503538575665
85.31509361801476
85.4589436352253
91.42968507059689
86.84678462044945
81.8168463439777
82.42737968625694
85.96119574020649
83.61590179287154
85.71015129418208
84.26346955833763
85.61996110965465
83.04118232891477
85.5326661200359
84.61097937616809
85.03544281268942
82.05471495513258
86.76526329435151
83.94644085292158
84.52630656752093
84.60288523394486
86.90184820314934
84.41702611898553
88.42487644943698
83.4881712855964
87.01075954683895
85.04091240208724
83.37591282252608
88.55706267726832
89.05786285934776
85.47147933984625
88.61797412305043
86.2178139398838
87.41081790266365
85.79243724202287
82.69899948095453
82.27875493312705
84.90166068693688
83.73745551808128
85.9875051523077
81.55738862012994
87.66186014537153
84.18130984594082
84.22751870854148
85.72680356995812
86.48092821959791
86.03556471446464
84.88066875934601
86.48752875677471
87.77893614768982
84.44486659970777
83.80452588714402
84.48533193818454
81.9170622784516
83.68668341636658
84.49674279114296
83.86599651287342
82.64215687225605
86.01197215606426
84.23944848159263
85.48731311025291
83.17031791703454
85.69255459308624
83.07592378608112
86.79095284897706
88.08926941814094
84.92877995967865
82.97424656358258
85.2170184871246
86.88594970209846
84.04912635375713
83.02047053082237
83.56457234251089
86.00623395319643
84.79837055658471
79.71673079708526
81.76095473560794
83.55355445680947
84.3070741008068
85.28483522760457
83.65683504630779
84.87565185283792
82.8329325914383
81.4580703459937
86.27564057502254
86.62605515019646
86.2048255246261
85.13163988549134
82.474322567726
84.6825216268671
86.31169927942342
83.9070728277338
83.90561680752656
83.71756390456495
88.07608364368308
86.37141161951526
83.8223587315658
87.02083617448807
87.46517904462486
85.83740332619897
87.69352789582878
83.85025270437372
84.13774757138614
84.74940865615318
80.46121084690094
87.66796940770642
87.15345281979134
86.73379498925702
