846.4871570269266
745.9290220101674
706.9356229146322
685.1586657524109
653.9211445411046
639.2519079128901
619.0169412692388
601.1958409706751
595.4392632881801
584.3430346727371
574.8988604625066
569.6639055331548
555.2546638250351
545.6288678963979
538.3169524828593
542.0328424453735
533.3055277109146
522.8860464652379
519.8009393533071
512.1958935022354
519.1341834783555
512.2976866563162
508.54004758199056
501.8152844508489
503.921658539772
499.0580173333486
501.33295546372733
496.28110953172046
496.66637535095214
491.03888255755106
486.58775018056235
482.53158196608223
481.6484271923701
480.6295913616816
482.8280412038167
475.1710212628047
472.2868111371994
474.6576958656311
475.3851196686427
473.8966454108556
471.5692644516627
470.50379642645515
465.32685187657677
468.69989608923595
467.8527278979619
462.20776200294495
465.31895057360333
464.6781330426534
461.29397588570913
461.75012124379475
460.75564170678456
464.12370196978253
456.3941622257233
462.67057557106017
452.9618954539299
457.82441937128704
457.82281273206075
454.77141569455466
456.1212252219518
454.88606077829996
451.3675829807917
456.153373503685
452.14597651163734
456.01023426055906
450.3117694060008
450.1868601401647
451.02694487571716
453.32430130640665
448.2696798880895
450.1010528842608
449.93111349741616
443.5044224659602
448.55577948888146
449.2583903471629
448.4346348444621
446.28224998315176
448.84239529768627
444.79432204564415
442.0428827842077
443.09230842987694
445.529127573967
444.26077136596047
447.73849037488304
446.1930770635605
444.7940541426341
443.9063429991404
443.00061835447946
442.38346332708994
443.8786911288897
437.5201855421066
440.8565887928009
441.82357648213707
445.7370636224747
443.9108954866727
441.6090459346771
442.077410030365
439.61506983439125
440.7358047246933
443.36389335393903
437.48239403565725
439.9897719065348
437.87472976843515
439.66684831778207
437.4721350351969
438.8684830188751
436.2113188743591
436.7136797785759
436.7819300333659
433.8925743261973
433.342108698686
439.2645733277003
438.3141488393148
428.27069269021354
438.37943006356556
436.3737345258395
439.4494153817495
434.79170330365497
437.7257544080416
435.477527431647
433.3052518804868
435.92335900863014
433.360142381986
433.53258488972983
435.80989350875217
434.8736194928487
436.4248800357183
434.7681656002998
430.5883848667145
436.61205535729727
437.0697938919067
432.7690771261851
434.4427993297577
428.5037135521571
432.75852003892265
430.35977567831674
436.155827387174
431.77230288585025
436.7639392296473
430.5478904167811
432.87579722007115
428.49191432793936
433.3286141673724
430.9215495467186
427.4147553841273
430.1716212352117
432.28821116288503
436.1901262640953
427.7206393718719
425.07643176317214
430.4133348822594
431.85921269257864
432.58491183916726
430.66884472370145
430.1762743870417
434.4591927409172
426.81885376373924
430.8082181851069
430.97458370129266
431.035602080822
431.41161878903705
428.16073055267333
429.5238318840663
424.73234709501264
429.8379980246226
430.6139255523682
424.764834968249
431.34138553937277
429.22263012727103
429.83291074832283
427.03578234116236
428.4507922053337
430.05671265522636
431.008555773894
428.0601077914238
430.83349066178005
427.2182322859764
427.8258700291316
433.22852665980656
434.16402694781624
428.0341193596522
426.0093741695086
424.65674717028935
427.00545498927437
427.0595201810201
421.60723727146785
422.8028032620748
424.14415763616563
428.1210146188736
424.8878742098808
427.52814405759176
429.5263372262319
427.1303472161293
426.0109261751175
425.9275209069252
426.31161425511044
424.92428363958993
423.9458981434504
427.35253198941547
427.20144538879396
427.633123087883
