-17.532019086952868
-24.497914695534213
-25.99804762776556
-26.472891770560167
-26.94961360199698
-26.379655219357588
-26.26091795440378
-28.3085606221495
-27.98326630838986
-26.91291350229033
-24.994338911669008
-25.59849790714938
-26.22459021005137
-26.45119319856167
-25.138449851295043
-25.434191528579284
-25.0788139413143
-25.143402243996487
-24.681593040967808
-25.159858194404634
-24.786230405856823
-23.915020862016185
-23.98714105939043
-25.805794160941552
-24.788617324212503
-25.777706387741812
-25.25732932522379
-24.0940002285201
-25.69197304084383
-25.91906786992632
-25.07752238881999
-24.926340602595232
-25.87699503117594
-26.669986056356596
-25.022741881937815
-25.584275915704925
-24.790552272878845
-24.636002680350995
-25.90279082285947
-25.090416925734488
-25.45717261115025
-25.80024245021672
-23.61714981033884
-25.26305909197906
-25.25398628670594
-24.771455660976212
-24.750446178789797
-24.23238716659875
-24.196336420445608
-25.17355355106551
-24.869966734072257
-25.117720660464517
-25.13283553822287
-24.868355858428725
-25.48612966105856
-24.82701566301543
-24.680220893744764
-24.119058592566127
-24.423669865419125
-24.27874720096588
-23.643015974554523
-23.69594561848147
-25.139285946200634
-25.28550898206645
-23.558423917869042
-23.473197172427998
-24.42963212522967
-24.449659300775362
-24.405764511946973
-25.087165255998745
-25.710051659880012
-26.20400708913803
-25.070540718991182
-25.396269607646712
-24.872397562553143
-24.56765653347147
-25.184887878339865
-25.158074985290394
-24.706635961244846
-25.025239378213882
-24.64737346485771
-25.072616346437357
-24.462829771740683
-24.760526201848325
-24.934929262461335
-24.650522409841933
-24.742625346471524
-26.329527253734653
-25.82614879618431
-25.433700041524297
-25.66321684471492
-24.54020646882468
-24.70482685391245
-25.96533570926765
-26.0373166655672
-25.758605791576976
-24.307589994422322
-25.120772087882305
-27.07009804968176
-26.15234369142302
-24.94776643761273
-25.51902399289197
-25.84441641281391
-24.726383928081084
-26.316909858892704
-26.769825498091762
-26.28043294672308
-24.901816666640084
-24.840524318917044
-25.542121849183378
-26.153195589266975
-25.768670242408227
-26.17991546053311
-26.778029552307622
-25.33078260360093
-25.174800085610357
-25.34158208144122
-25.80900809682649
-26.949201302795576
-25.854945439716865
-26.226633578538895
-24.921303832325442
-25.52225075302453
-25.26178113345442
-25.683650357969874
-26.624016002334397
-26.46317328255752
-25.489250115279493
-25.10583725674399
-24.856036609616773
-25.78648734195479
-25.85474254242305
-25.733586053396092
-25.851960792623718
-26.661154702819626
-25.543935548642587
-25.76649061975808
-26.921588881262416
-26.416744447987654
-26.81262776358374
-25.294130748715894
-24.905023807081683
-24.931583410707013
-26.025251635189715
-24.98388385258872
-26.068241109108104
-24.212217970141047
-25.39705464757722
-25.180568313804166
-25.15748520863467
-26.100828130697384
-25.747080723787175
-25.77998380106071
-24.624322064991656
-25.332416182961957
-25.48952096803435
-25.310310210647256
-26.514088491427486
-26.00428723415424
-24.752924794780796
-24.988710206130456
-24.972209009630927
-25.65592848535242
-26.65893611877129
-25.94903186374697
-25.12704771089143
-26.00537460323038
-26.296329127303487
-25.163900287500745
-25.03205791475444
-24.516538959124993
-25.237449070502972
-25.654340989630796
-25.49031562435216
-27.066918236942126
-26.948258546919657
-25.738119889436096
-25.50707848164542
-24.927653592208337
-25.575680800553027
-24.94700009863952
-25.741798217954308
-25.68089704780743
-25.088906406328597
-25.53117751201679
-26.019727062048585
-26.240979910924516
-25.394261266650826
-26.17624985606506
-25.73155546599421
-25.660048795157465
-25.659840065343626
-25.737268343567848
-26.078550280168137
-25.852861603786206
-25.17902631441067
-25.987691732316183
-26.05110799649666
-26.087265123581066
-25.832317055299363
