-48.03477396327874
-54.08722614214338
-56.59089864739056
-57.19366876215771
-57.3506461998512
-57.11603357874114
-57.31708564634981
-57.39963076237974
-57.712585177914846
-57.87196608555728
-58.13344600899466
-58.336422212164976
-58.133244602844634
-57.86535715234691
-58.434514956227666
-57.89915390466822
-58.23937773498996
-57.9396721309629
-57.739062824125945
-58.15891184683504
-58.118775460226786
-57.932343312378585
-58.307032900637594
-58.42034594252192
-58.55930662566218
-58.449711770846925
-58.466608744243096
-58.384971287743795
-58.41622139667643
-57.92265262685973
-58.38609935086349
-58.53697661901342
-59.16434860023959
-59.42848629992584
-59.15305315009479
-59.05402781428962
-58.85283767560433
-58.814793863173186
-59.2497644897165
-59.2630233230262
-59.0605025990256
-58.95714797439246
-58.964516295441264
-58.969240556503166
-59.412295750502885
-59.36305489827846
-59.596287996604524
-59.65393387243665
-59.59161769624414
-59.169063352305315
-59.31435876468132
-59.71557403946745
-59.71531857909827
-59.79689084866951
-59.76584645180866
-59.468249691971415
-59.72957934490566
-59.869382529423156
-59.64533155437174
-59.5129713066693
-59.61402892860873
-59.478715981902745
-59.9167766324405
-59.95514450813162
-60.09019404238668
-59.96607000046763
-59.959413234529826
-59.74016925795325
-59.84331403004712
-59.90345814515804
-60.11061242736619
-59.93487248646802
-59.74903474799518
-59.818609085576284
-59.85606043914269
-60.067696586765095
-60.05200762789825
-60.121808551508806
-60.139011940051766
-59.97400271173181
-60.39421255937938
-60.31713523227593
-60.187796730419684
-60.155704761373585
-60.5447767705753
-60.17334118279918
-59.82838787498145
-60.2414824017163
-60.28560251819676
-60.150009078198465
-60.821390018380924
-60.479158500145225
-60.504682567612875
-60.08134694140533
-60.38293898516688
-60.211368524822696
-60.21295107438647
-60.3292557669097
-60.10717846093507
-59.71097513519484
-60.24643691860396
-60.332228707856146
-60.153445749447265
-60.26991018858449
-60.414787282203804
-60.4070163821352
-60.698157651671046
-60.75202632361445
-60.69229333565153
-60.26589386730358
-60.55355049207293
-60.52891223081227
-60.52819467001948
-60.57616498141453
-60.906884156424425
-60.86970611276298
-60.644831856776925
-60.42539443024273
-60.614896947967594
-60.718163856144606
-60.6219446083595
-60.60475324556745
-60.56989074369957
-60.31288756584299
-60.688411710591154
-60.8669102315245
-60.387171621980336
-60.57745832410352
-60.56675586926526
-60.263804378180666
-60.84345986719789
-60.72636659289228
-60.898619524363816
-60.59675672753104
-60.80986398047414
-60.489494237406504
-60.47633137990688
-60.666841913913856
-60.63956128317734
-60.61560979588278
-60.7074703348094
-60.85550047611368
-60.67888460693688
-60.91700891790719
-60.79533426103921
-60.870197048475
-60.892637466562206
-60.816101388684636
-60.76800732777036
-60.76618252334924
-60.72747781769983
-60.782255900317224
-60.68879986014859
-60.646664092253
-60.6029862350431
-60.33155209442665
-60.59418020680033
-60.90397300185828
-60.765664011240005
-60.673774739791604
-60.706213157752465
-60.71646573625762
-60.801658365233195
-60.556527416253914
-60.635005975591724
-60.586333209070666
-60.652443737819276
-60.61774546010741
-60.74365063782396
-60.75406863155036
-60.85986838772379
-61.00513560813049
-60.841239224220146
-60.88887452976457
-61.00718505320878
-60.814397784142656
-60.74754420025595
-60.872562192637346
-61.01583100392901
-60.90693583981744
-60.786735586051286
-60.82902298302486
-60.808856787352724
-60.68061886368127
-60.75330125668953
-60.62171262708203
-60.960984345140126
-60.760355467426365
-60.96510265407891
-60.876217170008296
-60.82097354634055
-60.82850546055827
-60.81811809128728
-60.892815294964564
-60.6869634430984
-60.80952606118959
-60.650087116093474
-60.64084828208233
-60.377135272683766
-60.89746263726004
