116.42850716566217
88.2957343438576
73.52074843131263
63.91963856384672
55.765563999784405
50.53690486735311
46.90826744252238
43.934290121341576
42.51903410461442
40.60518685291554
38.49738578960813
37.44004810627165
38.66428033750633
35.95133803733464
35.7119646604205
35.71572866958791
35.08431034355328
33.7986815571785
34.710458802765814
34.48876882370176
33.5613515274278
33.11504999882188
30.895563025412887
31.136909975573936
29.706227184369645
29.39192892765177
29.773524918946727
26.504939661971456
27.418762140232943
27.043134321940357
27.3343532229292
26.572488529928798
26.672147872119115
26.230754676050154
24.245243331353212
25.515960747311855
26.604208897156962
26.651193573814012
24.632229558866598
24.521881553890378
24.09693433652664
23.806415216290745
24.31612642045165
23.689733427146386
22.654002525169275
23.068877337821597
21.945866060668024
21.35151357576251
22.380138879963035
23.03357436841932
22.04848362274211
21.714473000888166
21.161393782701985
21.654067814350128
23.44860798531565
21.113504106853284
20.44797901243999
21.931105211377144
21.38464280140811
21.333010767554416
20.384953719017833
20.907457768895004
19.09189372946476
18.790027816233962
20.67914280449522
21.414629887404114
20.08704256234241
19.82933997362852
19.223423045770875
20.912916275576272
18.60046457550649
19.243757333349564
20.875520739447452
19.966248062664064
18.691095372854637
19.24472454092305
18.22877726935107
17.783200091329114
18.21960298049039
17.904475893183
18.256108788066896
16.839677191756923
18.35923073672015
18.727637716922267
19.384403351822804
18.78316151993028
18.714313679728015
18.67067508502253
18.17928879746589
18.15545026187239
18.430152708600307
17.282380650911865
18.984023937377437
17.90794960871853
18.323146455246828
17.99096105767992
16.985864711218866
18.42842588599386
17.173336708725525
18.464387111365795
17.448731747969727
16.4765299515606
16.90939245475777
17.51582353228125
17.891565832534226
17.80124955765646
17.04570626647308
16.698265428686963
17.828926722551213
17.380222094759088
16.597981582684763
17.09421876869325
16.83634824074548
16.607030420467773
16.18720904429411
15.905053393369348
17.616209991276264
17.040566417292276
15.883896590949133
16.355247641945706
16.626201909163903
17.611522837959487
15.991985718237943
16.265239760151196
16.703346413913472
15.410248358958754
16.83045619713335
17.188990611968368
15.933151589256935
16.40042269602418
17.111070540701522
16.517799649644516
16.827818374438532
15.447754083458205
16.247384978265597
16.143461767198712
16.285638368945442
16.491312802351754
15.770453153756158
15.235317571514189
15.494158106631247
15.32927348490419
15.115452010826818
14.399348150264343
15.476101221966333
15.99023179416063
16.0811006578392
15.305959763077635
15.062282079766536
15.660501571821756
14.867067215643052
15.014235093290436
15.179854730076903
15.522884499923936
14.517950228062169
13.355986740953963
15.24662988777433
15.492236094613528
15.856304925320478
15.499546803534031
15.082012563686947
14.751538378668242
16.534388686851436
14.762171556322096
14.409612828030669
14.822529497331587
14.567873590979083
14.545140342369418
14.279939522067535
16.36343435326527
13.666628418169145
15.045993306770407
15.559255196873483
14.833880324189648
16.51827136504239
14.601271146844173
14.581633162138791
14.857093411915262
15.659686589549327
14.457163061561255
14.496552143374394
13.479330266328079
13.02227503934811
14.516140533290033
14.541586816230597
13.743264182876185
14.580124578149668
13.323408714447428
14.182090660364464
15.142479168219042
14.483046824048305
14.282581045709808
14.069756886440105
14.45505080012412
13.613538562480745
13.029966337092478
13.78153373609329
14.180230742770023
14.989301877802816
14.72933912771786
