6923.723808670044
4898.351968383789
4177.458568572998
3747.5088035583494
3349.143833287557
3107.6738330841063
2918.572476832072
2801.7005170822144
2692.107758331299
2535.2336004892986
2477.183338864644
2335.8348658243817
2236.8024763743083
2134.8286122639975
2038.1472327550252
1970.542248725891
1907.3849243164063
1841.7934030532838
1771.7946177164713
1717.0842328389485
1660.9049679438274
1615.6687556902568
1548.6730604807535
1488.8012143452963
1437.8795278549194
1389.0168667793273
1350.0590425809226
1304.3556774775186
1265.3972168922423
1240.5082571665446
1203.650848007202
1168.636240196228
1144.7336131413779
1103.9324796358744
1068.1238094647726
1029.6913489659628
1002.709540049235
984.6111957550049
967.6412799517313
939.2286424636841
919.2776229222616
894.4714389165242
876.9617891311646
861.9052578290303
852.0088816960653
843.3740713119507
825.3751310666402
807.8446265856425
801.2630956013998
787.4682963371276
773.6647207578023
756.3355583508809
747.677297560374
731.7126933415731
717.653577486674
730.0900139490764
713.885668293635
696.7947526613872
688.3527821858723
686.0219647407532
681.0876231511434
672.399968846639
664.0270390510559
657.8370883305868
650.9609725475311
648.0813005606334
638.8710162798563
636.1371204853058
621.1815870920817
609.3526655515035
599.4190753618876
595.5505005836487
587.2551878770192
585.5022338231405
582.0282257080078
574.1712832927703
572.7907991091411
566.5591307163238
561.69943095843
557.8971388657887
558.2806274731954
549.7058564980824
548.0932370662689
540.9226439476013
535.0856339454651
531.4862353006998
525.4267446517945
521.5378059864045
516.5477447827657
514.5879427750905
516.6105527083079
514.3223296642303
511.48487944602965
507.4144377708435
497.32826538085936
492.90231812795
490.08058433532716
485.1326687335968
485.0932494799296
482.2475688775381
481.26910537083944
484.56455987294515
477.21808915138246
480.4345862229665
476.0674324353536
467.3179407755534
464.374515581131
460.2237286567688
456.3076876004537
453.98893146514894
452.4513871192932
448.5690099239349
445.31757140159607
444.4550756772359
440.68326733907065
442.41799675623577
439.61133394241335
439.18684984842935
438.2057265281677
433.915221341451
431.3641897678375
428.1665019830068
428.84497423171996
426.71493212382
423.73964425722755
420.464546918869
419.85336478551227
417.4450104077657
419.2576344648997
415.16282258033755
414.5677281061808
411.68567344347633
412.6932662328084
411.8880287965139
413.9470378398895
428.42715212504066
418.7564464092255
412.9726229349772
409.04329131444297
405.295376030604
401.62705200513204
402.11909125645957
398.84685901006065
398.7854572296143
397.07874517440797
396.32913007736204
395.11610945065814
393.4282145500183
393.7700975418091
392.47467560768126
391.40010352134703
390.9624885559082
386.81203764279684
386.03120770454404
386.31964394251503
384.69469300905865
383.18464566866555
381.24977219899495
382.1597319126129
381.6356645901998
380.5950831890106
379.2722218195597
379.35280583699546
381.2848215262095
377.5913367907206
378.0545386791229
378.4670214970907
384.45579873720806
380.4997563838959
377.42585787773135
376.1200412273407
376.1827823003133
372.8114297707876
372.85832244555155
371.5372892697652
369.4170602003733
364.9958697954814
361.94093030293783
361.8762742360433
357.64000533421836
357.05678311983746
355.5174614906311
356.32291436195374
354.60675660769147
352.3402780691783
350.8360945065816
350.94734983444215
352.13763294219973
353.23847535451256
351.6778226852417
350.3623120307922
347.5105500539144
345.5832324345907
344.05602294603983
344.3427481969198
344.2241867860158
343.4036403020223
344.11041175524394
343.3043375809987
341.8739358107249
