-54.89015685689861
-59.62427443060382
-59.96562872878437
-60.966173592312586
-60.985975181234295
-60.85512943308929
-61.371634333298125
-61.952884201345775
-60.72997781634331
-61.263030440642915
-61.272859363720336
-61.49003744536433
-61.585135406461255
-61.19090164940933
-62.02759350682127
-61.79419047051463
-61.417097019738165
-62.38163948059082
-62.291892368217994
-62.119664862238125
-62.133100209565
-61.830748548795434
-62.22562289957342
-62.06141928249392
-61.8070258004912
-61.640715111946236
-61.58672633253295
-61.550572235008765
-61.665337992125544
-61.62479841092537
-60.82939926303666
-61.72511885495022
-62.05535687249282
-61.78013639717266
-61.643539432821605
-61.765675721497374
-62.01650021610589
-61.94493522931789
-61.95205733385579
-62.29592530891813
-62.33766396600625
-62.17746490959463
-62.149981823460806
-62.110618388858335
-62.468068110531775
-62.29943428368404
-61.99393536201839
-61.84516044320731
-61.96807518293117
-62.31821806163624
-62.19631502854413
-62.44793755638188
-62.53885822974402
-62.570663167484874
-62.059063881635666
-62.53084255086964
-62.13892858603905
-62.02940663798102
-62.42213834256962
-62.52725234524957
-62.38090897223045
-62.35574008884101
-62.55094766411288
-62.25281271441229
-62.21545199484661
-62.11636112065151
-62.192311673328796
-62.36159447965951
-62.459424273721105
-62.50455129968709
-62.42831635269626
-62.24131010010325
-62.24643040114436
-61.91970793132124
-62.0136792187033
-62.005227190667185
-62.42789176825819
-62.535750685067015
-62.64862478293222
-62.75671605817203
-62.54529031186268
-62.22534455513132
-62.64939298198141
-62.69756295968746
-62.66332131418689
-62.526357601428856
-62.804363163380785
-62.915774499547894
-62.77220871016897
-62.70061200754396
-62.539711828889516
-62.767360799271486
-62.89992351984156
-62.90556072366649
-62.966209364348444
-62.87623612634067
-62.898046784359835
-62.76824299425915
-62.714395958801795
-62.58809166530083
-62.563712527012
-62.619966261345766
-62.206640118154986
-62.535674902899515
-62.4066183813687
-62.131293598947856
-62.47043519595574
-62.62405708740498
-62.56286372090208
-62.39726934453537
-62.53210519819424
-62.28584921360016
-62.2321820875694
-62.23398215195228
-61.57632534873897
-62.13390534705129
-62.489682551088
-62.39200438096606
-62.2803895206287
-62.293941002467584
-62.39862361858631
-62.50650098200502
-62.45820578624462
-62.655126913868145
-62.46130189916183
-62.53122892461974
-62.61279665807198
-61.69838101082835
-60.93419996212269
-61.4336856891369
-61.89276975804362
-61.215919852256775
-61.84542117242155
-61.91337047774216
-61.782727210686126
-61.99672293868558
-61.98326259029323
-61.92315396769293
-62.08481171213347
-62.135757956011545
-62.037450734911296
-61.81983097873885
-61.492036546098774
-62.12972072588986
-61.91940556929029
-62.081848226744555
-61.74845363353861
-62.463815651063264
-62.552536385840384
-61.422156155109406
-61.917084424660125
-62.345313791570995
-61.79006889770771
-62.568996748019906
-61.926623783234895
-61.866632640361786
-61.87155139857325
-62.13214266814035
-61.456742828262264
-61.13393710810563
-61.93425790605874
-61.743238113049806
-60.90092399510844
-61.48461527043376
-61.60076556740136
-60.45656766870926
-61.67522520546255
-62.02969374327824
-62.21863487465628
-62.56647324767606
-62.69712085456684
-62.768809711111004
-61.41658929606964
-61.664766652830714
-62.008967311217866
-61.86305723930227
-62.00424866635224
-60.9832162117136
-61.53746743037783
-62.90278243196422
-62.65652847495572
-62.81490264267757
-62.904315058527324
-62.461103274904445
-61.77339616006818
-62.257404051978014
-62.3888118369826
-63.281224088422185
-62.86320348238123
-62.84399926456912
-62.60313064476539
-62.36315134270438
-62.461221374314405
-62.499821911598076
-63.11408444416934
-63.33754848817299
-62.94389877442656
-61.75286880341069
-62.53422674845005
-63.15988429250388
