631.525625316302
506.3062343120575
458.26712923844656
426.58476665019987
409.75986707607905
392.8558814167976
384.4266859928767
370.2871184666952
360.9126453916232
353.29208352963127
343.959945444266
335.533847039938
333.677946861585
325.0868147174517
319.9910620053609
316.4403659105301
313.0616967558861
309.44110701878867
306.03608181873955
301.3882169405619
302.58404001990954
298.7737186988195
295.3968079884847
295.00421626965203
292.6429794847965
291.64511631528535
289.046902269125
286.38952417969705
286.801553328832
283.8048952102661
282.4323443730672
282.2396495640278
281.3904264251391
280.8056720018387
279.30916735927264
278.49453299244243
275.36835876901944
274.975966600577
274.20140833854674
274.1744304160277
274.4251249551773
272.85284006396927
271.480420066913
270.9598784883817
268.6394353846709
267.898938592275
266.87409330209096
267.12767834961414
268.4505525370439
264.8606900016467
265.60143770774204
263.43543043732643
265.5813968002796
263.4075506985188
261.63973307212194
261.5626180380583
262.26186460355916
260.14437431593734
262.2737128138542
259.7663290729125
260.7096428334713
261.7834719558557
258.2758217225472
260.2004725853602
259.46266458928585
258.6675687382619
256.57076441148917
256.54928401807945
258.9063697874546
256.17480374276636
256.9999024728934
253.48536536594233
253.50882303814095
254.3617052247127
253.78384676078954
254.24537435770034
252.38852589329085
255.48731987377008
251.04064960877102
254.12160166402657
253.62984612484772
251.1791649331649
252.78577614823976
251.03432447512944
251.35394268830618
248.99341267446678
249.40901484886805
250.08283509512742
249.60408825675646
250.26474226812522
249.16842839916546
250.61581479708354
249.22678042650222
249.96224486629168
249.73663472533227
249.3210275898377
250.4897203584512
249.7019329448541
249.03356808125972
249.57072198490303
248.21540170311928
247.131848748525
248.16009524067243
247.24705144067605
249.5637737462918
247.06676888664563
247.82888637185096
245.30081268996
245.50394806464513
247.71459464132786
245.282790008684
245.27371567289035
244.26413266758124
246.56209051211675
246.73914029697576
246.15989859203498
247.88288746476172
245.51787993709246
244.24415708680948
243.82105048845213
242.8430219590664
243.23863760332267
245.51197624603907
244.07890505294006
242.8486079936226
243.86607248385747
242.27350064565738
242.3649158090353
242.95901042222977
243.09896442890167
243.08046001493932
241.32500568131607
243.74837060421706
241.6477306768298
240.0854788099726
241.01779079089562
242.43258075714112
241.15982666164638
241.99923673222463
241.83414367039998
240.29931041995684
241.985131560266
241.87852651774884
242.48373157878717
239.2852537860473
240.64899386266868
239.01241719673078
241.01677036633095
243.02666015426317
242.95501643568278
241.09996321698029
239.0410324037075
238.1288496012489
237.8930255477627
239.24708949973186
240.6784304092328
239.36673840383688
240.42468482404948
238.16466596871615
236.773694379131
236.85775740544003
239.40443002333242
238.6585591932138
237.8110995978117
238.97260228047767
238.82088734805583
236.83827202866476
237.01511622667311
238.85236458828052
238.52632944583894
238.05292290796837
237.1728209813436
236.94373141527177
237.46342566261688
235.95435901681583
237.0570057650407
237.0169835905234
234.81460859229168
234.13948637843131
235.8391863932212
235.55233990699054
236.5702437023322
235.71211243520182
236.2863362063964
236.12896622568368
238.05914903084437
234.425158363084
236.3247164408366
236.33560419430336
236.25122334063053
238.53911510308583
235.25095301270485
235.4304950505495
235.87669265965621
234.93022066007057
234.04983436812958
234.6178735802571
233.3798914179206
233.52832523385683
233.57000740369162
