116.77432480762745
99.5175412811082
93.96716197194725
94.91002958601919
91.88403823457915
92.8532565071665
94.81015492307729
89.96211234043385
92.40997502310523
91.30502487873208
92.27152369351222
92.05976840545391
89.81456397525196
86.24107432159884
95.31921905073627
91.33071684220741
88.84063291755216
88.0358372104579
89.44286307178695
92.345913714376
86.14975507094942
88.43131912987808
88.59662086182627
88.44666077761815
93.46314674410327
88.6185112205045
88.41961858190339
90.06295132020423
87.26912998742071
89.30449424529898
84.67453336304632
85.5950022730334
85.90427384499846
86.54351741486582
86.23070017633766
86.83978379183802
84.05794080989114
87.37514366363656
87.68147007144731
90.3983757043707
84.97689716363776
83.89328415846002
88.74204796141592
90.47775237930232
88.67630112376706
86.39377924080553
85.4229204736907
82.87622276256825
89.09274386948553
85.96083926949008
89.37642982499352
82.47424801670272
84.5779614674634
87.15267950913002
88.81486019594917
85.0138412056298
86.89722995922483
85.29747504612496
89.62014911914694
88.04380486340358
90.74847794195702
88.85442150872329
90.72456757672902
87.08491118817494
85.92837752967046
87.93707780180306
86.6176719131141
86.40876037499001
85.18960227123623
84.80650249637407
85.40379388270706
83.35422254841903
89.091324958308
87.62878235866283
85.06586084489165
90.60874809478891
88.34613173377925
85.14783284170875
89.63637048622658
86.11658356621348
83.16731897099265
88.32365590950539
85.95594410238594
86.75888260890697
81.48347119832862
85.28143115701347
85.82939374035803
85.53774960287686
86.5088541261081
84.3395517817859
84.99483677642098
85.51122761286538
86.51846484685767
85.30806027609727
85.76641330225715
91.56003976690359
86.88050386412391
81.61255987759294
82.84863122578325
85.71492494591351
83.76930423440605
85.91203740547444
84.58916048551428
85.68749121345323
82.70651806222982
85.6790242359556
84.51798396274961
85.20923886833519
82.143408592405
86.22410160919716
83.9546314005194
85.02666298479869
84.6433615602296
86.79523901281685
84.47902007966206
87.65803032085813
83.5336155295372
87.34659685554176
84.7528178815184
82.96218013455128
88.88760290474727
89.4059195292407
85.67558325775738
88.41574484726479
85.96962748930372
87.36026841607587
85.3409348376866
83.14864773791412
82.33947052421242
84.75899251165062
83.80644465314931
85.94608747137003
81.60864620167634
87.46917876703986
84.20633421273067
84.02028092433666
85.90039964379936
86.51420914715735
85.87915181085981
84.73648426861598
86.37150377446207
87.71482346181212
84.5443331311489
83.52551386068608
84.53409996525994
81.34397745543512
83.83931483688026
84.73113661593405
83.79344927853552
83.05059765947276
85.95713567117164
84.35456845678132
85.4374598881294
83.32331098359207
85.98841032694126
82.75085538009117
86.52277387832773
88.62960766101706
84.7183129026972
82.9211329509472
85.42454054232302
86.645564099838
84.12775627497969
82.97006127546574
83.61475741041117
86.06595593279806
84.78948512776145
80.085028120156
81.23805546349493
84.13427389079126
84.23164861161133
85.43575844682496
83.74711936917798
84.71695115442934
82.9495240038839
81.2970981823987
86.54526989829951
87.10672341132987
85.91715573442393
84.918962560851
82.67347516068097
85.09296695528359
86.29450997812995
83.94033395216383
83.77458683992255
83.41291578884783
88.11907582447446
85.92305863417428
83.6788551581317
87.1402767506139
87.6439215602546
85.56889050376826
87.2368437966396
84.00407721872988
83.74701594689796
85.09244819961745
80.26560700864627
87.86747990805527
87.2694316896899
87.19973627863259
