1314.7430455207825
1290.7675718625387
1281.7081055959065
1282.3006251335144
1275.9352710088094
1272.5202652931214
1260.3682636578878
1264.5846206029257
1260.1916492144267
1252.645934677124
1260.615637842814
1258.882377497355
1253.8624837875366
1256.5562410990397
1252.4877640724183
1253.4271494229636
1244.6493591308595
1248.9668014844258
1246.0429917017618
1249.7710029602051
1248.5268831253052
1237.3054217974345
1240.0582003911336
1232.6921118418375
1242.6971373875936
1241.991720422109
1243.4716227531433
1239.367289161682
1237.520553747813
1236.493820699056
1231.4878533999124
1238.2913996696473
1232.224050871531
1237.3198273658752
1234.2025727589926
1220.183596611023
1221.526832040151
1232.4865158875784
1231.1678239504497
1232.833430671692
1230.502953147888
1235.6109859466553
1218.6761621793112
1229.2029187838236
1223.658574326833
1227.5939860979715
1223.6680573304495
1231.3029086748759
1230.1188221613565
1227.2591485977173
1226.6498767217001
1227.0243693033854
1230.6366545041403
1219.808086490631
1230.2835010528565
1223.1081192334493
1223.298479270935
1221.0750474611918
1228.3483733812968
1222.559887377421
1221.9852197964985
1223.4355540911356
1221.8815530141194
1223.7232267379761
1220.782539844513
1215.6495195070902
1222.2552513281505
1221.4708492279053
1219.823268508911
1221.3879864056905
1213.2663530985515
1221.486634349823
1221.3510117212932
1217.7176679293314
1219.8754204114277
1223.8606271743774
1213.056408405304
1214.2482230822245
1215.394901116689
1217.0009755770366
1214.5987048784891
1216.1513003031412
1216.6636220932007
1212.0958466529846
1213.1396150430044
1219.646996084849
1212.317217127482
1216.8397082169852
1215.2260523160298
1209.132579421997
1219.2347791671752
1217.4373348871866
1211.3562729199728
1218.1623172124227
1220.359252357483
1214.697150103251
1212.8538294792174
1219.6673885981243
1208.9847784837086
1211.8006129741668
1215.8378313700357
1214.0349579493204
1217.7159610112508
1213.7866058031718
1223.326607433955
1217.2684373219809
1211.2651660601298
1213.6482199668885
1209.1215770721435
1209.0515293916067
1214.1234544118245
1214.215890566508
1213.8371535301208
1220.7640956401824
1210.4003680547078
1217.9037790616353
1209.6993624687195
1213.6516093889873
1212.2864265441895
1205.7818167686462
1210.4702037175496
1210.3240624427795
1218.5810901959737
1214.0067007700602
1208.076149781545
1212.200056775411
1205.3962021509806
1208.2733869234721
1216.0105370839437
1202.8125355879465
1210.8240085283915
1208.2514364560445
1215.621528784434
1209.0345474878948
1208.0974206288656
1215.4757062594097
1214.9687779108683
1212.6144560496011
1205.7920165379842
1214.6747582753499
1209.367437616984
1212.5720839818318
1208.5512686093648
1213.732123819987
1212.77548011144
1211.8183917045594
1201.725014448166
1210.6166116714478
1209.7429197947183
1204.8702872594197
1207.698606745402
1208.502805741628
1211.1388871192933
1213.7765226364136
1211.855817635854
1211.7142405509949
1212.3584035873414
1214.9884876569113
1211.049080689748
1213.4571750640869
1205.428101905187
1203.2665378252666
1204.362680943807
1215.9745811462403
1204.3892206509909
1205.115845743815
1202.1613288879394
1207.3534160772958
1212.7179802258809
1212.0389826774597
1206.8765458106996
1200.6247210820516
1203.4200300852458
1209.6984790802003
1203.291379324595
1209.9938351949056
1204.7574190139771
1205.5331655661264
1206.4298986434937
1214.1488144556681
1204.8075801849366
1209.482513554891
1206.8056994756064
1208.2197896639507
1205.4421824773153
1213.0019604682923
1203.5583522160848
1210.29921280543
1200.122256565094
1208.0836906750997
1211.4953921635945
1207.3978101094565
1203.5058138211568
1206.0438327471416
1207.361635049184
1205.7656707763672
1204.888280804952
1202.6164864222208
1201.7298146247863
1197.537754090627
