845.803974421819
747.3180479685466
708.0932783285776
685.4665834108988
653.3319468100866
638.4774551947911
618.3719174782435
600.3218131701152
596.032258383433
585.0228167533875
574.9670752366384
568.9650064388911
556.3979611635208
546.6491539875666
537.9508236885071
541.3051700830459
532.3891244490941
521.4715934197108
521.2975592533747
513.1534338156382
519.1656121969223
513.1766885439555
509.65588923295337
503.6202712059021
504.8691422859828
500.3564469099045
503.98605602582296
499.0016494512558
499.6318759202957
493.81928668816886
490.73295118808744
487.26328653494517
485.77116730213163
484.1074492295583
485.679047815005
478.88683595657346
475.2670151233673
477.2587334394455
477.8371594429016
476.64021604855856
475.2152288039525
473.8454690059026
467.5602447986603
471.4920936028163
470.3151635011037
464.55502603848777
466.57472058931984
467.54928793112435
463.5232182184855
464.16704445679983
461.79296112855275
466.3404038508733
457.898300965627
464.35136861801146
455.2452257990837
459.5145888964335
457.7710588296255
455.8574245134989
456.5304783344269
455.44512043794
452.5600578625997
457.5395716031392
452.4665546496709
457.35618329842885
450.2869341214498
451.45141137441
451.0181835651398
454.1559889237086
450.80494949420296
451.9708029429118
451.0531642993291
444.9043387492498
450.5323094367981
450.0000401973724
449.2521134376526
447.8298976739248
448.77143385410307
445.2767015695572
442.3345972339312
443.4919651031494
444.97540553410846
444.74775874614716
448.8977788527807
445.7539454301198
444.2875112851461
445.0873356580734
444.21650352478025
442.8877134958903
444.99241693814594
437.5801523923874
442.1108408133189
443.1265991369883
446.47125328381856
446.2820968548457
441.8315301656723
441.9854977766673
441.26323957443236
440.8839037497838
443.7831144889196
438.22182467778526
441.78489213784536
437.19074932734173
439.9120229959488
436.98680500984193
439.31915774345396
437.57174648443856
436.05086925427116
436.5988037029902
433.64017317295077
434.27343100706736
439.4388994296392
439.38410745461783
429.67222352425256
439.1634782632192
436.06667140722277
440.19608178933464
435.19482452869414
439.6400825301806
435.7991979241371
434.38555759588877
436.66216155687965
433.25336364110314
433.78743562698367
436.4738733847936
435.8960062821706
436.1050388495127
434.89449849526085
429.71895311673484
437.2645267168681
436.29368049701054
433.20537237326306
434.88712418874104
429.8610483686129
433.94593375523885
431.68752431869507
436.46084553400675
432.5797898809115
436.56855954726535
429.83062669436134
432.6373470147451
427.74519692262015
433.3739176352819
431.8345026890437
428.43977717558545
429.1839718580246
433.68465864658356
436.7738492250443
428.6315397620201
426.65301704009374
431.57241427898407
433.55680015087125
432.9778946598371
430.23569809595745
430.828082605203
434.3169977506002
427.93486227989195
430.4610952933629
431.7170273900032
431.36897668838503
431.3888670325279
428.94986568291984
429.3224017977715
424.8288236776988
430.6442503174146
431.4549318194389
425.6508439143499
432.2070962309837
428.68890134890876
430.43737490177153
427.7780065258344
428.7422573129336
430.27345627943674
431.8872179746628
427.76280622879665
430.66310898462933
426.45970522562664
427.3030728936195
432.9725754181544
433.91067085266116
427.5309206485748
427.19713412920635
425.17819195985794
428.2897417704264
426.60932892163595
423.26237356265386
423.00607860883076
424.0514153321584
428.33623202641803
425.1851639111837
427.2732498168945
429.7262649893761
428.2995299021403
424.695586959521
426.4612428108851
426.56887683471047
425.5925919135412
424.6397367755572
427.8902280251185
427.6758927504222
427.9359064896901
