193.01203976828475
137.69823227257564
107.49918966046695
88.38666211736613
78.1389293650101
70.66934652986198
63.02355019696827
57.32794823831525
50.82918854417472
45.51606836144266
40.11879766398463
35.54768912442799
33.174790266772796
28.43161470674235
23.799430255232185
21.43591466982817
17.427058230700165
15.411735527185273
11.502835975927782
6.984006729747715
4.04105202982138
0.6657674739073063
-2.914930137323922
-5.2013203039251525
-8.232750834062182
-10.019037193779287
-12.753839511295844
-14.901528291147331
-16.016038064298957
-17.57296892743686
-16.224755838513374
-20.087928508890087
-22.580537777522515
-24.403532969540564
-25.36911848598513
-26.25150690510355
-26.912367707696454
-28.44665250901518
-29.326231258696524
-29.93951537588547
-30.60956361170473
-31.300645830302404
-32.137655862446486
-31.96900132709536
-33.53451794899743
-33.94366067853467
-34.715475923028485
-35.14538891459333
-35.695865608494856
-36.11426877975464
-36.69493564963341
-36.923374595313234
-37.359129937558336
-36.145169266339
-38.315258298454616
-38.95569532493065
-39.169272922236345
-39.40398740151833
-39.74479034131971
-40.27303052051314
-40.68655663934247
-40.90711887643255
-41.21647837758064
-41.42341367232388
-41.88382117296087
-42.08510239679238
-42.52514355552608
-42.536538538233984
-41.62675507006974
-42.63389809686562
-43.24898242847673
-43.48456884766447
-43.95188413097941
-44.32315074369825
-44.584607594999774
-44.596440558803494
-43.70427043273531
-44.77174656144504
-45.116173457482766
-45.400170279987925
-45.57679069042206
-45.37139836673079
-45.10691732270964
-46.144011345402944
-46.392979862361116
-46.46145550135908
-46.70507944657885
-46.208218391599324
-46.36679754174989
-47.07624344168038
-47.37170155500544
-47.343617683854596
-47.58483248332451
-47.62030272853786
-47.7020058508577
-47.96126930672547
-48.37578421008998
-48.10695895449869
-48.35620247906652
-48.5419861941502
-48.56372777346907
-48.70724547731465
-48.77290845328364
-47.79093028861901
-46.97151978057006
-48.581425948389644
-48.871038089538445
-49.25058725784565
-49.41775363067101
-49.699871287263676
-49.824152997855485
-49.82690579521245
-49.89296898143045
-49.84708510390644
-49.9404425004433
-50.185767488232976
-50.373022334329015
-50.46232607652401
-50.570786548071894
-50.27901990865839
-50.485242759359295
-50.8849556733822
-50.839010910741216
-50.907374447789685
-50.85684713001909
-50.991311042473235
-51.14524465388265
-51.229838654912754
-51.45481417507961
-51.23188501390918
-51.349925571474536
-51.5590156810037
-51.5631967700761
-51.41837087581898
-51.42947459837486
-51.73382366731249
-51.97937043576405
-51.955169344770496
-51.83449470791324
-51.869087046590344
-52.06221578450039
-52.083424650389574
-52.146113284702956
-52.11293401800353
-52.28884099680802
-52.195361236046104
-52.115890387831065
-49.513574696820356
-50.88835821480587
-51.57528363630689
-51.432498413940955
-50.204638561298104
-44.19422180899258
-50.06111025399175
-51.28227357823273
-51.67172891723698
-51.956091303249885
-52.20950333208874
-52.4112075094519
-52.694812721219556
-52.83742396584873
-52.95242520447435
-53.062859822963844
-53.01468537388177
-53.19244526583573
-53.195914498690904
-53.25391477757487
-53.24822960023222
-53.39968246632609
-53.496518858547866
-53.429295048631474
-53.34268489582785
-53.15552693810956
-53.604395671137446
-53.58486679093591
-53.67376491119121
-53.68894190212776
-53.7800694149116
-37.16230920316844
-31.579482104243905
-44.5562997501472
-47.8836975652596
-49.65174849691062
-50.8505173222772
-51.466841002990456
-51.872399268479185
-52.19774553899107
-52.45473566137511
-52.805229756338846
-53.02926028802477
-53.118129241055456
-53.18719562579845
-53.278106097517345
-53.10218759857375
-53.059026111816536
-53.500970271126974
-53.688834562383846
-53.78151491387137
-53.580823246775005
-53.80313844310826
