60.486086335675466
45.15879215145933
43.67821381626458
42.39108126944509
39.55984674445514
41.97910263415041
37.544276339226755
40.21621923200016
40.789341270923615
39.28450158546711
39.82512871766912
38.179431848484896
38.725295870468535
38.65178950079556
39.2291093591986
40.609625695080595
39.89357944500858
41.43154523701504
39.577881783246994
39.382845989589036
39.856610119342804
38.45671892474438
37.79476492055531
40.079866956020226
39.862576664521775
39.63697308096393
37.58038777832327
39.96913397209398
37.25772091849097
37.93197985764208
39.69501655471736
38.13206575142926
38.486571942937786
37.68860116806523
37.085361493044886
38.27914705050403
38.486799213392985
37.14388694228797
40.373812508994135
38.729014732714354
39.565310686826706
40.42319061632814
38.13387267240162
38.62621352179297
36.97603463509987
37.254634258048284
39.455596354501
39.3824238674394
39.06472086135683
37.21166717184001
36.46513151094831
38.991498623428676
38.31344273378109
39.19792650280328
38.09050060860042
38.59648850662955
37.75776290482488
37.861946513940545
37.92605684543478
39.00654890516709
38.00838315435524
38.82038982880527
40.82489428746289
38.2323913656432
38.67223419608741
37.153519680787774
39.74072068826906
37.519098368184316
38.32069909367068
38.94396037788227
35.31198533341802
38.49876371334339
40.454579827086675
38.53641540531454
38.61013751091628
37.952867879949764
36.74145593828168
37.35876464329917
38.897954425421254
40.37357247800663
35.61342696228932
40.15194725527846
36.05277044094842
39.1821716551123
38.05482243361144
37.031716217768604
37.461788404090655
37.47750680559668
38.56520862825985
37.500139002142284
37.3516283138045
38.246304353763314
37.21858887220251
37.10037578488218
39.47386257658745
36.96173104541055
37.902167672741
39.13646730061235
39.34291554730514
38.70163183479473
35.848737117545355
39.15932592646829
37.876386390677816
37.98391563214105
38.457469343111434
35.9552872355642
36.46885587531945
37.98025727066501
38.69493476789573
37.2118222179084
35.933367756934004
38.43494331733934
37.597514124266034
37.94001713960335
36.318769337802095
37.14758294563869
39.04753397302381
35.73379751474693
36.9723501154061
35.83721493133183
35.79559746179088
36.60824592668435
35.53169856708625
36.61878258298184
37.00480657815933
35.23506632036176
38.76276342519398
38.66796476162713
36.84164772979145
36.034083625365945
37.08122506429409
38.36477175457724
39.76171536486724
37.01931688138123
37.49818586686562
36.63832169462894
38.6653601650534
36.85128200773535
39.08714386101427
35.30710212578033
36.82705618030038
38.12446495376784
37.46268025862759
37.672046533946336
36.7667270991309
37.01237603662343
38.06509344536683
36.823075309909626
38.689682563317234
35.88059093315026
38.628140253239664
38.73471470536857
37.38573561454641
38.44075536676522
39.33715638569717
38.774093329906464
36.83690951507667
37.96708216441089
36.145295128740116
38.368611986267155
37.83055637828235
37.995951293357486
36.734831489365675
37.15408961423512
36.63896669087739
38.596551022652925
37.62962312431171
37.54538919391303
38.91216284499086
38.82211888041989
39.504810313726296
36.556307526498
37.86751810846658
36.02109346615857
37.52723091326911
37.079988741155326
37.129516271681624
39.29810673615028
38.27743442305203
37.80096887411742
37.9023663483817
39.35420666480886
37.364124785723355
37.70109557694402
37.105517958772595
37.58692741907876
36.136746331535534
37.774480026343774
37.92779596817905
37.93115946650505
35.3503689282927
37.70094919513012
38.82658307716764
37.38935600529457
37.902157241928165
37.980025990255946
37.082701323361235
37.06640091024596
38.917153735613
35.57347848086521
