14.138054639614861
9.094979782042833
7.768561854444701
6.919018661153728
6.46667186954412
6.07464660549986
5.716670421690776
5.3791943927263395
5.2421611538478015
5.033022127917101
4.862468008594266
4.7395851069997095
4.580471090330132
4.496446901354297
4.362543356572759
4.286987082326207
4.223883320930703
4.091021513502145
3.986162245530507
3.9608740579208424
3.8879505695197087
3.830542308503184
3.804287260205581
3.7643408364263076
3.697240418401258
3.6687502122387805
3.681779741727073
3.62299841398309
3.580483574034839
3.5834946273344346
3.5107749173867293
3.492915944164169
3.529503959134735
3.5024818752346367
3.448981917109983
3.5174082775825055
3.389886858005976
3.3801798376029937
3.4018676749848087
3.3178885025453977
3.3451521478850266
3.356185596307804
3.249832997548169
3.2454693282087304
3.2849455743000426
3.2542681408853364
3.211531676287795
3.203307709945687
3.18607595254635
3.2026843662405837
3.1989120688160946
3.1779163912709416
3.121828873995049
3.098651454944549
3.1169891492303075
3.092991649269544
3.098519683141133
3.1391780054004026
3.1163793729682423
3.0415916641981435
3.07336897011204
3.05085049325536
3.012383078963592
2.9521918910202283
3.044709846505831
3.0269652067458837
3.0156299171262773
2.9660488922662775
2.956638707554546
2.9788633590114526
3.0046566238562606
2.9532749794166664
2.933898271800115
2.9295732319868844
2.979344759907188
2.932452991155201
2.942057234973743
2.9067535167238834
2.900500885885337
2.9137438664790887
2.8808114138785106
2.8644990512523156
2.8751269319447976
2.9008314415555576
2.8576088574682843
2.830177255424446
2.8729685627823245
2.8651120979981175
2.798699490982911
2.8540339661954808
2.8396231469794593
2.88438240644233
2.8564024873334786
2.8234607843232564
2.820023317660751
2.8445480201264908
2.8120021450750787
2.7823018274944404
2.7602681404557723
2.7763310694617442
2.781638336014645
2.800923281702502
2.7682735454291105
2.7429826200522225
2.7853748980138837
2.778671944385459
2.738315119504415
2.741052790577042
2.790060408927243
2.7472877289842943
2.726041185830174
2.701500289142132
2.747814990258936
2.707980467070793
2.7381699502725025
2.7027879884016923
2.6974127386407605
2.761062577238371
2.7362606549185924
2.736875514724645
2.699670879876819
2.7115089763598195
2.6473191449225975
2.7141341461703696
2.64507582860774
2.693510342903178
2.672923264768103
2.668346866644148
2.65928742225314
2.6851047255612652
2.6866732876876305
2.6602580804891627
2.628213302521356
2.635922656555114
2.6185865791450285
2.6641256990360804
2.6534000919039906
2.639067143587203
2.6830287411295135
2.5830556134982356
2.6381968823743276
2.6232890252923142
2.6601368425221277
2.6800880439836403
2.7037510265564095
2.607371996767048
2.5869263306517025
2.6663544902513765
2.648110457214302
2.611168609996294
2.647564964625856
2.608576080087444
2.5693381849419454
2.586418003871523
2.589741672935157
2.5472275327634195
2.583157416368867
2.580050079537363
2.597971257978472
2.5898567844696085
2.627340283565994
2.546460790366962
2.5792057595761686
2.5762357833827365
2.54389522198973
2.5628167412018983
2.5571571476115236
2.5064553090467534
2.503344604617049
2.569779081077411
2.611423652426436
2.532665368683379
2.6030922411330817
2.5155198942741444
2.554686577027214
2.560276826265557
2.5434963773807575
2.530424763994484
2.5414065080213137
2.5433580335871926
2.545096107662238
2.5086586311588
2.4992756117777577
2.532706147959006
2.5336677195696997
2.5044313510558727
2.485116750644199
2.5093784869231026
2.487560695165704
2.512233321394386
2.5360692163993575
2.4971194601906785
2.466731566357715
2.4828338164450794
2.500634767372033
2.5007154522784827
2.5378408764713796
2.4626238926089017
2.483353220183274
2.500790700701804
