-58.121066546440126
-148.50285942554473
-183.8689455429713
-196.40999477704366
-199.81449224948884
-204.5195892016093
-208.1253248691559
-208.46114142338436
-212.46651809215547
-212.8286287466685
-214.66817345619202
-215.7325057109197
-217.23641988039017
-218.33012063503264
-219.0567203760147
-219.9422201236089
-219.14213848908742
-220.34023372332254
-219.02226231098174
-219.7011800209681
-220.4190863609314
-221.81413782437642
-223.4591038942337
-224.5823691725731
-224.9078846494357
-225.19780555963516
-225.66227525075277
-224.70202343861263
-224.2573803027471
-223.9789452791214
-223.8538921435674
-224.62823673884074
-223.6075275739034
-223.32759976784388
-223.07103872299194
-225.1144873380661
-224.09736798604328
-224.8377733071645
-225.51320100625355
-225.29017494916917
-224.27198278109233
-224.13058512210847
-224.95673968791962
-226.31541113058725
-226.49670762618382
-226.72744598388672
-227.6424515803655
-227.34547448555628
-226.7935208241145
-226.44704227050144
-228.63951898415883
-230.35174589157106
-228.90319468975068
-228.16436882019042
-228.46064140796662
-228.05172169208527
-228.7073827902476
-230.75415298144023
-231.567487847805
-231.4420671224594
-230.5662056684494
-231.9313762029012
-230.75634663105012
-230.3401555299759
-231.35153064727783
-232.28503309885662
-229.7125428120295
-228.84379148483276
-229.29468118349712
-231.53007028102874
-232.93407377401988
-232.9971712231636
-231.29453113079072
-231.1114977200826
-231.37469019889832
-230.65532841682435
-231.13281869490942
-230.71056894461313
-230.51213093598685
-230.58568837245306
-231.91149571736653
-231.0561167359352
-230.9761093934377
-232.08865723609924
-232.8700886805852
-232.6253790140152
-231.82671949068705
-233.23846247593562
-232.2561861594518
-234.9840829928716
-234.169837530454
-234.5923422853152
-234.25806166330975
-233.5252469619115
-232.8119307120641
-235.1331369638443
-235.1808531920115
-235.9558021704356
-236.388813551267
-236.346755417188
-236.4937233130137
-235.56600493192673
-235.00476869742076
-236.4086309671402
-236.92279585997264
-235.9867434223493
-234.11997100512187
-235.5737249771754
-236.0539743343989
-237.00168778896332
-236.8312060435613
-237.8339088479678
-237.10245246887206
-237.32875916957855
-238.06410727500915
-238.16808301210403
-237.83973301251729
-237.45560027758282
-237.64326957066854
-237.96149632930755
-238.50627504984539
-238.125905696551
-238.33904747962953
-238.85930931568146
-238.94506669839222
-238.1612560868263
-238.64809801578522
-237.5975118279457
-238.48614472548167
-237.59105719725292
-236.6436209956805
-237.3396290620168
-237.88551958402
-237.47895337740582
-237.76659762859344
-237.3059758345286
-236.39647046724954
-235.53001055320104
-236.852423564593
-236.61661760807038
-235.6606692870458
-235.6739956935247
-236.8079565525055
-238.3190358320872
-237.91409143606822
-237.16022888819376
-237.42476672331492
-237.9013299226761
-239.08894226551055
-238.85986159245172
-237.44992782274883
-238.07679711977642
-237.61308229366938
-236.4615064462026
-234.66603557666141
-235.45014803806941
-236.30486918290455
-237.35720964272818
-237.74385636647543
-237.86278301874796
-237.99283471504847
-237.6392308751742
-236.9370856444041
-236.26015931765238
-236.98571519851686
-237.20061372121174
-237.1420124610265
-237.7655754963557
-238.78754797379176
-238.216150979201
-237.6229456504186
-237.14231050014496
-237.15711943308511
-237.64975674152373
-238.41635840733846
-238.8691151658694
-239.16924563646316
-239.13009826739628
-238.84004534880322
-238.2194516777992
-238.72884064912796
-238.14514729181926
-238.15331341822943
-237.58003283341725
-237.8732918580373
-238.62419219017028
-238.56448541482288
-239.10529444615045
-238.01188632647197
-239.00788083473842
-238.5203811009725
-238.03170544306437
-239.02409896055858
-239.8628229300181
-239.66505227486292
-239.6652241428693
-238.92865841388704
-239.1569859981537
-238.67285383939742
-238.04627477327983
