7518.109203338623
6747.295746103922
6688.872824096679
6781.800081888835
6676.524175516764
6752.837334569295
6598.684534708659
6569.96058362325
6387.558599344889
6248.548710632324
6164.787888209025
6184.0308432261145
6134.97599919637
6430.909978739421
6225.291098403931
6311.007525634765
6156.548106129964
6356.6046043396
6254.730063374837
6164.810455322266
6179.629363505045
6141.613264211019
6024.88108736674
6141.21176554362
6108.7007527669275
6043.279638671875
6094.495087687174
6020.795618693034
6190.533854929606
5916.267151641846
6126.556862386068
6136.785208002726
6081.838618977865
6203.509640884399
5995.553101857503
6098.88270517985
5926.142127482096
6037.171330006918
6039.788546625773
6019.187657674153
5977.454944610596
5997.915547943116
6169.0932880401615
6165.309806569418
6071.955092875162
6005.179739761353
6064.563159942627
5910.890620676676
6018.430912780762
6094.902568054199
6116.376811091105
5992.387037022909
5967.231173960367
5912.213257471721
6017.40976117452
6119.065083821614
5976.606369527181
6038.178953552246
6011.231655883789
6020.707723490397
6002.755105845134
5979.450156656901
5853.987649536133
5933.061211013794
5839.103895441691
5850.247494125366
5759.353098424276
6107.614204406738
6113.139694341024
5916.414682896932
5968.953950881958
5989.58097635905
5838.737300109863
5826.447347005208
5869.286584472657
5862.291902923584
5686.336069234212
6054.863449350993
5653.220595550537
5730.216447957357
5743.3768112182615
5934.811977005005
5946.059135945638
5827.329979197184
5740.737455495198
5828.714518356323
5809.606801859538
5762.405956013998
5841.468575922648
5822.90497601827
5821.406298319499
5957.467517471314
5937.610132598877
6004.236395899455
5975.689396921794
5899.169106292725
5846.571694691976
5990.640937296549
5988.955021667481
5941.420538075765
5745.3145444234215
5848.079888534546
5669.537038421631
5768.105917612712
5769.795487340291
5970.187812423706
6036.671375020345
5748.703438440959
5710.137975947062
5812.4409983317055
5889.390167999268
5823.7772127787275
5831.83442586263
5830.924872716268
5714.0387512207035
5705.037559127808
5807.1993937174475
5796.236513264974
5856.674499130249
5784.381242116292
5902.864149220784
5831.771566009522
5905.623729832967
5674.865792338053
5719.398518498739
5999.74340209961
5690.2254011789955
5811.202001190186
5979.686218007406
5618.611148452759
5887.843350982666
5856.641870880127
5822.245304361979
5648.699182256063
5677.19660504659
5882.906605529785
5782.3203730265295
5842.940145365397
5854.994007873535
5894.636837387085
5837.813969421387
5842.448619588216
5745.32062365214
5675.672089767456
5486.588090260823
5587.766096242269
5718.249445088704
5779.854100418091
5619.843857828776
5774.048853047689
5795.513975016276
5710.206754811605
5808.665265655518
5692.627070363363
5759.572939554851
5802.662948608398
5717.3233268737795
5799.499843088785
5623.128283945719
5632.820133463541
5611.071468607584
5564.318113327026
5675.373125584921
5700.425509770711
5726.970783615112
5641.722533416748
5631.564810943603
5644.030866241455
5596.728360875448
5479.071532694498
5761.405685679118
5731.976624552409
5962.072153981527
5592.942487843831
5622.503938420614
5610.553303146362
5457.891423543294
5623.578093719482
5550.366838582357
5727.40916150411
5618.195946756999
5768.733841196696
5809.243566131592
5665.6848275502525
5856.4553287506105
5784.897549438477
5757.7822212219235
5740.798112360636
5671.2456208546955
5688.185036468506
5609.471685536702
5816.848797098795
5664.099147288004
5690.574303054809
5671.97953821818
5741.704734802246
5619.264190673828
5715.917001978556
5768.767500432333
5749.1726282755535
