-35.71448894242446
-104.34807833433152
-152.98588423331577
-171.74122690359752
-177.72622836430867
-183.22403067747751
-186.43205160299937
-191.41846015055975
-194.05486108462017
-197.2817071914673
-201.14561659097672
-202.2442648569743
-205.4415759642919
-208.09810455640158
-209.687543741862
-211.75046726465226
-213.06536269982655
-213.72129104932148
-215.78733056386312
-216.25984041690828
-217.8580474615097
-217.50628972848256
-218.95700027942658
-218.0036436200142
-219.7589666247368
-220.0705045223236
-220.98435029188792
-220.72447407245636
-219.82670624256133
-220.49892714420955
-218.84652223587037
-218.25585122108458
-218.51015182336172
-219.49884366989136
-220.5547951022784
-221.95722922086716
-222.6320958773295
-222.7183324257533
-223.2456664601962
-223.1733260154724
-224.1274342060089
-223.4718259771665
-223.23539713223775
-222.76733378569284
-222.98473130067188
-222.62246788342793
-222.32108008861542
-223.20523038307826
-221.63517160018284
-220.20015660127004
-219.7106797536214
-219.16931371688844
-218.2873721520106
-218.484887778759
-218.16831538677215
-217.75239384174347
-218.45366890033085
-219.73126100699108
-219.99126363197962
-219.85152366161347
-221.13973131974538
-220.166743795077
-220.39816895325978
-220.30600808461506
-219.70295213063557
-221.84232489267984
-221.25971976915994
-221.0779545545578
-221.6310894846916
-222.17138551870983
-222.25921217997868
-220.9716428041458
-220.51093147595722
-220.68629107077916
-221.325590912501
-222.67425366640092
-222.7333437045415
-220.17882083257038
-219.22383027076722
-222.14591380755107
-223.78764945665995
-224.7136904557546
-224.6756158431371
-222.5435110251109
-222.8383281548818
-224.11519083182017
-222.93638615608216
-224.60096062024434
-224.28150822321575
-223.54534774621328
-224.55305827061335
-224.87614804903666
-226.06251670519512
-226.89086108605068
-226.03491143385568
-225.4225109299024
-226.62123422225315
-226.66216876506806
-225.9739559809367
-226.59966497421266
-227.82032287518183
-226.845458984375
-226.97755771478018
-229.41693335374197
-229.27935278813044
-229.47946910858155
-228.9877244313558
-228.74843095143635
-228.35544048547746
-228.91612923940022
-229.22664569218952
-228.84445509910583
-229.8149018764496
-229.65789362192154
-227.96607317129772
-228.81360573768615
-229.01929903030396
-229.17953697045644
-229.00443270206452
-227.96165800889332
-228.34232728481294
-231.28055237929027
-231.75341389973957
-231.04174145857493
-227.9853492816289
-227.00044425328574
-230.29031497240067
-233.35283516248066
-232.5845678051313
-233.48518832524618
-232.2505092183749
-232.71009528239568
-232.28318568468094
-230.67271056175233
-231.7102641105652
-230.99549377759297
-233.38847825129827
-233.0706396341324
-230.29738499323528
-228.73531219959258
-230.2490488131841
-230.83835379679996
-232.99396990140278
-229.406523446242
-231.22900173664092
-231.3171511610349
-233.0929253021876
-233.8168662071228
-234.80006494522095
-235.80655659039815
-236.31041389306387
-236.8202747106552
-236.6788635492325
-235.97934788068136
-236.17165884971618
-235.27699615955353
-235.9969036022822
-236.40201199452082
-236.55276582241058
-236.92515765031177
-237.00073467095692
-236.71562781333924
-236.98450447718304
-237.0726006468137
-235.85221241315205
-236.09092521270117
-236.50683025519052
-236.4008472442627
-236.15461768309277
-236.28821949164072
-236.21580216487249
-235.7994154572487
-235.0146954456965
-236.66345792214076
-237.43190882205963
-235.3616946140925
-236.44469486872356
-237.03606476783753
-237.96834682623546
-237.87201218605043
-236.3061226328214
-234.74001506964365
-237.4134159763654
-238.25784849325817
-235.98076023260754
-234.73477054437
-237.58630063533784
-236.36164376338323
-236.24608149528504
-236.24829872051876
-235.79284867445628
-237.7373976667722
-237.33959209124248
-235.98809286753337
-237.7138966401418
-237.48996160825092
-237.8793556849162
-237.71874593496324
-238.5449671427409
-238.22391930421193
