-155.0773727496465
-221.47173113028208
-223.2541451772054
-220.68248460292816
-225.01984228293102
-226.4266735871633
-223.80303982893625
-227.29886789321898
-227.31437929471335
-228.38501448631285
-228.75051596164704
-228.87830208142597
-230.091295782725
-231.24638313452402
-232.27792762915294
-232.98287293116252
-233.25586041212082
-233.14488961696625
-232.49496401548384
-231.35443426767986
-231.4428909142812
-232.60032073259353
-232.8037464618683
-234.37173204819362
-233.8143974383672
-234.41856564680737
-234.9044567346573
-235.8255479733149
-235.25846451123556
-233.21552881002427
-233.824773422877
-235.6238182624181
-235.68887648185094
-236.28438107967378
-235.5079727490743
-234.86104212601978
-234.4982496102651
-236.0234647591909
-236.93211540778478
-236.31722501118978
-236.15099443594616
-234.6319731871287
-234.645512008667
-235.5867986838023
-235.363126373291
-236.6959678252538
-237.73865503470103
-237.0878821293513
-237.51159416039783
-237.76546154022216
-236.99900292555492
-236.55014707247418
-236.220441031456
-237.76884780327478
-238.54930426279705
-238.12347240447997
-237.6512465318044
-237.82987267573674
-237.21308708985646
-237.38795969486236
-237.41449552377065
-236.49108908176422
-237.22289925813675
-237.7488561153412
-238.1397889216741
-237.9533236583074
-235.1552630543709
-237.85639134248098
-238.67306390603383
-238.80447267691295
-238.8624942859014
-238.84596457481385
-238.2921903371811
-238.98134203751883
-238.3057535012563
-238.2906726916631
-238.92908209164938
-238.7313423236211
-238.59155367215473
-238.7074318051338
-238.43389689127605
-238.4868169983228
-238.60977890491486
-239.57383528550466
-239.6352390686671
-239.76002884308497
-239.1446973601977
-238.92545175552368
-237.87307555675505
-238.5473552942276
-238.52740285396575
-238.37822351853052
-238.12423337697982
-237.6685624162356
-238.15137325127918
-237.40161099831263
-236.8069102525711
-237.9539167881012
-238.77473039627074
-238.19501039187114
-238.33036026159922
-238.41717626253765
-238.77378809054693
-238.0335244814555
-238.46950495243073
-238.40949289004007
-238.58940210739772
-239.17679814100265
-239.20532337029775
-239.13225444952647
-238.9405881166458
-239.15216066042584
-239.2009581565857
-238.98351760705313
-238.69102295239767
-238.5195998509725
-237.84257372617722
-238.3271364569664
-238.60391827027004
-239.2909497419993
-239.31397327582042
-238.82805241743725
-238.91148035526277
-238.81793199380238
-238.88702669143677
-239.26682630379995
-238.93302388191222
-239.46261227925618
-239.5046992142995
-239.7108772913615
-239.19512073596317
-239.5736840248108
-238.86804893016816
-238.97457883358
-238.98755642970403
-238.72466418743133
-238.18251949151357
-239.40514394044877
-239.80664538939794
-239.59269529183706
-239.48390214840572
-239.97529841264088
-239.77019186019896
-239.92150514920553
-239.3040862719218
-239.80480215152105
-240.4433927297592
-240.54136323134105
-240.16541426976522
-240.10794223149617
-239.1357753833135
-239.49994116226833
-239.9481647570928
-239.12258582512538
-239.3483911593755
-239.75121461550395
-240.00895891984302
-239.57054506937664
-240.13920799096425
-239.81338152488073
-239.29965409040452
-239.90897795756658
-240.1474538008372
-240.34096286296844
-240.1545060912768
-239.96631966431934
-240.18985687096912
-240.11963852643967
-240.5706156373024
-240.81355635325113
-240.90593430201213
-240.84758999347687
-240.2375070532163
-239.5434840520223
-240.37546478509904
-240.57716924349467
-240.62144459088643
-240.90739543437957
-240.74293476343155
-239.96354217529296
-240.4646913766861
-240.35014511744183
-240.4833357334137
-239.85721594492594
-240.38055357138316
-240.63856318394343
-240.63286123275756
-239.58514001369477
-240.39493642250696
-239.4408865571022
-238.99861996571224
-239.3519460161527
-239.8063468615214
-239.64306357304255
-240.38579540252687
-240.2063117146492
-240.334871951739
-240.56424092054368
-240.77306096553804
-240.79573356310527
