804.1822340011597
703.5966666698456
664.1854978561402
630.829859217008
610.7648455699285
602.9698894739151
593.330610315005
565.9074000914892
565.7875160932541
560.1717720270157
558.9614053249359
545.3830218950908
544.7759177366893
536.9830521980922
533.2293021361033
522.7018712282181
517.3834362030029
509.7839286963145
509.69901656309764
499.2379311323166
495.239372531573
500.50203164418537
490.2678238868713
487.86972577174504
484.64448738098145
483.99201862017316
486.4908903201421
479.84332485198973
475.3565559387207
475.11248536109923
474.6044245958328
467.1700747092565
469.95742768446604
464.17547036012013
467.9883215665817
463.05266811847684
460.05017393430074
460.82561746438347
461.38528130849204
461.01328630447387
453.25376892089844
453.9888496518135
455.67651345729826
446.8318162759145
446.055168513457
450.7130493481954
447.33753583431246
444.1538840730985
447.3383772532145
444.9666303873062
446.8516796986262
447.9415998299917
444.59518988927204
443.43027889728546
446.5688305536906
440.8865604082743
440.35533422231674
442.0430389960607
440.8566713054975
435.9982500950495
437.1265470663706
437.54064095020294
437.6409502506256
433.2077907323837
434.53605826298394
440.16940590937935
433.77987478176755
437.02882421016693
430.20576752026875
433.7992885390917
437.6404658079147
434.18822096188865
432.48834468126296
426.40762816270194
432.21199953158697
429.4749307076136
431.9437581539154
427.1237340370814
429.5779976765315
427.2895484844843
427.58294878005984
427.54738750855125
421.9915515422821
425.00771061182024
428.9022714296977
430.75153058369955
425.1595797697703
424.7686004757881
426.3685459335645
423.7201847235362
421.9437912940979
423.4904132048289
420.6784979224205
425.40365880330404
420.65366590420405
418.34541048606235
421.7995238105456
420.2436059435209
421.25025207599003
422.15675412019095
423.2732568860054
418.52180489699043
416.12777846654257
424.58680009444555
415.849869509538
421.6142454346021
415.4253327290217
417.71058888832727
416.4127935608228
415.91621954838433
413.21164939403536
415.209298880895
414.34058797359467
414.7633039077123
417.474614350001
411.7600615501404
413.2702175895373
414.5028035879135
410.2169492125511
408.8655401746432
410.55733723243077
411.93676010370257
412.7503557960192
411.2496073246002
415.9912325501442
415.1486772338549
411.1726928472519
413.0810015678406
413.9935095826785
410.3834053357442
409.91233171224593
413.895997385184
415.2669573903084
413.7286363363266
403.29557839632037
409.4166450023651
412.09573165575665
407.9849608620008
412.2516661206881
409.20957237084707
407.6890603820483
406.04589594602584
412.7835211197535
410.01861958503724
409.7675036032995
409.6321042577426
409.89205363591515
409.37760089238486
408.18320351839066
408.5513657013575
405.6093534231186
405.0268089572589
411.0839926679929
407.6930554866791
407.4867666443189
410.5564715623856
406.43503493467966
409.377403430144
402.13069652318956
407.13761785427727
410.06973715225854
404.7243171254794
408.4634086449941
410.8570359349251
408.5400341272354
407.7381279071172
402.5968157529831
407.8221361160278
405.1418485959371
403.59266546567284
406.77962210973106
407.3886764367422
405.6373151063919
408.7519618312518
402.8532467007637
401.0568652590116
402.83966778119407
405.2075874686241
402.2616682688395
399.3741697112719
402.50916193326316
402.67918618122735
404.264438577493
404.1284095843633
401.6773945569992
399.79716443220775
400.3458406051
404.60188752412796
402.3577694773674
401.1887777686119
399.07287996610006
405.4924311796824
399.934019502004
400.7822997570038
403.631145187219
402.07626916964847
398.0438357790311
400.3910061875979
403.7121907949448
398.55260664224625
