-64.46088411808014
-92.43364650408427
-95.4647754987081
-99.9279725253582
-101.65617451667785
-98.32622534036636
-97.30485203464826
-100.18931167523066
-92.47038166920343
-90.58378785451254
-96.06659921606382
-99.84087538321813
-103.6703841249148
-97.84786151051522
-97.4255480647087
-96.21250567833583
-92.74848517576854
-97.45213497877121
-100.10317739248276
-100.28057741721472
-100.20382766723633
-102.71712794105211
-102.67330169677734
-99.4168530980746
-100.98903809785843
-96.98165978193283
-100.48501444260279
-96.6478441675504
-94.66638070940971
-93.88174705902735
-95.18745393753052
-98.66916090647379
-96.5160949865977
-99.11630665858587
-96.0792210539182
-98.49055667519569
-98.5521728515625
-100.91431372960409
-97.92225275039672
-96.66238029201826
-97.6133391479651
-100.26642008423805
-98.25683612823487
-98.91666589180629
-96.43724149862925
-94.78193114201228
-94.43104761044184
-98.18458020687103
-95.05269140005112
-94.62966405948004
-100.10723297993341
-101.32375394503275
-99.17820030649503
-100.45203500787417
-103.20230276187262
-100.12384787400563
-100.41293963193894
-97.78861635128656
-103.30210088888803
-99.12751353383064
-98.53135124444961
-96.79833340247473
-97.00585253039996
-96.56753409703573
-97.20409608681997
-96.69188009897867
-100.44424494504929
-97.9012693464756
-97.24256799022356
-98.31754554311435
-96.88834307789803
-96.68604932626089
-97.84854588905971
-99.21640246709188
-100.49355961680412
-95.66430383523306
-99.12833758195241
-94.48754556775093
-96.32148965795835
-96.50786067446073
-95.31048839489618
-96.25270299116771
-97.78545033534368
-97.48470136324565
-99.22484363714854
-93.57134928703309
-98.41364217996598
-97.08319320281346
-95.41304854551952
-99.38650864958763
-94.88465342521667
-96.81273004015287
-95.15870275100072
-98.93894080122313
-98.202740752697
-95.32867826620738
-97.55243496100108
-95.0890366355578
-98.3534789999326
-100.37263478835423
-96.25439489285151
-97.1295661131541
-98.7963773826758
-101.23248180945714
-97.99922291835149
-99.8397840420405
-99.11016609271367
-97.35319187442461
-95.83115185896555
-96.99711195925872
-97.41946962674459
-96.42374047636986
-97.54687400460243
-97.57353201707204
-98.95008761286735
-94.96444176038106
-100.50292077859243
-94.81765658458075
-95.57210920651754
-95.67970745364825
-96.69387286702792
-96.40902289152146
-93.81639331181844
-94.7160325606664
-97.04174354871114
-97.17087357441584
-99.87485272685687
-97.50074886480967
-97.50363940397898
-98.88529094060262
-96.41254959305128
-94.04983103672663
-98.82948215405146
-94.33368908166885
-97.64920896689097
-94.66409994761149
-98.18440418243408
-99.46862968206406
-96.61717861493429
-92.95270036856333
-94.68133859833081
-92.87244988679886
-96.17042479515075
-94.46231470108032
-94.28817155361176
-94.94752682844798
-95.92918022473653
-96.20414454539618
-97.56150820056597
-98.279338936011
-98.24178875684738
-97.03955469727516
-101.40265691677729
-92.59315107266109
-95.98148838678996
-97.42295807202657
-97.34463920990626
-93.96345701217652
-95.13151048024496
-100.16860212484995
-96.27664994001388
-96.67026044925053
-96.79139492909114
-95.75365984042486
-99.26926014820735
-94.91303114891052
-93.22124474048614
-95.6153581003348
-94.90456214348475
-95.40437047282855
-96.63652887543043
-99.49433836142222
-97.13173419634501
-97.9746866941452
-95.33462107976278
-100.61187107960383
-94.90375391642253
-98.93903552691141
-98.44622631470362
-97.26885238091151
-99.05727838079135
-90.54545304973921
-92.81111996968588
-92.20631089210511
-97.77055443723997
-94.07739664713542
-96.15785609881083
-96.56998413801193
-98.36533955931664
-95.55213062763214
-97.91718052426974
-100.19853189388911
-96.36118544141452
-97.19460108280182
-96.29519238273302
-97.55145487785339
-95.5418164451917
-93.53531438906988
-94.5329406340917
-97.88599349856376
