86.50105378134498
67.37937516796178
56.094342215307826
46.589034115446026
41.66148442235486
38.685833142749196
38.01280792674114
35.88676873877131
33.88143809191112
32.21802292610037
31.36559223101057
30.82843572004088
29.701573349021633
27.987233677043996
28.326562653841645
27.17411894351244
24.027795530084905
24.25013533183213
24.677488667440826
23.64361485556282
24.61420689086462
23.68635893895708
22.51597082075374
21.14151198211415
21.553005878652993
20.813710342354046
19.654712069137343
20.4293263259119
20.06959537596538
18.983032009467998
19.804762900839076
18.997007122070624
17.94586913326177
17.60413449180537
18.159161446423365
19.415071436204016
18.137468278151132
18.583672781956608
17.31871789051541
17.73927884959969
17.213559605245447
15.288614420991006
17.284560550646535
17.81459558408322
15.362649364204243
15.564658380274114
15.422479284477644
16.105359386909626
13.636748523033898
14.395577786811467
13.372150292941209
15.063315818985474
13.204314566121019
15.009428448975086
13.815613216094288
13.461313028273912
13.857405485778019
13.51756156325854
13.679764724910612
13.26021443512933
11.844043145341606
11.445464384966883
12.806318762230463
11.303113422260202
12.820807522740857
10.961122598402715
10.790829903349794
11.404460380560366
11.300557279991436
10.364002645914924
10.962729548192423
10.192752330981453
11.365623441267887
9.908773837675309
9.130142756577197
10.554444277080997
9.469936612736563
10.533409735910466
11.15091089574331
9.310341300635502
9.165291576549924
9.487713046757312
9.848933036471236
7.66241769955076
7.645997117947916
8.050331790385576
8.23003761162018
8.53134497332162
10.47446757555008
9.808411344115076
8.156655101555176
8.384612686803628
8.995679849437598
9.003789258671217
7.113396901540972
7.294684587881483
7.48447943074982
6.376122123369112
8.414076189028806
7.230224930392257
7.793496528833077
7.158391071001774
8.70634963103281
8.111082481983086
6.551535436819339
6.65127053831158
7.037509231988726
6.98624433628444
6.754933828809138
7.602455526975723
5.7050609184621734
5.285490279567653
6.475117174715831
7.066690238642281
6.24572218068201
5.441338118551107
6.994750095820375
6.360584009888357
5.644679040102096
5.9930982348220105
5.3741924056205255
3.990483751327827
5.002653073005635
4.536395888518671
5.489719159644226
5.189711983861594
2.647858077595974
2.9942991887700967
4.674366038678022
4.013346898273148
4.360414604816971
3.8903863728046417
3.685841011589971
4.249171741306782
5.3243972367510715
4.307448976512613
3.450141421294418
4.916462244915551
4.935476545115997
3.775811467448185
2.16205019118457
2.4505908340215683
3.5419599449840087
3.8479782959510542
2.8025804424080354
4.964470307695969
3.784489633708165
2.713123258331726
2.1175448730074127
2.968929000198841
2.4815064727746208
4.2765381936754645
2.852130118629028
2.9057634300712882
2.1715065657064834
2.4677042966258935
2.01210284554239
3.6263559630847184
3.2212626623182463
1.6335804868361046
2.347112091519099
-0.031748673525349845
1.980676645798416
2.4578051329429806
1.859676641123048
1.9819755238191834
-0.5950796455144882
0.4746722301532482
1.4307792243258706
0.9587892066558887
1.3178690219747609
2.707104557547076
1.0824490574927166
1.2049517099713456
2.156877843984242
1.4749421066251294
1.0357474093807155
0.6791316013911675
0.27993928666772516
1.5663914320797756
0.0015388691219790228
-0.38775703388041466
-0.17818704966841073
-0.3442102835096162
-0.5386519452621197
0.6163382740883991
0.029816531929476506
0.8623311721302312
-0.8122840562257273
-0.3229851720148119
0.487148802342086
-1.1255805358804505
0.050712806782845794
-0.8459454132565136
-1.2877072250020916
0.13196471333503723
-1.6086079652967125
-0.4752304548847264
-1.3430248200893402
-0.5529139437552156
