-23.590267195783813
-44.52254619680602
-48.255535281937696
-50.38601666483386
-52.24114261310676
-52.73392950871895
-53.232006666989165
-54.22854655158931
-54.7531394321343
-55.06200221694749
-55.48529291769554
-56.05067931372544
-56.06794595307317
-55.88154774904251
-56.27172794527021
-56.337092884655654
-56.13684139375029
-56.247461546083976
-56.29527369038812
-56.67471319745327
-56.761526557905924
-56.70767423407785
-56.84950399912637
-56.94882787712689
-56.75146679939895
-56.98764861246635
-56.735284538104615
-57.066673286002256
-56.318416088819504
-56.486579909406856
-56.66701154873289
-56.803136817340196
-56.946093680529756
-56.69888053474755
-56.7878164669563
-56.6864455732806
-56.411691379958185
-56.24482758291836
-56.43693204789326
-56.58144075089488
-57.12628898332859
-57.961796238504604
-57.47811730360163
-57.28948251132307
-57.0190259156556
-56.998892104831235
-57.14465965895817
-57.58917050423293
-58.05523032361064
-57.95026673016877
-57.919549958459264
-57.62036645412445
-57.84991259410464
-57.71656131744385
-57.970723190184295
-58.27190670679356
-58.21567210863377
-58.243416359712334
-58.104273646042266
-58.33586436304553
-57.852827898387254
-58.604400961563506
-58.26631181404508
-58.51360245614216
-58.689029981350075
-58.662438598172415
-58.194675270853374
-58.881961614921174
-59.06669533869316
-59.15147424977401
-59.24270515195255
-59.620936434844445
-59.86586304882477
-59.77440006774047
-60.69112252469721
-60.694260288929115
-60.76999613745459
-60.61665749344333
-60.42030910068545
-60.43555838691777
-60.69644636121289
-61.00713038033452
-61.32189966070241
-61.70380707136516
-61.63087520106085
-61.29190547301852
-61.52751700014904
-61.4030704559951
-61.77277475081641
-61.27683753802859
-61.55629114138669
-61.76360158057049
-61.643976916526924
-61.48302684878481
-62.04748220382066
-62.265381459532115
-62.209869240892345
-62.19019964851182
-61.92789434153458
-62.04560344178101
-61.771113878694074
-61.745711248496484
-61.94226631419412
-61.31533384734187
-61.79956197327581
-61.694529331963636
-62.03218347553549
-62.06657011550048
-61.73540354494391
-61.59462795175355
-61.63454769911437
-61.38462840277573
-61.69806126479445
-61.801249199900134
-62.03757446901552
-62.33047741343235
-62.22938073606327
-62.55472348270745
-62.72704993753597
-62.68717665816175
-62.66166372134768
-62.80317451830568
-62.86771845612033
-62.735235760951866
-62.84279364655758
-62.771250761788465
-62.750539099348
-62.63225438471498
-62.607353022386285
-62.71303258476586
-62.67866758231459
-62.57968490493709
-62.746884031542415
-62.719862372710786
-62.76561827597947
-62.62207432450919
-62.968558512885
-62.974771960028285
-62.844582740602824
-62.84535326834383
-62.871302528627986
-62.81010693722758
-62.57962313397177
-62.97586352249672
-62.780031648175466
-62.772049866873644
-62.503724264687506
-62.59744845382099
-62.626489622839564
-62.57843259593536
-62.706207540528524
-62.81363172161168
-63.008764822935234
-62.867279881033404
-62.807235109394995
-62.72349067597553
-62.811600722115614
-63.00228925408988
-62.798784785229586
-62.788788046302464
-62.54002984844405
-62.852766626867755
-62.80201753665661
-62.73350122879292
-62.799223529881445
-62.83110530212008
-63.05145715433976
-63.09919558825164
-63.03984181634311
-63.104347798331034
-63.03229484886959
-63.100943214934446
-63.03971607520663
-63.09439076842933
-63.05043113745492
-63.02117914783543
-63.22164264218561
-62.922669556634176
-62.84450825329485
-62.9842639832661
-63.188159004367634
-63.24731783620243
-63.215066114376334
-63.17926243666945
-63.23179068442049
-63.30540091004865
-63.22848393177164
-63.33754917259874
-63.19763860003702
-63.28601923071105
-63.25395917481389
-63.15853666950916
-63.216970353290954
-63.24869233780894
-63.21106347441673
-63.31941075571652
-63.2587670889394
-63.25308875071591
-63.153855830430984
-63.35117422609493
