-30.554750020305317
-63.36731161276499
-80.26344329516093
-86.09376612106959
-91.3152322212855
-92.59454390009245
-95.63266538381576
-97.29667429327965
-95.47299204866091
-96.29741635719935
-91.77947610616684
-95.46183862288792
-93.09382507602373
-93.10284732182821
-96.5862073580424
-95.99281865358353
-96.16267561515173
-93.73232688506444
-93.91203606526057
-94.56732462048531
-95.98005024194717
-95.31993863185247
-98.71371655066808
-92.88780656854311
-93.05814784963925
-95.86084660291672
-93.93832037448882
-97.22972081899643
-95.83602565129598
-94.51092284123102
-97.13977649609248
-98.00948737859726
-97.99705035289129
-95.25081276694934
-98.58721636136373
-95.12174212932587
-96.8676923195521
-94.43917038440705
-95.71761114597321
-95.99590548276902
-96.5007324496905
-94.84402941465378
-97.1155710140864
-97.01075314680735
-97.8582990348339
-98.61098459760348
-96.04934746821722
-93.97829236586888
-97.68327068090439
-95.5712965051333
-96.0051059961319
-92.23247021834055
-95.36589260101319
-96.29279120961824
-98.1597084681193
-98.45454379717509
-97.98190410733223
-91.62630329926809
-96.22123418450356
-97.94722334941228
-99.53173979123433
-97.36564151843389
-98.1577479759852
-99.22745292186737
-98.32364826997122
-101.63068635066351
-98.86445663968722
-95.7108159383138
-96.04693610270819
-99.56660843888919
-99.43964430888494
-98.7200539191564
-96.86948937575022
-95.70821623404821
-101.2739362001419
-99.73550684054693
-97.99549769560495
-96.59870547056198
-99.90021825234095
-95.0498179614544
-96.64303270578384
-95.79697737693786
-97.63550445636113
-97.38327021797498
-100.01049507459005
-101.27652677297593
-100.46746220588685
-100.71692344546318
-97.68658752640088
-97.02608463366826
-96.80139526923497
-95.98617942333222
-99.03501028219858
-98.41812128623327
-99.01303060849507
-99.66953809658686
-101.63141599694887
-95.2059229095777
-96.948965549469
-99.59606282711029
-96.96929312944413
-101.18932441473007
-99.38401229778925
-97.14591496785482
-98.15201841990152
-97.39274578889211
-99.00472087065378
-100.8599771896998
-98.1704394419988
-102.20161406596502
-101.28859491944313
-100.82006508906683
-95.94576257069906
-99.81083089113235
-97.70634426275889
-99.39690941373507
-97.71779444217682
-101.27361085017522
-98.46597564220428
-98.5582945505778
-98.29861081838608
-99.39870989521344
-97.31857217152914
-98.41571358442306
-98.18688539663951
-101.54479965368907
-100.0396150112152
-99.10598290761313
-101.29041489362717
-101.09572581847509
-100.36719262599945
-99.70011967420578
-100.37686320344606
-101.07201202710469
-97.43629318475723
-96.73635290066402
-97.66782921950022
-97.13681292931238
-98.03989953398704
-100.6523252248764
-101.67705478668213
-95.76660571495692
-100.11717253923416
-99.05547162890434
-97.73377541303634
-99.11715408960978
-98.89873391787211
-100.38443015416463
-100.52317158381145
-99.68465289473534
-99.40748836596806
-99.13759532769521
-99.2869051615397
-103.10272718667984
-96.38786698977152
-97.67655377388
-100.72184511621793
-99.80612064997355
-97.91754509011905
-99.68419494628907
-100.47185704509417
-102.43843751549721
-99.63882554769516
-99.75699031949043
-101.2967083533605
-98.99509708881378
-99.33595886627833
-100.88902406891187
-98.97861987153689
-101.76314749717713
-100.72431913614273
-97.90945466756821
-99.0706226070722
-100.57454842329025
-100.0101393143336
-98.6688769976298
-97.7682964404424
-97.98331356048584
-97.5670061548551
-98.85917794704437
-96.04729148348173
-102.55724220673243
-96.16242851018906
-98.16244251330694
-97.1681630174319
-95.79622222582499
-101.17791129748026
-96.12985481818517
-98.5356209675471
-97.44406483372053
-97.49869896968205
-98.6094298561414
-97.04091448585193
-98.952750736475
-96.04685604373614
-99.29399083852768
-95.95488668680191
-100.5646622021993
-96.3263323187828
-99.08754763404528
