134.69495786264025
90.47441776353737
71.18116578973573
60.21211167450609
47.22094513321745
38.05270044197296
30.653397308855222
27.558085918426514
22.87064247681149
18.832416447072195
15.19796791865394
14.660926165396411
10.563604274026021
9.217897695200197
6.970546741680852
4.139776148447959
3.0052594627285827
3.1886520542461296
1.2007158375505744
-2.1029193434735824
-1.243550497910072
-2.966686181467155
-4.617208798640761
-5.641674598229343
-6.031226109327941
-6.460907208765375
-8.287243148119286
-7.9291491868167085
-8.273615752828531
-8.768391287018513
-9.428147641749218
-9.522865951061249
-10.88798302566183
-10.86439179295096
-11.553369531343723
-12.708921651388037
-13.226809071569607
-14.554687467114679
-14.365238953253318
-15.210789270442108
-14.719502646347571
-14.665525962052675
-16.64003708187876
-16.237037689521394
-16.552554796481953
-17.929542527116578
-18.020066924650095
-18.110731289304535
-18.491227201860525
-18.98436768147452
-18.66545768082142
-20.250435134460187
-20.945389373549098
-20.72954299018301
-21.21179806877827
-20.653592931813208
-21.236699596561234
-21.121591557716503
-22.108527612069558
-21.986568599939346
-23.014142926396996
-22.994601499417733
-23.129474577204935
-22.889162780909704
-23.71434038055354
-24.274462445028895
-24.566182757246082
-23.624073288564023
-24.09521313782396
-24.505089132950225
-24.755195434751183
-24.884605867081675
-25.120127726217795
-25.329824229766583
-25.865506468148066
-26.23023321196951
-26.199389212090395
-26.51412317362325
-26.400336724930796
-26.833227780358545
-27.499880337509616
-27.1339285610051
-27.619443991060916
-28.116899099843256
-27.737959404443874
-28.43990125532808
-28.553147696215532
-28.24274032588663
-28.89304185221935
-29.68745719667139
-29.164361957846015
-28.4865563892085
-29.15701987208991
-30.094999874460285
-30.249149449940386
-29.447732170080318
-29.418899541271145
-30.529194180307716
-30.846001002295264
-31.192142468074273
-30.874986291959367
-30.910927390230114
-30.67521053758161
-31.32028976596635
-30.931296446200076
-31.685379265711227
-32.57000407165494
-31.82489563678873
-32.318747214202226
-32.687189882171566
-32.19635491432815
-32.54390154727574
-32.79482790313918
-32.86421299905613
-33.3206387912405
-33.20648879018323
-33.23783768970391
-32.89390753569274
-33.96388694438441
-33.749057441949844
-33.684704089986866
-33.613242348720284
-34.06966301696054
-34.32800958690972
-34.389094368137165
-34.49237779810511
-34.532620101139464
-34.50210697280949
-35.39912278487765
-34.865058525882915
-35.32510394371789
-35.37650585996693
-35.33304086327553
-34.51699532517071
-34.75675497486674
-35.226307192753104
-35.695773262402106
-36.25165654873026
-36.58790989065992
-35.9587987712745
-35.84742612879852
-36.84830032340412
-37.150660398705256
-36.5211184384494
-36.47728113778706
-36.720114358540236
-36.78578960690005
-36.986257634286225
-36.95531513670395
-36.85399882341253
-37.63595332564979
-37.836224224033025
-37.36159601602061
-37.79556894507901
-37.844028507841045
-38.11275913694809
-37.88595723283702
-37.15823158210721
-37.346285124277244
-38.48359676373416
-38.1053164601326
-38.06415381411026
-38.357213661588474
-38.25239888758495
-38.36489931365539
-39.00576756637672
-38.732830003417774
-38.93438882766099
-38.58844642289753
-38.38550528472867
-39.194976959762904
-39.23640706724134
-39.869042374964415
-39.52226847821269
-39.32020110919558
-38.97065694270463
-39.658988102756695
-39.33525369290648
-39.18787249203386
-39.33615020431321
-39.68480126508351
-40.14020288812703
-40.42440250515938
-40.59719428728367
-39.81545063853264
-40.03511318975482
-39.57533459725051
-39.378338952516685
-39.37148024604238
-39.95505710305839
-40.82348971120243
-40.598312586545944
-40.357342854656025
-39.863847356418084
-39.96784991128691
-40.512237308354216
-40.736394111452434
-41.14416862047952
-41.62553949397186
-40.655864891307104
