42.1213612596194
24.51646241645018
21.023123464981715
19.70889659374952
17.97232790986697
17.622684148947396
16.06876079613964
15.232144403954347
14.60818141400814
14.030230459322532
13.283959691723188
13.780848555266857
13.381358556946118
13.215405962616206
12.974567603071531
12.398757976541917
12.423080081741015
11.613258609175682
11.465880025674899
11.143860433499018
10.827503657341003
10.527304699271918
10.36651352494955
10.909329268336297
10.266428186992805
10.004628807802995
9.586048590143522
9.6833411693573
9.324057613809904
9.471427865326405
9.393956757336856
9.012669724722704
9.044595223913591
9.07630595266819
8.703268938263257
8.406659072140853
8.670242430269719
8.586986480901638
8.449239394565423
8.49752903158466
8.733575237790744
8.208724371095498
8.171697516242663
8.228376293679078
8.08501018161575
8.006176855415106
7.86364548454682
7.677964237332344
7.58568632180492
7.564295357465744
7.413391610483329
7.359099668264389
7.107786879191796
7.20926107391715
7.378945094347
7.148762986063957
7.273217223087946
7.120505960037311
6.993438487127423
6.774601846685012
7.279548613727092
7.112068584064643
7.038198927044869
6.755266876518727
6.574542171756426
6.770429206391175
6.9047492951154705
6.941196139653524
6.789455916484197
6.586972823242347
6.965875043720007
6.802651493748029
6.871722176671028
6.866764077295859
6.542577816794316
6.545510499924421
6.3873293916384375
6.400328423827887
6.437097714096308
6.543271444241205
6.495559829473495
6.402537806828817
6.427281385535995
6.320319365461668
6.512301117181778
6.289136142283678
6.28890252361695
6.316983312368393
6.637398312737544
6.296683734158675
6.408418231954177
6.355117510010799
6.198687967409691
6.231104192261895
5.9874376540382706
6.092215949917833
5.771909464150667
6.560415107260147
6.066362731531262
6.287406175086896
6.17481697027882
6.056369110072652
5.980130056167642
5.801150952403744
6.17741776679953
5.854857721676429
5.65300180328389
5.807455598687132
5.896121419345339
6.06073376685381
5.919742007677754
5.9836855592827005
5.781995160132647
5.732196035732826
5.69521708736817
5.748496131474773
5.53340967297554
5.528383796413739
5.623056027293205
5.577927294249336
5.677997304747502
5.549572309851646
5.5116649333387615
5.482107116281986
5.393232271944483
5.215912560621898
5.6441788375377655
5.294554085036119
5.600505702197552
5.35509171957771
5.372914089386662
5.595273108532031
5.556898975620667
5.195247948418061
5.299317853649457
5.667943390458822
5.81198273288707
5.352573460216323
5.281069074074427
5.532159247373541
5.348734222600857
5.303115246320764
5.417465452477336
5.257522710909446
5.014364624520143
5.129609412327409
5.157281015316645
5.14899289732178
5.162662705903252
5.354291765888532
5.172335668901602
5.011699458708366
5.15639533859988
5.106710541372498
5.126764409616589
4.9201294412215555
4.982855898886919
5.148528777062893
5.045015756289164
4.983754858250419
5.13544195095698
5.133788155764341
5.0648023045311374
5.364419537534316
4.8645684406161305
4.99230271105965
4.922051265339056
4.81063652386268
4.994382264837623
4.952948761234681
4.899293931573629
4.865413947279254
5.18994580147167
5.060812440514565
4.992573477079471
5.032139754419526
4.913639899839958
5.0101573216418425
5.155395111317436
4.908073023085793
4.8216801866889
5.127844623848796
4.99810732031862
5.303409276902675
4.961496663217743
5.072983818252881
5.02110233840843
4.755484541133046
4.935039329280456
4.8928896645704905
4.994839043666919
5.03924097592632
5.191839839269718
4.7108553795764845
4.777661076684793
4.8416147492825985
4.711042555173238
4.853468666474025
4.777957064906756
4.685609213511149
