-39.82833642872243
-57.48182741937966
-58.99981639508543
-59.105954326432325
-59.27819254377793
-59.42929074065439
-59.2351245910957
-59.10167858518403
-59.27075183391571
-59.90128370605666
-60.2003678288953
-60.45023224682644
-60.44994867053525
-60.54026948378004
-60.39224033006306
-60.80044042653051
-60.664312800456734
-60.8105253679999
-60.88516989042019
-61.080471567038835
-61.31991505931164
-61.325327692360716
-61.56508850640264
-61.493302718318745
-61.66992697016946
-61.7983488306917
-61.98053057440396
-62.09357344693151
-62.11085169890831
-62.14281312658869
-62.22388534607558
-62.289894837757636
-62.25660830941693
-62.548768068182056
-62.557470083236694
-62.648076472611265
-62.41941700721609
-62.41830321940883
-62.504261123723
-62.50375826297135
-62.3786991300254
-62.510263495404146
-62.66585504494864
-62.76044473771391
-62.76934980626764
-62.679231543993126
-62.56041570367484
-62.65358459538427
-62.581338272012516
-62.78337593941853
-62.76554578542709
-62.8519459562055
-62.675808447188345
-62.443811488562616
-62.71827743896122
-62.82168270287843
-62.838243791769294
-62.84434956723246
-62.79913482172736
-62.80090778038419
-62.741687683195906
-62.743176694574025
-62.88842037936737
-62.93589682414614
-63.00543153183214
-62.867056721243365
-62.89616142470261
-62.84079942209967
-62.90840396593357
-62.81368980531035
-62.86595548432449
-62.99216185047709
-62.81168836355209
-62.933801630447654
-62.99982813720045
-63.070774729909566
-62.86554526152282
-62.774660720907406
-63.02408771473786
-62.806661352001385
-62.90232141778387
-62.95885894627407
-62.881447666677936
-62.9088264631814
-63.01457084663983
-62.89879867537268
-62.96108020585159
-63.00933994095901
-62.78465462655857
-62.97866170879068
-62.96699420542553
-62.837846492898876
-62.97775222515238
-62.96238796053262
-62.9028768714132
-62.94640921313187
-62.848893205667366
-62.95414909617654
-62.936791101406364
-62.93634542000705
-63.01646855576285
-63.00860808121747
-62.852588980362334
-63.04272586929387
-62.92309949624127
-63.03424927283977
-62.92622900214688
-62.94212899331389
-63.023882004721415
-62.96803566094103
-63.02791806130573
-62.814377823780326
-63.00226667009551
-62.985834361150346
-63.02484010108586
-63.0138666300938
-63.007378213364504
-62.93158743299287
-62.94751184356624
-63.02398717608945
-63.11496783330523
-63.092551044349015
-62.99031388348546
-62.86224360096043
-62.866119647848194
-62.97448104825513
-62.99567932096021
-63.01084589547124
-62.969635792847335
-63.020096395550105
-62.92232428028666
-62.98458206653595
-62.85291411958892
-62.87579490398539
-63.033485983980114
-63.08878967474247
-63.12061904936001
-63.058399506684005
-63.03052669969098
-63.1403331324972
-63.110563742703405
-63.0287651131893
-63.00342030360781
-63.05659731400424
-62.947324263638464
-63.18675808043316
-63.11296701842341
-63.039606157048
-63.07759763043502
-62.93987167806461
-63.12062377765261
-63.076820814403995
-63.083246337956396
-62.99256230428301
-63.05802614216147
-63.04126685857773
-63.04194305785771
-63.10450617198286
-63.189328464968455
-63.132748190698955
-63.14507641052378
-63.064508542932316
-63.073398456491276
-63.000281370919325
-62.977286551533076
-63.0836916781705
-63.101521879434586
-63.04745510117761
-63.10602923919414
-63.07245472792921
-63.22575801610947
-63.09016920163714
-62.99083260010029
-63.12460619005664
-63.01870013722058
-62.98269512941097
-63.08456143223006
-62.908333831819995
-63.08213912001972
-63.13456980113325
-63.032196751956285
-62.97479753658689
-63.0591776925942
-63.10795810099306
-63.06783039302662
-63.024649165827654
-63.151025551146475
-63.05137675383995
-62.97876402221877
-63.0825584602767
-63.13468544236545
-63.14021460557806
-63.15642037987709
-63.101775780834004
-62.99041460300314
-63.07402220471152
-62.94270059877429
-63.077641503564244
-62.82300994005696
-63.10177821126477
