649.7608723243078
314.3353993574778
290.11087505022687
259.3800150712331
225.79141050974528
203.64935019016266
192.69186577399572
182.5532295703888
173.18162794113158
167.3376528739929
155.79699513514836
146.65757245222727
136.97504206498465
130.90208919048308
123.8140615582466
119.92940599918366
116.15003570715587
111.98990800182024
107.44929674466451
103.85738513072332
102.27600106000901
98.05457736253739
94.3963359216849
90.6792238910993
86.42703587810199
84.93391086657842
82.04796959161759
80.17588812112808
76.30415987769763
73.69445304473241
71.3564977924029
68.35838250716527
67.90506835778554
64.88893233935038
63.89115057786306
62.466678094863894
60.055396004517874
58.81729252537092
57.46551364660263
55.84060691197713
55.140352594852445
52.63806372185548
51.77415676911672
50.32603234450023
49.373575720191
48.0753978451093
46.87616897920768
45.70800714890162
44.34248455266158
42.98053712248802
42.84385177791118
41.85096419552962
40.61831599275271
40.22063216169675
39.31598945061366
38.42860723733902
37.79866196115812
36.6050535539786
35.59883339603742
35.10238622625669
34.14317721227805
33.9768766750892
33.44560953478018
32.656827026605605
32.083560742934544
31.898928552865982
31.423177758852642
30.510682927568755
29.69101935426394
29.276395936806995
28.759529102842013
28.30569100379944
28.065383289257685
27.353955334424974
27.101897892355918
26.12412530183792
26.31309353907903
25.53863241970539
25.0225322196881
24.805724836389224
24.19486708740393
24.202537250518798
23.84567188123862
23.264823531607785
23.047671595712504
22.786973961194356
22.58406677444776
22.126762681206067
21.700621950626374
21.507017170886197
21.165054427087306
20.848253520329795
20.734136280914147
20.38008091102044
19.947222260137398
19.928580740590892
19.746306870381037
19.527355339129766
19.328054340183733
19.186630840102833
18.801840316255888
18.729254367450874
18.54265649964412
18.200016944110395
18.007910138865313
17.890691216786703
17.609292353192966
17.45902951111396
17.43384180913369
17.10743301610152
17.096748434007168
16.903424051404
16.760445046424866
16.61170563697815
16.547568296889462
16.423103103041647
16.162506660819055
16.074482770264147
15.987384081383546
15.941174337267876
15.69899101605018
15.581703233222166
15.489275530477364
15.392853001256784
15.257951614260673
15.252614209552606
14.992797115445137
14.883050829172134
14.667365735272567
14.539620350301266
14.651274185876051
14.428640160957972
14.372931098441283
14.30743400702874
14.223125633100668
14.200652298827967
14.084192344049614
13.831001909573873
13.845971854527791
13.762729580203692
13.60316502302885
13.4617624938488
13.327071676154931
13.310909696420033
13.25321541527907
13.10041418671608
13.028847971558571
12.993327753742536
13.029649960994721
12.895046334465345
12.801295892397563
12.772973181804021
12.612160012622674
12.530842489997546
12.418662668267887
12.415075665712356
12.218991288046043
12.251947104930878
12.170386460920176
12.082524640858173
11.94547458042701
12.106688905258974
11.82720640997092
11.888054243226845
11.919572748243809
11.735574495295683
11.738434733698766
11.593489797164997
11.6139502748847
11.583817648887635
11.463230284303426
11.42500632504622
11.370342680315177
11.330802670369545
11.308831131458282
11.352028356989225
11.265332508335511
11.179423840840657
11.183015344540278
10.98108232220014
10.957297385732334
10.96503764813145
10.833274336904287
10.827592767775059
10.65771275088191
10.63194263378779
10.523443787296612
10.603018492956956
10.605754563957452
10.625429958601792
10.680087394764026
10.80344118475914
10.622788532823325
10.588439941902955
10.503459884723027
10.647810262193282
10.522778136779865
10.431940933068594
10.393622353672981
10.304268919676542
