-45.360625086544914
-53.40548307114634
-56.23076618334343
-57.300489509927814
-57.63766449484332
-57.40535364274321
-56.90038348580229
-54.92878576702085
-56.73226024056303
-57.15629124333118
-58.03523996472359
-56.90053680744664
-58.59834850451042
-59.07617522313677
-59.91242065100834
-60.635828873206826
-61.29224676715916
-61.64627561281468
-62.04632031300972
-62.12755469207106
-62.086709160229255
-61.83160049648121
-61.52937326451828
-62.30566602945328
-62.37878694205448
-62.284456741193246
-62.274560081547705
-61.68939496422636
-62.036163737033974
-61.74076544621895
-62.053705558694645
-62.06212280125454
-61.72349566118471
-62.20776172753038
-62.61829516908218
-62.65349203450926
-62.79432614507346
-62.91750186065148
-62.7684842553632
-62.750414165957224
-62.95827837648063
-62.91521216466509
-62.622091903768734
-62.94845555157497
-62.79259514192055
-62.459652987019766
-62.59983137969313
-62.822622040222434
-62.819617495454594
-63.15848292564524
-63.17524410321795
-63.20610668124824
-63.133228579471854
-63.14290336904855
-63.09143426500518
-62.886100304537806
-63.053481809024156
-62.98072703028547
-63.04115183188998
-63.009616438684795
-62.98594155188265
-63.05142350854545
-62.965482728234655
-62.939782561927004
-62.93505254696156
-63.13406846235539
-63.17715990132299
-62.99288792856808
-62.628397783328744
-63.16728044378346
-63.295450623693135
-63.26699109529627
-63.090474367141724
-62.85593189761556
-63.13823873729542
-63.120066369402
-63.194329462174714
-63.19360347451835
-63.22353579566396
-63.089043016063755
-63.02210066236299
-63.22349170569716
-63.309393323701
-63.25155292502765
-63.189946047190965
-63.372862552774365
-63.29299998488919
-63.44805951365109
-63.459237768732265
-63.42653359832435
-63.37195966675364
-63.24132726521328
-63.22745161220945
-63.26875840589918
-63.10407869363653
-63.19376508634666
-63.197105878386004
-63.24115555039768
-63.079301221617335
-63.093211944760945
-63.26970473856762
-63.01144762696891
-63.176261881302146
-63.172224020135815
-63.16532536416218
-63.013462081037716
-63.01286316945635
-63.13386326000608
-62.942566000182055
-62.841724225159346
-63.13767220850649
-63.31258785930173
-63.2671305043944
-63.26461026072502
-63.080505056627864
-62.95166057142718
-63.183768966074645
-63.246068331702006
-63.36534824864618
-63.11429918531714
-63.009633906956374
-62.92764159934274
-63.319039990162025
-63.359794460493944
-63.36576036338148
-63.28853289012251
-63.11876127329366
-63.196939726328026
-63.222968031620155
-63.218484724390095
-63.28560124800123
-63.124760142688096
-63.15987959195827
-63.20725526480839
-63.09333258250664
-63.19818802743122
-63.35622426353652
-63.297861123907154
-63.17130073185625
-63.181053180119086
-63.17587126020727
-63.06462814684572
-63.1338468831161
-63.153783861933086
-62.89163118806378
-62.995064862843215
-63.21734273228152
-63.166206219073
-63.015270827145415
-62.98476749247518
-62.76718157940898
-63.10630226751854
-63.10179176310013
-63.16554483874091
-63.191050262286744
-63.307063746041266
-63.281539497704344
-63.14285764509234
-63.29006018926357
-63.331329984911555
-63.3396509762468
-63.36601060423358
-63.27439507122698
-63.09002444045297
-63.224106827686576
-63.069726702468145
-63.25753688606723
-63.22804109598028
-63.123284672868664
-63.11897465072829
-63.15696098064554
-62.858131442604396
-62.92900567835775
-63.01993501083604
-62.87669428258106
-62.991842163020166
-63.06932477807177
-63.16234156489372
-62.86120320188588
-63.08181118143016
-63.230697444800676
-63.231703674998776
-63.08778922825024
-63.176290740226875
-63.151056092360925
-63.2392073417532
-63.26149962482781
-63.194714042647135
-63.19625646595297
-63.239498415897636
-63.18961148015384
-63.22184708406185
-63.167222302535485
-63.079442188657566
-63.06863893414366
-63.26218148552138
-63.35065282624343
-63.103770266319145
-63.10998922586441
-63.15367725388757
