1304.0869224230448
1281.7968403816224
1269.889041519165
1269.3160129547118
1273.4678833007813
1262.614662806193
1249.380857372284
1258.108955669403
1249.440238126119
1248.7323433240256
1248.678390343984
1252.7587027867635
1244.9611236890157
1247.0035623232523
1238.498297437032
1239.2850754737854
1237.6642562866211
1236.7345728556315
1233.7761575380962
1233.3510024388631
1229.7782341957093
1233.284594885508
1233.1952587127685
1229.4999808629354
1231.4874771118164
1228.4582352638245
1232.859971110026
1229.6256093025208
1232.9848985671997
1228.2401501019797
1232.9655383110046
1231.3861554145813
1231.1151181221007
1228.6467577298483
1219.2733762423197
1223.2302451133728
1225.3784092903138
1225.8713393529256
1216.1964484214782
1224.9339818636577
1212.7068840026855
1217.895144144694
1215.4351899147034
1223.0683327674865
1216.6043232599893
1225.1806571324666
1223.1390972773233
1212.8679610888164
1214.2385844866435
1227.1887493451436
1221.4601436297098
1224.27071352005
1214.7301078160604
1219.48937886556
1224.8132104555766
1210.6030827522277
1217.3967317263284
1221.0079078038534
1218.827277247111
1218.1679549217224
1214.8868635177612
1219.2206133206685
1215.6891406377156
1215.3626582781474
1215.5641844113668
1215.435456943512
1218.8459906578064
1216.0630473772685
1216.4457724253336
1212.9337298075359
1221.8841339747112
1216.728599802653
1210.564722029368
1210.1358026504518
1210.538080406189
1212.44134349823
1213.3844389597575
1210.874618434906
1206.3070409456889
1215.3328431765237
1217.1624326705933
1210.2751895109811
1212.9520989735922
1207.9230247974397
1210.4188414255777
1211.5710420926412
1211.219238503774
1218.3962642351787
1212.1846654256185
1206.4033858617147
1211.173146502177
1207.8424830118815
1220.1607637087504
1215.0654614925384
1211.2251123587291
1212.3272572835288
1211.5968722979228
1214.298575814565
1208.6139456431072
1201.4638051986694
1205.1385637919109
1206.6848831176758
1211.7233408610025
1207.1085467656453
1213.3974590937296
1203.3920054117839
1207.806160322825
1204.534505112966
1210.3663875261943
1204.333987124761
1205.895613416036
1212.392975171407
1215.8358513514202
1210.820028591156
1212.7409444967905
1209.0183561007182
1206.8876376152039
1203.345612748464
1203.320995314916
1207.1995259920757
1208.10554450353
1206.3499627431233
1205.342263507843
1204.083871714274
1210.4889132817586
1203.3787172953287
1207.5044053872427
1203.9481708844503
1208.8309302012126
1205.8501905918122
1208.2226174672444
1205.563854376475
1201.3276793162029
1211.4457863489786
1209.8117924372355
1197.62147064209
1204.1268881162007
1203.3523676872253
1204.6466358502705
1198.6172163009644
1206.5864709218342
1204.0000602404277
1195.8708032766979
1200.4180565516153
1206.711720752716
1198.4652963956198
1208.400053056081
1205.5081285794577
1205.0357533137003
1202.439671500524
1198.201193714142
1208.676793162028
1207.4893141905466
1200.1330651919047
1205.8009510040283
1201.5035347938538
1203.4103123029074
1207.197787507375
1200.995286655426
1200.0191068967183
1196.143552684784
1200.8771372795104
1205.4962989489238
1197.2517784118652
1195.4802250862122
1199.0350769201914
1198.1900922139487
1202.0157295862834
1201.2337870279948
1198.1680369695027
1197.2656326293945
1203.8652239640553
1211.9808224995932
1203.1068879127502
1206.0983898480733
1200.028889020284
1202.560509999593
1200.787543741862
1203.3036072731018
1206.21606853803
1205.749349864324
1212.1175654729207
1200.1116917610168
1204.7001715342203
1204.9705076217651
1205.1229322751362
1200.6690362294514
1200.0351676623027
1201.0793808460235
1198.837626361847
1200.3333319664002
1199.6342599232992
1197.4570872624715
1205.5602013587952
1200.3346777280171
1206.5334930737813
1210.9597735404968
1202.06912317276
1205.3685026168823
1205.1242425600688
