46.904756542937506
23.249731379850157
14.16492525276182
9.01262077191395
4.964756583859181
1.8607637155158767
0.25232780801838844
-0.9312658787801348
-2.9886093663758246
-3.7455984639196562
-5.468078834229503
-5.874046137620663
-6.3026449269261855
-7.128215771810762
-7.94557695296304
-8.843540004615125
-9.706932955260935
-8.932450027301394
-9.82736097481744
-9.999843993577464
-11.376375018008824
-10.719101562582214
-11.137407515583368
-11.763363746733502
-11.9142766009117
-11.948117542369612
-12.654385867303816
-12.63065922517201
-14.007841754062422
-13.616821420603785
-14.12012819894429
-14.344617957698889
-14.669498367042378
-13.47097951944532
-14.379789508108434
-14.81479813312662
-15.034860021595296
-15.630524698002585
-15.674241432342036
-16.24222908708556
-15.799405223336713
-16.213316244298014
-16.33313415790426
-16.852409875084614
-16.232065091873036
-16.568836316980164
-16.77950926690266
-16.025415158477323
-17.0063417605285
-17.199198578452243
-17.253821997806945
-18.07977642941064
-17.43639079712588
-16.986608031494864
-17.02384937323373
-17.182007420165785
-17.50934425818509
-18.0659415685925
-18.571243263524153
-17.742884606636803
-17.574316588969065
-18.221033738091073
-18.41638944580637
-18.29937683816614
-18.78223015727668
-18.771129093807318
-19.07905621569732
-19.581994750376406
-18.77788589637855
-18.329772671748852
-19.70087077905392
-18.752056996370182
-18.637744320877665
-19.44055303417403
-19.504256438592385
-20.17395027187364
-19.87381619112245
-20.068493657071016
-19.998968969645173
-19.445824300420696
-19.62163905850772
-19.461497026270834
-20.01619515542326
-19.9964280996857
-19.67770222908464
-20.438785752345776
-20.586534097276886
-20.299198067393796
-20.84795942594265
-20.728984252132218
-20.155126988887787
-20.247178962004597
-21.03363784839367
-20.345555661053492
-20.54303033238855
-21.06241584235224
-20.177511354458744
-20.949753046035767
-20.624390812783407
-20.216679839738482
-21.18226642958049
-20.86404618826406
-20.66273282160019
-20.58262679546044
-21.319579265240964
-21.387323283429804
-21.212522237979133
-21.056526227244014
-21.56165045397035
-21.03514052259511
-20.98638543435212
-21.137390104861094
-22.169074072920044
-21.33612768506182
-21.43005893353758
-21.86758395823939
-22.23069605693735
-22.09436671795516
-22.00538196645934
-22.198191759915186
-21.9389858019763
-22.03423148701931
-21.64580776259817
-22.243538769154714
-22.551827404519607
-22.023313515145205
-21.93175474734142
-21.773374480420145
-21.57682308040816
-22.567094304438296
-22.200855487893367
-22.090478382233915
-22.31145041153349
-22.049634645211285
-22.107432686049364
-21.74798638399305
-22.536419297600613
-21.931753596355176
-22.99274582955344
-22.009693125198627
-22.602362122515153
-22.867534492550224
-22.502524154453443
-22.617097698922816
-22.120723217725754
-22.71218568394924
-22.790503321022822
-22.998516942920357
-22.51950340692339
-22.51751503759417
-23.112538209249234
-23.02878135134434
-22.77015942540662
-22.846735021163678
-22.75862930252634
-23.300459558593815
-23.02358655580159
-23.305204560016765
-22.867679934049473
-23.166328434286445
-23.26239792129089
-23.138985411360345
-23.37126618520967
-23.77040122295248
-23.301060497760773
-22.9462247182583
-23.437499319684918
-23.7232910106922
-23.44806883355667
-22.99421434977959
-23.05243422347924
-23.460128608448752
-23.1998982563101
-24.047191470861435
-23.354182025481915
-23.48693184708727
-24.115364539212194
-24.003058162228815
-23.91085822212285
-23.27696074288467
-23.429325567237264
-23.949474003808252
-23.63769802964967
-23.46061092512361
-24.52110276859382
-23.20214763694796
-23.564465256600545
-23.282311773505704
-23.21664854781381
-23.425534222660392
-23.760014930161937
-23.907466947004714
-24.394266755416474
-24.279093105217505
-23.394673184074204
-23.91053500565989
-23.757817257067252
-23.23546143852431
-24.152507052339356
-23.288826782127906
