490.84248043696084
419.98488879998524
353.4516890605291
347.49828049341835
337.30454346338905
340.3388492266337
333.06651056607564
321.0283621152242
333.7227736234665
324.4943074862162
340.6110889752706
320.08778330485023
332.5771684487661
324.2213403304418
340.7366235812505
330.5647942940394
321.8269597371419
325.4770183324814
299.87933990955355
315.1515032847722
317.25559577147163
304.20741760730743
302.22239491939547
303.94065709114074
311.55550453662875
324.4124021371206
300.6766118566195
287.49218205610913
319.6040252288183
336.56107948621116
322.7125376303991
318.79639094670614
330.4627645174662
300.21881030400596
304.4089234113693
306.29863154093425
313.3866600592931
301.3843933184942
324.5334203163783
295.8603452682495
293.18239351908363
321.8638045310974
323.92011049588524
292.7639488379161
296.1304805835088
294.59302740097047
325.38115808169044
324.0623194615046
296.0540088891983
305.2774487098058
287.9443426291148
310.17369195620216
325.72292320728303
292.58624212741853
314.6503796815872
274.2016243139903
275.2076733271281
289.85808002154033
288.3947407722473
310.64951515197754
274.72815834681194
279.79907274246216
268.0244577805201
333.0129081805547
318.4636054197947
296.9323999722799
287.58377765814464
273.1878709475199
292.49500609636306
273.4285213748614
310.9186048030853
311.25590081214904
298.7139993349711
303.73239022096
302.7394916653633
289.8360079924266
295.45131422281264
294.1948253234228
309.265486574173
300.8154989322027
313.56988463401797
292.7723282337189
301.6252766688665
295.82754352887474
310.55031825701394
307.4673037687937
276.70160394907
290.1623424649239
311.36301843722663
274.92156282265984
300.9390864610672
282.2545227964719
286.46577248573305
275.2129003683726
290.11762247085574
304.38579919338224
284.52305900653204
277.3864844640096
287.459201614062
322.19482366641364
289.1859654903412
285.48908394177755
297.10028822422026
299.7161520997683
280.6691195170085
299.99915711085004
318.18697212934495
276.2679713567098
287.0284541209539
282.4727458159129
293.62193439801536
293.8946868101756
296.3161953806877
304.43502017259596
274.8895584066709
299.9397722085317
299.3735019286474
250.0229636669159
268.69196949799857
286.75065885782243
300.38874618212384
278.02481235663095
295.70924389362335
287.0807720343272
274.3452747583389
283.81510740915934
302.2431497335434
290.5324334780375
306.8690056761106
281.6954740921656
273.63994868993757
300.64965827465056
301.18979031244913
297.7285128116608
275.5916101853053
271.40218901634216
300.3981024424235
273.7795789082845
288.2423134009043
289.91519809563954
280.14943804740903
279.003826880455
293.46238343318305
281.140034365654
280.86163045565286
290.13550189336144
302.4945459922155
267.4222136378288
260.3314427812894
293.22044990857444
269.9629290064176
280.16070250670117
305.02237342596055
280.73817508220674
285.24534415404
299.52003834644955
281.83377699057263
301.7000271717707
262.01938177744546
274.8550244410833
288.0689707517624
301.0197210709254
295.35836442708967
258.0474317630132
286.35269730091096
275.3311767657598
291.6688433090846
269.8996209780375
310.5426196495692
292.9645117998123
283.21296321551006
289.28091427485145
278.93706012566884
283.4595019261042
273.717890159289
284.57905003627144
274.08891154925027
316.7335231542587
264.86839384237925
290.13442716598513
285.41543742020923
266.39170858462654
272.2091476917267
278.3427276611328
276.88212424119314
259.60114111502963
271.5210311810176
298.50915269851686
293.73754504919054
279.25955770810447
297.17982172171276
281.0837931672732
279.5013186573982
266.3712970813115
294.79998964866
268.36483906904857
282.5584826350212
288.47650255759555
267.87578421036403
301.1520098924637
