-57.313725466529526
-156.943230231603
-180.14975002209346
-189.0423211256663
-192.17717717488605
-193.96744935512544
-196.71748089790344
-198.01912725369135
-200.32606449921926
-201.83067780335745
-202.77472349007925
-202.91434308687846
-206.2383489648501
-206.38739032347996
-207.28640045324963
-207.90182512601217
-210.22832626899083
-211.07287979125977
-205.88562792539597
-209.514506260554
-215.3659762183825
-216.71630935668946
-215.72525707085927
-214.43354054292044
-214.3533212184906
-212.29569367567697
-213.12293053865432
-210.4207023223241
-211.35693813165028
-215.5358782609304
-218.3203773657481
-220.99507543643315
-222.5315227349599
-223.28239651123684
-222.67431220213572
-223.39070709546408
-225.48280090490977
-224.31196755170822
-224.67446437676747
-224.37955084641774
-222.92473092476527
-223.8830737431844
-224.49385760625202
-224.92980229854584
-223.46057735284168
-223.7964833577474
-224.53763699531555
-223.70376683870953
-226.8576029976209
-229.75378105243047
-230.80143083333968
-230.66535983482996
-231.1887856880824
-230.2528323173523
-231.59111049572627
-230.987659351031
-230.21503252585728
-231.0062844991684
-231.87225064436595
-231.9172014594078
-231.21426114241282
-231.13538284301757
-232.6381229241689
-232.48682777881623
-233.72815142472584
-233.31526669661204
-234.6863668322563
-234.95066339969634
-233.95840187072753
-233.72259035905202
-234.48132539987563
-235.44883533716202
-234.7880873441696
-235.16861113707225
-236.16586170196533
-236.08613239129383
-236.3269056200981
-236.7331213315328
-236.80782313346862
-236.85038156906765
-236.35546949704488
-236.55985210339227
-236.10772574742634
-237.18618086973825
-237.33740921815237
-237.8107890288035
-237.80020680030188
-238.07424935499827
-238.23040623664855
-237.73991900285085
-237.4157620747884
-237.5411987344424
-238.1863549510638
-238.61657632986706
-238.07826056877772
-237.58019710381825
-236.99144974946975
-238.28881895542145
-238.3480359395345
-238.57075573603314
-238.06553286711375
-237.95838685830435
-237.835749121507
-238.43559185663858
-238.13718926111858
-238.26708126068115
-238.2570924917857
-238.67050660451252
-239.09655553499857
-239.34494732618333
-239.67383351723353
-239.41564124425253
-239.4597204287847
-239.68186687231065
-239.8868576924006
-240.04608594179155
-240.04111382166545
-240.14848622083665
-240.0973258336385
-240.29034333229066
-240.24994522333145
-240.3689165353775
-240.3414981285731
-240.15546122392018
-240.24921451807023
-239.78522226015727
-240.27979276180267
-240.11131477355957
-239.75939933856327
-239.42205146551132
-239.5832482099533
-239.51353491147358
-239.31134151617687
-239.82979519367217
-240.11075904369355
-240.01394999027252
-239.88125859896343
-239.3222047328949
-239.45075405041376
-239.56819308598836
-240.10977603594463
-240.50273266235988
-240.72757371266684
-240.70126032829285
-240.1558681845665
-240.47378958861034
-240.2750994046529
-240.3226623415947
-240.6254487514496
-240.5632303873698
-240.8242784023285
-240.6107003768285
-241.03181012471518
-240.54962684313458
-239.78863410949708
-239.8986378312111
-240.12865657806395
-240.25555171171825
-240.54653504689534
-240.37650508085886
-241.28942869504291
-241.308199262619
-241.19725965658824
-241.4843506336212
-241.70362545251845
-241.44807580312093
-241.00198450088502
-241.21005289554597
-240.951624417305
-240.5665496826172
-240.4664962609609
-240.41032054424286
-240.19367185433705
-240.3431033452352
-240.4555916150411
-240.87571376164755
-240.6046421011289
-240.7071956396103
-240.4968393087387
-240.8094603141149
-240.91466029882432
-241.03193864425023
-241.2893737912178
-240.85775382518767
-240.89729034900665
-241.35084539254507
-241.22307238181432
-241.494943801562
-241.362483727932
-241.97577466964722
-242.3449491381645
-242.0856678009033
-241.7809309999148
-241.67717298666636
-241.68278523286185
-241.15510852336882
-241.16513551473616
-240.75531758864722
-241.26576399803162
-241.56514522631963
