1348.2674958864848
1295.3130889256795
1281.1931427637735
1277.4084445317587
1270.3209085146586
1274.7389845530192
1264.9415325800578
1264.118989531199
1258.691477394104
1254.433780034383
1259.7526984532674
1259.8725054105123
1247.9950901667278
1254.6791198412577
1252.777368513743
1258.1108833312987
1246.2649472554524
1252.9016700108846
1252.3488585472107
1244.4669806162517
1257.0314853986104
1247.0741271336874
1245.401846822103
1246.9124301274617
1248.9737004280091
1231.3123390515645
1243.5177589098612
1239.7788845062255
1241.9875459035238
1240.4026466051737
1236.2512086868287
1240.930028820038
1237.9288776715596
1234.933541647593
1241.3093980789185
1235.4510192235311
1238.4691628456117
1236.1636691729227
1233.7213045438132
1234.4575050036112
1235.794434229533
1237.3726486841838
1232.9419107119243
1229.8104263305663
1232.8842563947042
1240.8001386642457
1230.762871170044
1226.43569688797
1235.2295855522157
1235.342389901479
1235.2153850237528
1232.783676783244
1236.0721538702646
1238.9321848869324
1229.7830764770508
1235.8726238886516
1240.7067450523377
1233.3802460988363
1232.0488443374634
1227.920337263743
1234.318044535319
1233.16155834198
1221.0315792719523
1235.9502985954284
1228.315107981364
1229.7997100512187
1229.1495362599692
1233.9519937515258
1229.1282207171123
1223.1472471555073
1236.2413248380026
1226.0120564778647
1232.350573158264
1234.4696022669475
1229.1950498580932
1224.7599836349486
1224.3981266975402
1227.4127373695374
1227.6542837142945
1223.5581393877665
1226.5239950497946
1234.6466754595438
1223.0400689760843
1234.5915071169536
1221.1101658185323
1227.7715949694316
1223.936414972941
1226.8622780164083
1225.2674418767294
1228.5867330233257
1223.8268710136413
1219.4173081080119
1225.5918531099956
1227.9765245119731
1228.346880785624
1225.2339353561401
1224.8267977078756
1226.477675183614
1222.9558448791504
1225.7943391640981
1222.266864681244
1222.1219310601552
1226.374949582418
1225.0044737180074
1220.3267559687297
1221.97022190094
1221.0691562016805
1223.5642336527505
1229.3418029467264
1222.8670062383017
1225.6319581031798
1221.9359285036724
1227.438801383972
1218.6368526140848
1220.381360022227
1224.7466531117757
1227.4238926887513
1224.690389919281
1224.2121397972107
1219.320375061035
1222.3551719665527
1227.0006167411805
1231.383795674642
1223.2273482322694
1226.3218464533488
1224.460650507609
1226.452259349823
1222.7163016001384
1220.4826375961304
1219.138870938619
1219.6475467681885
1217.7318882624309
1219.3052997907002
1213.011674531301
1211.3466419537863
1217.0963713963827
1221.5976537704469
1220.952830028534
1216.634379418691
1221.3910848935445
1225.145089149475
1225.8611490567525
1210.3613529205322
1216.5656762123108
1220.4716359456381
1222.2391704400382
1223.3695172309876
1216.344349861145
1221.1502391179404
1219.0431467374167
1211.1247047424317
1219.2660309155783
1223.3541268030801
1216.4323856671651
1214.853557173411
1220.6494461695354
1219.2679096857707
1222.7668698628743
1213.1917366981506
1209.0105937480926
1215.7690459569296
1213.359556833903
1216.3526309013366
1217.0173892974854
1223.344248421987
1219.009994538625
1220.690130329132
1222.1406382242837
1226.9920243263246
1221.0041878700256
1223.0979370117188
1221.5799583117166
1213.195629533132
1217.047435983022
1215.0017201423645
1218.03535861969
1213.7523659706117
1220.281059583028
1223.7141143163046
1217.3868103345235
1217.5667544682822
1212.4053568522136
1219.4480302810668
1209.6425824165344
1217.5317082722981
1213.8420056025186
1222.520067246755
1216.4258902231852
1212.9174947420756
1214.4086847305298
1220.390505218506
1216.2133791923522
1214.801155281067
1215.1240328470865
1219.163052368164
1214.9764059702554
1213.091347916921
1210.5005814870199
1220.1224664688111
1223.2873888333638
