-41.132379511992134
-134.51490679184596
-171.8861191312472
-185.09037386576335
-189.69439245462416
-194.40499581495922
-197.13524706761044
-200.58015236854553
-200.94467202027639
-200.74268010457357
-203.25818709135055
-204.91811532974242
-208.8647604862849
-210.11324186325072
-210.59779550234478
-212.11165388822556
-210.04503149986266
-210.8580225666364
-213.05655465126037
-211.65841439565023
-211.16500968138376
-210.24768376747767
-212.5259272813797
-213.32051052649817
-209.11420799096425
-210.93789812723796
-212.70478858947754
-211.5242993513743
-214.178475578626
-211.06059523820878
-210.96794795195262
-214.66189368565878
-214.73346598148345
-215.00473496119182
-213.7383326292038
-215.34466640551884
-214.9336201349894
-214.79429082075754
-213.69509044090907
-213.41070949633917
-211.52478079001108
-212.53850285212198
-214.09118637243907
-215.51206041574477
-217.66131657759348
-219.52451861699421
-216.82860929965972
-218.143490922451
-219.4527448654175
-218.71278929313024
-220.54083738327026
-222.38801353772482
-222.9969542503357
-224.84240221977234
-224.37881417274474
-224.80114681720733
-226.40575449466706
-226.19808589617412
-227.52110107342403
-226.86049449443817
-226.15160449345908
-224.3644553343455
-225.50450537204742
-226.37604350248972
-227.64611175457637
-228.10545608997344
-227.68936359087627
-228.27643279234567
-229.15745253562926
-228.66320569515227
-228.85717865228654
-228.82951214313508
-228.07717127799987
-227.91604041258495
-229.0129065354665
-229.20154181321462
-229.408518354098
-230.04113057454427
-229.26720423698424
-229.88136609395346
-229.59932407538096
-229.28797508478164
-229.27236126661302
-230.31867715915044
-230.32514713605244
-230.59870051145555
-231.1655381202698
-231.52847653230032
-231.13388270537058
-231.1991904258728
-231.9398691177368
-231.89089516798654
-231.80922586520512
-232.20697923501334
-231.53299411932628
-230.9487261533737
-231.80764727989833
-233.8234532435735
-234.3147792895635
-234.23686387936274
-233.4433622042338
-231.95258203347524
-231.41951577266056
-233.58317300081254
-234.22759256760278
-234.01136468251545
-233.89974132378896
-233.70002181529998
-233.68679160674412
-233.96115688880283
-235.00774785677592
-235.92979927857718
-235.61342628796896
-235.20370299021403
-235.81270353396732
-236.41970868110656
-236.03461332321166
-235.49964463710785
-235.56493293046952
-236.3762858947118
-236.67386494080225
-236.8463744242986
-236.65548842748007
-237.08974555333455
-238.24290359417597
-238.52277503808338
-238.27616926034293
-238.34093352158865
-238.36656624873478
-238.59347174167632
-238.88360579808554
-238.67659629980724
-238.6911515434583
-238.19864494800566
-237.7435168584188
-237.8836196343104
-238.40784143606822
-238.28542327086132
-238.8670305331548
-239.40273407300313
-238.95945763587952
-238.35740027427673
-237.82626594702404
-237.79026365677515
-238.1240914583206
-239.47781151135763
-239.66996941566467
-239.75212621688843
-238.93969458738962
-239.6147901614507
-240.0327204465866
-240.2777948697408
-239.95148884455364
-238.9221537311872
-238.99433428843815
-239.3637716770172
-239.9990933060646
-239.97379155953726
-239.64278259277344
-239.2843846877416
-239.2721309542656
-239.7684659878413
-239.70045164028804
-240.11456443866095
-239.96473548412322
-240.2818701505661
-239.91068991820018
-240.1569697300593
-240.87574768861134
-241.14362858136494
-241.47717148065567
-241.45942444403966
-241.2065181215604
-241.3488443573316
-241.2328368584315
-241.43000050385794
-241.3698467930158
-240.70405331055323
-241.3669983267784
-241.49388256867726
-241.67322986920675
-242.15903412501018
-241.84917016426724
-241.04941601753234
-241.5148075381915
-241.67749069134393
-241.50326124032338
-241.66167643070222
-241.53506824175517
-240.69281440178554
-241.2122716029485
-240.82969432671865
-240.6154581149419
-241.22070332368216
-242.153732919693
-241.9263361255328
-241.93687924544017
-242.41179020404815
-242.63653094768523
-242.36584024429322
