-44.92927893797557
-77.90532253185908
-90.00068727930388
-93.27128961483638
-94.80183777014415
-94.83751710057258
-100.87264765898387
-98.20422274669012
-95.51556501984597
-96.1903993010521
-95.89845107793808
-99.78361833294232
-97.94144905408224
-97.16734956900278
-94.5691479086876
-96.47548218170802
-97.02640741666158
-98.81940672397613
-94.57543472250303
-95.12112707495689
-93.63585940202077
-94.87545170783997
-92.74712201356888
-90.55994712511698
-93.2713115811348
-96.28562117417654
-93.28115045428277
-94.51856471300125
-94.48440471688906
-94.67146532138189
-93.94161459207535
-94.64202793439229
-93.79294087290764
-95.65504136482875
-93.48787186741829
-91.62876887718836
-92.55700843135516
-92.76175892750422
-95.9003371198972
-92.53925494750341
-95.77361434300741
-94.64993355671565
-96.09947476387023
-96.74246100385984
-91.65331935882568
-90.95547464291255
-93.93740616242091
-90.62183659474054
-90.73789270917574
-93.30677844285965
-90.60875248511633
-89.1879571457704
-87.42281052271525
-89.4216327170531
-92.82953969041506
-89.1148827513059
-92.76331956585248
-93.38726629813512
-92.76176519195239
-94.57125388185183
-94.05890523989996
-94.77734221220017
-92.3788498044014
-91.24091916481653
-91.98290546337763
-91.4039824505647
-97.99627595345179
-95.70575795968374
-96.08021843036016
-95.7671406964461
-99.4358080426852
-96.95866872866948
-94.63018469413122
-96.00516378879547
-96.32410577734312
-91.21420361995698
-97.12447220285733
-95.47327311635017
-93.26479668219885
-97.45404010415078
-95.7148915608724
-97.00329851706823
-92.7695635676384
-90.5537753979365
-87.47372531493505
-93.15271464188893
-90.99044096072515
-94.44592851400375
-88.76050303777059
-91.59372303088506
-92.5619245648384
-93.91302313407262
-94.5196225365003
-92.40435922543207
-93.99393179019292
-95.10284299850464
-95.90336451133092
-96.22542794346809
-93.01720135807992
-94.06914300521215
-88.3761914730072
-91.5319640080134
-92.10303660035133
-92.78361403147379
-90.66943204800288
-90.77261532942454
-94.60028828382492
-95.61006431182226
-93.88339147170385
-95.69893117348353
-92.65268338918686
-94.11839363972346
-96.172830281655
-92.99039458235104
-91.94469150702159
-94.07320424516996
-92.79984175960223
-94.63737215797106
-91.19657702843348
-95.99234990676244
-91.74372880458832
-92.46674520969391
-89.96155116756758
-91.9739203731219
-93.86862850387891
-89.82460352977117
-92.10699372291565
-92.22017678419749
-91.6174748202165
-91.77602595686912
-89.85503043135007
-91.69889526367187
-93.51813158194224
-92.35694109598795
-95.10844784180323
-93.99848438898722
-95.36557061274847
-95.21857078472773
-93.95016549229622
-94.84515952666601
-95.69767134189605
-99.84183084567388
-90.81307688554128
-95.67425325512886
-95.89446901281674
-91.57650849223137
-95.41045648654303
-94.25601511994998
-94.91920976042748
-91.75039143562317
-92.67946967283885
-90.88085724115372
-96.41187030474345
-93.96548244555791
-94.19911966323852
-93.21334764560063
-95.23616842230162
-94.31151380538941
-98.11964968442916
-95.88577921390534
-95.54446677366893
-89.02872593601545
-95.6368660012881
-93.13485891024271
-94.73039867281913
-96.27550426324208
-96.14774927298228
-94.46145885785421
-92.4281644264857
-90.56885627309481
-92.68938790957132
-92.2478270371755
-91.75890367825826
-95.52547765175501
-94.02771467963855
-91.26248438159625
-95.3155605296294
-94.71078298290571
-91.14750042557716
-91.85570374329885
-92.30231240987777
-92.1954878171285
-92.55140639940898
-91.80971597234408
-91.99130638043086
-91.02686579028766
-87.67965015570323
-94.39031278292337
-93.23714224100112
-95.81234644651413
-94.40349373221397
-91.18202721277872
-93.77437870899836
-93.26389290889104
-89.09151318073273
-90.7883438428243
-90.52651658058167
-91.56476037899652
-93.34112023115158
-93.74369290669759
