561.922906835874
440.76040575504305
401.8656357685725
374.9957259535789
358.0814257224401
343.41518578131996
337.4455094873905
328.6150568882624
319.9660154124101
311.66466410160064
305.5212811370691
303.2846825897694
295.897757401069
292.9825806558132
287.740272351106
283.3790707508723
280.7467553436756
277.5701753516992
276.0799940933784
272.82163283328214
272.9798160970211
270.78183153371015
270.8764266481002
265.05408958693346
265.91570782164735
264.354495387276
261.581274570028
261.77101696232955
258.40101901888846
258.86863558789094
256.94085200428964
255.29265765150387
254.0958631619811
254.38961012462775
253.2997376571099
248.33432664573192
249.39633905390897
248.95152325530847
248.461555395027
247.44912339796622
245.30946636175116
245.3319739997387
242.4575866247217
244.16559567550817
243.81547671506803
242.7084575648109
240.05060096929472
240.7241399228573
240.48881791333358
237.89222075392803
237.9831103871266
235.51403284867604
235.08855815728506
234.40279009342194
234.9553968012333
235.98371166586875
234.3366583844026
234.88024813582498
232.7374415839712
233.21305146192512
233.97961713721355
232.5942092443506
234.72234813968342
232.47864409287772
232.27494837169846
234.34221405486267
231.03482572535674
229.23220931043227
229.5717171917359
227.19816675869126
228.22524924253423
226.16884644602735
228.49781323509913
226.3959056970974
225.69265591700872
228.87461496666074
227.05836700722574
223.04996826996407
226.9688566348826
225.62122985552222
225.60956946338217
225.433499489973
223.46428875215352
222.54242976258197
220.5970869924873
222.69838751340285
223.40828264181812
221.78655798323453
221.0441753314187
223.19654094039774
222.5154330569009
221.3398321588834
220.32646205363173
221.2935443950196
222.4411424207501
220.24934613691488
219.6929203807066
220.1365295636157
220.5261213814219
217.84852683146795
217.8299033422023
218.96445472268388
219.50353023397426
219.12375690241655
218.55526238145927
216.88160287092128
216.0662763847659
215.14915185322363
215.50444550458343
219.47228693940366
215.96740113620956
216.77444442945222
217.28961275704205
216.36434187094372
216.97902114825945
215.09032919853925
214.2011665234963
215.33953359598914
214.0091673128307
213.03091884964766
211.6588640525937
211.38121520591278
212.50481298565865
211.5087329511841
213.8585835893949
214.8642278277005
213.9310636733969
211.1610307144622
212.76276177222996
213.0560103684664
211.48496749525268
212.53889973852785
211.92406411518652
211.1109019190073
209.3445257889728
212.1089326011638
210.18538153767585
212.61033015648525
210.28436256349087
210.01100342993934
211.24269904146593
211.5195011495302
209.3317123842736
207.83980122332773
209.09048102870582
208.66990450744828
208.2161491803825
207.2119821600616
209.464989135166
209.46773968851193
208.18614745934804
206.64364346961182
208.71028592586518
207.46984884937604
207.17831348280112
205.5869556589673
208.10877879013617
208.76076454967261
205.52161352584758
205.74415526390075
206.9929792533318
205.26784651130438
209.7417377486825
207.335051583002
208.6711795675258
206.3357655579845
206.53463290234407
205.51716923515002
206.89201248760025
202.83255261083443
204.91764991978803
206.54124096681673
205.67001220583916
204.90909019758303
204.8773396934072
203.803251166145
203.10698454082012
203.13988794982433
205.77363720486562
204.9078554580609
204.93819243212542
205.63380217303833
202.85735590557258
200.3442480241259
201.4852794955174
202.82569626172383
202.33192662994068
203.29152246986826
203.31120912830036
203.64418894251187
203.8835610737403
205.225542811056
202.2146512841185
199.90607739587625
202.296808330218
200.63490500897169
203.66692002514998
201.47371100907523
201.40909750089048
201.70911277929943
