-149.42983485559623
-202.24588952064514
-210.31516262690226
-208.78078677654267
-212.90878500143688
-208.37050982316336
-213.96650112867354
-222.54740941524506
-223.5800285299619
-223.11003777980804
-216.88892765045165
-216.0084746201833
-220.68133680025736
-224.4563124060631
-224.7499683380127
-218.59293543100358
-213.7043253024419
-220.13984116713206
-215.5201922416687
-223.89577213128408
-227.3157081604004
-229.06651129722596
-228.32430189053218
-228.78530728022258
-228.53049571514129
-229.1665694673856
-229.37041956186295
-229.66319378217062
-228.26553236643474
-228.00008924802145
-228.13393489519754
-227.23144445021947
-226.34952645699184
-227.4558885773023
-226.50819501082103
-225.8897111574809
-225.94841343561808
-228.16394917964936
-226.75988422234852
-225.73623701334
-225.69531092246373
-227.3687425692876
-228.86862251758575
-229.87334224383036
-228.18915353616077
-228.09485164880752
-228.44242175420126
-229.76198279460272
-228.9567498366038
-226.9468046307564
-225.71931549310685
-222.62069266637167
-225.39356067180634
-226.6014287829399
-225.35387368202208
-227.58119502862294
-229.49694912433625
-231.02926649252575
-231.17702469825744
-231.3850037574768
-230.83017511765163
-230.63097197214762
-230.28543617725373
-230.6567078749339
-230.59117074012755
-230.2894681215286
-227.64943085511524
-230.86639319260914
-230.43250821034113
-228.80047736962635
-229.05060445467632
-228.33572100400926
-229.29600059986115
-230.18909743229548
-229.461669699351
-229.79334420363108
-227.8967911084493
-228.1190164923668
-229.89090887705484
-231.08517959912618
-231.96786070664723
-230.97795590162278
-231.1231608470281
-230.93002805709838
-231.38952573140463
-229.0192801952362
-227.477150396506
-226.09002475738527
-228.51083218256633
-228.44207869768144
-229.78562954266866
-229.43057983318965
-229.4880389690399
-229.37359069983165
-229.20310633977255
-231.5225506345431
-231.04787553548812
-230.80687115192413
-230.2020785967509
-230.94070931275687
-230.81279221375783
-229.49859255949656
-230.2457159638405
-229.62352672815322
-229.65259764989216
-228.62172970374425
-229.16845877170562
-227.60026238759357
-229.7365404089292
-229.60330770015716
-230.27345509529113
-230.64158826669058
-228.75021776358287
-229.770909400781
-229.2268106063207
-228.20963461399077
-229.89053697586058
-230.58547667662302
-230.86866202354432
-230.7213277379672
-230.627273050944
-231.3041710058848
-229.89364575942358
-230.69272130330404
-231.53101182778676
-232.60025220314662
-232.26308636665345
-231.95996394952138
-232.1974947055181
-231.81028532981873
-232.4493480960528
-232.0272515773773
-231.32377898693085
-231.15468224287034
-231.42909404436747
-230.18924725055695
-231.67908079624175
-229.6578844467799
-230.5933072924614
-230.33352270126343
-230.7539071083069
-228.30970855553946
-227.3375857512156
-228.13801330327988
-228.82991187969844
-228.51147702534993
-228.56396207809448
-228.72455092668534
-229.30448422431945
-229.72857952912648
-230.24644898573558
-229.63410187562306
-229.9625625928243
-229.8655646721522
-229.96108272075654
-229.61545127630234
-230.08722829818726
-229.9653416156769
-227.54749239285786
-227.67041612466176
-228.0025351166725
-228.57914168834685
-227.72328451077144
-229.67225974003475
-229.45289103587467
-229.85109834671022
-228.14976805845896
-229.1605683326721
-229.42208428382872
-229.33696743647258
-227.98247056802114
-229.48995171785356
-229.25576089223225
-229.18175845543544
-229.591490928332
-228.8417179107666
-230.7620276927948
-231.2446337421735
-230.59779527982076
-231.40628693898518
-230.62249291737874
-230.3573061744372
-230.38520578543344
-232.1183958450953
-231.96897543271382
-232.14358661572138
-232.98441819349924
-232.48928979237874
-231.01777017116547
-230.2838463226954
-229.364430809021
-229.98010370731353
-229.7662498553594
-230.5841769973437
-230.80812844832738
-231.0255728840828
-231.4165153225263
-231.48754881223041
-231.4100328127543
-231.54151264031728
