90.08557903047266
62.55725013901447
51.09866877311263
44.29605030807956
39.95183939358284
36.4286888771016
36.69911052723383
36.18299026992814
32.71052526631232
31.637253734058348
31.40057107549289
28.926115952175238
28.60794141631702
27.637779107381558
26.89160279981021
26.414419251269308
26.620922801052703
23.715135344143572
25.04532366913968
23.912882645068496
23.72760460988201
22.297180859821623
23.02259314522661
21.652036292928045
22.11008067788749
20.414795748375614
20.5201598901687
20.24219774236453
20.54258891349209
22.248532705779734
20.520074195132175
19.01105336921996
18.831806624565147
19.001920997839548
19.201471546086772
19.499718164832426
19.343061990522106
18.640220675232083
17.43730139732361
18.384923085570335
17.053703268797232
17.08720094068297
17.725573361241096
17.942113527064695
18.93875146246162
16.906381372105457
16.769281160792914
16.632847147512024
16.56717378209377
16.51060041284253
16.007915048249835
15.731439036541971
16.57686527715675
15.595949136555708
15.00133152322137
14.927098524788844
15.334814602958746
14.039475656532009
15.73721840361069
14.543421644075163
15.38197372712452
13.932980064944974
13.877944190950325
13.598415561919582
14.159386543107443
14.10614491687638
13.912211439989765
12.698813155935756
14.467771199563968
13.60838506730466
12.964530296559477
13.720583069941092
10.611596235941196
11.633257484641568
11.934641765237883
12.093271833812368
12.908286180459605
10.953381537620363
12.954331947040968
11.618613000702242
11.377823196351528
11.20152374138606
12.410529233772179
10.597329001745273
11.261076147957095
12.100658442953538
11.65524912188793
11.101725623685995
11.518129675488535
11.080567184482412
10.21832681267426
10.040191784757992
10.244913197122514
10.885228784947559
10.90849071150196
10.368513601350374
10.327617436165697
10.173673444973497
10.202668991710606
9.719775510823418
9.42648430107611
10.852284136003462
9.497369367757749
10.243028957782121
9.09301900221356
10.123237038440681
9.079862048913693
8.872207143697246
7.78888811684888
9.349271404075212
8.383216597396752
10.016304951674979
7.922086642637592
8.89079728080281
8.97533087098393
9.371192249951177
8.420186725766238
7.432306628160435
8.167411947944041
7.537864548764352
7.196639719001692
8.365627199411392
8.866833091039082
8.215501447497257
8.745861105107029
7.79193286276583
7.663695500970914
7.155304629355669
6.950439767847801
6.407656102794512
7.002231126972314
6.6294923030353825
7.289459362979336
7.184142539927993
8.123590440360893
6.279550262823187
7.059209906078618
7.709338446244083
6.696143501406086
7.07660062238574
6.51470037840371
7.87208770009978
6.610449922238958
6.920887630304386
7.499124264023427
7.16650454565112
7.2611518968538995
6.378283385315846
8.018839236991159
6.812190933731095
7.368353292474459
7.742065184203716
6.278536238547029
6.033894887450954
7.2475819604407095
5.64777429067883
4.917443931359669
5.156432490924309
6.069096941372444
6.261587582785507
4.394989706447412
6.380878766035211
5.919407894385272
4.993365260547605
5.028836640818366
5.980529648091259
5.687790062728113
5.1055741001819746
5.60377362974245
4.544987179595848
5.83122241779648
6.589914330763036
4.349922361012934
5.16608753061757
4.484589370931017
3.930111420886784
4.759933326264908
4.9698083798947
4.088343274490587
4.3374786782881305
4.353161860257387
3.5810935666848875
4.079562512708121
4.679123873854506
4.807351859350657
2.9193082541741173
3.529611093216929
4.867467197236316
4.049818730302926
5.078183056080136
5.268284639664765
4.480697877191264
3.98464741223845
5.534934731393025
3.4521323514395745
4.070578249749438
4.257503481003745
4.179068423807621
3.772914928608927
3.586816121791971
