46.96418212559716
32.45118236336215
29.51427749621457
27.716849154439466
26.02128801777445
24.2318560815063
23.1370570094421
22.36353576183319
22.196032527191885
21.82881272352975
21.1587827143998
20.119885982624417
19.86408339954656
19.362823528462442
18.878497767551192
18.076175194362115
18.037982054311655
18.074798291613316
17.18605583957557
17.379554215176352
17.149618646708028
17.205097088526035
17.226931200459084
16.633687820414018
16.704293450404858
16.41519219402609
16.266190499067307
16.226316989495835
15.979090008499293
15.720279500916087
15.942691062031122
16.390624971225343
16.068921266958633
15.329975265367278
15.672919611478674
15.800584620442883
15.463135421789925
15.873144118436452
15.24594171704917
15.482174918055534
15.36384609444388
15.085156653975618
15.184228875513735
15.129256610212655
14.90975780014334
15.152293875299652
14.767730033089375
14.492407759201937
14.570600572588114
14.443516075611115
14.669345863934222
14.4162513693345
14.72227456806035
14.349851517841733
14.044679469589529
14.43233938772103
14.171802067808036
14.065239249118443
14.304239850619744
13.954413353369153
14.08232401054481
13.827857495381915
13.602416069343173
13.703257228279936
13.779638567875171
13.976865364559766
13.991685868337237
13.860122317127113
13.783883229411881
13.377639332721973
13.534507157987562
13.517802650558538
13.538663467456555
13.393012352544686
13.367702534229592
13.54816999825938
13.36048912179881
13.175500301194601
13.157728733430648
13.134835791998896
13.341986783619586
13.321752546419358
13.409655858730448
13.186706385221974
13.16699528154628
13.22920938683995
13.511722250745214
13.130224233043604
13.204221189022064
12.924664200379931
13.085708722729107
12.878823618436682
13.046268692047432
13.194724162590914
13.153150335468094
13.105135453929162
13.118790387593467
13.039343726789129
12.991162585287258
12.839341036718467
12.913269843263873
13.031277125765538
12.6588657580573
12.973461659304027
12.745915932901974
12.595522706364763
12.901451193823897
12.954992346465588
12.685528962776578
12.754225341410473
12.936484370252181
12.68989911392845
12.639183566744986
12.546712989951002
12.749187062783488
12.795880820216803
12.657830879092216
12.372246753295947
12.429034892598104
12.517760994105503
12.54903135911144
12.640417984590448
12.538278993604512
12.653408533540265
12.373589600211588
12.591122132693899
12.426190352645413
12.323662686707644
12.427668383409237
12.394690963728674
12.373234488583844
12.100661728916497
12.152818553406616
12.179465445465055
12.157487618255205
11.904649219636259
11.947292854046
12.463133884401158
12.22222205277147
12.07258866521819
12.330569063795023
11.96562233258938
12.422449192096447
12.463484450403985
12.249004072156445
12.021206198581334
12.0724397938827
11.912742672295407
12.236689003634043
12.229007117450237
11.929680254438829
11.95636028822126
11.92029842271887
12.112373923433237
11.944363293462786
11.951475121080875
12.024745667032127
11.965179974662847
11.85897618737714
12.383061010262061
11.83167152928895
11.991853031875758
11.955160734468492
12.025218666113656
11.646427499323055
11.740310652759568
11.709389459470223
11.775924515878332
11.96784529732219
11.889638651033927
11.728526864586206
11.705725441205091
12.117675152318231
11.920202896769705
11.893642486426337
11.553022882804788
11.852663637492164
11.844046960616934
11.881711268733287
11.804164138333551
12.061860447042974
11.934263019726194
11.801194424259252
11.884498655539135
11.902607741797793
11.744101543878687
11.749317447687018
11.73302697904151
11.697983497432594
11.82361863553524
11.579799589925798
11.651966382717264
11.685023004638738
11.660938282978945
11.617827524655851
11.521379466457613
11.587675935235517
11.71585052691657
11.692811079066376
11.855227855772808
