-78.52307031154632
-167.6000141700109
-190.97079870700836
-198.17438166538875
-200.0946035782496
-203.65174817641577
-204.51701143582662
-205.08113365570705
-206.20534377098085
-208.34516974687577
-208.38352319399516
-210.24334754943848
-210.3325387398402
-210.33115912278492
-210.97556161880493
-212.81346190770466
-211.5881424387296
-213.0491816997528
-213.99102874596915
-213.09140310287475
-213.31313270727793
-214.07337393760682
-213.55205691655476
-211.51552874247233
-214.8289562980334
-215.31808800697326
-216.532903222243
-217.04731888771056
-215.67498039404552
-215.6639137983322
-217.58813534180322
-218.6342713077863
-216.92480827967327
-219.0469289779663
-219.75359247525532
-217.9945465485255
-219.15426150957742
-220.28995618422826
-220.96868220965067
-222.75354649623236
-222.17248644828797
-221.27302792867025
-221.24227309624354
-221.51112384001414
-222.53030513922374
-221.69944866498312
-221.93919324874878
-221.65269343058267
-221.65197614034017
-221.13451748689016
-221.62741401195527
-223.070206228892
-223.02243440151216
-223.39330343405405
-225.31106814146042
-224.47939915657042
-224.67783265113832
-225.42151896953584
-224.08818215529124
-224.40043066740037
-224.6831474383672
-225.5336770772934
-225.10060039361318
-225.02852803866068
-227.06717247565587
-227.11478691895803
-226.38726920286814
-226.13239411115646
-227.96510190963744
-227.95849147637685
-226.65861551761628
-226.19066712458928
-225.78819530407588
-227.9815152645111
-226.45517246723176
-227.59954046408336
-226.35268371105195
-227.0283368508021
-228.11792441209158
-228.8557515223821
-228.31377376317977
-227.17755507628124
-226.46894705295563
-227.8547151128451
-228.90888090133666
-227.6151196718216
-228.8971477508545
-229.53604158560435
-229.11381089289983
-228.80541566610336
-228.62424202760062
-227.59707232316336
-229.72371550798417
-229.80956020355225
-230.07358739376068
-230.46041281620663
-230.63192264238992
-229.54777944087982
-230.55393342177072
-230.13121128082275
-230.00755696694057
-229.8478640158971
-231.0998598853747
-231.43034858703612
-231.55528245766956
-230.96890235741932
-230.5355004588763
-231.598739306132
-232.08695726792018
-232.05114652315777
-229.77574097712835
-231.34376819531124
-231.95288609266282
-231.9415937423706
-231.70371600786845
-231.1261146068573
-232.25602886676788
-232.1913948694865
-232.1649451335271
-232.30139189561208
-230.11106219291688
-231.26803601980208
-232.39466965198517
-231.60851681629816
-230.37594620386758
-231.77104074160258
-230.97273486455282
-231.85098931789398
-232.89536616802215
-234.125463672479
-232.33175608317057
-234.3066437959671
-233.66174127260845
-231.9828420082728
-232.9025012254715
-234.5180601755778
-235.02132980823518
-233.6815025250117
-232.8817254861196
-233.69720945358276
-234.49064241647721
-232.89420423110326
-232.90328010718028
-232.48077398141226
-233.5248852690061
-232.40283366044363
-233.10835462411245
-234.04447926680248
-234.46306723356247
-233.6237328529358
-235.26602481206257
-234.4562263806661
-234.81671129862468
-234.5568311373393
-235.39907827774684
-236.1114564259847
-234.49896100362142
-235.5092905282974
-235.96291426817575
-236.43229412237804
-237.2714046915372
-235.69329150517783
-234.3810722351074
-235.44865026871364
-234.9714307228724
-233.37297581831615
-233.68312373161316
-233.1293721795082
-233.41827886104585
-233.1474666039149
-233.29905971686046
-235.48505680561067
-234.4521942694982
-233.79346024990082
-234.6299526611964
-235.48048043251038
-234.96469852924346
-236.07045854330062
-236.79771370887755
-236.95519450505574
-236.50864634513854
-236.73401576677958
-236.29317822058997
-236.4138774394989
-235.8129387617111
-236.02214974562327
-236.13290405273438
-234.88834477265675
-234.15465453863143
-236.2867755015691
-236.24055488109587
-235.71374781926474
-236.00325748125712
-237.03076152801515
-237.71440855662027
-238.21898595492044
-238.6196861743927
-237.56092766125997
-238.16893019278845
-238.51528246005375
