-60.614332767327625
-84.93782405257225
-92.90529913703601
-98.96020664572715
-99.72277274926503
-98.94897202650706
-98.5724247097969
-106.13954069018364
-107.95011538068454
-98.37682224114737
-95.49522658983867
-98.17745816310247
-93.37718808253607
-93.7962402621905
-96.84531167546908
-94.67301112413406
-100.38887779315313
-95.98913583755493
-101.23830885092417
-96.60219382047653
-99.38298285603523
-96.23515290816626
-101.51263984243074
-99.42723497748375
-102.83531339565913
-96.50940756201744
-100.59448467493057
-99.63240150610606
-101.12591147025427
-101.34721165895462
-98.99893430074056
-102.25493479768436
-101.0022523800532
-102.27169250647226
-101.16650109291076
-102.90695573488871
-101.46610993941626
-96.69459604024887
-101.24227203528086
-100.0229243238767
-105.1557420651118
-100.4995947321256
-101.73491937716803
-99.70432826677958
-100.56134787400563
-100.92007370591163
-101.55747865637143
-99.08879819313685
-98.72480775117874
-97.96779264609019
-94.26613546013832
-98.46885123848915
-102.09019049803416
-97.93255467017492
-100.78075008988381
-101.09164298772812
-106.29890923500061
-105.77261772553126
-100.08999616305033
-104.23902406096458
-105.34745700359345
-104.18971002499262
-103.50107454458872
-101.57380564411481
-101.40462790727615
-99.62028628985087
-102.72479281028112
-100.43553651968638
-99.52461926937103
-101.5593263467153
-99.79842080275218
-104.23484113613765
-100.69436429142952
-99.48002836704254
-103.97210468451182
-102.60661055048307
-102.30217257142067
-102.31306989192963
-99.96035957932472
-103.87887208064397
-100.88292239904403
-102.04108262658119
-101.96389349301656
-100.03299969037374
-98.41347148815791
-103.05389875968298
-97.3965293765068
-103.06406925519308
-104.80554330945014
-99.24085574547449
-98.95818869074186
-97.07981389959653
-99.78799314498902
-97.55058115522067
-99.74742541313171
-98.19488350550334
-101.71449951132139
-99.16833366950353
-102.10213878154755
-100.50452733834585
-99.50755031903584
-100.76615851322809
-97.73240778843562
-101.59810960292816
-99.81622568766277
-98.86359763145447
-101.78134290178618
-98.63082552750906
-100.93898049990337
-100.16484531958898
-100.3477315624555
-99.66055362621942
-99.86599933306375
-99.18644288579623
-102.49296352863311
-100.43288326064746
-98.17236023346582
-99.33002476096154
-98.83000193834305
-99.26363401810328
-99.85947722593943
-97.65620749394098
-101.54697795510292
-98.02540154059729
-98.68277731339137
-99.22251927256585
-98.1259655157725
-101.15513800183932
-99.6981904745102
-99.98017095327377
-100.2547087709109
-100.36491354306538
-100.14374438126882
-103.43328291972479
-102.95885098576545
-94.8286598086357
-103.04031251271566
-97.4334017197291
-100.53885705073675
-100.85981002648671
-98.83974902629852
-99.79325194358826
-100.08799953659376
-98.99516808191935
-100.34281015793482
-98.91138805945714
-100.59329726696015
-103.99920086661974
-100.59581139087678
-102.55569352308909
-102.49732617139816
-102.77479551235835
-97.67347292502721
-101.22328698635101
-101.92090529203415
-97.35043029586474
-100.956906970342
-101.950173441569
-99.96775758465131
-99.01400832732519
-99.04618352254232
-97.14635314146678
-97.74841103553771
-97.51222319602967
-98.69588500261307
-100.18843342860539
-98.75749225219091
-99.70388339757919
-96.56540709733963
-100.52849349975585
-100.00819197893142
-103.36886045535405
-98.5609544813633
-96.07851963837942
-99.33639076153437
-97.53436130285263
-95.9725203593572
-101.18514122366905
-100.3272866110007
-102.13275624712308
-103.76541466315588
-100.20807706713677
-100.70582264463107
-99.50193856954574
-98.18179821968079
-99.0721373518308
-100.3301110903422
-104.06206128199895
-99.81853991349539
-98.2153031984965
-94.4029171427091
-101.83620314995447
-100.30185806751251
-95.99937678774198
-100.07757819493612
-100.40644209384918
-98.76332641243934
-98.17430927356084
-100.88253035147984
-98.068760963281
