649.2438055356344
508.29010814825693
457.71359850962955
432.4728085676829
410.26898580789566
394.3744400421778
378.3141541997592
372.19680777788165
357.2427232980728
350.40123436848324
341.5653599937757
337.5934064745903
329.2913921197256
325.99785854617755
320.5766030192375
317.1362097879251
310.0606337428093
305.70854470332466
305.9250900745392
303.1240171670914
295.6978280981382
295.27776023745537
293.08140606482823
290.41188039382297
289.1037545879682
287.88935455083845
284.34395699302354
282.64940328796706
281.49625997543336
281.53704920013746
280.69879761338234
275.0517414828142
273.36925453643005
273.43952941695846
270.92229228715104
269.7736649751663
270.3451976279418
270.5885619829098
270.0122450937827
266.57699067989984
266.6199360807737
265.07967570026716
262.862869733572
263.71138484279317
264.71491516629857
261.7727959215641
259.43283475637435
260.9363938868046
259.02037344674267
257.0998031288385
258.6247227867444
258.6175415724516
256.4171041627725
255.6821971486012
255.84002803017697
255.44986774822075
253.27702071070672
255.4293574362993
254.54341261883576
251.96242569188277
251.75660824676353
252.69193943142892
253.19699750940006
252.71347400744756
249.7049098988374
249.87797721177338
251.10427825450898
247.98641239106655
245.80061027109622
247.2457905769348
247.03844454685847
247.6532446394364
246.48712130586307
245.81434055517119
248.6406166235606
246.08891368259987
249.13092437585195
248.6201340397199
244.51131284932296
245.1025810589393
244.10021404623984
244.14271368483702
242.204729210337
242.61181986729304
242.9353090206782
242.74098611225685
241.60891112784546
241.76128503382205
241.23997276027998
241.37703434030215
240.40678299168746
244.48894542654355
241.0253310283025
240.4364843636751
238.0514429455002
239.06890400101742
239.48313031097254
238.12960168222585
240.24273361861705
239.828848028183
238.64513282577198
238.4443199455738
240.2350056439638
239.30402613480885
238.6200712626179
237.40321997801462
237.5019126186768
238.54829336106778
237.68710896869501
237.37646442403397
238.63841967831056
238.32298033734162
236.68410864869753
236.40136569539706
235.06916630268097
234.1398551074167
236.44756424377363
235.19562317828337
235.75096933941046
236.07981968770426
235.69604158699514
235.21971108168364
234.86868874927362
236.65640366176765
234.28166176080703
235.3994880636533
234.71021125564974
234.31522953609627
235.30682924091815
233.11581327468156
235.5008370578289
233.68501730461915
233.60367297778527
232.45231867631276
234.12973044017951
231.8144738269349
232.2711529602607
233.76622561514378
234.4150292436282
233.03343154887358
232.3017871638139
233.18297342384855
233.3138112127781
233.5236308708787
232.87002851366998
233.15686492025853
229.96812066584826
233.3451130049924
232.85279758224885
234.50413861721754
232.87856415982048
230.4235674617191
227.98366562078397
229.32279096469284
229.74942497188846
230.03966219772894
229.27771820078294
229.11899691969157
228.60678034474452
230.2245981896917
232.12045425623654
232.2638714472453
228.44669747700294
230.22885641157626
231.91002346426248
231.81101520359516
228.23484467516343
228.55422509238124
228.03930096353093
226.33214850040386
229.82905606975157
230.51934150656064
227.2275083956619
229.55278049136203
229.32557035461068
227.08041380320986
228.75643378719687
224.5140150293708
228.59320676873128
227.75639806265633
227.2258623664578
226.59837849208463
225.14779543876648
228.8399299989144
225.649501217405
226.74040131817262
226.16883691052595
225.18873397347826
225.90776869505643
226.61159019159774
229.43459351311128
227.1947310236593
223.09330659012
225.74457008043925
228.92656056036552
226.5434373686711
226.74856959904233
227.71935684134561
225.56956235120694
227.96611807247004
