-73.58341653347016
-168.2872284412384
-205.93121233383815
-218.42024179299673
-223.12896993954976
-225.77155929406484
-227.75168920755385
-229.0472452878952
-230.67599229017893
-230.57653370698293
-230.5237811724345
-230.93705886999766
-231.54791841109594
-232.00965282122294
-231.86505069732667
-230.8851516723633
-230.95524469216664
-231.94721441268922
-233.1206787665685
-233.7504292090734
-233.74062541325887
-233.29129948218664
-233.4348123629888
-233.8460261940956
-232.90570182800292
-232.10161023934683
-232.35719866752623
-233.3364885012309
-233.15736133257548
-232.45649564266205
-234.11111152569453
-235.3101654847463
-234.52077738841373
-234.57366067965825
-235.45139378706614
-235.84370247125625
-236.30438347657523
-235.33524316946665
-236.126323167483
-236.46517928044003
-236.65579749743145
-236.5835900704066
-237.25199251969656
-237.26270672480265
-237.43141243457794
-237.70666535695395
-237.78602563540142
-237.92351740996043
-238.01891472736995
-238.022148112456
-237.4923987309138
-237.4446835041046
-237.75880227883655
-237.51630413532257
-236.68136937618254
-237.31736238002776
-237.93563164869946
-238.6815184354782
-239.1135243455569
-240.04031234582266
-240.22981511354448
-240.6274947007497
-240.72793865998585
-240.81629056135813
-241.11271149317423
-240.9368130127589
-241.29932017326354
-241.31459430853525
-240.93038509686787
-241.51997182369232
-241.48132402499516
-241.39344486395518
-241.20398233731586
-241.33382654190063
-241.5390369574229
-241.36031608184177
-241.83782422145208
-241.8010492404302
-241.55598284403484
-241.28929102420807
-241.08231045007705
-241.50834154287975
-241.11773460308711
-241.14817357063293
-241.86905508041383
-242.04518463611603
-241.98728573322296
-242.14722870985668
-242.38975592454275
-242.23310070435207
-242.22537867625553
-242.15705423355104
-242.1890896121661
-242.38128448327382
-242.0933082342148
-242.20115931034087
-242.28709030151367
-242.32378404140474
-242.03423396746317
-242.19439749717714
-241.58187113602955
-242.2353057463964
-242.05642681916555
-242.58402694861095
-242.78229893048604
-242.76249810854594
-242.57713998953503
-242.34919412136077
-242.3089985291163
-242.06872866948444
-242.25378844738006
-242.5504424413045
-242.55977430343628
-242.6855696439743
-242.4409428914388
-242.16075763702392
-242.554248213768
-243.10799428621928
-243.1505049586296
-243.08784778118132
-243.13558155695597
-243.1001385609309
-243.10221107006072
-243.03931857744854
-242.912934478124
-242.6634308497111
-242.53261938095093
-242.1728095213572
-242.61588310400646
-242.69278324842452
-242.39595879713696
-242.70438913504282
-242.71436582803727
-243.0605336904526
-243.25057987769443
-243.34282771348953
-243.45065960089366
-243.44503322045009
-242.9631623506546
-243.01389113267263
-243.27694958051046
-243.09688260952632
-243.1241726120313
-243.2267327507337
-243.05765177408855
-243.04078267018
-242.87894574403762
-243.12646732727686
-243.20290546417237
-243.33430422941845
-243.40869337320328
-243.43883516788483
-243.2133360226949
-243.10359777609509
-243.04897707303365
-242.764297024409
-243.04924841721854
-243.3410845120748
-242.85712666511535
-243.23377861976624
-243.39033682346343
-242.96737656990686
-243.0461009422938
-242.7586231549581
-242.61956618229547
-243.02270929813386
-243.00525887409847
-243.3542584180832
-243.12300386826197
-242.97794825236002
-243.33966272672018
-243.2867965579033
-243.28315921227139
-243.05970332622528
-243.43111477295557
-243.50027736822764
-243.66016161441803
-243.79366544087728
-243.63271143039069
-243.54650750160218
-243.31641215483347
-243.42508300145468
-243.52762537002565
-243.48029907544455
-243.5905253648758
-243.60219449996947
-243.7208550532659
-243.5615265607834
-243.72664318084716
-243.83609049320222
-243.77716856797537
-243.71741689046223
-243.3916889667511
-243.48931396007538
-243.5226761976878
-243.52339546680452
-243.37262167135876
-243.68001539707183
-243.3752775669098
-243.2499382376671
