135.27513929482163
91.70205532682353
73.18489116121982
62.32230622398442
44.133415644538815
29.199040537250454
18.6755030521288
10.594443963390999
4.436764234548499
0.67431483597591
-4.156019596190288
-8.22022583721013
-11.233984487323925
-14.322603805311795
-16.657266102988146
-18.49427330493927
-19.20849860022808
-21.58781587563712
-23.983450622394166
-24.932134961259777
-26.299925028250136
-27.13414796981318
-28.72764318359309
-29.759341833920313
-30.69879237639493
-31.731859014979726
-32.948760772573536
-33.52064777037193
-34.6713733755309
-34.86541079036121
-36.22515007442441
-37.349664193802866
-37.9460380991985
-38.935671209261336
-39.59007461728721
-40.22204265820569
-40.673670690635156
-41.272242936594736
-41.439931628005255
-42.02176564418036
-42.6346436461498
-43.09553971886635
-43.73639644014424
-44.43745495841421
-44.696160174649336
-45.05543954824579
-45.40229935687164
-45.930985245211374
-46.18642227608582
-46.55906776313124
-47.0348489387282
-47.44414928041655
-47.567065880216404
-48.23875287277945
-48.46550046986547
-48.8615757103624
-48.66179109441823
-49.29667214689584
-49.433213466200336
-49.65026536686667
-49.87251016805912
-50.0255425613502
-50.35793830814033
-50.49858434857993
-50.05306833571401
-50.734412491321564
-51.15349583584687
-51.187994130726516
-51.205497108656786
-51.477343676419096
-51.69278737799875
-51.9491384378795
-51.96146909738409
-52.1720577745602
-52.46563985018894
-52.61509792147012
-52.7630160553702
-52.96917430491283
-52.868462258371814
-52.92414122408834
-52.95729574047286
-53.188863039016724
-53.09116984441363
-53.2017170499111
-53.23852850445385
-53.45449026288657
-53.48857626010631
-53.37080134194473
-53.81013064548887
-53.990469552319624
-54.07858244098466
-54.3925401712286
-54.454117809904034
-54.55811895584238
-54.58205769596429
-54.25981011267366
-54.268251084048174
-54.88829475230184
-55.037315765331535
-55.179764377659765
-55.34828082857461
-55.599058961046154
-55.50506254516799
-55.332797233400676
-55.60087623267338
-55.58990013393863
-55.70893770045247
-55.6431590709193
-55.76569499435096
-55.98463017159495
-56.090707443911455
-55.93689865284953
-55.399913387051946
-55.94902288297127
-56.175638250235856
-56.17427840315062
-56.2318860374648
-56.42820380062893
-56.62392892303138
-56.621459946550175
-56.46456042651472
-56.62892324348976
-56.76365968071181
-56.810522552194264
-56.6235303303291
-56.77481462626621
-56.85460666746929
-56.99374312367932
-56.92462909221649
-56.96637317435495
-56.95204444589286
-57.063649539289806
-56.85299100547001
-56.54858210169036
-56.92587872620287
-57.02227123441367
-56.924562639203565
-57.080854272020275
-57.142247508312096
-57.213311834581965
-57.13805848565595
-57.18681862436492
-57.29740633224619
-57.41624932864617
-57.40016380055197
-57.47040432486041
-57.534376625357005
-57.52000407309368
-57.35054528507693
-57.22452452470516
-57.42406567417342
-57.63397651499715
-57.45995818746501
-52.1859493050082
-55.40753318523539
-56.61101064188727
-55.54419212094669
-56.838877667640816
-57.361509608811346
-57.490741267286495
-57.57515421818043
-57.621843479830645
-57.67532765248726
-57.82128479974023
-57.699467488403975
-57.83239009051487
-57.98372093767956
-58.0796322267631
-58.01391291618347
-57.987269043922424
-57.94527955712943
-57.96267390456693
-57.96428261132076
-57.99217647519605
-58.057266506655466
-58.03157666222803
-58.10210222416911
-58.18464281435671
-58.151058476546716
-58.292898911854316
-58.28363734483719
-58.349996768195055
-58.21322121085792
-58.21035671234131
-57.91373103445974
-58.10374525292166
-58.211564547029035
-58.35281732370113
-58.36708077068987
-58.36954506717879
-58.22177247548925
-58.27593415564504
-58.32380552332977
-58.30108773091744
-58.01973322136649
-58.11817510169128
-58.403370063880395
-58.50274092164533
-58.35901819837505
-58.32683017541622
