102.2001315911611
65.37113409141699
57.107673692703244
52.48028811017672
48.73133693337441
46.2480593641599
44.90543241302172
42.99972354273002
40.94847390552362
40.72856800059478
39.102475595474246
37.1393267561992
35.395227416356406
35.514580574631694
33.68441323041916
34.107989792029066
33.55409930249055
32.12274339199066
31.968212046225865
31.115579295158387
29.584272420406343
29.079617657264073
29.253700805703797
28.085227034489314
28.97647778193156
28.743504096070925
28.69711484114329
25.671436423063277
26.38416730761528
26.436102622250715
25.826622256636618
25.3330661157767
25.96940586169561
25.07811607221762
25.430998820563158
24.364034057656923
24.739069190621375
23.693615727623303
24.231639903783798
23.781100779771805
23.667213955024877
23.19890728990237
23.628338319063186
23.815208757917087
22.87631409962972
22.096484232942263
22.952126587927342
22.55362574607134
22.607140808304152
22.54965831786394
22.87620830833912
22.552762939035894
21.973529449105264
22.158635533352694
21.157240154345832
21.472087039550146
22.08668717443943
21.914132135113082
21.365903743108113
21.911317747831344
21.27840029646953
20.605088599522908
20.331598820785683
20.89318692137798
20.63801457484563
20.64401963452498
20.775219281514484
21.05976778169473
20.31037646184365
19.771280215183893
20.135362498958905
20.637388680378596
20.43178364733855
19.413393211364745
19.90127333899339
19.69347160557906
20.03271341522535
19.553986030817033
19.921569555501144
19.069178384542464
19.291165180007617
19.122953237096468
18.82965117643277
19.737833432356517
18.583640400568644
19.166408822437127
19.042739989360175
18.794914759198825
19.186989907423655
19.283312830328942
19.464852050940195
19.332512048383553
18.335939199725786
18.604229285816352
17.9969289124012
17.735293777783713
18.78431269725164
18.11971320907275
18.110464558998743
18.18558044632276
18.387211032708485
17.941421932478747
17.973773886760075
17.595339730381966
18.31220798045397
18.221867497762045
17.41577138553063
18.146670680244764
17.46317278891802
17.997481351097424
16.999438698589802
17.539550529917083
17.58597129036983
17.403998974959055
17.55620931684971
17.294354222218196
17.42230997135242
17.939027162392936
17.64674928585688
18.164901056885718
16.602818041543166
16.636191561321418
16.955415370066962
17.400067611038686
17.128605542580285
17.419405170281728
16.951499458154043
16.65500877201557
16.988480003674827
16.398273802797
16.73298555115859
16.873481853803
17.273344286282857
17.314693488677342
16.8083127434055
16.35843608478705
17.246617849667867
16.95916458616654
16.81325312803189
16.92698941230774
16.450958401461442
16.44023522088925
16.877624242007734
15.891278597712517
16.317241809268793
16.40762399882078
15.86485038449367
16.20308900773525
16.030187030136585
15.824512127041817
15.579193884134293
16.16567882200082
15.82971674601237
16.593421848615012
16.099909816185633
16.477560448646546
16.04828108350436
15.70150769551595
15.830344059566658
15.859017147620518
16.465076197187106
15.692780303955079
16.28053111533324
15.810327790180843
16.427960405250392
15.628005539377531
15.057396367688973
15.864027687410514
15.629194769263268
15.51354601085186
16.319582444429397
15.648748052120208
15.947612538437049
15.267984334627787
16.029117920001347
15.774966082970302
15.287771466871103
15.362362704177697
15.216831651329993
15.816984380284945
15.66330189903577
15.359555400907993
15.344439572592576
16.279899772504965
16.11126350859801
16.386910077929496
15.433183415730793
15.665658060709635
15.482774984836578
15.477010588347913
16.213444842398168
15.379577886561552
15.564476914207141
16.009855275352795
15.350505311787128
15.6231926937898
15.476776578028996
15.724180423219998
15.936770664155484
15.549664636949698
