789.835556490668
558.7630724084788
508.18411458771806
470.1317032616714
441.1408353838427
415.2432164405954
391.4043923328663
373.10079709414777
356.20397261915537
343.04214109223466
331.05667731679716
321.6637443509595
313.2644488811493
306.3540044077512
296.3787473152424
290.48874389714206
284.2300509255508
275.1899171039976
276.6319150431403
269.599566739181
265.73830939161365
259.9823486722749
256.5483790101676
252.67014006910654
250.3704803072173
246.85287460787544
242.17301251970488
240.7345197447415
239.96770447698134
240.62525627530854
238.513312421996
232.47755317030283
230.24550004663138
229.71960513345127
227.74202261299922
225.53906696418235
227.40309049343242
225.01405432306487
222.59379734664128
220.45165948210092
219.45405322107774
218.35204811753897
216.5934536292635
214.77269295166278
213.0715304325367
210.492614976291
211.74466251504833
210.1171363098868
209.15366385311916
208.52856004649195
207.41786306068815
204.96088254862818
206.22114222625206
206.16784140981477
203.18817789801236
199.04328094679732
200.96574809633452
199.41095267493148
198.15283283282972
197.90580136200478
196.0468969098453
195.71137901010184
194.47752398458022
193.38819755767955
193.41453826838526
192.6525438859545
193.9843138415238
192.6477190584972
191.33432667008762
188.6186801154038
189.22725160368557
188.28340279233868
187.18738668540428
189.57506467145066
188.46396990480093
189.20017900138066
188.0693034920199
186.85993823511848
185.43073526744186
182.52607926418042
181.70144275139117
184.1410266983098
181.8177347594294
181.28259835983144
179.45681774616241
179.99025083410328
177.24028240812237
177.3939403418837
177.46292297182413
177.82211044739032
176.2793340148597
176.71308843020736
181.6807222941826
179.08002788856112
176.6573767579835
177.350160327451
176.08803856372833
175.06107443776625
173.5474198522239
174.26497528470796
175.8294058010496
173.91770038522523
174.79168364097333
172.65526952003611
171.71924070654245
170.17838996443254
169.68032569720827
169.42488928087826
169.763815324882
168.9347181032444
167.79308161653321
168.5147608107534
168.67164108259925
166.83903253900593
165.2513236958405
166.30324860276846
165.5617863227581
164.65768071700788
164.10318504941876
164.39339039654567
166.57130635195765
165.28549604991386
164.60054376618615
162.79209219176192
163.61536747011644
163.89787229176224
162.91478585785833
161.70426448049216
161.93655492108445
161.4338315766433
161.221892952919
160.3255645077804
161.22060223694504
162.97857898268205
161.18120968752893
160.47450835951443
160.05181727738216
159.51930568547084
158.1988342753772
157.71318500206388
157.01515052647426
158.53941212851424
157.93663434324594
160.33713560679863
159.31938354722385
156.28325588949795
156.92615834597885
155.65946642283737
155.85983733062088
155.87116371352096
157.00690818244013
156.19273215326768
154.5064890384674
154.30421631089573
152.48459312011457
152.483619842036
151.60467433518377
152.6114658281721
152.9492894534407
151.88462177227282
150.9646523450983
149.9102846795115
150.5180925007524
149.9694918599622
149.1927918236831
152.54182187031054
150.35344018607304
148.90117787492687
147.99091497783004
147.90746077586866
148.91368749634972
147.83453512191772
146.8475823484618
147.32066708597642
146.23047237560667
146.57881772107092
146.70701981412952
146.27515387535095
146.04689462842612
145.792225451305
145.39621134462027
144.74112271029372
144.6450139736307
144.03942959061985
144.55615415655333
143.52152613113665
142.8247417499279
142.82806954712703
142.7910010321387
142.55089372602004
141.70882847802392
141.7733361926572
141.88202091332138
142.01975511271377
141.51544867301808
141.69553769045862
140.6120320887401
141.0598109138423
140.96652765520687
140.9054220997054
