1568.65117678149
1161.7396489176258
1061.896124050535
991.867328972652
933.3993182346738
896.0347363044476
862.3170734602829
819.098636692968
790.6551736963206
757.955784238618
728.7872193928423
699.0649518637822
676.1216810489523
648.8654697845722
630.4542763808678
617.3614282114752
594.9210715458311
582.2412794869522
566.8199774643471
551.2484449518138
535.7779735367874
524.8805435937027
514.607136742822
502.6684901467685
489.94416772908176
481.96095519230283
471.12041078764815
464.69877226599334
457.44860187892255
451.97770548688953
442.7416878568715
434.1790959999479
429.0470436030421
424.9324222350943
415.61691987925565
411.93824986753793
409.893962276393
405.98446383147405
403.4246728584684
395.99871461144807
390.646923624236
388.55251660840264
384.6856156053214
380.25106268093504
375.70884674170924
373.88489082763937
370.505081480947
367.5750662211714
364.2802479184907
365.3515645717752
361.6557839821125
358.2613724840098
354.2958669744689
354.58078590754803
351.1339603785811
348.2459898488275
347.70672791579676
344.01844976688255
343.14962445456405
340.0404663250364
339.75114261692966
336.0515495744245
335.3953781292356
333.7425549112517
331.8387966238219
331.8523056178257
329.39815659358584
327.33519584557104
327.85710661164643
326.4485330006172
324.2125800066981
323.7128952618303
320.8466655796972
321.1627393097713
319.1265527133284
316.82649283573545
316.351659618575
315.0642829681265
312.51293729913647
312.9048975993847
311.89541815889294
311.10185641255873
310.208231120274
308.429008615428
309.17579975621453
307.68378173893893
306.6667074746099
306.0989791935888
305.40740866496645
304.2384050139066
303.0668136498024
302.63036302862497
302.84319829118664
302.60459995269775
300.78108922366437
301.81511065877714
300.9435556017119
300.01046081247
298.9244241303411
298.5798627097031
298.54112521533307
297.6733124749414
297.7982748623552
297.2793185957547
296.0638101758628
295.5354465533947
295.05609274732655
294.3471871984416
294.0887018318834
293.11363157732734
293.41075620157966
293.1942716878036
292.8321370338571
293.16655802726746
293.11023224633317
292.89365225002683
292.536509341207
291.94537144693834
291.5847491889164
290.97827724752756
290.85519229954684
290.3961195534673
289.9004417781172
289.5970841933941
289.60251066602507
288.99156383810373
288.2144705016037
287.6825906572671
288.21965969019925
287.9250045562613
287.01666764555307
287.78994168906377
287.53846551632057
287.07375320894965
286.3578323413586
286.03809001527986
285.49254827663816
285.87205416580724
285.1109326790119
285.37792417920866
285.28487508050324
285.2118845725882
284.02641161556903
282.9335038661957
282.7155012755558
282.4915120519441
282.3166515827179
282.16757389594767
282.39656684316435
282.76770810423227
281.9398471322553
281.1102788694974
281.09755904099035
280.5143177838161
280.12869749398067
280.37550228217555
279.6905993264297
279.43201189205564
279.25571910266217
279.11233244271114
279.74573719090426
279.1145503192112
279.2228222057737
279.11130912550567
278.3175625554446
277.4905070436412
276.99973437703886
276.01346599644626
275.4660543408887
275.50244985777755
274.829606245304
274.2727115565333
274.25733581082574
274.40858144595705
274.22274814803023
274.006858759913
273.74896292028757
273.73262416083236
273.4336764976896
272.94809870062204
272.872859979498
272.7276946018482
272.9127364569697
272.7406302567186
272.5727756516687
272.35849267860937
272.43842835261904
272.1612275222252
272.08956900136224
271.7844901660393
272.26859668205526
271.66389309126754
271.6204594497023
271.4545781530183
271.09176947330604
270.9314299287467
271.0168615456285
271.2272135553689
270.8407306506716
271.38202180533574
