-49.43975172024862
-54.94706902010687
-55.85706602704936
-56.625800796623885
-57.09325691029943
-57.49037856274638
-56.400509747965586
-57.680198638603606
-57.971727642519724
-57.99336082770907
-57.86705720835719
-57.606450914308944
-57.974534649273444
-57.700855406193895
-57.69303499727413
-58.38123290908748
-57.679201662540436
-58.531070312549325
-57.65607573862734
-57.93443420632132
-58.14209136264078
-57.86553761876863
-57.925044653744536
-58.478510367459265
-58.25039947341229
-58.18878057599068
-58.81653601445001
-58.355332822635255
-58.36075485369255
-58.345139845691875
-58.796132946836536
-58.85236125362331
-58.919696041222274
-58.933195301171004
-59.064885887606394
-58.93632273941204
-59.280616768475234
-59.265183388159194
-59.410586577037286
-59.21741851547669
-59.382535572709706
-59.35138251247077
-59.10071514803788
-60.039941053966
-59.67513513462297
-59.62088443493021
-59.5705007253022
-59.67495959791644
-59.6841855881543
-59.718111415361534
-59.80766536141264
-59.61138648411323
-59.751139879226685
-59.5864356766487
-59.8894144697436
-59.66889738522727
-59.646294427329096
-59.48859067415369
-59.625418751404204
-59.6678537490039
-59.53191973217602
-59.61976552728949
-59.54907549660781
-59.70802061824963
-59.4309570367994
-60.16185159724334
-60.2649634706563
-60.14440796806895
-59.84385823997958
-60.09444137893874
-60.30456295506708
-60.29857807529384
-59.89339257930887
-60.20226365122302
-59.90147857419376
-59.71178861322074
-60.48650704581162
-60.291968635443986
-59.923156728004585
-60.16107106825401
-60.30070499305067
-60.13208551447967
-60.05562444185389
-60.42156027719892
-60.459068697074365
-60.45721423831479
-60.3474458589636
-60.11104478301673
-59.93410523595481
-60.30030259695546
-60.446530748030234
-60.2432434784955
-59.9758301788363
-60.11148682133905
-59.80712499289677
-60.323094784185805
-59.96136736253212
-60.42192865548463
-60.21151607612084
-60.31232373262274
-60.19699333145701
-60.1079935595907
-60.299575353490894
-60.395139155716734
-60.40955852126253
-60.868371262632564
-60.46546434328474
-60.31014550965408
-60.64552265611188
-60.37321053085656
-60.32885580946659
-60.58519668825741
-60.42003416398476
-60.08186439501828
-60.18193594135087
-60.58048022204432
-60.415304794393734
-60.19391764649029
-60.42345971896731
-60.43916697851543
-60.487092308957
-60.56098718067695
-60.66453091543296
-60.482747702763
-60.29918448267312
-60.29458252931463
-60.17234228500004
-60.89123071678753
-60.20247754351846
-60.48890423569186
-60.33226403902317
-60.32461637052997
-60.463327014240726
-61.35299532372376
-61.101520521887416
-60.90323985445088
-60.76449876715397
-60.70811981168286
-60.9264517632024
-60.996239676557735
-60.79886706122036
-60.622336584946204
-60.80698472055896
-60.90345838152129
-60.728601667387736
-60.92880379742589
-60.909259874245215
-60.89974859151347
-60.67620420764233
-60.4591870379859
-60.45665656492628
-60.65257574360946
-60.83420020239107
-60.655414717978445
-60.64003592010202
-60.80353583960697
-60.87091344286655
-60.86603992252514
-60.65968966278537
-60.60913160032239
-60.44499211270234
-60.89742860711854
-60.87785775702575
-60.73164789738326
-60.93977314028247
-60.925274047358286
-60.61947443567473
-60.45331593423054
-60.72092819316634
-60.95445618341709
-60.85276285533247
-60.82644417779199
-60.869272558853545
-60.68817993895761
-60.64215341107599
-60.73144108057022
-60.80057908132159
-61.26536843900023
-61.00883390985686
-61.094234313430455
-61.197591537031634
-61.02368126038847
-60.8090716908718
-60.835578462173196
-60.76111247005134
-60.907287704533545
-61.04730111155017
-60.908607840538025
-60.97962999138339
-60.8785447642721
-60.71807532063846
-60.753241824692694
-61.00420535021815
-61.076372000677836
-61.19456260779808
-61.05169143142371
-61.08757784448821
-61.039751869851145
-60.67763177485302
-60.92455482893977
