25.426402302780026
7.824387454267206
0.6149930352794712
-3.4312111683960618
-6.202508006630273
-8.865145405818676
-10.123394120869966
-12.31337314278915
-13.892582020369069
-14.107413628491862
-14.664282321416099
-16.456566389264733
-16.5541817936404
-17.924462185337624
-17.423309893443665
-19.04518159453211
-18.76375718157867
-20.35227182199215
-19.660608525933892
-20.851770573648913
-21.843386484631175
-21.046474523585417
-21.553419837663913
-22.745002281049203
-23.06103364969122
-22.729361049060163
-22.640774411374124
-23.268479739797527
-22.908788697472936
-23.661251273648492
-24.519401174167108
-24.3055164978422
-24.533208534635346
-25.373729002886805
-25.55630547630376
-26.531602796809427
-25.281982384879015
-25.64674410737794
-25.674985921588437
-26.37045409761626
-26.453652572015237
-26.611635301647514
-26.962778259967937
-27.240448466662702
-27.515465339709973
-27.663620565471977
-27.73549489625569
-27.879799858249466
-27.598148110611685
-27.931679888018245
-28.616060121306056
-28.26540717174267
-28.275554794689704
-28.755318449489003
-28.102701221046775
-29.043558515351393
-28.326560959733765
-28.912727706391237
-28.428965505854837
-29.006329763552237
-29.476582250718412
-29.14137678824622
-29.696849593828464
-30.245430357497312
-30.087234888611167
-29.550921571665796
-29.775912984691818
-29.94219428095324
-30.066663853053388
-30.281211791367365
-30.997087190891133
-30.927003665217036
-30.776453586487936
-31.635752961553376
-31.649470549205255
-30.87715030230325
-31.245232113476458
-31.41401859604079
-30.79334096250863
-31.345685936253645
-31.968576768348957
-31.92167648261991
-31.45010416363848
-31.85501071296889
-31.251580268144608
-32.16053513103518
-31.50701184005573
-31.62441429701345
-32.41014885285805
-32.1040277789379
-33.44004380805739
-32.60365393038454
-32.25285791836936
-31.93290804172384
-32.75407221707805
-32.91360753774643
-32.94121124723862
-32.665872010691416
-32.824178604216414
-33.32010287868565
-32.19302642962028
-33.467258418428486
-33.19718373335641
-33.78807684059801
-33.87702040939495
-33.25475817816011
-33.05918028642391
-33.26595336301573
-33.80980780926244
-33.74733040045048
-33.22129342576553
-33.31301693772448
-33.93591095352995
-33.673941205287804
-34.08965357315952
-34.23680358200237
-33.806697030519615
-34.397900352190284
-34.16531010845612
-33.850734327373836
-34.430035954919354
-35.02813194640751
-35.19220233785695
-34.97585164884041
-34.79739158215194
-34.36227265000343
-34.72148406608351
-34.568502334685164
-35.06601484685108
-34.907694525759794
-34.92257044644192
-34.69255386960918
-35.109689428888515
-35.15292816223769
-35.82502452977772
-34.41360676083072
-34.54308997659847
-35.77755770498309
-35.377148142148705
-35.81130319422689
-35.98015030190862
-35.87768546568936
-34.35328657668212
-35.457019595236616
-35.95623917517991
-34.46781792517366
-34.96252960788792
-35.44256411955274
-35.79118253342037
-35.3402923797739
-35.361417127066645
-35.723206503637904
-35.867691031817735
-35.55476521109713
-36.13666896367895
-35.46300352647387
-36.149600617844484
-35.28662675310825
-36.42099274026936
-35.86011390028329
-36.09593549165233
-36.454162538051605
-36.445652601020086
-36.0533264967902
-35.82516615041371
-35.2959940073819
-35.80590807877738
-36.13689810859746
-36.66952888205134
-37.512752028374834
-36.2401439876392
-36.7658710459183
-36.795006728377835
-36.425922708264714
-36.29130168002227
-36.69936635473679
-37.397860430437945
-37.125627205289646
-37.611712618120784
-36.516742615864196
-37.61034291571584
-37.50429137719089
-37.23868938766677
-36.785764362277654
-37.019684934410556
-37.66662231190451
-36.09051995236298
-37.63192779956193
-37.33689398703904
-36.505936040960506
-37.97245095824373
-37.45198609705629
-36.96283080248997
-37.25420680436595
-37.67271455094732
-37.40076541797868
-36.96460162360093
-37.46650291208563
-37.23246684670448
-37.323994870843556
