258.20192098617554
149.6545490026474
111.78443026542664
106.52397131919861
143.15611577033997
93.7494603395462
90.6466373205185
91.80591988563538
85.97508698701859
89.53236174583435
79.90412950515747
85.11744594573975
76.84534645080566
73.2111427783966
71.94857984781265
67.35356053709984
67.56224671006203
63.042212188243866
67.4632625579834
67.59844973683357
60.70264446735382
74.86289328336716
58.87937784194946
66.37767541408539
61.060826778411865
61.78975769877434
68.44623416662216
60.40205055475235
78.89977252483368
61.66407960653305
59.531269043684006
66.53259092569351
60.85948395729065
66.64166337251663
64.7659104168415
66.78375571966171
52.717741549015045
52.80776560306549
57.47008889913559
55.4364387691021
56.44479984045029
53.85464149713516
56.381575495004654
53.30096384882927
55.718815326690674
55.43621212244034
50.082037299871445
66.44028529524803
52.42806696891785
55.769946813583374
55.468612521886826
50.534192353487015
56.4944304227829
51.74321126937866
59.552327036857605
56.82596915960312
50.853970646858215
53.114745914936066
50.45707204937935
52.09202551841736
53.26801949739456
51.98620167374611
58.356881737709045
49.14345821738243
61.25239357352257
60.00043770670891
50.26162204146385
48.87744051218033
59.13080453872681
49.43922707438469
58.59724807739258
57.08400386571884
48.387138307094574
52.31008982658386
50.09975603222847
53.081111550331116
52.39040333032608
53.33833032846451
52.18328857421875
49.2596070766449
47.70102849602699
51.29373064637184
47.83389884233475
50.27190172672272
54.0188747048378
49.602085292339325
48.71582633256912
47.3984249830246
51.40866568684578
47.87872451543808
47.41004440188408
51.58653798699379
52.241123765707016
44.979188442230225
47.30384784936905
48.06957107782364
46.87930843234062
48.48315590620041
45.98934757709503
45.681148409843445
49.363824248313904
47.7151762843132
46.398973643779755
42.97055506706238
40.83419370651245
49.08040511608124
46.98208010196686
41.32067061960697
47.78672108054161
45.67841857671738
42.79373037815094
46.43281954526901
47.835299015045166
48.10440415143967
43.45819795131683
40.352116256952286
41.17830377817154
43.424437671899796
43.27986732125282
42.843622863292694
43.643967628479004
51.32309901714325
41.724673330783844
40.01077127456665
42.12644734978676
40.92865499854088
40.745514422655106
45.46816098690033
38.445997685194016
45.35535642504692
40.59295603632927
42.49388691782951
42.51931667327881
56.87841519713402
41.45171520113945
37.02407193183899
44.8295915722847
40.85383641719818
45.10594940185547
41.088481187820435
41.01713785529137
38.45600539445877
37.591731160879135
38.94405120611191
39.43992640078068
38.878837406635284
37.59424190223217
39.75780841708183
36.83724960684776
35.17104408144951
36.96827907860279
42.50291249155998
36.87023425102234
37.26408067345619
33.47749489545822
37.95243176817894
36.05465379357338
36.00004453957081
32.43701547384262
32.678386613726616
32.19007134437561
35.96972173452377
42.49800181388855
35.18680861592293
38.05470481514931
35.970638394355774
34.57927468419075
33.600808307528496
33.596157014369965
36.374039232730865
33.061910539865494
33.75150819122791
33.94571164250374
36.00273407995701
31.893416047096252
30.227024167776108
32.98874647915363
33.83117701113224
32.237561374902725
36.1664762198925
32.62667843699455
37.18527562916279
32.715740501880646
36.50518202781677
31.322208538651466
31.45238934457302
31.3060914427042
31.771424740552902
31.267483443021774
31.952460020780563
34.61259426176548
37.74496948719025
33.08404132723808
38.95565551519394
36.65469831228256
30.821855813264847
32.19692362844944
30.55855283141136
35.58181597292423
31.641994386911392
