162.29948695500693
117.01167090733846
88.23816394805908
65.80228197574615
59.480961640675865
58.29045705000559
53.49659901857376
49.326725920041405
52.36735268433889
50.56590048472086
43.79667051633199
42.08047717809677
40.0342182914416
38.68569326400757
39.7648531794548
39.09786872069041
46.98104325930277
35.907618482907615
35.18542863925298
41.248471796512604
40.6697643995285
32.77237745126089
38.01019392410914
35.6500186920166
43.98330171902975
35.9591334660848
32.191630244255066
33.676899433135986
35.71507783730825
39.84034180641174
34.92150847117106
32.103280901908875
33.195192416508995
34.23498555024465
33.365767081578575
29.66786241531372
30.55841052532196
30.106309016545612
32.61946411927541
30.779478987058003
29.624516665935516
29.298058311144512
31.15994276603063
40.97192851702372
28.229068557421368
30.509857455889385
32.40527916948
30.081574082374573
30.872241854667664
28.762843529383343
27.337714076042175
29.45179941256841
28.714547832806904
26.86454023917516
28.063002685705822
26.468894104162853
26.256204684575398
27.262261350949604
26.306582073370617
26.350586752096813
25.934839189052582
25.938658823569614
27.199812551339466
28.138736029465992
25.00809309879939
26.395286858081818
25.282453159491222
26.025007595618565
24.76954557498296
25.680023183425266
27.140775501728058
26.998343030611675
24.131288021802902
23.852007548014324
25.754194577534992
26.077698409557343
24.45063528418541
23.974972595771153
24.252565691868465
23.45329941312472
23.31952639420827
23.49980726838112
23.091262598832447
23.156846066315968
22.982266128063202
24.091783672571182
29.831066071987152
26.666835923989613
24.353455305099487
25.133398870627087
23.11650723218918
24.24995270371437
23.46910251180331
23.008549292882282
21.168092290560406
22.421946555376053
24.72556620836258
21.317429959774017
22.014775415261585
21.670111695925396
20.481471717357635
20.816377133131027
21.30003732442856
21.11285924911499
20.610356032848358
21.134049157301586
22.046654492616653
19.411334534486134
21.655164291461308
20.105341056982677
19.629506369431812
20.869154771169026
19.800377368927002
18.821146885553997
21.88694804906845
22.43117167552312
18.42692067225774
19.591386258602142
18.79271896680196
20.622072398662567
18.93343158562978
18.240279267231625
18.46091326077779
17.63055216272672
18.780570089817047
21.248597274223965
17.165197163820267
17.719151318073273
18.118626693884533
17.92318405707677
17.09047235051791
17.882999728123348
18.740466634432476
16.43141566713651
17.558910369873047
17.580919126669567
18.125173171361286
18.384711613257725
17.153387486934662
16.97407551606496
16.135969191789627
17.750865519046783
15.60055735707283
18.483252475659054
16.7430007259051
16.19806217153867
16.252345750729244
17.705206334590912
16.450115104516346
17.540387054284412
15.344774772723516
16.379867722590763
16.34930835167567
16.66813336809476
16.56935528914134
16.738387018442154
15.829157570997873
16.144190073013306
16.14005356033643
15.103526403506597
15.408859819173813
16.088149001200993
15.854089498519897
15.232574065526327
16.122717767953873
15.405389467875162
15.891059517860413
15.604121327400208
15.36697667837143
15.841346859931946
15.29343287150065
15.659251689910889
15.295555253823599
15.442754358053207
16.04609868923823
14.610263685385386
16.25792647401492
14.886739174524942
14.925988376140594
15.930848906437555
15.98302004734675
14.966741452614466
15.10157161951065
14.913315316041311
14.304432580868403
14.776360462109247
14.78219939271609
14.987652063369751
15.46994298696518
14.572315265734991
14.580265909433365
14.691863775253296
14.981925447781881
14.999034762382507
13.949930638074875
13.953992187976837
14.069329485297203
14.151693413654963
13.86520371834437
14.10571269194285
