937.4351526896158
777.6764758427938
795.5756657918295
700.737369855245
657.7027079264323
665.4572518666586
660.1469084421793
626.7626816431681
592.7290960947672
643.3086922963461
589.1927801767985
631.0306774775187
573.4455874760946
643.434409459432
599.6793855031332
589.4134740829468
593.1621507008871
574.9800647099813
552.0465710957845
573.7495934168497
555.0765953063965
545.5140164693197
532.3939196268717
540.9561052322388
536.359572092692
558.2839632034302
535.3511514663696
515.3080253601074
526.0246836344401
522.4938666025797
524.625778834025
508.03012720743817
493.5472911198934
497.1507450739543
477.930903116862
490.9273322423299
483.69246610005695
522.7073799769083
491.8842194875081
472.19182300567627
476.98573939005536
468.13227621714276
475.0747181574504
468.76720174153644
476.83480644226074
452.85794830322266
476.03051058451337
471.2737862269084
441.6139500935872
479.5702199935913
430.7456337610881
459.12138589223224
461.89731311798096
454.69107977549237
453.70635350545246
425.8025156656901
457.6285483042399
435.99220180511475
472.0728820164998
445.9604304631551
456.2395553588867
438.7878243128459
495.33035214742023
437.4432369867961
443.25230503082275
442.20893637339276
426.20601177215576
444.79499499003094
419.61923662821454
423.15954462687176
408.7588246663411
417.04951032002765
432.6495183308919
429.8129725456238
423.5963300069173
403.804710706075
416.9192721048991
400.9891306559245
405.4036340713501
400.78301334381104
417.7236747741699
387.09494829177856
422.95999844868976
396.48415088653564
405.39232699076337
401.3368050257365
402.9803759256999
387.6006800333659
400.8169215520223
409.32845338185626
405.73369884490967
392.6374068260193
393.1596344312032
399.845009803772
387.0499617258708
396.69380283355713
408.6500196456909
384.68926604588825
387.8484188715617
407.7674473126729
375.4920075734456
385.8336407343547
398.1829605102539
391.3948729832967
370.60403394699097
386.9833386739095
402.87036991119385
414.70537789662677
374.7645791371663
403.95474068323773
414.40817133585614
375.31639846165973
382.80834945042926
382.8070929845174
397.5627139409383
380.73046620686847
391.14515590667725
371.95881573359173
390.1290235519409
376.4348762830098
373.6162001291911
375.8807538350423
387.0989720026652
377.6626811027527
380.7188769976298
384.65605481465656
358.9055646260579
359.6020008722941
368.4841416676839
376.05109818776447
366.79831981658936
369.13864517211914
369.6129910151164
356.37448358535767
349.6092487970988
391.8823488553365
357.6645824114482
356.9382966359456
366.37674872080487
360.3888096809387
366.8126730918884
370.8736956914266
381.09868319829303
355.68189605077106
356.9280737241109
387.76365852355957
354.6610279083252
356.5189884503682
361.70677518844604
353.7278992335002
348.5065927505493
363.89418903986615
350.1342175801595
358.8881411552429
356.0115885734558
359.90040906270343
343.6198517481486
344.29592355092365
347.82784446080524
360.2158160209656
350.328156153361
336.57477537790936
346.69153722127277
347.6056162516276
346.1679307619731
339.1033083597819
339.7388048171997
333.55699888865155
330.27420711517334
328.94534428914386
337.9979654947917
333.6579130490621
359.25147946675617
349.51217953364056
329.5746006965637
361.0968755086263
347.407187461853
347.97885608673096
340.06957785288495
346.4322344462077
336.3415304819743
347.089307308197
339.0246874491374
352.96595907211304
334.496267636617
332.80300839742023
351.03293895721436
339.7145659128825
332.3350321451823
344.79626687367755
346.3865056037903
331.6042826970418
328.62780570983887
340.4510215123494
357.6013298034668
340.38821236292523
329.54798253377277
353.26281420389813
312.95054626464844
324.47666851679486
