806.0808396339417
781.6112198829651
740.5778994560242
751.044180393219
707.8410153388977
715.237714767456
696.8957343101501
702.0391025543213
693.8548412322998
658.0500679016113
657.9236695766449
678.5475487709045
681.101544380188
647.387722492218
595.0467684268951
595.2903380393982
611.5280301570892
631.4283726215363
590.9489967823029
617.8306205272675
593.559321641922
596.1231083869934
581.4629173278809
581.1014914512634
587.6059484481812
562.4232277870178
587.080934047699
580.449716091156
541.0700902938843
562.9392166137695
533.4946522712708
538.495263338089
535.2352180480957
535.0295639038086
532.958799123764
526.1725347042084
545.4746105670929
534.3337888717651
534.4583740234375
528.2380614280701
523.8017098903656
515.7382864952087
520.8255672454834
502.73577904701233
509.80115127563477
523.8148453235626
494.7383954524994
503.01254987716675
485.0620939731598
494.81487107276917
491.50232434272766
502.8936460018158
484.3324327468872
485.24643325805664
504.3436608314514
489.65312933921814
484.1306064128876
462.3265528678894
468.91248178482056
469.0097887516022
466.54826498031616
473.77492904663086
457.5201930999756
459.4361128807068
465.6761689186096
473.48723888397217
469.4011118412018
450.04069209098816
452.23721051216125
446.9587004184723
468.09566736221313
452.6057279109955
439.89232087135315
458.9379737377167
450.8017816543579
453.579603433609
457.0593247413635
457.08067989349365
448.1757023334503
451.5805194377899
429.0871376991272
437.54494643211365
429.8429489135742
441.90808606147766
431.98398423194885
441.6134252548218
439.28228878974915
432.7525279521942
440.23899960517883
435.7537326812744
438.9838807582855
428.451801776886
422.09086751937866
434.96520376205444
445.9603269100189
425.3682789802551
405.44307589530945
414.88688826560974
414.351357460022
413.09184670448303
422.52780199050903
416.02507758140564
421.3198256492615
426.9512195587158
404.5856866836548
422.09187483787537
412.6555972099304
416.71839475631714
410.7783987522125
415.5060667991638
412.9801552295685
407.3099594116211
414.06004095077515
403.9044976234436
415.4248366355896
415.74169874191284
408.675843000412
406.8516697883606
423.31991696357727
409.31818985939026
417.5204620361328
431.309725522995
414.87677478790283
408.17125701904297
420.6220762729645
411.20207691192627
410.3352189064026
409.3341054916382
399.35282826423645
401.4846365451813
402.04547119140625
397.6906318664551
409.77168464660645
380.21587204933167
394.30443000793457
393.82164239883423
403.8213737010956
398.07147884368896
388.2272775173187
382.8490831851959
381.39266180992126
392.4331142902374
380.648535490036
381.83918595314026
378.39540576934814
372.51282691955566
390.90763115882874
406.5008409023285
387.4409646987915
387.1140294075012
391.05280590057373
374.1939206123352
367.7609429359436
372.4668529033661
371.5163471698761
387.68505811691284
388.1252965927124
391.32643389701843
377.84053444862366
381.01161336898804
374.3154435157776
379.8897829055786
364.3885614871979
378.71355724334717
376.2094440460205
373.64863896369934
370.93242478370667
365.01152753829956
357.3773024082184
374.9124610424042
380.965478181839
351.68337416648865
375.6287853717804
364.0674686431885
370.4350914955139
371.16507506370544
373.3878240585327
372.5434091091156
366.05430364608765
362.2849178314209
372.71924662590027
374.69060921669006
360.25843477249146
362.5124509334564
369.5696437358856
365.1423580646515
351.8160581588745
356.38142704963684
367.81920623779297
358.53575897216797
352.3734679222107
377.1963744163513
352.4949908256531
361.4584331512451
350.36165142059326
352.8744275569916
357.7081460952759
356.4730930328369
357.7416293621063
349.66478848457336
