163.43365462621054
148.27029331525168
138.46693229675293
140.16930421193442
145.87138549486795
135.08486684163412
134.54087523619333
118.43866610527039
125.89067093531291
117.83915948867798
116.858855843544
112.99776581923167
115.53642749786377
109.62586164474487
112.32381852467854
107.34073130289714
110.42651236057281
101.40212392807007
108.6861520210902
94.48999285697937
95.02664299805959
92.85443524519603
91.31787621974945
90.41551713148753
91.27965068817139
92.75707256793976
90.91051904360454
84.5831173658371
86.5046108563741
82.35355079174042
90.00747056802113
87.45618339379628
82.14957408110301
86.94689166545868
83.57023322582245
77.05486996968587
78.03401029109955
80.02724357446034
78.08131289482117
82.87129787604015
85.02245690425237
73.59891484181087
77.94967166582744
74.50539668401082
78.55712866783142
74.16913211345673
77.52389832337697
78.90659538904826
75.8099740544955
78.91013528903325
71.07845960060756
77.02536745866139
80.90270213286082
71.56178728739421
76.20440846681595
75.57107724746068
75.20444790522258
70.12054586410522
72.49759231011073
72.79454549153645
69.47629477580388
77.02256077528
66.66664606332779
77.44536413749059
69.50786157449086
75.92513950665791
72.27463970581691
69.93867693344752
73.03617397944133
62.167669892311096
69.40106632312138
62.28765936692556
68.3539270957311
68.73140058914821
72.8066772421201
65.80147421360016
69.32735554377238
66.45768219232559
61.988971968491875
66.72056833902995
60.34881047407786
64.60778858264287
68.63343866666158
64.28272944688797
65.33151612679164
63.47490882873535
65.07553732395172
71.30676897366841
68.13687457640965
63.189862072467804
67.2816083629926
61.504297733306885
68.90361326932907
65.88207745552063
71.51908322175343
68.99602770805359
64.6845177213351
65.12828314304352
64.72715435425441
60.735111951828
62.48967921733856
59.76685764392217
60.52670627832413
60.82704508304596
62.37702190876007
62.11759567260742
64.43143059810002
63.68722879886627
62.71750728289286
58.41496847073237
59.71981449921926
58.37083943684896
56.13518742720286
62.63223669926325
62.95116509993871
59.28699942429861
62.51054833332697
62.65431535243988
58.56624128421148
62.203077256679535
64.93346732854843
64.17676037549973
62.60427850484848
58.64795388778051
71.53148329257965
63.389452159404755
63.36570326487223
55.45828757683436
61.46242507298788
57.10294405619303
59.368567645549774
53.80148379007975
56.82253249486288
67.35987967252731
56.411938885847725
62.040389120578766
59.65771738688151
56.4575914144516
56.395499189694725
56.008478701114655
52.571600457032524
59.78937919934591
65.40664356946945
60.10602035125097
60.95668143033981
60.64647948741913
56.54893763860067
61.20902512470881
56.6323783993721
58.07219582796097
61.635339856147766
58.23992840449015
59.58801198005676
53.61969723304113
56.499760588010155
54.333253145217896
54.38307533661524
54.871166149775185
58.67402893304825
55.44187488158544
55.554249385992684
56.40397975842158
54.6397360364596
57.34400522708893
56.96907611687978
55.54500518242518
60.93407086531321
56.32713535428047
56.61204584439596
53.91607032219569
57.69758372505506
49.22207713127136
54.15661863485972
61.89471115668615
57.23908271392187
57.80080749591192
56.47467009226481
51.76153973738352
55.903822461764015
49.90168225765228
57.29267672697703
55.30207705497742
54.50129802028338
65.38241060574849
51.547285387913384
58.13222608963648
63.65141733487447
53.52248598138491
49.64038699865341
48.93956066171328
52.43163528045019
55.45638047655424
56.987391670544945
57.602803160746895
55.45749972263972
50.39216355482737
59.47297978401184
50.1170287579298
56.92625876267751
51.576400488615036
