836.406042098999
632.907075881958
539.6892983913422
476.69881200790405
443.88287353515625
453.140412569046
387.6072931289673
375.8191282749176
355.0068402290344
369.21776723861694
338.963036775589
342.28980684280396
326.6027754545212
351.7864832878113
325.3469514846802
331.14453279972076
317.40460777282715
311.5304299592972
304.59671425819397
290.7371600866318
293.88914024829865
285.9976862668991
274.4519829750061
267.31660211086273
275.53948402404785
266.3134740591049
286.22068643569946
275.85199451446533
263.44908332824707
254.04475784301758
253.5782082080841
258.108260512352
249.49991810321808
246.68343544006348
246.99959242343903
250.47085225582123
233.8066211938858
240.90527522563934
241.07309448719025
240.34365487098694
226.295147895813
221.2043616771698
227.57484531402588
218.9748032093048
214.04055428504944
213.12870943546295
210.02435529232025
211.25280034542084
206.3459907770157
199.30215501785278
202.80224430561066
195.43808126449585
209.50687563419342
210.31476521492004
200.26446652412415
189.38020884990692
189.16923606395721
188.04716384410858
188.70695745944977
181.97196555137634
184.70238292217255
194.03520894050598
178.8735545873642
179.2589546442032
175.50800275802612
185.0413053035736
183.6673228740692
182.67523503303528
183.76924335956573
177.33149099349976
170.64078080654144
180.4826250076294
184.80720448493958
178.8694245815277
180.24318540096283
176.3220168352127
169.69202780723572
192.6579225063324
169.69472742080688
172.74615705013275
184.22493410110474
170.03653073310852
170.93207716941833
184.02939343452454
182.64566016197205
176.29232108592987
166.10657835006714
189.74495887756348
176.17716443538666
165.7150537967682
173.10425877571106
167.15924632549286
162.93300127983093
163.24315464496613
169.9008650779724
156.90192353725433
166.23601877689362
160.76071894168854
164.36996126174927
160.42700439691544
163.24568301439285
162.03781747817993
154.01426374912262
157.2299064397812
158.03981065750122
170.20459175109863
160.45439338684082
157.78888761997223
158.82342386245728
150.78678506612778
156.5011014342308
165.857226729393
153.54244583845139
149.6084944009781
157.23397600650787
151.44469499588013
155.02352637052536
147.29875338077545
145.305894613266
149.09170979261398
152.51469892263412
147.66466182470322
145.69169759750366
153.63081789016724
178.52387404441833
147.83003330230713
150.20063650608063
166.09621304273605
155.3642921447754
153.1541749238968
146.17363905906677
148.13128197193146
146.68749237060547
162.54740983247757
144.74902880191803
145.12952321767807
163.81975382566452
148.08122831583023
161.5296555161476
142.29002332687378
141.9823076725006
163.85853558778763
140.26947337388992
153.63107979297638
144.42160999774933
142.52282470464706
141.65665167570114
144.7871155142784
137.34764534235
146.34116619825363
133.75091391801834
139.36107355356216
150.9486410021782
141.46666133403778
140.4152021408081
153.90694403648376
136.5064638853073
133.42564070224762
140.81054443120956
140.7296668291092
141.7453863620758
132.96951681375504
137.1806520819664
144.49508380889893
130.62509381771088
128.6805863380432
136.50471115112305
138.87672460079193
137.44044959545135
138.1939036846161
151.1476367712021
129.04288858175278
129.78819346427917
126.27949160337448
131.26217240095139
151.8060201406479
135.25303733348846
139.17245316505432
132.73766231536865
137.29714846611023
130.17689752578735
130.63628512620926
127.49153751134872
137.52277773618698
134.16066086292267
126.61467683315277
129.8503853082657
127.0533035993576
139.05685329437256
123.1092689037323
122.98931741714478
122.3469403386116
119.88035982847214
123.2598831653595
128.1385583281517
132.06613343954086
125.46219366788864
127.21444433927536
127.64113438129425
129.29452681541443
