4.4738511722534895
-8.487041115760803
-22.373183459043503
-33.42957927286625
-43.3945454955101
-51.31827396154404
-60.15643608570099
-67.38441470265388
-75.61818572878838
-79.99103087186813
-87.16488122940063
-90.67246496677399
-95.13455349206924
-97.9487293958664
-104.00461739301682
-105.97610086202621
-107.77939236164093
-112.88770592212677
-117.77213287353516
-121.4282557964325
-121.69765305519104
-124.60153067111969
-128.38048601150513
-128.60854291915894
-131.3530023097992
-134.41962230205536
-135.34353482723236
-137.94485425949097
-137.07739186286926
-141.02302819490433
-140.85447359085083
-140.9636568427086
-142.78933095932007
-144.07113367319107
-145.8443768620491
-146.55818289518356
-145.04050648212433
-145.3061665892601
-146.82096207141876
-147.48808896541595
-146.46148031949997
-147.0836102962494
-149.46213102340698
-148.66739702224731
-151.5123968720436
-150.39041531085968
-151.17012012004852
-152.4174221754074
-152.2675734758377
-153.0603432059288
-152.47606825828552
-152.92422425746918
-151.9662845134735
-151.93840193748474
-153.48627775907516
-153.77512633800507
-154.24518144130707
-153.5170714855194
-153.39061272144318
-154.10722917318344
-154.4812364578247
-153.74506795406342
-155.46375477313995
-156.28751969337463
-156.67906439304352
-154.0636324286461
-153.874165892601
-156.61759781837463
-155.91471111774445
-156.14286875724792
-156.01082944869995
-154.97353315353394
-156.6069403886795
-156.91783916950226
-156.2837724685669
-155.18327701091766
-156.39931190013885
-153.4736157655716
-155.5299355983734
-156.94406974315643
-157.2872430086136
-157.77667891979218
-156.95998537540436
-158.14730161428452
-158.47655373811722
-158.45673978328705
-157.7780488729477
-158.13120466470718
-156.51321947574615
-158.08855479955673
-157.20806777477264
-157.11788254976273
-159.22820472717285
-158.55735075473785
-158.9336849451065
-158.36682653427124
-158.19979298114777
-157.83664458990097
-158.46449613571167
-158.5174810886383
-157.25795018672943
-156.67257726192474
-157.74112057685852
-157.36402082443237
-158.95268297195435
-158.16820347309113
-159.17844319343567
-155.58535826206207
-157.6175628900528
-157.62491631507874
-158.6789743900299
-155.63028466701508
-158.8203313946724
-158.4972239136696
-157.21186536550522
-159.41415572166443
-159.3244036436081
-156.9291916489601
-157.70691204071045
-156.0569948554039
-158.35046768188477
-157.9116998910904
-157.6758161187172
-158.62308835983276
-157.53296828269958
-157.86040723323822
-157.05938756465912
-154.41643565893173
-157.69762456417084
-158.31440567970276
-157.63028532266617
-158.6588078737259
-158.27849477529526
-158.6959980726242
-156.78714966773987
-156.92263400554657
-157.91020905971527
-157.8148764371872
-158.52761471271515
-158.06348264217377
-157.22652184963226
-157.24559038877487
-156.54311668872833
-156.77993726730347
-159.3631249666214
-158.71578180789948
-158.7708216905594
-159.28201568126678
-159.55354845523834
-158.1216955780983
-158.67581140995026
-159.84642630815506
-158.1759396791458
-159.91346335411072
-159.10063791275024
-159.2919478416443
-159.90161728858948
-156.77355086803436
-158.21439909934998
-157.68285727500916
-158.344282746315
-158.57799071073532
-157.7677742242813
-159.6932635307312
-159.4584777355194
-158.4610611796379
-159.7917994260788
-157.3548743724823
-158.73470932245255
-160.10226505994797
-159.12914502620697
-159.5834557414055
-159.52419519424438
-159.36628794670105
-159.6100690960884
-158.95097053050995
-157.5487025976181
-159.41322898864746
-159.96566259860992
-159.75682532787323
-159.69975066184998
-158.14879244565964
-159.58976155519485
-158.43437731266022
-159.62915778160095
-158.7207579612732
-159.472962975502
-159.8939113020897
-158.72682201862335
-159.80614364147186
-159.34247493743896
-159.43025267124176
-159.9745672941208
-159.4067418575287
-160.02249550819397
-160.1393243074417
-159.5300577878952
-158.75979155302048
-160.45123040676117
-160.66953647136688
