217.7240138053894
210.18234944343567
188.95713194211325
188.17892225583395
190.0913872718811
186.43656261761984
167.96982749303183
165.2776064078013
174.68768215179443
174.84616963068643
171.11005894343057
168.41427628199258
168.13035519917807
164.28235983848572
161.7636555035909
159.72462368011475
166.45665995279947
154.54980850219727
153.63098446528116
151.91041588783264
150.24811855951944
147.84654768308005
147.48949241638184
141.2618895371755
147.95026516914368
142.07550438245138
139.90937105814615
137.36435882250467
136.01915383338928
133.64250683784485
130.1886911789576
131.45435245831808
128.3065907160441
126.60917536417644
126.60052378972371
126.88591365019481
120.89186044534047
125.68776599566142
120.50847776730855
125.74108362197876
119.80991514523824
115.9870986143748
113.11572341124217
111.44576887289683
108.8492745955785
109.20880309740703
114.81640374660492
106.56412466367085
108.35148048400879
104.03400480747223
103.14840503533681
101.88760137557983
107.02547546227773
108.01712429523468
100.12626282374065
103.28152863184611
101.61045837402344
98.48099887371063
100.73654413223267
98.50484879811604
96.19287598133087
91.65853750705719
94.71942893664043
99.04234302043915
89.10910220940907
90.01456383864085
95.71545628706615
93.92498656113942
89.33807859818141
85.76717340946198
86.5281268755595
84.88863813877106
87.0973061521848
92.27631878852844
83.46521315972011
95.44789934158325
84.36612292130788
85.59675564368565
80.53726164499919
88.43011379241943
86.712104956309
85.47085066636403
80.4175813595454
79.16494079430898
77.57478233178456
87.78569912910461
82.9897483587265
79.8954869111379
81.02741944789886
87.55661473671596
78.49475657939911
71.78830488522847
81.24665423234303
80.26480789979298
80.66010785102844
79.71739415327708
73.79653594891231
80.45134671529134
74.76119649410248
72.04065006971359
81.46779143810272
78.04144116242726
70.53417780001958
69.52039023240407
67.16643408934276
72.51741147041321
78.76015122731526
74.5903221766154
79.33806244532268
72.47863336404164
69.37416726350784
69.7449968457222
72.9833178917567
71.98716209332149
67.5827224055926
67.02154010534286
71.4836341937383
65.33227332433064
69.37227328618367
69.66418931881587
61.105533480644226
67.56792511542638
69.84605741500854
62.208949406941734
68.63399213552475
69.88144910335541
61.89653484026591
61.21994670232137
61.94135592381159
59.60005237658819
65.35476140181224
62.7759969830513
58.915908217430115
65.38792945941289
58.71765253941218
62.19323800007502
66.66999878485997
60.90718545516332
57.340267012516655
62.56388010581335
65.26887897650401
54.20075235764185
60.466664592425026
62.81218638022741
63.70586101214091
61.76480124394099
55.14627033472061
55.440398852030434
58.39689964056015
57.18743268648783
57.77501364549001
61.064347326755524
62.11974267164866
56.73052934805552
56.72273242473602
55.68071279923121
59.77100177605947
57.60557951529821
48.909533540407814
56.60627796252569
57.08450102806091
56.4332705338796
58.741958459218345
52.91409201423327
54.6097868680954
57.533824821313225
46.96227551500002
51.45781399806341
49.49369918306669
52.001384357611336
54.352822045485176
57.77510154247284
53.272580206394196
55.99181465307871
50.537280897299446
49.2240485449632
47.28599002957344
56.83202723662058
49.01561697324117
50.651524682839714
53.593335300683975
47.80925844113032
46.913634637991585
45.57668317357699
49.38046362002691
51.38724307219187
49.51005384325981
48.78022876381874
48.676068395376205
49.63183123866717
50.65842412908872
49.59980488816897
51.812091459830604
52.59587552150091
44.05701191226641
47.78054803609848
48.795938750108085
45.34865257143974
49.606766959031425
47.008325497309364
