236.96832156181335
237.97116875648499
241.74024415016174
248.33567706743875
260.46809609731037
244.89455922444662
239.3567951520284
230.27430899937949
241.78596528371176
228.64270687103271
225.64918796221414
231.1523571809133
224.98564751942953
239.55334409077963
232.47797536849976
225.0683270295461
234.21253355344138
232.88077958424887
243.42109696070352
229.18845065434775
215.99445780118307
236.77073876063028
229.20799128214517
233.03750403722128
215.4892647266388
223.21250621477762
219.56829698880514
221.9952773253123
214.7871845563253
223.24101193745932
219.8748059272766
213.97933395703635
225.87537376085916
214.41802835464478
213.46842392285666
214.53173518180847
212.97953502337137
220.20744291941324
217.2891100247701
213.71037483215332
217.23354037602743
221.27097853024802
224.13584224383035
214.2536690235138
213.1754651069641
213.54825250307718
225.68171032269797
211.30751005808511
215.86954100926718
215.12730717658997
220.81381018956503
213.18679666519165
215.90469201405844
214.9319040775299
211.83061639467874
216.06490755081177
216.8580720424652
216.7063363393148
216.06234200795492
210.13379740715027
212.34516835212708
213.6152981122335
212.16286492347717
214.60527427991232
218.47701835632324
225.7533291975657
213.79262566566467
214.88981421788534
212.84501028060913
215.9520295461019
209.04138938585916
212.60062098503113
212.13229282697043
213.18045409520468
214.31067617734274
211.57184227307638
212.99240414301553
206.61331160863242
211.60701823234558
212.82859547932944
212.6938800017039
214.17074394226074
213.66714310646057
216.81802328427634
214.2643875281016
213.62510546048483
207.2958402633667
209.73125394185385
213.90525682767233
211.14119680722555
213.16294145584106
221.03442804018655
213.27174123128256
216.2098122437795
206.62255136171976
208.54163495699564
219.02875550587973
218.56314857800803
213.63785123825073
211.68523852030435
208.67990819613138
211.33176883061728
208.21931648254395
217.19743061065674
213.7557142575582
217.56499059995016
216.6994825998942
212.31437031428018
214.09912927945456
216.9880694548289
209.5557188987732
215.26181936264038
212.88704784711203
213.17086720466614
214.17203060785928
213.63004231452942
214.04114198684692
217.69368211428323
217.00620786348978
212.34671370188394
215.15253909428915
218.800239721934
212.81369360287985
215.69246713320413
213.47988756497702
215.05305258433023
211.92940060297647
205.81851561864218
211.6979242960612
213.20013769467673
210.47090450922647
208.21518699328104
209.6239459514618
212.7447330156962
213.08248631159464
209.42281301816305
208.4623199303945
208.65774869918823
209.93500224749246
208.59702308972678
214.6061693827311
207.20855633417764
213.43825618426004
212.84898654619852
214.52732276916504
208.97125673294067
216.22293837865195
212.2580197652181
209.89367882410684
204.63428457578024
210.91318027178446
212.97608828544617
215.0984572569529
214.72433773676553
217.87128027280173
210.1634212334951
210.1134074529012
210.5059737364451
213.9918556213379
210.37867093086243
209.84304555257162
209.68311429023743
213.50018167495728
213.33290449778238
211.49085911115012
211.5869016647339
214.22094694773355
213.53400905927023
207.19941520690918
208.78893860181174
206.67905449867249
203.66485500335693
208.0250953833262
221.02131509780884
209.67123119036356
211.3886846701304
212.70667306582132
219.35824942588806
212.25984120368958
215.47143864631653
211.24716909726462
208.3415269056956
219.1691377957662
214.474058230718
210.01627548535666
208.06797138849893
214.47318379084268
210.53817542394003
212.06477085749307
207.98992721239725
212.804309686025
216.52992542584738
218.83155512809753
211.16657749811807
210.80181670188904
211.9949373404185
214.7494900226593
212.8388967514038
207.58973558743796
205.44765003522238
