-2.971006373564402
-18.057598799467087
-31.592180172602337
-30.800617575645447
-31.732911109924316
-38.18542057275772
-36.486315965652466
-35.37470279137293
-38.861835261185966
-37.80954649051031
-38.99963500102361
-38.291685382525124
-42.542584319909416
-43.117593129475914
-42.918479998906456
-43.05474213759104
-43.288490414619446
-40.03172558546066
-39.274709701538086
-43.607331017653145
-46.29310597976049
-44.43869992097219
-43.90176810820898
-44.90818043549856
-45.014632761478424
-47.40413471062978
-47.929068426291145
-44.762551963329315
-44.47361262639364
-46.215158919493355
-44.7568616271019
-45.25693823893865
-43.97014834483465
-45.59125085671743
-45.84028045336405
-45.56957904497782
-47.247930665810905
-45.66924808422724
-47.15486133098602
-46.45772409439087
-47.911345064640045
-49.09220818678538
-48.79063904285431
-50.19629716873169
-50.0078497727712
-50.777093052864075
-50.73686136802038
-50.8567331234614
-51.04482058684031
-50.66449366013209
-50.22456959883372
-51.86348750193914
-51.24541481335958
-51.562681913375854
-51.936851700146995
-53.01389773686727
-53.189666191736855
-53.6840291817983
-52.8849587837855
-53.105717261632286
-52.613878766695656
-52.23156054814657
-52.50137927134832
-53.13355644543966
-53.609900534152985
-51.945852160453796
-52.53709753354391
-53.49087544282278
-53.20374810695648
-53.91061270236969
-53.58267364899317
-53.653307000796
-53.45276236534119
-53.52544240156809
-52.97771600882212
-53.45267689228058
-53.41944485902786
-53.11627638339996
-53.4114773273468
-53.64702355861664
-52.14680802822113
-52.544166564941406
-52.90293776988983
-53.1128206650416
-53.085344433784485
-53.33789579073588
-53.93822948137919
-53.93541963895162
-54.30448627471924
-54.710035721460976
-54.48281476895014
-54.68732569615046
-54.56027076641718
-54.26412729422251
-54.37832109133402
-54.58852952718735
-54.52250015735626
-54.34133134285609
-54.001163840293884
-54.4052309791247
-54.335716247558594
-54.539621233940125
-54.432563622792564
-54.464847366015114
-54.19481907288233
-53.00183367729187
-53.14136185248693
-53.514973640441895
-53.20089598496755
-52.764089822769165
-53.3325008948644
-53.06153895457586
-53.69275623559952
-53.997615456581116
-54.16793419917425
-54.721410075823464
-54.21237671375275
-54.24769047896067
-53.92128268877665
-53.28730491797129
-53.85323238372803
-53.803398291269936
-53.75950562953949
-53.36142158508301
-53.27604031562805
-54.10252630710602
-53.653621435165405
-54.287359952926636
-54.247030317783356
-54.25382421414057
-54.58660972118378
-54.79584379990896
-54.274154583613075
-54.628625432650246
-54.37984172503153
-54.800410429636635
-54.44429930051168
-54.854176799456276
-54.908256371816
-54.623242020606995
-54.83880366881689
-54.62122515837351
-54.92620048920313
-55.124587853749595
-54.94515132904053
-54.09881246089935
-54.321452955404915
-53.92038917541504
-54.03176609675089
-54.52234943707784
-53.2699609597524
-52.36452988783518
-53.59426220258077
-53.803495546182
-53.94904148578644
-53.84011729558309
-54.47623658180237
-54.62202282746633
-54.674219727516174
-54.9239653746287
-54.700827836990356
-54.60957940419515
-54.86790190140406
-55.458630323410034
-54.97657287120819
-55.31500118970871
-54.849002639452614
-54.87701509396235
-54.942335069179535
-54.68812918663025
-54.866980850696564
-54.89167590936025
-54.81737341483434
-54.66504828135172
-54.91604824860891
-54.84625566005707
-55.003429889678955
-55.138806899388634
-55.10929544766744
-54.89540648460388
-55.11328595876694
-55.04376749197642
-55.01377363999685
-54.99970861275991
-54.94462939103445
-54.71824304262797
-55.11852943897247
-54.92835466066996
-54.075479646523796
-54.74892004330953
-54.65662125746409
-55.23333509763082
-54.892730156580605
-54.85735762119293
-54.91088159879049
-54.96230504910151
-54.863243778546654
-55.36303015549978
-55.27567426363627
-54.8349514802297
