-1.8309041457250714
-10.616266883909702
-14.06591847538948
-19.032217755913734
-18.40152557194233
-24.176469922065735
-21.251436099410057
-24.6993488073349
-27.821864902973175
-30.5856194794178
-30.40861850976944
-30.92970436811447
-31.603698655962944
-30.048174768686295
-31.277254432439804
-40.079963982105255
-38.700285166502
-35.65403063595295
-38.75305858254433
-40.856430262327194
-42.23622491955757
-42.70433086156845
-40.8575584590435
-44.54412758350372
-49.90095669031143
-46.76689672470093
-43.482721120119095
-51.30470538139343
-48.234720945358276
-47.7343707382679
-50.920725643634796
-53.79198628664017
-52.41454875469208
-56.23817867040634
-50.346120953559875
-53.608533442020416
-54.825192868709564
-51.26144105195999
-55.533106088638306
-50.60153663158417
-61.24466744065285
-52.50056368112564
-51.24531891942024
-61.5820032954216
-64.49323433637619
-64.06641334295273
-57.393714010715485
-63.95821726322174
-59.74818500876427
-63.49687546491623
-56.63159194588661
-64.48749765753746
-66.16001403331757
-72.87379685044289
-63.278438448905945
-60.57600438594818
-59.89258915185928
-68.13842785358429
-59.54032987356186
-65.42816692590714
-65.89275228977203
-69.28731489181519
-67.59060776233673
-59.038710445165634
-58.360714584589005
-70.75812077522278
-68.37362664937973
-70.93720185756683
-67.48785623908043
-69.13540622591972
-67.36826235055923
-59.78525432944298
-68.99050346016884
-65.81930869817734
-71.53398770093918
-60.552735328674316
-56.95070540904999
-67.43849259614944
-62.704276978969574
-65.33806228637695
-64.22300100326538
-64.14277815818787
-62.55408579111099
-61.38537472486496
-59.55041313171387
-66.75979161262512
-78.95992958545685
-68.3549912571907
-59.542556047439575
-63.78781422972679
-73.9474925994873
-66.63051235675812
-59.5320346057415
-76.15123853087425
-66.05394339561462
-71.3059811592102
-61.60188776254654
-79.77445235848427
-66.30047452449799
-68.41525912284851
-69.7804728448391
-66.13792353868484
-66.83295819163322
-57.53776055574417
-73.05118060112
-59.75166529417038
-78.05917027592659
-64.15131014585495
-67.26614040136337
-65.95668679475784
-68.05072063207626
-75.4722403883934
-69.70807182788849
-65.67617881298065
-60.04859256744385
-72.8243727684021
-75.86700850725174
-65.79558634757996
-66.68586450815201
-61.866379380226135
-70.4554517865181
-56.59222090244293
-77.40498742461205
-66.4121156334877
-67.00977784395218
-72.1339919269085
-66.08360892534256
-71.78593820333481
-64.60866296291351
-66.73856741189957
-70.93295097351074
-70.48603397607803
-64.64446306228638
-69.09998890757561
-62.08175414800644
-69.69405499100685
-60.16937509179115
-65.986896276474
-56.879629015922546
-70.59456750750542
-66.59138810634613
-65.88254815340042
-62.63742125034332
-71.81023472547531
-70.00341257452965
-61.997884809970856
-82.4567853808403
-67.34326070547104
-72.83979481458664
-77.94450721144676
-57.8282510638237
-66.93371018767357
-55.878334283828735
-68.51230418682098
-64.83352163434029
-68.60270094871521
-64.41345974802971
-69.83536666631699
-67.6580074429512
-66.61277851462364
-61.244118452072144
-72.08639109134674
-70.02884736657143
-50.506939351558685
-80.46981942653656
-66.5878221988678
-71.0324438214302
-73.8748145699501
-71.09859442710876
-75.99424794316292
-56.01210618019104
-67.46360504627228
-72.03543084859848
-71.51347869634628
-70.33265462517738
-73.67060089111328
-60.968536257743835
-74.23360127210617
-72.87833482027054
-62.78482720255852
-62.17441737651825
-67.67808330059052
-65.84004434943199
-57.5367431640625
-57.53724682331085
-66.29998597502708
-67.4157372713089
-71.08849102258682
-72.06573098897934
-66.36378952860832
-66.96003645658493
-72.83627927303314
-72.97332999110222
-70.05607518553734
-62.410296112298965
-70.87283420562744
-70.72505050897598
-66.83777317404747
-71.6384466290474
-66.40061205625534
