656.9900465011597
576.7940766811371
545.6502869129181
517.3964939117432
485.59004974365234
477.48387575149536
461.83062982559204
448.72154808044434
455.96642446517944
437.796977519989
425.48061513900757
413.71320104599
415.28945302963257
418.2276802062988
411.26767349243164
379.62179589271545
394.4590332508087
379.7267987728119
390.6562850475311
380.64744758605957
376.40075397491455
376.6058440208435
369.4245092868805
364.30152916908264
381.5902976989746
355.201051235199
357.43064999580383
358.19496297836304
350.0408809185028
344.3668975830078
347.1862208843231
349.4703357219696
339.22228026390076
353.8296072483063
333.7769783735275
358.7352886199951
333.0977838039398
333.0813242197037
339.95826745033264
339.03435492515564
343.56938338279724
328.5117245912552
330.5826505422592
333.37278175354004
328.79590928554535
328.9917722940445
324.29327619075775
326.2667944431305
322.6627901792526
310.9732015132904
315.4912667274475
325.5617319345474
322.8215435743332
310.7946845293045
310.49035346508026
319.123193860054
320.33209693431854
319.9940207004547
306.2976722717285
297.8857972621918
311.9667398929596
307.9394201040268
301.131196141243
305.8398460149765
307.5131833553314
306.0476961135864
314.9227361679077
298.8620299100876
309.6039534807205
302.13323628902435
308.91821134090424
303.8533937931061
297.88152623176575
295.56715154647827
290.7204990386963
292.9407901763916
293.05199813842773
295.16625893116
299.74667716026306
297.9640860557556
287.8864688873291
303.3614194393158
289.3147659301758
287.09594547748566
293.6545760631561
289.4894349575043
295.14554846286774
280.14579033851624
280.2168062925339
283.6872602701187
291.32720696926117
295.6265027523041
284.881255030632
284.0756621360779
278.63644444942474
281.2230771780014
285.04407799243927
285.4795014858246
273.89832043647766
274.5442533493042
287.4313623905182
277.52936112880707
276.9766253232956
285.8800919055939
283.5364445447922
268.21960270404816
272.5208728313446
282.1040779352188
271.959010720253
278.0122091770172
281.28049433231354
287.43506932258606
268.09604501724243
276.9466676712036
265.98389959335327
265.7493555545807
280.87293326854706
272.74292612075806
277.79474925994873
278.4374386072159
270.58051550388336
269.8821415901184
269.0343621969223
268.59027576446533
281.8023054599762
280.49722361564636
264.90131425857544
271.9093096256256
276.18604147434235
269.3696985244751
259.4419502019882
269.57956326007843
272.41159892082214
273.32263791561127
279.01404786109924
277.3054745197296
269.78497564792633
263.5066817998886
273.93680000305176
265.0140734910965
268.315922498703
264.86255264282227
261.8722470998764
269.1587458848953
271.7057305574417
269.64270198345184
258.84495282173157
267.2165552377701
272.2673307657242
258.1963001489639
268.0631057024002
267.83537113666534
261.7067849636078
262.89892625808716
257.5463984012604
253.35510730743408
262.5578079223633
259.04669857025146
270.0931143760681
259.40862810611725
264.1470341682434
254.24755120277405
261.37030029296875
254.4039877653122
257.42785716056824
256.586544752121
255.2598659992218
265.0357106924057
255.83311080932617
262.3479028940201
256.7204576730728
261.85961532592773
257.07579934597015
248.89812588691711
261.112890124321
261.1227819919586
265.6540229320526
257.1374875307083
262.1198056936264
263.6362632513046
255.05993342399597
257.3028892278671
259.02185809612274
257.2753289937973
265.8574206829071
262.36172330379486
257.1900292634964
261.41403806209564
244.06116378307343
251.69103729724884
251.08839893341064
251.03910076618195
252.65739822387695
258.3248944282532
250.78044152259827
243.08331942558289
248.19955050945282
253.5918674468994
258.0347867012024
259.4832099676132
