-2.981477916240692
-11.699519962072372
-19.099565347035725
-25.94180727005005
-30.220308621724445
-35.04727331797282
-37.35031964381536
-39.582475105921425
-41.979061245918274
-41.68578286965688
-41.62204325199127
-43.84716407457987
-44.079265316327415
-43.66710682710012
-43.49467130502065
-44.299708823362984
-44.82174630959829
-46.54153907299042
-45.91413565476736
-45.47653683026632
-48.02447501818339
-46.427807450294495
-46.14740278323492
-45.767090479532875
-45.020294646422066
-47.08904671669006
-44.51112679640452
-45.59865087270737
-45.407364984353386
-47.345291217168175
-47.52005751927694
-45.215919276078544
-47.4508109887441
-47.734309335549675
-46.50509520371755
-46.51720498005549
-47.23357371489207
-46.6074250737826
-47.69519271453222
-46.76751571893692
-47.9694744348526
-47.816907008488975
-46.679619352022804
-47.93064320087433
-47.01939104000727
-47.334988037745156
-47.98967087268829
-47.684229056040444
-47.36027069886526
-48.03269366423289
-48.08371114730835
-49.10940708716711
-47.53675266106924
-48.167352040608726
-48.39069221417109
-48.459688901901245
-49.33501080671946
-49.78803279002508
-49.53379480044047
-49.01069152355194
-49.10362819830576
-48.97432029247284
-49.27492149670919
-48.70695491631826
-48.88578335444132
-48.72373950481415
-49.47943594058355
-49.08158894379934
-48.46578391393026
-48.86470834414164
-49.73925391832987
-49.613982717196144
-50.21714190642039
-49.23566214243571
-48.90012510617574
-49.09371908505758
-50.385366320610046
-50.84326849381129
-49.693072855472565
-50.966366608937584
-50.011259277661644
-48.79817454020182
-48.95561190446218
-50.683392922083534
-50.16396868228912
-49.46623035271963
-49.80515944957733
-50.3756694595019
-50.73257440328598
-50.944446881612144
-50.55545481046041
-49.45601775248846
-49.019232630729675
-49.37380931774775
-51.37900849183401
-48.9435426791509
-49.77338761091232
-48.95446228981018
-50.11239528656006
-50.428975423177086
-50.07704039414724
-49.96552401781082
-50.34334393342336
-49.79937279224396
-50.71046415964762
-50.21718613306681
-49.86111352841059
-48.916247387727104
-49.837818582852684
-50.99760830402374
-49.83511344591776
-50.59688925743103
-49.14996095498403
-49.46222627162933
-50.46115505695343
-48.98819633324941
-50.59234640995661
-50.11503310998281
-50.50091044108073
-50.05025533835093
-50.08796640237173
-50.01316706339518
-51.04359173774719
-50.84827848275503
-51.106053948402405
-50.56716924905777
-50.40222855408987
-50.52474226554235
-50.981387416521706
-51.09337250391642
-49.438554207483925
-49.89558172225952
-49.814270893732704
-49.94102454185486
-51.19360419114431
-50.54798781871796
-51.34299103418986
-50.0233468413353
-50.447888950506844
-50.980079690615334
-50.960623145103455
-50.794861694176994
-50.78950063387553
-50.07842642068863
-50.88584784666697
-49.407264033953346
-49.64526172478994
-50.04995393753052
-50.23339945077896
-50.66223259766897
-49.564451257387795
-49.785922050476074
-50.793244202931724
-51.45666531721751
-50.845667918523155
-50.98904540141424
-51.04852036635081
-51.43442036708196
-50.63123607635498
-50.93957773844401
-50.178107261657715
-50.703744888305664
-51.20931108792623
-51.16388952732086
-51.08498104413351
-51.24127952257792
-50.791290283203125
-50.251998245716095
-49.351181507110596
-51.10387700796127
-50.911225279172264
-49.25286853313446
-50.136440555254616
-50.74807035923004
-50.173805276552834
-50.78657921155294
-50.04864807923635
-51.16167497634888
-50.522117614746094
-50.36446477969488
-50.97343089183172
-51.009264985720314
-50.208314617474876
-50.92538595199585
-50.67299993832906
-51.388172109921776
-50.52111999193827
-51.74048809210459
-51.1586145957311
-50.58394221464793
-51.07262380917867
-51.14084553718567
-51.149134397506714
-51.31018936634064
-51.354226430257164
-51.3203242222468
-50.284817377726235
-50.19262476762136
-50.53543345133463
-50.375022212664284
