-0.020855558061157353
-12.5038256123662
-26.05494263768196
-32.57503321766853
-43.64403814077377
-57.383872509002686
-63.75493535399437
-66.11026257276535
-73.54440906643867
-74.6963432431221
-64.49053472280502
-77.60381698608398
-71.82369250059128
-81.2495242357254
-84.07147663831711
-88.8097517490387
-96.53271156549454
-97.7398316860199
-94.84852540493011
-86.07234358787537
-88.7749086022377
-89.42237263917923
-75.97955620288849
-84.01005539298058
-80.94518813490868
-78.3282099366188
-80.93017908930779
-80.36363798379898
-76.24289947748184
-67.55380034446716
-65.38551706075668
-64.28868824243546
-65.5878974199295
-53.576556116342545
-60.289110004901886
-58.90315055847168
-62.546248853206635
-58.173731088638306
-55.73172914981842
-69.84097743034363
-68.42955297231674
-71.38359504938126
-58.56895250082016
-67.45414632558823
-63.15352088212967
-73.72131937742233
-60.174870014190674
-71.45175525546074
-70.01743948459625
-74.8460106253624
-78.28841078281403
-76.66611930727959
-91.60782063007355
-91.72994792461395
-87.00763881206512
-90.72253876924515
-100.91141426563263
-93.02789795398712
-105.56269735097885
-119.53860688209534
-123.85855269432068
-120.13068854808807
-122.7136344909668
-111.51417678594589
-115.64129161834717
-121.75658118724823
-98.33975028991699
-109.7087699174881
-89.1245488524437
-108.35582029819489
-102.63582265377045
-113.44397741556168
-118.84480619430542
-121.58068323135376
-122.39115154743195
-124.51606976985931
-123.62021106481552
-117.92721962928772
-123.08779287338257
-124.77569603919983
-126.02724897861481
-114.18239223957062
-129.42300021648407
-132.49117147922516
-128.98026359081268
-129.51095926761627
-127.3771162033081
-124.1488618850708
-118.50370800495148
-123.4806672334671
-129.48688435554504
-125.00406521558762
-111.85389494895935
-112.89577454328537
-116.07213181257248
-107.62922132015228
-115.05201029777527
-104.0051109790802
-106.36977100372314
-98.9749351143837
-72.66769444942474
-97.51070702075958
-92.27859401702881
-92.29018825292587
-101.84590363502502
-98.39686524868011
-100.34419322013855
-93.72546601295471
-98.79532015323639
-101.63011586666107
-94.6857830286026
-94.38108932971954
-101.69561171531677
-97.09730350971222
-97.20305180549622
-103.00645542144775
-94.91684174537659
-95.70230841636658
-89.26830327510834
-96.02202123403549
-94.4138976931572
-98.6630390882492
-93.95976829528809
-100.75054550170898
-90.00074470043182
-98.03564083576202
-94.50071847438812
-92.0263614654541
-92.60731226205826
-92.25165832042694
-93.77957916259766
-84.09288215637207
-88.32392203807831
-90.5482223033905
-97.13096809387207
-98.86577200889587
-97.26223176717758
-90.65741562843323
-90.10293716192245
-91.3974723815918
-95.78382062911987
-91.82903784513474
-99.86649256944656
-97.4419676065445
-94.87015253305435
-94.55920338630676
-85.76858669519424
-87.30292415618896
-93.94867771863937
-86.82563650608063
-90.38360631465912
-85.47263652086258
-79.8426276743412
-85.0901073217392
-94.16967332363129
-83.44852066040039
-81.53951612114906
-87.5657234787941
-84.92214703559875
-83.35124391317368
-80.29683262109756
-83.33917120099068
-82.38064217567444
-76.6831983923912
-82.71193915605545
-78.37762898206711
-78.28566080331802
-73.06638103723526
-74.1869221329689
-75.33172953128815
-78.7453002333641
-71.83812737464905
-69.12062886357307
-74.21793746948242
-74.00142443180084
-77.47519248723984
-86.60340189933777
-84.533312022686
-87.57664281129837
-92.06360203027725
-97.36504876613617
-92.5663446187973
-103.22683656215668
-106.64116275310516
-106.79530262947083
-99.18210023641586
-102.01915234327316
-116.08539819717407
-116.74692440032959
-115.78216511011124
-121.23594862222672
-118.36419439315796
-122.06568694114685
-124.42329573631287
-125.93685221672058
-125.2528225183487
-120.8643387556076
-123.95416736602783
-124.96553528308868
-128.64246940612793
