810.6661534309387
593.9769961833954
572.1873271465302
520.5013718605042
624.2015473842621
544.4121313095093
322.1078382730484
493.0608878135681
337.9161709547043
287.9870798587799
356.43670868873596
308.5095019340515
441.20832204818726
266.37147545814514
325.0063569545746
294.4885149002075
383.5020270347595
460.3121576309204
250.1789515018463
295.8949531316757
531.5638241767883
332.01564168930054
407.78968477249146
265.16289472579956
359.94306349754333
340.8909637928009
275.05323123931885
342.77541494369507
282.0429941415787
446.1757318973541
290.08673453330994
322.38716769218445
362.8223021030426
364.02854585647583
354.52941155433655
451.6084020137787
254.13896226882935
272.2739589214325
282.3886454105377
289.85484981536865
297.1072407960892
317.3896390199661
355.309237241745
309.07899951934814
312.18047273159027
277.8618366718292
390.6456880569458
369.95121598243713
317.2410192489624
256.50904166698456
340.03534746170044
376.46570587158203
291.79458260536194
444.6149523258209
314.4754464626312
308.59091341495514
307.5777726173401
286.9908217191696
381.7073481082916
397.29463481903076
375.8453588485718
306.18066215515137
289.80436301231384
367.7238736152649
296.3664789199829
363.2873206138611
316.788209438324
346.3208134174347
310.2745052576065
231.82149863243103
393.7173647880554
293.7179363965988
283.0721311569214
361.3598771095276
355.94010066986084
344.51098442077637
390.0351724624634
250.76291418075562
244.6734321117401
250.3594025373459
310.3983449935913
286.1824083328247
324.7596445083618
359.0031144618988
316.2159115076065
392.57961869239807
256.1147973537445
361.2578558921814
262.37618839740753
262.7441416978836
373.5971448421478
276.1196994781494
263.4291182756424
335.16210174560547
295.7672049999237
323.92500054836273
252.0677945613861
323.1875225305557
346.11745595932007
289.8649230003357
472.47371530532837
307.0108336210251
278.5501172542572
305.32311177253723
416.71815299987793
260.17578172683716
333.31780230998993
275.69862020015717
310.65154457092285
279.59760761260986
431.3143994808197
259.1539376974106
248.9204077720642
423.69745993614197
310.5948123931885
408.1979308128357
377.3533146381378
274.78947496414185
324.46711921691895
342.13056993484497
272.61588311195374
321.4932531118393
278.07305121421814
319.96142387390137
299.8551250696182
244.01609635353088
264.71848595142365
299.32106494903564
327.70411705970764
360.75645303726196
376.7815203666687
355.06921339035034
535.5047361850739
367.8286347389221
241.43419802188873
335.37647926807404
314.3023488521576
254.77421760559082
328.55066752433777
344.2547628879547
288.84805512428284
281.0466755628586
436.4200134277344
271.1103448867798
416.3622875213623
258.1253446340561
296.22281515598297
240.79517531394958
249.26487040519714
471.12052392959595
372.15744495391846
367.9821500778198
363.6109116077423
256.2928912639618
314.7846932411194
562.4544949531555
232.63776910305023
442.59697103500366
319.91766595840454
375.0729470252991
241.69978761672974
275.48444414138794
393.7369067668915
437.4076690673828
347.55880784988403
457.0821707248688
321.45829916000366
251.53580951690674
228.45794129371643
447.06898164749146
358.05772590637207
336.363671541214
352.0740122795105
519.2810659408569
271.55956864356995
335.2701668739319
353.0663015842438
270.17263209819794
288.3026123046875
263.28138494491577
299.0527958869934
330.5658484697342
370.5653579235077
265.59019923210144
312.3546985387802
299.2568383216858
290.93860363960266
314.01415503025055
288.7021349668503
252.34938037395477
258.47264790534973
277.67383074760437
260.70635652542114
333.98104095458984
262.6691770553589
283.29442620277405
383.92800188064575
321.60842990875244
313.8246784210205
268.95488476753235
