1060.3143286705017
862.509129524231
744.401035785675
716.5158004760742
658.2890038490295
655.1317050457001
646.1922369003296
613.2072703838348
614.5136415958405
600.1088662147522
648.6308743953705
611.4540526866913
574.2790441513062
562.5123956203461
557.5789928436279
555.0852751731873
534.779426574707
508.184606552124
520.9099402427673
550.181568145752
526.0691838264465
490.3388714790344
513.2371549606323
508.33848452568054
515.1967520713806
468.5820813179016
498.5543999671936
487.2243232727051
464.3720541000366
471.16887521743774
476.1359224319458
459.14064621925354
467.15402603149414
445.43583631515503
443.94516611099243
468.29003953933716
430.04779720306396
441.8102955818176
438.8503909111023
440.4690308570862
443.7117099761963
431.6875102519989
443.5832567214966
406.16209983825684
407.94803524017334
403.1013021469116
403.7230191230774
400.1633973121643
410.12303733825684
384.86202788352966
412.86552238464355
411.3093764781952
402.41213512420654
395.14928817749023
383.1793224811554
387.0699894428253
380.2639009952545
378.6375651359558
371.67917013168335
371.22579622268677
354.44918870925903
356.6757655143738
378.16541481018066
363.7507677078247
349.9973647594452
343.36445450782776
353.09482884407043
396.4715347290039
363.44176268577576
395.3909237384796
385.70358204841614
341.27994990348816
341.1347348690033
372.7698140144348
385.44030928611755
333.46654295921326
336.5758934020996
344.6603899002075
332.3762617111206
320.4811599254608
327.4000881910324
327.6042515039444
345.1889097690582
338.2855546474457
349.48625135421753
327.560050368309
325.13118386268616
309.92287051677704
326.1166435480118
342.20047783851624
323.3745412826538
328.49149763584137
365.96114683151245
316.8854559659958
316.20511305332184
317.3611923456192
321.88667142391205
294.4055118560791
340.8777074813843
319.2575902938843
293.16602659225464
304.9439973831177
310.9575276374817
286.2231442928314
331.53922033309937
316.804407119751
288.31878983974457
302.6703586578369
303.63496685028076
314.8507733345032
301.51510536670685
296.7629997730255
316.97125935554504
315.61732256412506
299.2147727012634
311.96754574775696
301.2418802976608
340.33665657043457
297.88507199287415
305.92681789398193
287.2589497566223
299.3131877183914
307.0832598209381
311.81491684913635
285.03136563301086
314.8861906528473
293.0499633550644
308.23720359802246
304.12174344062805
280.7794944047928
297.9765365123749
263.89282727241516
279.6870172023773
289.169228553772
295.6972769498825
311.9694193601608
293.9428504705429
292.5723332166672
296.39712154865265
297.00568294525146
315.1965253353119
299.9950819015503
279.66598439216614
278.1040564775467
273.10602414608
280.3999569416046
251.78193771839142
286.05522429943085
278.65340769290924
264.53602027893066
291.0021855831146
299.5697114467621
250.78302025794983
270.4514981508255
245.05645489692688
267.2734888792038
279.6413655281067
253.83459091186523
267.74102568626404
289.4798049926758
278.5453425645828
254.68948197364807
264.4785225391388
268.0837154388428
273.7458527088165
255.83335256576538
259.21048855781555
276.3056101799011
274.23927760124207
267.1552699804306
259.6121265888214
244.10609018802643
253.9156196117401
247.43165147304535
256.2227416038513
250.65468788146973
259.16602551937103
239.47637379169464
246.38796877861023
264.58046317100525
239.67427158355713
257.2908618450165
276.7976248264313
279.071585893631
245.2865868806839
257.6697747707367
258.4668256044388
257.3302278518677
233.65864610671997
246.71498465538025
234.77755534648895
251.89179587364197
293.5708477497101
249.04054057598114
274.5328505039215
264.5662398338318
236.6965172290802
240.02050709724426
234.13567185401917
238.61759448051453
