-3.434716060757637
-12.809411863485971
-20.547136674324673
-28.33219301700592
-34.81284753481547
-38.878292898337044
-42.86153334379196
-45.75535595417023
-47.028486132621765
-48.184252421061196
-48.86196200052897
-49.24558216333389
-49.47250521183014
-49.78680286804835
-49.70574152469635
-50.295466800530754
-50.86498455206553
-51.22182738780975
-50.969143191973366
-51.39836903413137
-51.073344906171165
-51.09686154127121
-51.076223293940224
-50.95890633265177
-51.094390749931335
-51.21747046709061
-51.44555252790451
-51.546055257320404
-50.79075084129969
-51.55700532595316
-51.67222132285436
-51.76185921827952
-51.30625363190969
-52.172150909900665
-52.048854748408
-52.14343090852102
-52.3470245997111
-51.65498663981756
-51.661162972450256
-51.43848796685537
-51.98224329948425
-51.46488265196482
-51.662576834360756
-52.416678627332054
-52.37433675924937
-52.31938930352529
-51.68913600842158
-52.486810644467674
-52.70581384499868
-52.226293782393135
-51.86300164461136
-51.67040546735128
-52.1843698422114
-52.81516043345133
-52.74123648802439
-52.87449896335602
-52.30629348754883
-52.316445330778755
-51.40343960126241
-51.98648011684418
-52.213222901026406
-52.03778862953186
-51.342541337013245
-51.117832005023956
-51.465255777041115
-50.82881383101145
-50.97378752628962
-51.09376607338587
-51.24435325463613
-50.89392650127411
-51.59514864285787
-51.95740123589834
-51.34281527996063
-51.80843997001648
-51.43221831321716
-51.777148723602295
-51.293956299622856
-52.12344698111216
-51.69255709648132
-52.455594758192696
-51.99082616964976
-52.55284355084101
-52.422481735547386
-52.6738007068634
-52.63081671794256
-53.03159725666046
-52.86533862352371
-52.505102117856346
-52.804113229115806
-52.43457770347595
-52.095856070518494
-52.79408176740011
-52.400832076867424
-52.13415880997976
-52.42766948541006
-52.24249255657196
-52.727031111717224
-52.444782177607216
-52.177523374557495
-52.26214371124903
-52.127171317736305
-51.68148318926493
-52.50861402352651
-52.56556272506714
-52.16436195373535
-52.2559920946757
-52.52238517999649
-51.673983017603554
-52.59891184171041
-52.780287543932594
-51.856733878453575
-52.724049150943756
-52.56799288590749
-52.205201268196106
-52.210312048594155
-52.59212658802668
-52.66344950596491
-52.56041502952576
-52.48798485596975
-52.2443056901296
-52.42006907860438
-52.655092438062034
-52.55038980642954
-52.38024655977885
-52.22022827466329
-52.28872789939245
-51.642467617988586
-51.93398378292719
-52.369624058405556
-52.443442026774086
-52.70785931746165
-52.46901341279348
-52.41594439744949
-52.86346264680227
-52.26820596059164
-52.937934497992195
-52.86397691567739
-53.00078948338827
-53.12374480565389
-53.403642455736794
-53.009661634763084
-53.37354006369909
-53.76876040299734
-53.62512940168381
-53.58227856953939
-53.47344978650411
-53.344847083091736
-53.351192553838096
-53.45609442392985
-53.583973149458565
-53.518922766049705
-53.37761265039444
-53.731110294659935
-53.891743103663124
-53.76515394449234
-54.05868522326151
-54.05904817581177
-54.34300444523493
-53.887266516685486
-54.33843346436819
-54.2058500846227
-54.239938815434776
-54.12918345133463
-53.64104153712591
-53.491093476613365
-53.40449674924215
-53.21460050344467
-52.73672674099604
-52.84134288628896
-52.952264507611595
-52.68430109818777
-52.86792641878128
-52.45832256476084
-52.92376367251078
-52.14548631509145
-53.114868779977165
-53.310389280319214
-53.35433612267176
-53.78881708780924
-53.26252508163452
-53.35633001724879
-52.93842395146688
-53.8383207321167
-53.4578072031339
-53.93015452226003
-53.86476590236028
-53.99326213200887
-53.90225940942764
-54.021249175071716
-53.945205330848694
-53.86111835638682
-53.69031204779943
-53.372068683306374
-53.150467018286385
-53.376256267229714
-53.33270541826884
-53.164177775382996
-53.11854042609533
-53.26481691996256
-53.656831900278725
