1.2156248004175723
-15.181015014648438
-24.00307011604309
-34.92869332432747
-37.94319465756416
-47.00371730327606
-51.740239679813385
-59.68116307258606
-65.64691117405891
-71.31276041269302
-71.70239120721817
-79.77152609825134
-87.42794245481491
-85.27297592163086
-93.01268744468689
-97.47282177209854
-104.7538709640503
-100.80101215839386
-108.03011393547058
-112.82610839605331
-115.17899286746979
-118.50221717357635
-118.84327507019043
-121.25628638267517
-119.33882540464401
-123.13840055465698
-121.9567152261734
-125.58690977096558
-126.89281761646271
-128.14066362380981
-126.43272489309311
-129.87003809213638
-129.2079780101776
-129.62811040878296
-130.42887824773788
-135.58742678165436
-130.91343873739243
-132.23585653305054
-130.17026937007904
-131.47629809379578
-133.64614272117615
-132.9144870042801
-138.14474654197693
-139.3115839958191
-132.38352942466736
-134.57244259119034
-135.09146344661713
-132.5078728199005
-133.7177630662918
-135.10109341144562
-135.46167314052582
-140.5143525004387
-139.82761311531067
-137.35179549455643
-133.51387172937393
-133.19679808616638
-135.3682745695114
-138.6991947889328
-139.10188043117523
-140.86442589759827
-139.76061636209488
-137.3521682024002
-142.04316985607147
-142.41112315654755
-138.09558939933777
-140.60149562358856
-140.95184099674225
-140.373972594738
-137.26046192646027
-141.44613218307495
-141.28125429153442
-141.4804414510727
-137.5781198143959
-141.11028212308884
-144.93695414066315
-142.59477746486664
-138.44482672214508
-140.3246442079544
-141.4495369195938
-143.90326404571533
-141.17185950279236
-144.09304285049438
-144.218776345253
-140.67081928253174
-145.09713792800903
-142.01305103302002
-143.5064812898636
-145.0737076997757
-143.93412828445435
-144.09974151849747
-143.72792011499405
-143.62771207094193
-144.63907998800278
-144.73258936405182
-146.0300760269165
-144.0667216181755
-144.74731636047363
-143.43643236160278
-142.84562999010086
-141.11964011192322
-142.7738585472107
-143.61643010377884
-141.06816613674164
-144.39674937725067
-147.88140654563904
-138.8859919309616
-145.76889848709106
-146.52535438537598
-142.75684493780136
-142.26008582115173
-144.399096429348
-144.04229414463043
-145.81825709342957
-141.25743120908737
-145.4050651192665
-147.30672127008438
-143.85775339603424
-142.02916812896729
-145.1515834927559
-144.59874695539474
-144.4695986509323
-143.8347865343094
-145.98557269573212
-144.94382405281067
-146.00191140174866
-145.83281284570694
-147.9931886792183
-146.82856732606888
-146.46551966667175
-149.1561278104782
-148.5737264752388
-148.8051176071167
-148.44103240966797
-149.04583650827408
-146.07306838035583
-147.20755076408386
-147.0810718536377
-149.91874849796295
-148.08959913253784
-149.09034991264343
-147.52372789382935
-148.56404614448547
-147.3078796863556
-146.7436000108719
-151.55495607852936
-147.3395094871521
-147.42228084802628
-150.50712323188782
-147.1008757352829
-150.54842329025269
-149.3825730085373
-150.5288611650467
-151.16492235660553
-153.15409433841705
-150.23118847608566
-151.75731629133224
-152.25910192728043
-147.29300159215927
-150.85376167297363
-149.14883482456207
-150.5611960887909
-153.61674565076828
-150.39803063869476
-151.11113154888153
-151.3859582543373
-150.60347324609756
-148.78174781799316
-151.00750869512558
-151.7849873304367
-150.4651381969452
-150.58923983573914
-148.9362301826477
-147.7862753868103
-151.00042724609375
-151.08686524629593
-151.4334533214569
-150.291295170784
-150.73709404468536
-150.80629682540894
-151.65141689777374
-152.4359165430069
-152.55268490314484
-152.85810387134552
-148.89724695682526
-151.9716635942459
-152.94330286979675
-153.3241901397705
-149.04884839057922
-150.40220093727112
-150.9972642660141
-149.49942195415497
-151.87167716026306
-149.00785052776337
-150.44726836681366
-149.4010573029518
-146.07811504602432
-149.75860500335693
-148.56162858009338
-151.69799530506134
-146.80944842100143
