1430.4591573079426
1146.3920720418294
1137.5592104593914
1332.4563369750977
1207.8691387176514
1257.853053410848
1159.9896081288655
1097.4598655700684
1178.138168970744
1151.8432369232178
1131.994239807129
1148.7449645996094
1163.510518391927
1201.8047631581624
1195.2469164530437
1221.1165021260579
1152.1765371958415
1135.7804152170818
1198.2960624694824
1068.405153910319
1137.4456405639648
1144.48251024882
1138.2086232503254
1155.1975059509277
1186.5283184051514
1183.809211730957
1088.1720237731934
1031.2520637512207
1187.4879659016926
1149.5593185424805
1186.2091115315754
1065.7420145670574
1284.7151489257812
1194.8856417338054
1190.0008513132732
1287.2214012145996
1124.3075510660808
1145.3774274190266
1353.564203898112
1143.1922823588054
1286.5844395955403
1246.6721363067627
1202.784496307373
1125.4354286193848
1133.7393430074055
1199.213316599528
1094.2660738627117
1185.592393875122
1096.8349933624268
1092.5497487386067
1002.7538649241129
1149.2100105285645
1049.6341743469238
1060.4188289642334
1108.291587193807
1205.998196919759
1172.9379018147786
1185.8061358133953
1154.0132338205974
1207.2534268697102
1206.7263781229656
1086.439032236735
1043.611535390218
1399.2787831624348
1175.4942042032878
1268.4320449829102
1129.0783055623372
1146.1727460225422
1234.45347849528
1216.4875996907551
1140.7795702616374
1099.1396656036377
1134.6754341125488
1173.6413650512695
1064.4978408813477
1047.8896547953289
1078.317647298177
1041.7684783935547
1108.3877385457356
1039.9957968393962
1273.9851779937744
1097.1027348836262
1061.451815923055
1097.5134518941243
1071.2107601165771
1101.4781653086345
1256.618782043457
1425.3766021728516
1251.4076436360676
1104.3881581624348
1257.9949855804443
1173.0522212982178
1345.052397410075
1148.110501607259
1105.974760691325
1105.0209064483643
1109.610741297404
1185.139804840088
1122.77206103007
1046.9617087046306
1123.9007746378581
1236.4870936075847
1147.397731145223
1170.359661102295
1140.4650230407715
1083.6954727172852
1122.7661889394124
1140.3369115193684
1149.1764316558838
1012.4116261800131
1077.8591232299805
1248.1773999532063
1133.4830729166667
1060.1280415852864
1074.4769248962402
992.328332901001
1043.136489232381
1104.9554049173992
1041.741190592448
1086.9575494130452
1015.4577687581381
1081.1264559427898
1153.6358547210693
1057.7706006368
1111.9886169433594
1124.296931584676
1156.5265636444092
1117.6697616577148
1140.7545375823975
1087.548360188802
1135.894853591919
1185.8213863372803
1112.9614137013752
1037.5895894368489
1166.3508485158284
1056.6613896687825
1074.095324198405
1079.7648086547852
1106.963944753011
1050.7783889770508
1049.8845329284668
1148.4632631937664
1050.8437321980794
1134.847697575887
1122.2560373942058
1068.8625888824463
1016.5442314147949
1124.2151222229004
1194.9920667012532
1041.2353191375732
1048.0389614105225
1023.0762996673584
1094.3544731140137
1217.3101895650227
1093.316686630249
1123.820676167806
1122.4828974405925
1212.0404218037922
1128.8393516540527
1246.5326455434163
1104.6581840515137
1149.4903469085693
1211.2080408732097
1058.4028434753418
1082.6593316396077
1069.3599135080974
1132.4027563730876
1100.8246777852376
1093.483133951823
1146.7261219024658
1021.9182224273682
1082.0047334035237
1053.3004137674968
1095.5454750061035
1189.1553738911946
1258.613509496053
1062.9757982889812
1085.8990955352783
1176.6539090474446
1070.7139625549316
1040.6954231262207
1177.659938176473
1149.298999150594
1161.2687187194824
1086.4674231211345
1076.8569202423096
1104.526444753011
1055.7535616556804
1049.54505666097
1007.812868754069
1406.424311319987
1127.6955070495605
1163.278881072998
1102.0674807230632
1064.681666692098
1023.8541361490885
1109.2661463419597
1057.1583722432454
1207.137664159139
1183.6378491719563
