798.8316922187805
745.1611986160278
697.8799247741699
687.1644735336304
702.6303582191467
673.3774664402008
646.4151766300201
651.8754472732544
643.4383490085602
616.6572153568268
644.0742893218994
624.9954755306244
640.6872816085815
638.4900782108307
617.9859893321991
593.6419620513916
579.3301017284393
601.2982676029205
598.9645926952362
595.5077173709869
570.5737237930298
594.5684130191803
595.5430541038513
572.1771733760834
558.4898908138275
593.9721610546112
574.9656324386597
579.5328950881958
563.5421168804169
563.2574486732483
550.3035342693329
560.1683251857758
555.3119621276855
561.9321398735046
541.8191726207733
555.9904918670654
543.4490945339203
549.6787147521973
557.8701884746552
548.6303782463074
558.0386927127838
531.18128490448
524.6896007061005
551.3561015129089
542.7885353565216
550.0256352424622
528.6256372928619
536.5867977142334
522.2774758338928
515.1919169425964
540.6277968883514
513.3857545852661
524.105678319931
513.8124949932098
528.9525322914124
496.21544671058655
509.08861446380615
514.7575612068176
536.1030430793762
502.2796652317047
486.5237534046173
495.318288564682
506.7567527294159
493.82012391090393
504.6076588630676
496.36275696754456
507.796466588974
500.9441623687744
500.2107539176941
499.1169672012329
503.3450858592987
501.9243235588074
503.4178948402405
485.9746036529541
505.4356746673584
499.89147424697876
492.2859375476837
484.9557614326477
489.2327148914337
488.87612414360046
473.54066705703735
479.5542778968811
479.4408941268921
479.4396450519562
468.7591679096222
466.2968785762787
473.60497426986694
477.96154618263245
479.18213415145874
487.60065746307373
488.8320438861847
482.9413661956787
446.52450585365295
470.7663507461548
460.6441295146942
470.32583022117615
454.39843249320984
478.9097955226898
441.02341866493225
470.9121298789978
454.7189209461212
442.90375995635986
465.0177049636841
455.5510869026184
464.0887155532837
460.0214455127716
468.90261006355286
440.851126909256
445.88526153564453
465.550133228302
451.731778383255
463.35103607177734
453.9162492752075
459.6570782661438
443.5815644264221
438.48280024528503
455.89973998069763
442.1329598426819
440.2169191837311
427.197811126709
458.0830020904541
444.6504099369049
425.87882828712463
452.77918815612793
447.49741435050964
436.75964093208313
455.99402499198914
443.46004152297974
444.1254358291626
453.15862488746643
445.71768403053284
446.52398204803467
447.02522373199463
438.72044682502747
435.33525228500366
442.05946588516235
423.8019390106201
433.3428568840027
441.9060311317444
446.62551975250244
437.4080719947815
435.6552975177765
429.24919509887695
445.56807708740234
430.78515434265137
429.4046847820282
427.4996440410614
422.5934388637543
454.56697702407837
433.656334400177
432.7829086780548
434.64068603515625
441.5801031589508
439.6429088115692
443.6885416507721
428.69992446899414
435.14112186431885
440.70297050476074
432.57008242607117
434.63750290870667
438.73197054862976
443.3050756454468
431.58021068573
435.24475479125977
437.69072556495667
427.03700280189514
424.93867778778076
432.3516957759857
431.4465193748474
433.72273683547974
425.1611340045929
433.70891642570496
431.4475266933441
425.79086923599243
439.6186525821686
451.15269112586975
423.07110929489136
444.9407594203949
427.9518494606018
429.98768043518066
423.9988899230957
424.73153281211853
423.43322014808655
424.80873370170593
416.7913246154785
426.87599301338196
431.4831051826477
415.82699847221375
413.5209240913391
431.3568277359009
422.61104679107666
422.51220870018005
429.4894607067108
411.2063479423523
416.95495343208313
426.90754222869873
413.6963586807251
427.03482699394226
413.29117488861084
401.28446221351624
