-3.6361930618683496
-9.870807458957037
-15.609441002209982
-16.20178274313609
-16.247049818436306
-20.03680757681529
-16.85993402202924
-19.000229338804882
-20.1741244494915
-17.404610693454742
-21.407708366711933
-21.21915826201439
-23.068479935328167
-20.961343973875046
-20.012250622113545
-22.215004205703735
-19.173709233601887
-18.39644471804301
-22.55665185054143
-19.672867864370346
-18.9047176639239
-22.956878026326496
-23.910341769456863
-22.025697588920593
-22.57728310426076
-21.563573946555454
-22.80882042646408
-21.356918414433796
-21.908624758323032
-21.170709838469822
-19.147531280914944
-20.726623197396595
-18.91420704126358
-23.466601808865864
-22.216190775235493
-21.160147309303284
-22.09642610947291
-23.98397782444954
-21.52215874195099
-20.982346951961517
-18.74037132660548
-19.97964721918106
-23.04304637511571
-19.28692336877187
-20.681612451871235
-21.558846831321716
-21.00221445163091
-21.48784140745799
-19.558160920937855
-19.994527995586395
-17.528196583191555
-21.21389627456665
-21.509523669878643
-17.292447487513225
-20.74191701412201
-20.50972831249237
-22.01487996180852
-22.121834009885788
-23.401352723439533
-21.623029828071594
-23.39444084962209
-22.577974994977314
-20.551740606625874
-23.471238046884537
-25.242900868256886
-26.67827836672465
-25.84191749493281
-23.841580470403034
-25.326139847437542
-25.497379302978516
-25.580471913019817
-25.263915598392487
-26.42669661839803
-26.724283576011658
-23.62983625133832
-24.358357747395832
-25.79508352279663
-24.482302844524384
-25.785685221354168
-25.833629846572876
-22.77353889743487
-22.092309027910233
-23.644789904356003
-21.48828770716985
-20.869766136010487
-22.50355891386668
-21.867674986521404
-23.531894902388256
-21.463808973630268
-25.858727941910427
-24.89486728111903
-21.458518515030544
-20.108351598183315
-23.273667136828106
-19.68005562822024
-18.901834040880203
-18.001125633716583
-20.54069009423256
-18.79329248269399
-19.779177953799564
-21.207787305116653
-20.755286912123363
-22.13783009847005
-22.733268837134045
-21.31794834136963
-23.23569170633952
-22.667498578627903
-24.366221129894257
-25.112473358710606
-26.732317705949146
-25.35274652640025
-24.674443582693737
-24.715392778317135
-24.69271359841029
-23.091922342777252
-26.70985386768977
-27.763939678668976
-28.804355323314667
-27.324648598829906
-26.97985316316287
-24.17717667420705
-27.204491525888443
-27.632693350315094
-26.934529304504395
-25.15988834698995
-27.303221374750137
-27.91249253352483
-26.79624859491984
-24.535231987635296
-25.890429109334946
-26.431291143099468
-25.716053287188213
-28.337094326814015
-23.957886318365734
-20.709641993045807
-23.823566257953644
-22.23762074112892
-21.57840218146642
-22.773315211137135
-21.685815314451855
-20.736805299917858
-26.319880346457165
-29.28526731332143
-23.142514030138653
-22.517881611982983
-21.71894906957944
-25.401658554871876
-23.44952275355657
-21.472657650709152
-24.207349449396133
-27.2884717186292
-18.847960829734802
-23.929648498694103
-23.24285364151001
-26.130012263854344
-20.69038289785385
-23.722654322783153
-23.09122856458028
-23.886923889319103
-24.373889942963917
-24.633514831463497
-25.58872852722804
-26.427060614029568
-26.87733083963394
-24.250874251127243
-24.811745663483936
-28.86663791537285
-27.5953531563282
-27.58950099349022
-26.556670506795246
-28.499472399552662
-27.074392328659695
-25.080845057964325
-23.688107589880627
-25.55379255612691
-24.010665466388065
-26.176904688278835
-25.74334990978241
-24.602197299400967
-21.06153021256129
-24.492197533448536
-25.274893989165623
-24.183734615643818
-23.664842575788498
-22.74341309070587
-23.26569167772929
-23.951459338267643
-21.70506054162979
-23.905229767163593
-25.953055640061695
-27.343791524569195
-27.887512922286987
-27.593836267789204
-32.16812825202942
-31.89853048324585
-28.496596535046894
-29.914755543073017
-31.292156954606373
-32.94835088650385
-31.504565238952637
