-3.47594794879357
-16.305660406748455
-28.345090468724568
-28.08347334464391
-33.29269200563431
-34.99165664116541
-35.15029366811117
-35.64302468299866
-36.25529074668884
-38.71963109572729
-38.63407822450002
-37.18047062555949
-34.47826490799586
-40.16762141386668
-39.17432916164398
-40.20765511194865
-39.947364926338196
-42.354635536670685
-42.63741381963094
-41.1974768837293
-44.38821550210317
-43.11451590061188
-44.58839269479116
-46.70812608798345
-45.35387974977493
-46.811483124891915
-48.73956263065338
-48.458376149336495
-48.421856025854744
-48.619353334108986
-48.031781593958534
-49.25176751613617
-47.37368110815684
-48.60267470280329
-49.64602681001028
-49.59313581387202
-49.426789820194244
-49.999968111515045
-49.81394084294637
-50.17111746470133
-49.953150967756905
-49.89463913440704
-50.536439736684166
-51.7516184647878
-51.0262935757637
-50.78338917096456
-50.05706902345022
-49.84186100959778
-49.91782861948013
-48.81118985017141
-49.113634010156
-49.33680737018585
-50.83908895651499
-49.23056117693583
-48.3843421737353
-50.20815952618917
-49.83590757846832
-50.37347191572189
-49.02534804741541
-50.24924087524414
-50.12982881069183
-51.52889712651571
-52.087910850842796
-51.97315116723379
-52.59517308076223
-52.90464369455973
-51.87159230311712
-52.22923449675242
-50.427753488222756
-51.74366899331411
-51.55270800987879
-50.980662961800896
-51.91583017508189
-51.240713040033974
-51.250670532385506
-51.36174434423447
-51.266713976860046
-51.12979334592819
-51.80454844236374
-50.90292282899221
-50.99852736790975
-51.98725243409475
-50.965887327988945
-52.26427944501241
-51.56854838132858
-51.47720845540365
-52.447322607040405
-50.86449269453684
-51.68772906064987
-51.38080755869547
-50.74089535077413
-51.220569372177124
-51.158602714538574
-51.648166139920555
-51.71724224090576
-51.238897482554115
-52.197424014409386
-52.16370093822479
-52.233657240867615
-52.74863942464193
-51.45670964320501
-51.537190675735474
-50.49798148870468
-50.55536838372549
-51.72894265254339
-51.08685978253683
-51.539172768592834
-51.823981980482735
-52.181252241134644
-50.87102278073629
-52.316284815470375
-51.440158009529114
-51.582724730173744
-52.11782399813334
-51.194965759913124
-51.957085847854614
-52.1991662979126
-52.91655308008194
-52.70896065235138
-52.80555999279022
-52.34595455725988
-52.15427621205648
-52.43866854906082
-51.964149137338005
-51.65778116385142
-52.33172404766083
-52.257726550102234
-52.36459914843241
-53.34923885265986
-52.99295961856842
-52.500601410865784
-52.69507749875387
-52.395887474219
-52.743841310342155
-51.64185440540314
-52.02259588241577
-51.85590744018555
-52.508623003959656
-52.497274935245514
-52.07878323396047
-52.365012447039284
-52.30471861362457
-51.70245508352915
-51.81761040290197
-51.56025743484497
-51.270198464393616
-51.682174603144325
-52.76458219687144
-52.289321303367615
-52.829303661982216
-51.951633294423424
-53.014304061730705
-53.21845002969106
-52.688467820485435
-53.53071480989456
-53.182357688744865
-53.82156948248545
-54.045583844184875
-54.32819128036499
-53.178509871164955
-53.54011563460032
-53.155672669410706
-53.73683651288351
-53.78135061264038
-53.58137734731039
-53.66527465979258
-53.80576652288437
-53.19148898124695
-53.54899470011393
-53.54582252105077
-53.14465214808782
-54.132139126459755
-53.91660386323929
-54.06314837932587
-54.07014513015747
-54.26165004571279
-53.5098884900411
-54.318736592928566
-53.68666903177897
-54.03901171684265
-54.130143682161965
-53.42741286754608
-53.7611137231191
-54.05263602733612
-54.094245771567024
-54.05298568805059
-53.76349079608917
-54.12456375360489
-53.80568059285482
-53.7511131366094
-53.546576937039696
-53.594632029533386
-53.36611600716909
-53.85894954204559
-53.705249627431236
-53.627593636512756
-53.49281042814255
-53.367055892944336
-53.50759629408518
-54.00505145390829
