229.69867992401123
234.11611604690552
231.61906599998474
226.80743837356567
218.19797722498575
221.49768789609274
226.70250209172568
220.48083774248758
211.59139450391135
211.61498729387918
228.21014173825583
222.79467542966208
218.38161627451578
217.05978655815125
216.47988104820251
219.37125317255655
214.499134461085
221.87262757619223
216.64134709040323
215.2415558497111
222.13240464528403
215.76601449648538
219.49281613032022
220.95963350931802
213.27478893597922
225.3161350886027
216.03256138165793
213.19739532470703
219.061333100001
225.87405681610107
219.30270298322043
214.20768920580545
214.22576761245728
209.05870350201926
217.64883637428284
210.11317229270935
213.5961594581604
217.116224527359
216.82204858462015
216.43808801968893
217.0602031548818
214.5918664932251
213.11455734570822
219.52500263849893
217.46672813097635
219.37224141756693
215.1795346736908
214.54228019714355
214.03829383850098
212.90770769119263
220.20881915092468
216.42829171816507
215.09486317634583
215.14550487200418
212.42982427279154
217.28514504432678
214.99814597765604
214.2377692858378
207.36297988891602
216.86096048355103
218.8745811780294
209.5821124712626
214.7669673760732
215.0823659102122
206.40423425038657
209.63751435279846
211.4595623811086
213.3742620150248
208.13050238291422
217.75695157051086
216.28635938962302
213.5399875640869
215.44983847935995
217.47322471936545
216.33611392974854
213.7006324927012
218.72223607699075
209.99316803614298
211.30656353632608
210.27629971504211
215.46971368789673
213.33604637781778
217.1851934591929
219.13249595959982
212.0919836362203
211.32885591189066
205.8878866036733
218.9676558971405
212.70493936538696
213.1225298245748
214.81999532381693
211.85484170913696
206.52552167574564
218.99162077903748
206.44013929367065
208.58260003725687
210.45748178164163
216.391970316569
219.4394223690033
216.2621098359426
208.2760650316874
213.31856155395508
202.14831280708313
212.5138897895813
208.9448439280192
210.97895208994547
210.37402081489563
211.69084095954895
215.3952159086863
208.64775522549948
208.4367257754008
213.9829081694285
219.30183831850687
204.09992162386575
214.14124854405722
210.36795457204184
214.5019164880117
210.76739358901978
206.63943688074747
211.24671371777853
209.08717823028564
213.15192000071207
210.2687213420868
206.69795552889505
215.94066707293192
211.71288029352823
212.35548361142477
209.23023732503256
208.48646791776022
209.5591622988383
210.29660725593567
211.79971607526144
210.12921102841696
214.86189452807108
211.7804089387258
210.4514807065328
207.24940299987793
207.5875794092814
206.60628612836203
209.05467009544373
212.86178278923035
206.96024552981058
208.0810945034027
208.77844484647116
210.61764931678772
210.83505431811014
209.0053884188334
206.93389097849527
214.4343236287435
207.24100947380066
216.367049296697
213.64446290334067
216.14673670132956
203.99326499303183
212.8527869383494
210.48696176211038
211.52814690272012
216.28602830568948
204.47236879666647
214.80296150843301
207.58661301930746
211.23997807502747
209.24311129252115
215.62461717923483
210.30613136291504
213.0501983165741
210.41291999816895
212.77674277623495
211.01631569862366
213.12350296974182
216.62331835428873
212.4792664051056
213.44180647532144
204.83106327056885
214.3895182609558
208.15814463297525
208.02695926030478
216.52363816897073
211.37748448053995
209.23887101809183
208.03904390335083
217.40990161895752
217.56943535804749
210.39603606859842
209.11970933278403
202.16253399848938
211.55890758832297
207.99097530047098
211.59086418151855
208.86577534675598
211.82883095741272
208.48181414604187
214.32588521639505
207.42696022987366
204.78861689567566
211.26199634869894
215.10028537114462
206.2309104601542
208.52721619606018
206.89222613970438
