616.4223397572836
593.5785080591837
577.3912658691406
453.2852252324422
527.7432072957357
497.4316743214925
442.4822540283203
453.44620513916016
415.97166506449383
465.19033257166546
424.7312885920207
416.7341121037801
412.85343805948895
489.46729977925617
409.99968910217285
528.494815826416
444.732629776001
423.2706921895345
434.6610148747762
475.7158301671346
483.7198425928752
410.4538799921672
470.60052903493244
427.12957127888996
437.1698869069417
468.45877901713055
403.41693623860675
499.48592376708984
380.005890528361
535.2613655726115
440.08275032043457
421.02130651474
422.57513904571533
503.1615843772888
451.1029682159424
469.88721656799316
475.6291313171387
528.8754332860311
461.70180288950604
463.94738547007245
441.46924527486163
440.0955441792806
450.026793162028
399.68323198954266
427.89397048950195
464.57732073465985
538.3649288813273
440.14024511973065
449.81028175354004
494.7937966982524
408.55829493204754
455.10198465983075
449.9699462254842
464.28678290049237
519.0647487640381
435.2455422083537
394.5800108909607
509.12000211079913
418.8833090464274
454.61181926727295
429.261066754659
464.6350345611572
362.57099231084186
391.9593132336934
439.8037503560384
440.91907628377277
486.17560990651447
416.30783923467
432.43424383799237
430.1310699780782
493.0468241373698
342.5964994430542
420.52792263031006
478.48412386576337
468.84310213724774
431.7075646718343
448.2015027999878
441.1211579640706
506.3140112559001
425.7180010477702
500.8812452952067
476.79084491729736
417.6293037732442
451.2663752237956
394.21170139312744
421.91169929504395
415.92272059122723
465.45849227905273
424.74900913238525
475.0636672973633
430.4601747194926
411.38366476694745
519.0497156778971
394.02664279937744
482.6115125020345
449.64414405822754
463.95980580647785
424.6789321899414
482.1396058400472
419.0439405441284
436.4354820251465
477.1693827311198
426.1471109390259
537.5322497685751
436.94209575653076
420.68485895792645
505.9625612894694
438.19664160410565
493.59948031107587
463.31257247924805
441.54256995519
477.8644282023112
476.6910521189372
458.17487080891925
463.64129225413006
448.7771342595418
433.837158203125
403.05322456359863
415.4062620798747
423.05188306172687
499.1719849904378
427.14032046000165
509.1077187856038
416.7578544616699
435.84825801849365
449.2777318954468
406.0195058186849
479.0725844701131
416.87017218271893
487.7858352661133
444.7491865158081
467.44176928202313
419.54224427541095
475.06384499867755
421.4437967936198
455.42681948343915
349.8952388763428
484.7896324793498
460.31383387247723
453.5990098317464
494.7960926691691
583.8081328074137
403.35119311014813
554.191930770874
438.2254711786906
434.2610371907552
460.6872164408366
437.3496154149373
459.8130858739217
396.9127713839213
438.86089515686035
468.3096520105998
397.5772822697957
511.3356186548869
450.29223823547363
514.3409932454427
431.1585605939229
419.82975578308105
486.06724548339844
445.9858455657959
399.40309460957843
520.938204129537
428.4737434387207
490.96343835194904
457.5988251368205
444.55348745981854
423.03367551167804
444.27473481496173
471.9710750579834
421.98018137613934
465.12675285339355
430.4436690012614
418.16607697804767
410.3260440826416
509.41481018066406
393.2236893971761
461.5030221939087
400.73537794748944
391.7654393513997
452.23727258046466
426.86224460601807
464.627646446228
424.6571849187215
431.384038289388
424.54864501953125
438.9859199523926
415.08102464675903
402.95419057210285
463.6858215332031
401.930606842041
417.97409693400067
511.0310827891032
402.8367795944214
401.3782704671224
458.57809193929035
433.9994360605876
453.33000628153485
438.00016021728516
411.6787230173747
425.04996426900226
