177.56936383247375
161.4705150127411
154.90937193234763
150.79173715909323
150.9915211200714
135.89622990290323
128.49049786726633
131.5095306634903
120.3874277273814
117.37755755583446
113.04714365800221
119.73607750733693
126.82822100321452
117.38834035396576
113.08858927090962
111.70547688007355
109.21031391620636
113.6964822212855
109.69840359687805
111.47811512152354
110.1456337372462
108.72326509157817
115.02709170182546
97.41889293988545
103.26629761854808
96.88738636175792
103.59000790119171
96.8559164206187
99.50065116087596
99.16896402835846
97.7196870247523
105.47594579060872
94.60435775915782
87.93834849198659
88.50213865439098
95.81822903951009
89.11447751522064
89.85582395394643
90.51048910617828
91.44984424114227
90.29625459512074
88.68652228514354
82.90499107042949
91.10354836781819
89.84116625785828
90.62619964281718
82.7809617916743
88.36278434594472
78.29009089867274
83.74240283171336
89.2016270160675
88.17629365126292
85.38122689723969
78.60606720050176
81.00505598386128
81.47534545262654
77.62263067563374
77.21038309733073
80.20114715894063
79.50286714235942
76.03653273979823
80.96268471082051
79.23464393615723
78.70220681031545
80.60308035214742
75.41387490431468
79.62699679533641
77.26465833187103
76.54636895656586
73.2496866385142
72.22486619154613
80.99203282594681
76.88716326157252
69.73362835248311
74.27694118022919
72.90828142563502
76.71024588743846
79.09536862373352
72.69072324037552
74.93436421950658
74.42309266328812
69.93859990437825
68.47482454776764
79.38350782791774
73.0443885922432
70.3717954158783
77.90794467926025
74.28264637788136
66.55687010288239
69.94421287377675
77.24844618638356
63.653595904509224
75.77875449260075
63.074603954950966
66.34063359101613
71.39973638455074
68.21300721168518
65.4083142876625
72.33408826589584
65.26255792379379
68.342023173968
68.3923438390096
72.05101970831554
64.3865807056427
69.44933531681697
63.9766289194425
70.19881262381871
73.8907161951065
66.27626021703084
65.32788564761479
63.95297449827194
70.64157350858052
67.10283136367798
72.07134449481964
61.36682212352753
66.07241187493007
65.58102236191432
61.7203160127004
66.53621649742126
68.9259968996048
65.15647874275844
69.42711810270946
63.69173858563105
64.62267752488454
68.10638495286305
63.24813932180405
66.80635499954224
65.59299703439076
67.88018675645192
64.65679039557774
68.55553094546
65.35902774333954
59.77566673358282
57.067407647768654
63.14737117290497
69.23203454415004
70.65526433785756
60.52661885817846
66.68948326508205
60.70735146601995
64.62706210215886
62.879577000935875
59.41586118936539
55.33522508541743
60.95007127523422
59.4204048315684
57.157367169857025
63.582885444164276
67.80409973859787
60.060277342796326
63.22930886348089
55.98817255099615
59.26802529891332
53.6151831249396
56.21126250425974
57.733564496040344
61.02100110054016
59.896551847457886
58.881870766480766
52.30974893768629
62.64282490809759
61.92029478152593
56.66167310873667
60.48842018842697
63.116151789824166
57.76960849761963
55.82819857199987
66.97058578332265
53.166771590709686
58.40491231282552
59.46281278133392
57.104874889055885
57.20034769177437
55.75816665093104
57.54853928089142
55.61513082186381
56.057433038949966
65.80207508802414
58.54783475399017
60.00650813182195
60.05886000394821
55.61696445941925
55.13248891631762
55.54146026571592
60.88617511590322
58.609142780303955
55.83816587924957
49.35283634066582
63.306469877560936
54.851763854424156
48.90753894050916
53.04937970638275
55.27049486835798
59.70594461758932
53.74527680873871
54.42298096418381
54.419062008460365
53.46052259206772
54.29173747698466
60.85217732191086
