749.0068182945251
698.3849539756775
673.0296595096588
673.8557815551758
660.6045470237732
623.7596569061279
613.8092036247253
631.8834388256073
611.7589881420135
598.7891178131104
593.1341123580933
607.820211648941
580.4204635620117
579.0042946338654
600.0522549152374
557.1484246253967
551.3467535972595
552.9658770561218
550.1999416351318
568.3244218826294
572.8101723194122
538.1302111148834
546.7276744842529
542.9483766555786
507.17914152145386
512.4387946128845
570.4492998123169
540.9674646854401
515.7012977600098
527.4107708930969
534.5203845500946
543.849846124649
502.30085921287537
518.5174782276154
531.2918884754181
503.4079022407532
519.6118290424347
506.3742940425873
515.7016603946686
496.9621114730835
515.5279583930969
516.8923914432526
505.9552495479584
493.21641778945923
509.2262544631958
511.6025993824005
510.92592310905457
480.9241907596588
494.72517943382263
486.7161512374878
483.23139333724976
481.68177485466003
485.19743728637695
491.02735352516174
499.1101577281952
484.1750090122223
489.24165987968445
491.40098810195923
471.7532811164856
480.48141384124756
468.2066738605499
474.38850688934326
476.89818048477173
473.19007992744446
467.1469748020172
456.5471234321594
477.46719455718994
478.37438559532166
460.6781768798828
463.9415261745453
440.82723331451416
480.2978401184082
474.28612303733826
463.77161169052124
456.8141031265259
452.05810928344727
457.57809376716614
454.33601903915405
447.07329297065735
475.5962817668915
467.78895902633667
465.2652635574341
452.7754409313202
452.99672865867615
457.6273717880249
440.27566599845886
458.9922480583191
448.3658437728882
443.44319915771484
451.7197308540344
466.61180663108826
466.8001751899719
467.76369547843933
449.4516122341156
457.81195282936096
455.8480041027069
444.57743978500366
444.069993019104
446.41466784477234
429.19947385787964
438.60895681381226
443.4751513004303
458.40163707733154
445.5834286212921
446.1047360897064
438.1627953052521
428.7782938480377
453.6566834449768
441.1896262168884
442.9128258228302
450.4846374988556
438.5262358188629
423.49635887145996
436.3032853603363
432.6420452594757
431.75592732429504
426.45021963119507
450.8835759162903
436.2396631240845
434.67815828323364
417.933301448822
448.1196551322937
439.37911224365234
440.4741883277893
429.4519078731537
437.2608826160431
431.3893439769745
431.17970085144043
433.8222599029541
438.5862720012665
446.4944877624512
414.59186482429504
415.08533000946045
420.5900435447693
413.6474030017853
430.44975757598877
426.5493800640106
427.7736749649048
437.14375162124634
425.596617937088
431.88905453681946
419.8393495082855
425.0511348247528
414.41151452064514
429.63270139694214
408.89382672309875
419.32662439346313
418.8864665031433
419.0993733406067
426.02678322792053
437.70885729789734
427.1703314781189
435.9525773525238
432.35012435913086
411.19994139671326
409.9164967536926
426.1215920448303
408.0355107784271
435.2733223438263
419.10054183006287
427.2085692882538
428.58855533599854
420.7488372325897
420.62638759613037
398.99188590049744
400.404025554657
419.8057453632355
405.808128118515
406.63860177993774
427.464307308197
411.14147663116455
426.458801984787
424.9338023662567
426.13448572158813
424.33307790756226
407.6179974079132
406.0170862674713
406.90401005744934
413.4862320423126
412.7838490009308
415.31366896629333
399.9995267391205
409.1705975532532
410.3945298194885
414.7073438167572
418.4048070907593
388.59430408477783
413.1549048423767
409.83405780792236
395.4265022277832
423.17353343963623
410.01795387268066
413.38521814346313
414.1451392173767
398.95932936668396
416.72887086868286
400.4198203086853
410.2383954524994
396.4169783592224
397.4821572303772
