866.8846793174744
883.5143795013428
903.3691911697388
1007.4608106613159
906.3306269645691
943.7941718101501
938.4626364707947
936.1576499938965
921.6271209716797
901.6809253692627
850.4877099990845
907.7255616188049
859.8303070068359
824.3446521759033
857.6369314193726
867.2719731330872
875.880033493042
885.069356918335
852.0809655189514
897.3762102127075
872.2627930641174
854.1964149475098
847.9997944831848
839.164644241333
865.1445164680481
855.4600758552551
835.8396067619324
844.3603930473328
836.5030670166016
855.1395874023438
841.5323262214661
829.4889068603516
823.8984503746033
826.4214205741882
832.8230504989624
835.1543078422546
842.2572731971741
858.7999410629272
823.1074233055115
860.6281032562256
852.8588571548462
859.2815198898315
840.0116782188416
835.0332684516907
807.2518272399902
825.8078427314758
837.0446820259094
838.853503704071
835.4540858268738
825.6407890319824
840.3038811683655
836.1544542312622
835.8424272537231
829.9036803245544
842.9553046226501
816.2904558181763
850.1111340522766
829.6665978431702
818.3292684555054
813.8819975852966
832.6663117408752
843.7303757667542
844.9015245437622
834.4434633255005
819.9001212120056
831.6438431739807
837.8203978538513
845.7644338607788
836.6790657043457
829.8892555236816
822.9236884117126
827.377809047699
830.1359276771545
848.9494943618774
834.2831788063049
819.1635699272156
809.4210271835327
843.5890288352966
819.2457671165466
840.9272904396057
820.2260894775391
824.8631391525269
824.7114772796631
827.82981300354
800.5880527496338
826.7422313690186
834.008704662323
815.514256477356
825.3700218200684
826.5161890983582
853.4654240608215
827.1749753952026
814.2739653587341
813.7794122695923
830.7737617492676
841.5897030830383
829.533390045166
827.2296929359436
817.9727582931519
820.4377069473267
823.2239499092102
806.6548500061035
822.4006080627441
847.1284236907959
830.1769456863403
829.4470024108887
821.6220717430115
825.7694034576416
819.4462637901306
833.8035340309143
824.6669940948486
824.4893836975098
832.1969013214111
823.1470713615417
831.3055453300476
821.3987693786621
820.6455368995667
817.745023727417
813.9050450325012
796.6036648750305
802.7826371192932
826.4393911361694
838.2461309432983
845.4088907241821
826.1590342521667
814.2952399253845
809.5154733657837
811.9862241744995
820.6714854240417
828.5339689254761
816.3122944831848
785.1569809913635
818.7141447067261
822.914421081543
819.2135329246521
809.6638312339783
838.3696684837341
830.2966151237488
808.4466681480408
830.3219995498657
801.4415335655212
831.55544090271
805.7622046470642
835.5979309082031
817.0801935195923
803.6814069747925
829.3610982894897
822.8869414329529
818.0146627426147
811.0750441551208
815.7734999656677
802.433057308197
811.9256238937378
804.4613132476807
816.4778170585632
822.0030798912048
819.4531135559082
819.4410257339478
803.3194975852966
822.8519673347473
813.9393744468689
811.2337975502014
818.0286846160889
816.4098834991455
811.110743522644
814.9374256134033
830.5336170196533
821.929666519165
816.140163898468
826.3613038063049
822.5172152519226
819.8014845848083
815.7039546966553
808.274215221405
813.2377972602844
832.1916632652283
824.5523209571838
820.7287817001343
811.3218774795532
834.8723392486572
833.2807760238647
820.7034778594971
819.4421539306641
831.2090845108032
806.366192817688
794.080855846405
812.344265460968
806.0322465896606
811.200918674469
824.345377445221
833.9944410324097
821.5014352798462
796.6906971931458
823.2552976608276
823.3989009857178
821.9319229125977
807.0100708007812
811.5874066352844
826.0612034797668
811.5230994224548
