132.52218580245972
122.06536825497945
112.704980413119
106.20736102263133
98.87599400679271
89.16913350423177
93.3552463054657
94.57192460695903
86.0133175055186
88.14317440986633
84.79475386937459
86.48943066596985
79.07473504543304
76.3218504389127
73.07513680060704
74.14341435829799
73.36543114980061
69.74365065495174
64.13686456282933
63.96705758571625
60.62038365999857
60.51068248351415
64.20469286044438
59.49376434087753
53.575377106666565
55.77938697735468
58.73153815666834
51.77608613173167
58.0556054910024
54.79612046480179
50.887699842453
51.15462575356165
49.69839463631312
48.834069073200226
49.569968461990356
49.24157748619715
47.73337765534719
48.4068915049235
47.308844616015755
44.5980424284935
44.85037141044935
40.84438173969587
43.374474078416824
44.576450496912
42.922809372345604
43.64376347263654
42.517370591561
46.12948522965113
41.64779953161875
40.98988704880079
44.27015683054924
39.43149868647257
41.13116162021955
35.61806361377239
33.75718455016613
37.75347076356411
38.62246639529864
35.512637043992676
39.604805459578834
35.171141773462296
35.621421034137406
40.49118992686272
35.626788387695946
34.238146970669426
31.772286027669907
34.26369063556194
37.140043795108795
37.536230792601906
32.69405770301819
34.005773474772774
35.93355684975783
32.79385428627332
37.078932931025825
34.82153563698133
32.764891604582466
34.82977450887362
35.409627924362816
36.65830725431442
30.542303221921127
30.888432689011097
34.652119333545365
30.337975141902763
29.112938811381657
29.687898859381676
34.407865131894745
34.84405824790398
29.44828139493863
30.47446882724762
31.94241556028525
33.77139453341564
28.691393487155437
30.450406322876614
27.547708076735336
30.281584282716114
29.47673871119817
29.253360693653423
27.66171005864938
29.457758204390604
30.642590804646414
29.506515093147755
27.247842953695606
31.850270181894302
29.856064274907112
26.45385359103481
29.677016062041123
28.131332588692505
26.51658476827045
29.07855099439621
25.77188365161419
27.483425458272297
26.190044249097507
26.983479376261432
26.558145113289356
26.30145778755347
30.643809594213963
30.908449292182922
21.768706715355318
28.54739818473657
23.381752108534176
24.016210719943047
29.024559040864307
24.87300903101762
27.739684974153835
30.600617963820696
23.095794267952442
30.96017388502757
25.28832082077861
33.206409315268196
22.891503608164687
24.858666730423767
23.325819944341976
24.15993308524291
27.320918157696724
26.585872878630955
25.424128925117355
22.78918554012974
25.83657265252744
24.564335194726784
24.66356683522463
24.488950387264293
23.5445175083975
25.48422045384844
20.816579232613247
23.137585076193016
25.04931955287854
24.55443660231928
21.87718914200862
21.344199997683365
20.531749919056892
23.01915152867635
19.03959567223986
24.909027010202408
22.9012409063677
21.098200008273125
20.665557113786537
24.094366072677076
19.20078705002864
24.41046687339743
19.83060169654588
19.9589405755202
19.132644166549046
19.496263194829226
24.013599317210417
25.654545466493193
24.126245501140755
20.44464847445488
21.39839621881644
18.4049096206824
22.069430179273088
20.691416571537655
20.822644834717114
19.80173318553716
23.23506336286664
24.006036195283134
22.815278676648933
25.07382941308121
21.565353970974684
18.44947788119316
19.09386137748758
21.846632326642673
20.7792209982872
24.63721492793411
20.99862839654088
21.441082938884694
19.446708501627047
16.4807158280164
23.647714506834745
22.26689500361681
22.192210386196773
19.848502187679212
18.12032261987527
20.828488066792488
20.926092327882845
24.452007509147126
21.51631822188695
21.11623271042481
17.902882298571058
20.67411612222592
18.228444111843903
19.516200239459675
