-0.6130429891248544
-4.820379709204038
-7.321258703867595
-8.954464554786682
-11.115903516610464
-11.024455115199089
-12.49065355459849
-17.08823408683141
-17.097513149182003
-13.35440619289875
-18.553293307622273
-19.088631480932236
-18.00730886061986
-19.131024767955143
-17.11819487810135
-19.113512982924778
-17.888460238774616
-18.086619277795155
-17.967530568440754
-20.19126921892166
-20.71795113881429
-18.631501803795498
-21.048717041810352
-17.22700168689092
-16.634206354618073
-16.583054731289547
-20.728561600049336
-21.40889306863149
-15.769025127092997
-22.075886835654575
-19.98224052786827
-22.517090181509655
-18.158993671337765
-21.322153717279434
-19.482516060272854
-22.476190159718197
-20.55933330456416
-22.12346951166789
-18.040271043777466
-22.479379852612812
-20.009838501612347
-21.042094886302948
-24.73477132121722
-22.5004727045695
-22.50332320233186
-21.543027023474377
-19.151513506968815
-21.953772286574047
-19.48197344938914
-20.056072890758514
-22.269390205542248
-23.416422645250957
-19.323690752188366
-23.467603594064713
-26.7769828637441
-17.485763251781464
-21.026236553986866
-24.27017019192378
-22.779583772023518
-18.39682800571124
-20.89309887091319
-22.452418824036915
-21.640513598918915
-19.87943826119105
-22.52691564957301
-20.541103462378185
-21.48169692357381
-21.861956775188446
-20.06212889154752
-21.593487004439037
-16.864704340696335
-20.650827566782635
-22.395350416501362
-19.4975542028745
-19.614868074655533
-16.484049300352734
-21.063806533813477
-19.6085022687912
-19.731572310129803
-17.85723415017128
-23.189293553431828
-21.384664009014767
-18.936558574438095
-16.997666200002033
-22.39285073677699
-18.59851360321045
-21.44318586587906
-23.658400307099026
-21.546795388062794
-23.178832054138184
-17.105011959870655
-20.64883283774058
-23.082563598950703
-22.163665642340977
-22.76252845923106
-19.609227279822033
-22.22761371731758
-22.962788661321003
-22.85754297176997
-19.24816099802653
-23.03779270251592
-18.93092645208041
-21.871033430099487
-21.602239271004994
-20.121330897013348
-18.97679070631663
-20.828594545523327
-20.614267110824585
-17.665579915046692
-23.112498710552853
-20.05239603916804
-20.396918068329494
-20.87334378560384
-18.056380078196526
-21.96366496880849
-22.34760343035062
-17.566806087891262
-22.694890817006428
-21.124252905448277
-19.844619075457256
-22.216943740844727
-19.916755934556324
-16.09917880098025
-17.684058487415314
-20.52644469340642
-22.04089547197024
-19.455252091089886
-20.695651332537334
-16.078216219941776
-19.324183583259583
-26.45355025927226
-20.233458906412125
-17.636481563250225
-19.55398299296697
-23.43709972500801
-22.295058359702427
-18.38286288579305
-20.711970051129658
-17.976155052582424
-19.056601802508037
-22.65193994839986
-24.0157786210378
-20.41966261466344
-20.836095412572224
-18.401311417420704
-19.612291951974232
-23.653748869895935
-23.60789277156194
-21.756616175174713
-22.378657062848408
-20.720175604025524
-21.80234895149867
-20.885194500287373
-21.488475372393925
-22.212396025657654
-20.60903302828471
-23.504639108975727
-23.406294465065002
-19.75135683019956
-23.270873447259266
-19.753279944260914
-22.50703094402949
-22.147077480951946
-21.77262689669927
-20.90298503637314
-20.60886745651563
-20.025895873705547
-21.6486812432607
-24.570921669403713
-17.877488762140274
-16.812869628270466
-21.417979896068573
-22.472282588481903
-21.873259623845417
-21.813590089480083
-22.97298890352249
-23.319081048170727
-18.920874163508415
-19.084333618481953
-20.52723507086436
-21.31054425239563
-21.32116413116455
-22.001200606425602
-23.234419862429302
-21.601227184136707
-20.547449509302776
-21.097256650527317
-20.71911297241847
-24.559477259715397
-19.961338718732197
-18.43443374832471
-20.36491511265437
-23.50755888223648
-20.038878699143726
-19.719409843285877
-18.674185415108997
-24.136381685733795
-20.91459455092748
-21.021688163280487
-21.932021776835125
