97.69103717803955
63.65556842088699
55.40892890095711
48.15795320272446
33.509789526462555
39.15454551577568
30.38847717642784
32.20991551876068
33.17987760901451
30.236830413341522
29.542057663202286
30.482422217726707
26.40810850262642
27.23068478703499
28.97142432630062
30.224415212869644
25.36588642001152
31.053732976317406
25.51597687602043
27.658145427703857
24.126257613301277
22.897099882364273
23.449692144989967
22.967420786619186
28.81310659646988
22.075238794088364
25.081656396389008
25.895302802324295
22.692775398492813
26.890256464481354
20.80668231844902
20.898705899715424
20.54453271627426
22.387562930583954
21.088730238378048
20.019163236021996
21.330115228891373
19.720217548310757
20.650521509349346
21.010430112481117
25.360890120267868
19.894900426268578
19.024219647049904
22.173845201730728
21.8622967004776
25.04588147997856
21.741418480873108
20.84234768897295
18.165732458233833
18.806480199098587
19.13478796184063
19.083262361586094
21.056409165263176
19.07796260714531
16.892731189727783
19.103053651750088
17.978791773319244
19.807825297117233
17.476424410939217
18.08515327423811
19.203509747982025
16.901571668684483
17.671791315078735
17.48911662399769
17.96138908714056
16.669584959745407
17.696944057941437
16.67606957256794
16.635459527373314
16.513210095465183
15.074866309762001
15.672706060111523
15.936843857169151
19.192247927188873
17.413202583789825
18.459273882210255
16.342022612690926
25.840461865067482
14.241267442703247
17.44504014402628
17.07336102426052
15.626117579638958
14.949952520430088
15.509412176907063
16.603338658809662
14.909202709794044
14.958860993385315
15.287504948675632
16.83315585553646
16.650251999497414
14.86890996992588
14.053017243742943
15.539870969951153
15.111916743218899
15.761119663715363
16.03744601458311
15.735295794904232
14.961064502596855
16.602829962968826
16.43848343193531
15.580220371484756
16.67622822523117
15.916035175323486
15.31963337212801
16.05226618796587
14.410353407263756
16.870133258402348
14.887962140142918
15.498130209743977
16.62016213685274
15.538906462490559
13.541202493011951
13.70201837271452
15.595545463263988
14.512704521417618
14.349080741405487
14.463314436376095
13.727190002799034
14.974680930376053
14.668524101376534
15.97589885443449
14.682785212993622
13.930542424321175
14.355185091495514
14.348475091159344
13.973417676985264
16.476047597825527
15.608085319399834
16.23796283453703
13.199441991746426
14.610902965068817
14.212662115693092
13.604156121611595
14.005877256393433
13.574397414922714
14.279235795140266
14.335173450410366
12.938974611461163
14.161310277879238
13.739398702979088
13.940572798252106
13.900959998369217
14.76089646667242
16.00100752711296
13.442181825637817
15.66218587756157
13.258022598922253
14.471772134304047
14.180003590881824
13.264187388122082
13.203729391098022
14.221450969576836
14.999630950391293
12.70739208906889
13.010437563061714
15.916347444057465
13.957927636802197
15.63324435800314
14.064017161726952
13.641653552651405
15.208995804190636
13.981362901628017
12.766786105930805
12.461772583425045
12.348526060581207
13.03114803135395
13.674100540578365
12.76245715469122
13.370108187198639
13.607802614569664
13.0203747600317
12.861560925841331
12.818378441035748
12.927064329385757
13.004660591483116
12.592972040176392
12.762496188282967
12.543388046324253
14.342100024223328
14.493241868913174
12.457912035286427
13.69091772288084
14.289142772555351
13.20462842285633
13.305950812995434
12.184223599731922
12.216078788042068
14.433942288160324
14.258837595582008
12.754427567124367
11.851035378873348
12.67352855950594
12.32123276591301
11.792374186217785
12.502720080316067
11.920803517103195
11.866511568427086
12.302524343132973
11.487514279782772
12.377783626317978
