347.38869794209796
265.60350306828815
252.71176449457803
230.753737449646
220.90349706013998
246.35342391331992
213.62536652882895
231.5676587422689
230.0139970779419
219.03618812561035
211.19342756271362
197.85734176635742
205.28017616271973
200.24591795603433
182.9801165262858
175.6109185218811
180.7051808834076
170.64825542767844
179.11438941955566
174.42607752482095
175.03916883468628
159.6197279294332
168.93856875101724
164.48260736465454
161.78557682037354
165.09599661827087
153.74176335334778
154.7269778251648
151.72280526161194
151.19888718922934
146.27455043792725
150.18085924784342
150.05920362472534
166.89807987213135
148.8213316599528
143.99272092183432
144.60167487462363
151.32917698224387
142.88601938883463
142.370174964269
134.40523290634155
138.49115371704102
131.14624881744385
130.3821534315745
135.07073259353638
134.17521635691324
133.85878562927246
138.88729890187582
132.05337659517923
126.25625967979431
127.56901327768962
132.51063092549643
131.33959221839905
124.95311037699382
122.68087490399678
121.03631925582886
129.33997209866843
129.1988377571106
125.35210744539897
121.76528024673462
131.24932384490967
124.71830034255981
120.8170400460561
128.08008392651877
121.58394702275594
127.45212570826213
121.50664615631104
119.65000788370769
123.79305855433147
121.15723888079326
113.62167119979858
122.55390810966492
117.59419433275859
125.11235602696736
123.2251426378886
121.5753568013509
113.2396997610728
128.81758181254068
114.01996231079102
117.90434916814168
116.32851672172546
115.68614554405212
110.94647669792175
108.95461924870808
113.33263127009074
111.10883053143819
110.16108385721843
109.3646049896876
116.28857199350993
109.48085522651672
122.00874082247417
106.53090969721477
110.33894284566243
115.99075897534688
108.843492825826
116.6257671515147
116.79353594779968
113.93287261327107
112.95941758155823
108.30100123087566
115.63854153951009
110.52595845858256
109.3998924891154
108.28742798169453
101.80088269710541
114.52353541056316
105.73904097080231
105.0772054195404
107.30723492304485
100.74918325742085
105.945498863856
103.99425303936005
101.34635305404663
101.34654808044434
101.76991868019104
105.81221350034077
107.12782645225525
99.94107015927632
110.77236684163411
104.09183490276337
102.05585813522339
99.12467447916667
102.39388453960419
103.17677068710327
112.91939242680867
107.82876356442769
100.15732904275258
102.21358021100362
102.07803312937419
97.44052636623383
101.34377924601237
103.80993994077046
103.12969207763672
105.53825942675273
110.77846050262451
96.69816434383392
101.63029873371124
109.92735183238983
96.45754464467366
99.73475170135498
103.19041458765666
110.4646445910136
106.08177852630615
103.05619589487712
104.77888496716817
101.62325501441956
101.07971449693044
106.67525180180867
101.87204460302989
107.69625504811604
102.72888215382893
101.27312231063843
107.95248254140218
95.72349381446838
95.55474730332692
102.24473905563354
100.83976213137309
97.54442723592122
95.90538589159648
98.03366196155548
101.58641270796458
100.47287789980571
96.93994426727295
99.19276475906372
105.49819040298462
94.22888406117757
104.35915120442708
95.9076299269994
94.70344110329945
104.50689546267192
94.25587916374207
96.5831371943156
93.4574435154597
103.61193505922954
95.86074701944987
98.76472846666972
99.62996490796407
97.34581247965495
102.10593589146931
97.83176946640015
94.01296536127727
94.03281164169312
93.99417507648468
95.59494455655415
98.75796894232433
95.83548561731975
101.86497163772583
97.36752267678578
98.50918118158977
99.3294575214386
94.00007239977519
102.06380844116211
92.99707659085591
99.94087314605713
95.40308527151744
99.85663330554962
98.45967936515808
90.07705203692119
97.1162961324056
90.07761359214783
