625.7051918506622
524.9333717823029
497.20278000831604
487.7171437740326
473.8769905567169
454.93605852127075
445.66844630241394
438.9349250793457
422.5037875175476
415.45896458625793
423.32966780662537
399.0000653266907
391.4195101261139
387.41497588157654
395.4063558578491
391.4016201496124
386.37626934051514
371.82523131370544
375.08487367630005
376.0565733909607
370.3803336620331
372.0297975540161
365.89192390441895
359.77709770202637
359.6705234050751
352.88317108154297
356.58522772789
349.3333806991577
341.40336656570435
342.85035943984985
336.1068456172943
338.7279689311981
334.08112812042236
336.1000965833664
337.15699529647827
329.255367398262
323.03650534152985
323.06658387184143
325.88195848464966
327.2184485197067
319.4272428750992
321.82413709163666
316.29019117355347
324.67571473121643
317.0192278623581
315.6538680791855
320.32111716270447
318.0435901880264
310.5229502916336
309.54965901374817
300.80353558063507
316.8783040046692
310.4157111644745
301.84524393081665
312.50603806972504
306.63061118125916
305.5708718299866
307.1091277599335
302.94767343997955
313.9083261489868
294.30234229564667
299.7653931379318
300.8753170967102
298.61298048496246
302.0038764476776
302.62799084186554
302.03143668174744
296.10824275016785
304.35735523700714
284.50594830513
297.81738018989563
291.6818233728409
291.53443253040314
297.3622535467148
292.356605887413
277.0014053583145
293.9548979997635
284.645018696785
286.6582051515579
283.5986968278885
277.19843685626984
283.6137663125992
282.97232604026794
282.9379563331604
290.76617085933685
283.7919408082962
284.4486117362976
280.1574147939682
275.6862906217575
279.75525295734406
282.74019956588745
280.43857753276825
279.0014362335205
281.98392498493195
278.9694639444351
281.6393213272095
280.9559363126755
271.44537901878357
278.29089391231537
278.39847552776337
278.33604192733765
271.05115485191345
277.5228337049484
273.0455447435379
275.3473480939865
277.0655312538147
280.14349365234375
276.36792290210724
267.406978726387
280.32531464099884
282.8947423696518
274.76032316684723
269.91828417778015
266.9870276451111
277.1381186246872
264.0066542625427
269.11668026447296
268.9503115415573
262.9074078798294
269.9909118413925
262.75332844257355
265.38863480091095
264.95540726184845
263.5116982460022
257.32293486595154
266.2678223848343
271.96997034549713
259.97049021720886
265.70553719997406
260.44870460033417
257.7904918193817
264.0387272834778
260.3878424167633
258.67187535762787
270.3245961666107
263.2601909637451
261.20360922813416
261.66278529167175
258.73382544517517
274.20154345035553
268.53394651412964
249.63042628765106
266.7898551225662
259.88506960868835
264.3000257015228
263.62256371974945
256.98566448688507
251.81654918193817
274.26923525333405
254.12685430049896
264.9386656284332
258.33782839775085
264.8489135503769
261.1263680458069
253.33145546913147
262.26850605010986
256.84909224510193
266.67064905166626
259.4837136268616
248.6450673341751
255.3720006942749
259.7100178003311
241.93842136859894
263.51953518390656
247.88321220874786
251.46330273151398
252.53289365768433
269.2209780216217
260.1530566215515
265.52045249938965
249.89289319515228
269.9610549211502
257.7516496181488
261.6117948293686
263.2782018184662
247.89181470870972
261.3202164173126
247.29912865161896
250.16343879699707
253.248774766922
264.2307221889496
245.633446931839
255.4767416715622
254.90103900432587
260.76812529563904
250.62019729614258
252.8755431175232
263.84582579135895
253.3943121433258
265.4325337409973
246.35311555862427
249.58799803256989
251.1444058418274
248.47956490516663
256.40607357025146
252.78577089309692
243.69089365005493
249.65996086597443
254.35205042362213
246.9379848241806
