7418.15128326416
6308.208789825439
5658.087688446045
5256.719135284424
5780.4931640625
5254.354434967041
5437.632892608643
4818.687412261963
4901.484802246094
4831.677791595459
4929.632987976074
4703.973014831543
4948.919672012329
4886.562950134277
4684.4597244262695
4580.68367767334
4620.055809020996
4949.0647258758545
4463.85729598999
4491.334365844727
4450.668998718262
4493.365442276001
4385.828632354736
4301.743486404419
4248.904876708984
4195.8383712768555
4627.817157745361
4631.540851593018
4300.320991516113
4354.028635025024
4256.27490234375
4230.953010559082
4188.29395866394
4218.782669067383
4194.380741119385
4243.435701370239
4125.297710418701
4138.787075042725
4110.6959438323975
4026.7445697784424
4278.3753089904785
3983.878574371338
3961.2543621063232
3918.5314865112305
3922.576877593994
3750.606819152832
3804.262565612793
3711.6498641967773
3833.3191108703613
3783.739377975464
3724.407190322876
3832.0523071289062
3643.0638847351074
3667.7539863586426
3659.1029739379883
3644.0309104919434
3749.7213459014893
3723.8450260162354
3782.8390769958496
3661.072483062744
3618.4859580993652
3690.0400619506836
3743.423107147217
3597.898624420166
3702.9027938842773
3662.4018211364746
3644.7742309570312
3673.8320655822754
3537.4988403320312
3521.67378616333
3594.3551197052
3648.3754348754883
3554.6187419891357
3647.240146636963
3509.7068424224854
3470.25186920166
3558.289249420166
3485.041883468628
3435.7142219543457
3310.9875621795654
3512.7835960388184
3392.7534580230713
3333.488962173462
3352.8903999328613
3262.757797241211
3281.901039123535
3316.7984199523926
3327.835729598999
3597.520839691162
3266.607204437256
3238.166654586792
3290.0846557617188
3220.891384124756
3269.796455383301
3230.8143577575684
3225.3429260253906
3242.2194595336914
3177.420030593872
3129.4858531951904
3207.64119720459
3216.2548179626465
3204.8155479431152
3158.4015350341797
3072.149929046631
3281.7211723327637
3225.139205932617
3132.612247467041
3056.1379165649414
3197.6518211364746
3083.4225482940674
3097.2026653289795
3051.573554992676
2995.801633834839
3039.636266708374
3050.9694862365723
3013.4982051849365
3057.27836227417
3010.5674724578857
3131.255832672119
3088.918800354004
3121.514659881592
3049.0763721466064
3001.7230548858643
2964.0290355682373
2983.358913421631
2998.15763092041
3021.765953063965
2947.53963470459
3084.7348022460938
3012.8554553985596
2949.4814224243164
3002.849639892578
2965.069232940674
2994.4181423187256
3025.9937896728516
2888.247417449951
2871.2935218811035
2972.2693843841553
2914.8045234680176
2855.1906089782715
2908.6703567504883
2881.0124530792236
2867.1907539367676
2857.692304611206
2912.332160949707
2885.884973526001
2870.477352142334
2837.9375801086426
2845.292133331299
2925.5604286193848
2869.033260345459
2830.9408264160156
2790.528820037842
2829.305263519287
2862.691827774048
2807.6596813201904
2826.894790649414
2780.909492492676
2971.345230102539
2813.6375122070312
2767.4362449645996
2826.8109817504883
2743.704788208008
2715.292282104492
2708.3219604492188
2681.6596097946167
2714.4058418273926
2724.734966278076
2783.1736221313477
2666.336280822754
2678.9390439987183
2698.7134313583374
2717.3958854675293
2602.220700263977
2610.257167816162
2583.2471714019775
2610.913133621216
2587.5821866989136
2533.969472885132
2529.765167236328
2479.8471364974976
2482.305154800415
2624.7187156677246
2491.1748762130737
2529.2313690185547
2565.2521114349365
2540.69690990448
2660.1835794448853
2457.818612098694
2496.7202854156494
2560.83780002594
2476.3950157165527
2508.8384075164795
2484.8129749298096
2542.1930599212646
2503.885301589966
2548.6250705718994
2470.182197570801
2463.136447906494
2575.8684425354004
