600.2444109916687
570.3794724941254
552.7160620689392
529.0578575134277
509.4676079750061
511.12452602386475
528.0140337944031
492.54864621162415
483.9753987789154
484.59510111808777
474.28298020362854
466.6432349681854
470.8841667175293
467.33312726020813
457.5767238140106
467.3120138645172
458.73775911331177
463.8366844654083
456.4366407394409
451.60590386390686
444.11294507980347
440.8727641105652
444.8094050884247
437.9001672267914
428.9021134376526
423.49345779418945
423.9292640686035
413.81111240386963
400.42755651474
405.34931468963623
401.4144868850708
406.7051250934601
418.1696586608887
398.25678515434265
397.7636020183563
405.1420488357544
409.09758710861206
393.0822706222534
398.34184312820435
389.8783128261566
393.79907846450806
383.4892542362213
376.6858654022217
374.2518615722656
392.2750861644745
380.26321601867676
384.3812952041626
373.6427159309387
376.10798692703247
381.9663095474243
369.5613031387329
375.83778381347656
364.77347803115845
371.8430004119873
361.6589298248291
362.39443349838257
362.6024649143219
356.2514023780823
360.3128299713135
368.2817265987396
372.11541962623596
357.45655822753906
360.07756066322327
357.95497941970825
353.5805175304413
360.9743158817291
354.4324269294739
351.3865375518799
356.843786239624
345.87799620628357
345.7378177642822
343.5166804790497
343.99688935279846
347.8974280357361
344.9944167137146
358.80358481407166
351.2576813697815
344.04943108558655
347.515412569046
340.4985930919647
338.5957684516907
338.69956254959106
345.11279678344727
343.63203859329224
345.55581545829773
331.02387619018555
334.4124150276184
331.6708970069885
345.1472067832947
338.299213886261
339.78573393821716
339.11433601379395
351.962602853775
333.6045858860016
331.72553396224976
335.6889091730118
342.62141609191895
333.0643005371094
339.83940386772156
333.3330329656601
333.32614290714264
331.53253173828125
329.40600180625916
344.04310512542725
326.9192547798157
328.0760190486908
334.27991235256195
332.5253851413727
333.79249107837677
322.18518018722534
331.8545513153076
333.8628623485565
318.9399424791336
328.23416805267334
315.3668830394745
318.63956010341644
333.72828459739685
321.9516031742096
319.8192710876465
312.756054520607
313.4802359342575
316.39575815200806
325.42987394332886
310.63055205345154
318.70576107501984
312.8983483314514
323.6642460823059
328.78466761112213
320.7456011772156
319.5886354446411
311.98539543151855
327.20432591438293
322.06921768188477
321.96534299850464
322.617440700531
319.8733036518097
316.1582123041153
317.44385290145874
313.9407618045807
324.0120530128479
316.98485815525055
320.3282288312912
311.70348727703094
313.75861847400665
309.65716004371643
310.1682130098343
319.5734249353409
315.27435076236725
306.624547123909
312.3253855705261
317.9403198957443
314.57323694229126
311.5790431499481
304.3544340133667
303.2707607746124
315.2048659324646
314.2210783958435
306.2294969558716
297.97220504283905
320.0720274448395
303.3752398490906
307.72790336608887
306.67199182510376
309.8533453941345
307.678041100502
311.93267238140106
313.87359380722046
298.0596604347229
305.35006761550903
312.8106713294983
315.7452520132065
303.19275403022766
307.6343637704849
320.8615233898163
314.7840082645416
299.08539271354675
301.1148977279663
292.5803917646408
324.594242811203
305.1289007663727
301.3084841966629
296.1629602909088
298.2590893507004
307.4024387598038
293.4466655254364
302.7170377969742
297.1505151987076
297.9005242586136
298.90504240989685
295.35611832141876
294.56686413288116
295.70356261730194
316.45343720912933
304.16181457042694
313.2681349515915
306.2929177284241
298.2241152524948
279.81671953201294
294.70772755146027
299.5718469619751
