5198.107704162598
4724.281200408936
4239.774219512939
3979.3316192626953
3521.798210144043
3575.7337493896484
3078.6892795562744
3407.696907043457
3160.2353382110596
2978.7503910064697
2943.125162124634
2952.962715148926
2757.467498779297
2759.3967151641846
2820.4376373291016
2735.930223464966
2780.2847938537598
2549.7418241500854
2703.9439125061035
2498.624520301819
2491.683048248291
2503.1813068389893
2464.553140640259
2421.6736068725586
2432.6445140838623
2366.920286178589
2376.826014518738
2453.90779876709
2297.8959217071533
2302.835328102112
2353.88800239563
2220.666666030884
2258.9051208496094
2228.771308898926
2205.518529891968
2163.7829875946045
2150.5018558502197
2196.9327917099
2176.2911434173584
2237.919856071472
2144.954996109009
2130.8304567337036
2076.9305362701416
2086.39626789093
2043.2022895812988
2125.7513151168823
2180.5889282226562
2101.490089416504
2033.12539768219
2145.1113319396973
2055.4242057800293
2023.511227607727
2045.667721748352
2018.872727394104
2051.4871215820312
2000.6550903320312
1984.1518287658691
1965.0579051971436
1968.3364448547363
1960.4474487304688
1944.9772930145264
1976.463812828064
1962.164080619812
1919.008783340454
1918.6297092437744
1908.691424369812
1888.3972606658936
1948.8727951049805
1907.1902780532837
1881.0652713775635
1879.8145847320557
1840.1969900131226
1883.5663223266602
1816.3570652008057
1897.418321609497
1788.8693580627441
1816.956943511963
1761.9336614608765
1792.4396171569824
1798.7520389556885
1755.2031621932983
1762.0031261444092
1737.2914276123047
1772.0933952331543
1693.3552570343018
1753.3911170959473
1723.5129222869873
1820.5918321609497
1716.6157722473145
1658.4759273529053
1672.589023590088
1646.0128993988037
1693.8950185775757
1714.955711364746
1629.1992225646973
1650.4599285125732
1609.6783571243286
1614.2491655349731
1595.606520652771
1632.4226417541504
1570.6574172973633
1587.2820405960083
1572.8035697937012
1567.6401357650757
1540.3640460968018
1618.939079284668
1601.220911026001
1595.6816263198853
1555.6675510406494
1555.417091369629
1613.8117475509644
1553.41792678833
1587.4648084640503
1563.8121643066406
1595.6466522216797
1561.0630712509155
1531.508991241455
1536.2645015716553
1525.0460357666016
1507.9309692382812
1559.3441829681396
1503.458475112915
1503.9461784362793
1602.151834487915
1486.1032638549805
1501.2346382141113
1483.1074180603027
1487.4806308746338
1522.862169265747
1525.0910024642944
1476.9555225372314
1443.1299285888672
1420.1646785736084
1433.422924041748
1562.0840892791748
1457.2394790649414
1416.4421129226685
1436.332221031189
1437.56662940979
1460.4512939453125
1404.7240171432495
1452.367280960083
1435.070252418518
1467.2691478729248
1408.3313455581665
1455.5096311569214
1389.7470445632935
1406.0960655212402
1394.7383480072021
1370.204743385315
1383.6829872131348
1414.649408340454
1373.8631629943848
1347.6124429702759
1358.4998636245728
1415.3875713348389
1358.4560251235962
1326.0795998573303
1371.064751625061
1315.4152398109436
1327.7008991241455
1343.930170059204
1331.8700695037842
1301.4816880226135
1320.4736709594727
1303.925039768219
1346.3312950134277
1341.6454105377197
1282.3245854377747
1279.013328075409
1278.3649373054504
1275.8970875740051
1264.5773258209229
1289.2580795288086
1290.1620874404907
1319.6948928833008
1264.7253613471985
1269.2590198516846
1241.9105644226074
1330.7077045440674
1285.5342245101929
1250.6713342666626
1259.194538116455
1231.4305839538574
1257.3434896469116
1263.3786973953247
1231.2387099266052
1278.7331323623657
1203.213336467743
1220.7405171394348
1212.0241498947144
1216.0240907669067
1208.421495437622
1208.563648223877
1199.6355829238892
1216.8054475784302
1191.4070801734924
1218.581470966339
1187.5678267478943
1195.5775399208069
