-3.656780963142713
-19.563063045342762
-29.742652118206024
-28.90220421552658
-33.63877214988073
-38.253910621007286
-34.28536945581436
-36.506707509358726
-37.43659337361654
-38.685793121655784
-40.61438179016113
-38.46115708351135
-35.687386552492775
-39.51157625516256
-41.51584243774414
-39.1524812579155
-42.438510735829674
-42.432575941085815
-41.89928219715754
-44.097028374671936
-42.08332576354345
-43.49925523996353
-44.27924472093582
-44.42648732662201
-45.644311825434364
-47.41597251097361
-47.816712419191994
-46.9513463973999
-47.61789778868357
-48.419843554496765
-49.324135541915894
-47.71634169419607
-50.23561372359594
-49.07595747709274
-49.85272546609243
-50.52156889438629
-50.54327611128489
-49.22161281108856
-49.70585352182388
-49.95603448152542
-50.78488290309906
-51.550537049770355
-51.80079426368078
-51.74370388189951
-51.911522348721824
-51.66594811280569
-51.29663767417272
-51.01535260677338
-51.71551183859507
-50.813093980153404
-51.42101355393728
-49.95226991176605
-50.25488078594208
-50.02340849240621
-50.43180664380392
-51.169720470905304
-51.6973460316658
-52.207719008127846
-51.964353919029236
-52.07966697216034
-52.04388417800268
-52.3448900381724
-52.34411472082138
-50.64643943309784
-49.48610140879949
-49.93112977345785
-49.02677321434021
-50.08871547381083
-49.75541126728058
-50.46915658315023
-50.47847390174866
-50.59656310081482
-49.822667916615806
-51.58826917409897
-49.401476542154946
-49.099780797958374
-48.94524413347244
-50.17183840274811
-50.95608671506246
-50.99130781491598
-52.03466339906057
-52.874873320261635
-53.531190971533455
-53.531646410624184
-53.957369128863014
-53.8210173646609
-53.49411880970001
-52.942102551460266
-53.066977659861244
-53.22377403577169
-52.72441474596659
-53.790602127710976
-52.817445953687034
-54.002210875352226
-53.47010517120361
-52.86033149560293
-54.058889269828796
-53.636718114217125
-53.84692939122518
-53.98735145727793
-53.08413096268972
-53.53741214672724
-53.74219556649526
-54.26287134488424
-54.04784886042277
-54.502694507439934
-54.549172163009644
-54.264616668224335
-54.21451457341512
-54.13873072465261
-53.794677098592125
-54.41581563154856
-53.97714308897654
-54.30613340934118
-54.009425620237984
-53.946688771247864
-54.26104557514191
-53.3453646103541
-53.660313069820404
-53.50465555985769
-53.60294304291407
-53.488699992497764
-53.52673828601837
-53.05148472388586
-52.95542542139689
-53.67326352993647
-52.99353655179342
-53.32956834634145
-53.42289191484451
-53.155367851257324
-52.856348832448326
-52.40020195643107
-52.94246659676234
-52.8326171040535
-51.736339588960014
-52.228774766127266
-52.80467895666758
-53.302037139733635
-52.72521324952444
-53.086276630560555
-54.037421544392906
-53.66061262289683
-54.02601452668508
-53.55698776245117
-54.33767060438792
-54.17978926499685
-53.994919180870056
-54.02458461125692
-54.012771010398865
-54.22964449723562
-53.4060175816218
-53.825051724910736
-53.36274999380112
-53.62165371576945
-53.114184300104775
-53.13124974568685
-53.45600080490112
-53.0171946088473
-52.756466348965965
-52.96899298826853
-53.881722847620644
-52.904174864292145
-54.07793354988098
-53.189857403437294
-54.06581242879232
-54.05132269859314
-54.489429553349815
-54.30275777975718
-53.88890540599823
-53.66781506935755
-54.484883069992065
-54.728067100048065
-54.43706222375234
-54.81952424844106
-54.66242027282715
-54.68641138076782
-55.012455224990845
-54.042442321777344
-54.26534922917684
-54.14218729734421
-54.70822914441427
-54.22018470366796
-54.64353100458781
-54.33173640569051
-54.65626939137777
-54.58263568083445
-54.345654348532356
-54.471477468808494
-54.37266715367635
-54.72126269340515
-54.5534413655599
-54.870767871538796
-55.089362263679504
-54.78855947653452
-54.99294110139211
-54.954740603764854
-55.28829576571783
-55.402414421240486
-55.22341299057007
-55.01861973603567
