2.1674660965800285
-15.15395088493824
-30.01302942633629
-42.5353028178215
-54.74628961086273
-67.8802017569542
-79.50250154733658
-88.18558698892593
-99.16877341270447
-107.11337351799011
-113.39233219623566
-118.8728398680687
-124.41392767429352
-129.2621717453003
-131.5484523177147
-133.66803175210953
-137.65692234039307
-139.1274058818817
-142.30534464120865
-141.92661303281784
-144.18382239341736
-141.7091128230095
-144.3962860107422
-145.188834130764
-148.64494389295578
-146.54622602462769
-148.91614425182343
-150.02034664154053
-149.48592388629913
-149.53030633926392
-147.7120057940483
-150.61007118225098
-151.7731614112854
-152.18324077129364
-152.64220529794693
-152.63827675580978
-153.12127590179443
-152.62245178222656
-151.11594653129578
-150.48188990354538
-152.60661673545837
-153.06470489501953
-153.08896112442017
-150.90263676643372
-151.41314578056335
-151.59511786699295
-149.86614632606506
-150.52722930908203
-147.25614380836487
-149.91178792715073
-146.73817056417465
-149.22099912166595
-150.80042415857315
-149.2922568321228
-147.97883439064026
-151.28087478876114
-151.3828758597374
-150.24680191278458
-150.72352546453476
-150.81562459468842
-152.57573235034943
-152.851233959198
-151.53050845861435
-153.49414491653442
-155.46726024150848
-154.58586663007736
-154.14332139492035
-154.88605761528015
-154.72542053461075
-153.9987711906433
-154.58132362365723
-153.76632237434387
-155.4517273902893
-155.30810391902924
-155.95244526863098
-154.94391798973083
-156.720787525177
-157.51674038171768
-156.18303054571152
-155.2099508047104
-156.10102474689484
-155.809406042099
-154.39944219589233
-155.87721872329712
-154.59101402759552
-154.78012800216675
-153.68853724002838
-152.73452603816986
-152.64916586875916
-153.22540241479874
-152.45924603939056
-150.7961027622223
-151.57044863700867
-152.44244396686554
-152.88033539056778
-151.76492154598236
-152.2253970503807
-151.62436032295227
-151.77479326725006
-152.3339557647705
-152.02575659751892
-151.5225204229355
-154.39678287506104
-153.34356087446213
-153.85537940263748
-152.4845095872879
-152.93379378318787
-152.23997294902802
-154.68952977657318
-152.0756994485855
-152.36364144086838
-153.22241067886353
-153.90478837490082
-152.90790569782257
-152.31546139717102
-152.53028213977814
-152.92756855487823
-153.60563492774963
-153.2723233103752
-151.23922216892242
-153.54601174592972
-153.33841347694397
-152.78624176979065
-153.03325641155243
-154.77218025922775
-153.93600517511368
-153.82329630851746
-155.49329942464828
-155.28104734420776
-155.9541778564453
-154.41654646396637
-156.5457256436348
-155.53821575641632
-154.7549248933792
-155.70587384700775
-155.30310761928558
-156.15199506282806
-156.37290000915527
-156.6319420337677
-156.6057215332985
-157.76895278692245
-156.24537348747253
-157.34712809324265
-157.24890446662903
-155.99527645111084
-157.06722450256348
-156.03168094158173
-155.2489138841629
-154.7851847410202
-155.78899776935577
-155.28529822826385
-153.91312897205353
-155.75843572616577
-154.85474008321762
-154.7940491437912
-153.9625580906868
-155.01809692382812
-156.19717329740524
-157.20820879936218
-156.75260871648788
-158.40130704641342
-155.58155059814453
-156.6102443933487
-156.1102316379547
-156.57470619678497
-157.25017368793488
-155.4917380809784
-154.53285145759583
-155.21576303243637
-154.61803030967712
-152.45563983917236
-152.01802039146423
-151.7210830450058
-149.13367468118668
-148.9533445239067
-148.70327770709991
-148.4852738380432
-149.3830263018608
-148.42799770832062
-149.31935369968414
-147.97881424427032
-150.0584937930107
-149.39853900671005
-149.14466452598572
-150.6663601398468
-151.56696331501007
-151.46083223819733
-148.49464190006256
-150.39454531669617
-150.37365353107452
-151.0335378050804
-150.78764128684998
-149.98549342155457
-151.95284688472748
-150.2578320503235
-151.35401618480682
-150.20490753650665
-150.02569550275803
-150.62838423252106
-151.2810359597206
