157.20027947425842
123.79861934979756
112.04685358206432
105.51248828570048
100.46176262696584
98.57705064614613
91.67155476411183
89.27901844183604
85.00393668810527
86.71105933189392
75.50338286161423
76.74163488547008
75.11300379037857
73.05883244673412
66.93852468331654
63.93554917971293
67.64924935499828
66.5382951895396
61.61971062421799
62.76937292019526
61.555929680665336
61.78576910495758
54.88662187258402
56.793984373410545
55.07402570048968
51.85353179772695
50.4383574227492
49.34476339817047
49.197451223929725
48.70798580845197
44.13531162341436
46.67602447668711
44.16849862535795
42.015063405036926
42.38451677560806
47.102294594049454
42.03448582688967
39.57252282897631
41.03065044681231
42.36087111632029
40.3019449810187
39.66930424173673
41.99687929948171
38.33247098326683
37.03011021018028
37.42261856794357
36.78309880197048
39.479119688272476
36.3387612948815
36.50707933306694
35.32927065094312
33.51223813990752
37.52385604381561
33.28254781663418
33.250823284188904
33.211949010690056
31.839839432388544
32.40046005944411
32.253355357795954
26.963160159687202
31.734013626972835
28.848504701008398
33.344761446118355
29.923815667629242
28.503760402401287
30.137574860826135
29.729552805423737
28.678171817213297
26.900535312170785
28.981867621342342
26.998754303902388
24.150286743417382
28.073638636618853
28.418279324968655
25.02523632844289
26.8915659536918
29.38659394532442
24.96878888271749
26.978318616747856
24.425119418650866
29.498084681729477
25.520471767832834
25.217273873587448
23.746824903413653
21.21777295693755
23.571062083045643
24.17414027204116
24.492580694456894
25.727301220099132
21.650306550165016
19.56832992533843
23.21265441613893
21.02541958789031
22.78472076108058
18.59236751496792
20.491179168224335
16.04715360701084
23.281659508744877
26.67177039881547
22.403750656793516
19.851289694507916
17.831195062647264
21.069760009646416
19.55915507177512
21.281501315534115
18.536528651913006
22.66921012972792
22.383438433210056
20.00556222504626
19.299246492485207
18.615073030193646
15.729584217071533
16.926674967010815
16.423794368902843
22.35996663570404
15.884471029043198
18.16303273042043
17.901753495136898
17.54147393008073
17.805544634660084
19.5046527000765
16.572167075239122
19.236034601926804
21.494706381112337
15.317828873793284
18.647533004482586
19.047107879072428
19.707142520695925
18.27756568292777
19.54419902463754
18.77257397895058
15.646387885014216
15.114311849077543
11.734905342260996
12.793134724100431
15.88296044866244
15.26218943297863
19.649416461586952
17.135091561824083
16.578363398710888
17.862979198495548
14.579557985067368
16.711325004696846
13.818702494104704
12.756223564346632
15.2342509329319
16.693822219967842
16.161079235374928
14.190914551417032
14.37895471851031
17.954114973545074
14.96042555073897
15.180956721305847
15.995481530825296
13.673865720629692
15.189950118462244
13.675476893782616
15.089545731743177
14.13245020310084
14.986238713065783
16.011366342504818
17.097570776939392
16.344837336800992
13.05391267935435
12.047825237115225
18.56035394469897
12.953525056441626
13.675039370854696
13.857251028219858
11.147043416897455
13.466259688138962
13.392275529603163
14.744636277357737
12.510465572277704
9.371381317575773
12.250635286172232
12.645061815778414
11.33014914393425
13.965151647726694
14.287849828600883
12.91833022236824
10.637174814939499
9.229888339837393
10.552973717451096
10.672429045041403
13.527202370266119
12.965525353948275
13.500507218142351
15.49515924664835
9.093932092189789
11.775771886110306
13.765930573145548
12.639303892850876
12.718281522393227
9.80779841542244
15.550800124804178
12.664001872142157
12.00048632423083
12.475798760851225
9.873237182696661
