745.9863133430481
688.7355680465698
687.9526801109314
652.7249794006348
644.0709450244904
609.459602355957
609.272885799408
605.3253254890442
622.3287408351898
584.3817234039307
575.5265073776245
619.475047826767
596.3520114421844
587.2036254405975
597.2457447052002
592.6422991752625
578.3938193321228
559.0252604484558
575.2751612663269
533.992751121521
558.0581138134003
551.190135717392
564.239503622055
556.8958294391632
528.9116351604462
520.8072743415833
525.8192076683044
555.61012840271
528.6032748222351
528.1708934307098
527.6142492294312
538.3270411491394
533.1096954345703
512.1193940639496
518.5540640354156
529.1249046325684
535.2723276615143
505.1295304298401
508.1904489994049
509.2015953063965
528.2748486995697
509.9533772468567
508.5261278152466
509.9083299636841
519.6892313957214
492.6876561641693
502.1546368598938
504.61305809020996
500.28243470191956
493.21283173561096
493.71999645233154
492.0741186141968
502.1072928905487
485.3576009273529
478.58588218688965
509.6554527282715
473.69950103759766
485.6531481742859
482.23938608169556
466.85622239112854
490.29253482818604
462.52205324172974
456.35089778900146
477.9412386417389
475.30621433258057
474.29889583587646
468.54597902297974
477.4294402599335
484.96116065979004
470.2802994251251
468.7024760246277
465.13580298423767
456.23155069351196
437.17856454849243
477.7955803871155
457.3184070587158
466.7660472393036
459.9810721874237
463.3879039287567
459.5397458076477
448.41560530662537
453.92305874824524
466.1701579093933
448.2062039375305
456.36383175849915
442.4075548648834
457.44734382629395
449.5244212150574
446.603036403656
434.81789350509644
436.55801606178284
452.29454708099365
445.29988861083984
451.5625488758087
446.3271117210388
434.0662727355957
445.5314509868622
433.21255016326904
433.2030813694
445.1566479206085
424.17513036727905
419.7551779747009
442.55115818977356
435.42840909957886
439.1687841415405
423.15870571136475
451.81232357025146
434.80620861053467
433.66173362731934
427.3152644634247
453.19593596458435
426.1367018222809
445.79311203956604
433.63199758529663
452.2368881702423
447.0682563781738
425.85195302963257
416.35841941833496
413.35189604759216
424.04147934913635
431.39965891838074
424.33638191223145
421.8136534690857
420.0954501628876
421.3450086116791
426.5315706729889
443.9968214035034
414.637717962265
427.6529176235199
408.2130002975464
415.15253829956055
415.851979970932
435.9709508419037
427.59461402893066
414.6264762878418
420.96661949157715
443.1907248497009
429.86857509613037
420.9515902996063
439.2137508392334
419.4478249549866
418.5117440223694
438.73664450645447
412.2779333591461
426.152859210968
417.21729946136475
416.927796125412
403.97138357162476
424.35938906669617
416.0957510471344
422.0884096622467
420.763423204422
410.0733563899994
425.73796486854553
429.935017824173
417.478235244751
419.48078441619873
402.29963779449463
422.8213748931885
410.21619415283203
398.29260540008545
411.8924124240875
424.574914932251
412.09601163864136
415.81914138793945
402.6620306968689
403.89180541038513
401.3728241920471
403.9748487472534
400.65932035446167
415.8539946079254
404.1711549758911
417.8335769176483
403.5342879295349
423.68206810951233
409.67320919036865
397.54154872894287
394.67363238334656
395.08469891548157
398.15210461616516
407.2101140022278
422.6652808189392
401.1795802116394
424.883597612381
393.4985349178314
417.6801824569702
411.63393449783325
409.2651243209839
393.86580324172974
405.8828308582306
421.93231558799744
387.8697600364685
403.60725808143616
390.53991961479187
389.69780135154724
390.93772983551025
401.66248869895935
377.1346056461334
399.64088106155396
418.79971623420715
