2920.6350440979004
2259.0759620666504
2145.443988800049
2162.834174156189
2066.1694736480713
2172.797924041748
1881.5529747009277
1832.5960063934326
1866.818564414978
1790.705578804016
1728.0489177703857
1676.1218910217285
1703.065001487732
1685.957187652588
1655.212537765503
1603.5254945755005
1592.1044368743896
1540.786958694458
1586.2052574157715
1795.6606187820435
1534.5288515090942
1514.0751285552979
1707.4744777679443
1579.762770652771
1481.1432275772095
1594.9113903045654
1471.4313879013062
1584.3856372833252
1505.946310043335
1458.8877744674683
1454.4197931289673
1549.5748052597046
1440.5423288345337
1390.914405822754
1437.1814308166504
1379.4965715408325
1460.3436317443848
1417.5400094985962
1386.0571966171265
1325.811330795288
1467.6601486206055
1327.8674693107605
1336.5732798576355
1298.725664615631
1304.0806503295898
1346.0624618530273
1334.0326614379883
1320.1683325767517
1303.650001525879
1359.8525714874268
1315.908987045288
1350.4780626296997
1280.7609853744507
1264.7218961715698
1329.1437015533447
1266.3635835647583
1207.9176750183105
1232.7613725662231
1322.6166806221008
1187.886381149292
1205.5820660591125
1170.6842017173767
1182.3925466537476
1175.6494760513306
1151.8438000679016
1179.027135848999
1209.3512907028198
1162.4960722923279
1129.054548740387
1166.1698031425476
1234.0983662605286
1117.4869866371155
1127.185046195984
1172.3637642860413
1184.6731157302856
1184.163251399994
1125.9569234848022
1145.486008644104
1168.1551876068115
1201.8578081130981
1199.0456972122192
1122.7449474334717
1078.8327913284302
1170.1615242958069
1036.5191287994385
1112.5338807106018
1091.8711996078491
1113.5964002609253
1045.3065724372864
1079.673620223999
1078.2996377944946
1220.380461215973
1031.676586151123
1203.2992405891418
1020.453043460846
1116.7696952819824
1033.9378952980042
1027.9931044578552
1094.4411511421204
1052.5005187988281
1022.3012714385986
1085.9189143180847
1164.7128176689148
1062.3665990829468
1085.107982635498
1032.4677743911743
1029.6993408203125
1101.7361516952515
1119.9114813804626
1038.6683435440063
1056.5783858299255
1079.81391954422
1081.126576423645
1034.0061511993408
1019.899824142456
993.4292669296265
1072.4634761810303
1113.5806860923767
1064.714698791504
1056.9772033691406
1004.9986019134521
1002.4608039855957
1083.3303475379944
1053.3016996383667
1021.0093250274658
999.7902817726135
1015.8977880477905
958.694185256958
982.7890019416809
1029.2185678482056
1075.751202583313
994.4414205551147
1021.8491063117981
977.6744832992554
999.392511844635
1097.5886588096619
1037.6566734313965
949.9912757873535
981.1945376396179
983.4278030395508
990.3042426109314
948.3648996353149
924.8447380065918
982.3482799530029
1018.653489112854
945.9051084518433
964.4403328895569
945.5926785469055
957.0008425712585
972.3163547515869
1005.53715467453
935.1832909584045
905.1804304122925
978.0295429229736
940.3444685935974
998.527587890625
924.4197301864624
949.7666840553284
915.4666028022766
910.2474842071533
888.3635301589966
928.4887328147888
906.9781312942505
916.8453397750854
990.0074462890625
932.9305238723755
939.5770530700684
951.6722083091736
889.0312614440918
917.0671916007996
894.8841042518616
880.0466251373291
909.5808811187744
875.2809610366821
954.9613046646118
927.0575346946716
966.783839225769
914.5862064361572
855.1791548728943
880.585177898407
843.0643367767334
875.1044788360596
875.5032157897949
925.4095616340637
870.6705045700073
865.9551258087158
910.2531251907349
839.8156137466431
946.001166343689
834.1180591583252
906.0365705490112
871.3956127166748
843.7742948532104
848.47194480896
851.8608865737915
917.3185377120972
840.3469944000244
930.7742981910706
870.6292448043823
885.3444757461548
