0.16780141706112772
-13.355884850025177
-22.86842656135559
-31.768020004034042
-40.76989656686783
-41.87108455598354
-50.45874923467636
-47.34888505935669
-58.102281987667084
-51.36092382669449
-43.90895786881447
-63.914086639881134
-55.590261340141296
-54.80768567323685
-55.855473190546036
-55.98466682434082
-57.081676959991455
-53.086420118808746
-54.241764068603516
-64.42600589990616
-64.97656589746475
-65.22186306118965
-71.63305747509003
-61.22395193576813
-57.64111143350601
-69.80772081017494
-69.66062712669373
-66.7724838256836
-50.80844488739967
-67.33226078748703
-66.61796116828918
-66.56342998147011
-59.60079416632652
-70.50839644670486
-54.28045517206192
-72.8243425488472
-82.40615755319595
-58.14508295059204
-70.24122536182404
-52.01299634575844
-57.59693044424057
-72.38435086607933
-61.839468866586685
-59.03543162345886
-55.2298024892807
-65.5458116531372
-74.02554467320442
-66.89416790008545
-76.61776801943779
-66.82546877861023
-51.014245092868805
-62.17142564058304
-68.68393111228943
-68.99352037906647
-69.6098683476448
-74.53669333457947
-55.2827975153923
-73.27038317918777
-60.22592595219612
-59.644516825675964
-70.93968993425369
-67.3117316365242
-61.82377988100052
-62.42466551065445
-66.97356474399567
-66.37096667289734
-60.99740096926689
-71.6806834936142
-70.46687477827072
-59.04770076274872
-71.04057288169861
-61.4908661544323
-62.64563089609146
-63.86973440647125
-62.29650941491127
-63.74483194947243
-61.10810023546219
-64.04079723358154
-59.928157567977905
-59.97814071178436
-60.41704449057579
-71.45135736465454
-66.97938200831413
-64.17290705442429
-65.91145819425583
-71.24682134389877
-58.165632247924805
-75.54781949520111
-64.06317985057831
-66.05852669477463
-68.23141846060753
-58.30688348412514
-66.50522208213806
-71.2681764960289
-66.43609988689423
-60.83638110756874
-67.80139923095703
-64.7900558412075
-52.00847852230072
-63.907347679138184
-56.38746830821037
-70.59260323643684
-66.88716199994087
-59.7656267285347
-69.92189532518387
-64.41639104485512
-72.30359917879105
-64.71702021360397
-64.74900257587433
-68.02453035116196
-71.00892293453217
-61.914690375328064
-71.43119588494301
-60.26142889261246
-68.760467171669
-66.37071484327316
-52.743337512016296
-74.12715288996696
-72.06385737657547
-72.80422136187553
-72.50363248586655
-72.5736965239048
-66.28755062818527
-75.9034835100174
-61.57903170585632
-63.98869872093201
-64.17478066682816
-72.28916430473328
-74.83859676122665
-58.971184849739075
-77.82929515838623
-64.6782585978508
-63.557057708501816
-72.2017492055893
-69.10139411687851
-66.7026162147522
-64.39494523406029
-70.16508719325066
-64.93038034439087
-73.5724276304245
-73.33610567450523
-66.07557052373886
-70.16611969470978
-67.93066337704659
-69.6390251815319
-68.19481754302979
-66.00979262590408
-61.8075570166111
-69.26313924789429
-66.13906180858612
-69.6763765513897
-67.62588405609131
-63.416869193315506
-64.8634692132473
-65.69953852891922
-67.98791432380676
-70.97242778539658
-63.70190507173538
-70.55485397577286
-69.75297808647156
-69.60730975866318
-65.56642138957977
-78.88095581531525
-73.88276734948158
-74.60400235652924
-73.01517903804779
-69.36349838972092
-82.24009102582932
-65.33145427703857
-68.06375533342361
-68.4623311161995
-70.7240079343319
-65.55480700731277
-78.94129419326782
-74.01365327835083
-73.00736224651337
-75.24313586950302
-73.73504409193993
-77.56202334165573
-81.52561512589455
-79.24355018138885
-76.35902819037437
-81.97037646174431
-71.47197717428207
-75.84925451874733
-78.6563036441803
-78.11588230729103
-74.01511389017105
-74.05386543273926
-79.58404397964478
-74.12064561247826
-75.42533963918686
-75.52590024471283
-69.86777210235596
-79.75151067972183
-80.22538352012634
-80.21623706817627
-74.32605800032616
-82.15341126918793
-81.72588515281677
