212.81156873703003
204.29682310422263
196.02643275260925
197.3452570438385
187.85717964172363
182.10975368817648
185.00723067919412
186.18292943636575
174.45392155647278
174.15723832448325
166.26377503077188
175.04470324516296
165.82854572931925
173.18552001317343
172.7288936773936
169.89793634414673
166.04124689102173
157.05551075935364
164.31989057858786
163.64783199628195
163.7755789756775
157.98258248964945
148.3927039305369
153.85285568237305
153.4108044306437
147.0521380106608
145.8174033164978
151.44142039616904
148.64546497662863
143.65678143501282
151.64411012331644
138.3471723397573
143.04703648885092
131.68976815541586
137.89462558428446
133.53407673041025
143.45897483825684
134.58954318364462
133.05082472165427
134.0658515294393
140.0681955019633
125.51588316758473
127.27217189470927
137.52957169214883
130.48229360580444
129.36228358745575
127.25145634015401
127.03110027313232
119.73007293542226
123.2182285785675
125.78896443049113
119.54498505592346
122.45777980486552
116.34040808677673
121.57629120349884
112.18390516440074
113.88959085941315
102.68932084242503
108.81444195906322
111.04447793960571
110.72445019086202
107.64981023470561
108.18757931391399
109.73197662830353
108.12143528461456
105.5333182811737
102.71735243002574
101.70773307482402
102.57596576213837
102.70042610168457
99.08832017580669
96.86441393693288
96.83759983380635
99.16575304667155
97.07349141438802
94.79777387777965
97.50575359662373
91.00139876206715
89.92087638378143
91.45634933312733
95.90293848514557
96.09440525372823
92.6253936290741
87.29182942708333
90.40234474341075
96.55862426757812
90.6322391430537
98.96918384234111
90.58164672056834
88.13799750804901
83.92489258448283
81.22658495108287
85.10376437505086
94.03242186705272
89.97804419199626
80.05137769381206
83.15061815579732
88.4941906730334
80.14470120271046
84.79660065968831
87.45025463898976
81.54045780499776
81.52739318211873
75.98350298404694
77.48830991983414
77.46647475163142
80.58882757027943
79.92983456452687
80.97523013750713
77.46198419729869
82.20043468475342
78.84958545366923
80.21300915877025
73.71535942951839
76.4249050617218
75.35067949692409
74.00903447469075
77.27683568000793
81.77951514720917
69.12537976106007
65.20374389489491
68.78773866097133
73.22416388988495
71.71243329842885
68.18472345670064
68.05797888835271
77.0347619454066
69.66499529282252
69.58798803885777
70.0737580259641
73.50382286310196
64.30558319886525
69.48099722464879
68.79009453455608
74.54865074157715
60.00260039170583
70.18198639154434
66.83106921116512
67.09465495745341
63.37086315949758
67.01086882750194
67.13954736789067
66.34585706392924
70.76404424508412
69.08888433376949
64.74601686000824
63.32395911216736
66.73820491631825
72.70358761151631
62.301884750525154
63.24257113536199
67.21112259229024
65.07443958520889
64.757215321064
61.891852955023445
61.82069514195124
64.06526201963425
58.737461706002556
58.6439905166626
59.60654389858246
57.654905577500664
58.781276086966194
52.15738250811895
57.57229787111282
58.76603885491689
63.93435392777125
57.43245420853297
53.73924255371094
59.94111615419388
58.70367201169332
53.40087221066157
58.39320568243662
56.041392703851066
58.3660923242569
55.39566640059153
55.30947587887446
55.927436192830406
54.531085113684334
57.49243547519048
54.35734544197718
54.508097310860954
55.97497767210007
47.46281264225642
52.339992225170135
51.81671086947123
46.669547061125435
50.402843157450356
50.46484527985255
45.138892352581024
48.043042888243995
49.3849131266276
47.91910167535146
46.313009828329086
46.84646585583687
45.4955761830012
45.86270089944204
48.939101219177246
51.409259716669716
50.888259867827095
45.184917310873665
