-7.372145891189575
-30.723610122998554
-41.974440852801
-47.061494747797646
-49.17015731334686
-49.95086089769999
-50.83045985301336
-51.46645464499792
-51.393044789632164
-51.51471755901972
-51.60067907969157
-51.25508842865626
-51.61375882228216
-50.9543023109436
-51.27288419008255
-51.55576205253601
-51.368562281131744
-51.9443017244339
-51.78407677014669
-51.50246353944143
-51.120015144348145
-50.29977488517761
-50.40157596270243
-50.67924666404724
-50.61790762344996
-51.22274919350942
-50.882257183392845
-50.51180533568064
-49.988866885503136
-50.51166280110677
-50.59481656551361
-50.869007090727486
-51.45553974310557
-51.839706440766655
-52.31710418065389
-52.67801825205485
-52.50017495950063
-52.620375553766884
-53.05822726090749
-53.07701293627421
-53.429115215937294
-53.2101700703303
-53.110900123914085
-53.35136355956396
-53.58588560422262
-53.502685546875
-53.045538326104484
-53.009841759999595
-52.66928233702978
-53.293339808781944
-53.065570851167045
-53.12298929691315
-53.04257623354594
-52.82516018549601
-53.532611310482025
-52.832083900769554
-52.88446617126465
-53.29280958573023
-53.367703676223755
-54.09108281135559
-53.80143463611603
-53.54173467556635
-53.678340435028076
-53.89086149136225
-53.47103476524353
-53.02976409594218
-53.039787570635475
-52.52554722627004
-52.83295585711797
-52.644355614980064
-53.20635503530502
-53.22402743498484
-53.49754480520884
-53.33561301231384
-53.059212605158486
-52.89447989066442
-52.646292090415955
-52.42600039641062
-53.05354984601339
-53.4602596561114
-53.077437003453575
-52.843142569065094
-52.39984965324402
-51.94854966799418
-51.62505978345871
-51.87851611773173
-52.24677030245463
-52.05677626530329
-52.20164620876312
-52.51985631386439
-52.63518589735031
-53.20847566922506
-53.060774525006615
-53.23247083028158
-53.24661246935526
-53.393872022628784
-53.45204965273539
-53.61555063724518
-53.27819333473841
-53.89072052637736
-53.89682950576147
-53.98400898774465
-53.963407814502716
-53.729459861914314
-53.65110967556635
-53.79056318600973
-54.025816222031914
-54.20880615711212
-54.100508054097496
-54.28059113025665
-53.64706891775131
-53.98229042689005
-53.74232671658198
-53.95081800222397
-53.98629558086395
-54.165362437566124
-54.16362158457438
-54.2038516998291
-53.839118123054504
-53.86928550402323
-53.9978571732839
-53.90364817778269
-54.0362556775411
-53.98932268222173
-54.117568254470825
-53.91620349884033
-53.66053318977356
-53.12271499633789
-52.35896495978037
-52.77982840935389
-53.64781594276428
-53.74422037601471
-54.07197630405426
-53.83600378036499
-53.968597650527954
-52.86509128411611
-53.25524346033732
-52.94828780492147
-52.88124267260233
-53.1747531692187
-52.51970342795054
-53.130180060863495
-53.20163901646932
-53.36961587270101
-53.56144863367081
-53.84617797533671
-53.693615555763245
-53.96826167901357
-53.90463594595591
-53.61212241649628
-54.24843227863312
-53.92791926860809
-54.232879300912224
-54.19149762392044
-54.25835454463959
-54.16009747982025
-54.28925230105718
-54.10079948107401
-54.09892296791077
-54.167348742485046
-54.42600234349569
-54.54468192656835
-54.45632445812225
-54.22121508916219
-54.17257944742838
-54.54529619216919
-54.47768000761668
-54.19955631097158
-54.52789568901062
-54.53859210014343
-54.59689009189606
-54.480250795682274
-54.68852057059606
-53.638476530710854
-54.04536120096842
-54.34297494093577
-54.328234473864235
-54.00859638055166
-53.80674548943838
-53.90124464035034
-54.24484451611837
-53.9774778286616
-53.99668095509211
-54.038968563079834
-53.883828699588776
-53.87562119960785
-54.04009705781937
-54.198808232943215
-54.265962858994804
-53.98897393544515
-54.12989163398743
-54.18378349145254
-54.03053838014603
-54.00222206115723
-54.34136257568995
-54.296586195627846
-54.235195895036064
-54.544063687324524
-54.53672085205714
-54.371084888776146
