203.18919690450033
195.48504002888998
167.15402642885843
170.13805158933005
172.06679511070251
172.64212004343668
163.72063994407654
164.86476429303488
150.2770893573761
156.8454808394114
146.53707885742188
154.60900719960532
149.4391632080078
155.22579669952393
140.91756987571716
130.91655866305032
139.52107350031534
125.18144929409027
136.77810005346933
132.59497356414795
131.7348470290502
123.3566536506017
115.24801301956177
112.43594272931416
113.28221376736958
108.17186375459035
113.56993961334229
104.71936980883281
106.86238217353821
96.44754934310913
102.01115349928538
95.15378793080647
100.88769781589508
92.88549415270488
94.01525513331096
93.3034504254659
92.249294201533
91.47207907835643
94.127028465271
86.71142747004826
90.16523675123851
89.41484069824219
86.72249829769135
88.87743814786275
97.85739115873973
84.51804534594218
88.50710880756378
90.51313777764638
87.66831703980763
87.12392099698384
85.0621337890625
79.95766139030457
73.97075865666072
80.0875693957011
74.39724377791087
75.42226807276408
78.30715032418568
77.10144507884979
72.14649013678233
81.38916949431102
72.032383898894
71.55775443712871
72.96368590990703
69.81470205386479
63.07426571846008
62.23222243785858
72.1186672647794
66.34892137845357
61.835320790608726
60.7361111442248
60.24628076950709
59.55169528722763
61.588375429312386
59.41020441055298
55.65310911337534
60.53201127052307
60.77806043624878
54.85217390457789
56.04904862244924
53.575181583563484
61.28357305129369
56.85094112157822
55.6326807141304
52.37723261117935
54.18595331907272
53.134981632232666
54.29283527533213
48.28168327609698
51.83606026570002
49.10813254117966
48.07718667387962
47.51486931244532
46.621223052342735
47.88560834527016
46.444141775369644
42.66937403380871
40.04689628879229
46.19224657615026
39.094037349025406
41.715678622325264
44.419200291236244
48.347788562377296
38.794240881999336
39.90104893843333
39.63788175582886
40.484544376532234
41.528243293364845
34.111742282907166
30.432361679772537
35.50827753047148
32.89493493984143
34.529710640509926
32.81710276504358
30.005184697608154
32.223573015381895
27.661596452196438
28.940306625639398
23.925440127650898
26.43377781411012
25.26667409638564
22.37842896580696
23.705204495539267
21.656974226236343
22.10202727218469
20.465944930911064
16.34349379936854
14.261750693122545
17.637841075658798
15.102178014814854
14.16311408082644
12.005840385953585
14.134429320693016
16.526203831036884
14.443472454945246
11.777925938367844
14.11271666487058
15.844141168209413
14.699383308490118
11.698488111297289
11.734466195106506
8.459567050139109
9.129596680402756
8.297257989645004
6.75015115737915
5.90237898627917
3.3361959755420685
5.653241117795308
4.087412108977635
5.758423129717509
13.542249689499537
8.9778251349926
7.612270802259445
7.454758634169896
5.350366026163101
5.904882291952769
-0.5130478541056315
-0.31402639547983807
-1.8120788137118022
-0.19672792156537375
-1.2166552146275837
-3.0435487826665244
-6.111929972966512
-5.761352002620697
-5.110860387484233
-7.020502905050914
-6.8661417961120605
-7.486105024814606
-7.181123932202657
-7.758371333281199
-7.998297254244487
-6.022886951764424
-4.063456565141678
-3.9722453157107034
-4.757315099239349
-6.783954898516337
-10.17287282148997
-10.598095893859863
-9.89968192577362
-10.62687885761261
-11.83616969982783
-14.445302585760752
-12.545630673567453
-13.206800202528635
-12.193515479564667
-13.187963565190634
-13.961743454138437
-13.248730738957724
-12.139316121737162
-14.287466128667196
-15.304496586322784
-15.953987220923105
-17.833305795987446
-16.477779229482014
-18.04973816871643
-19.149896562099457
-19.194413602352142
-19.20280126730601
-19.257184783617657
-19.31323407093684
-18.48105267683665
