111.73155113061269
88.81382715702057
80.28464909394582
71.60874615112941
73.8868691722552
70.20719881852467
68.83660447597504
66.26819715897243
59.15537710984548
54.3922172387441
54.0562696258227
53.13878533244133
50.01704068978628
53.41266598304113
49.462175369262695
46.63698794444402
45.79697585105896
45.459328611691795
42.032670279343925
42.78399307529131
45.5374329884847
42.109735449155174
37.68248715003332
42.401512145996094
38.81870901584625
40.39177256822586
33.72193528711796
37.80233707527319
36.83472221096357
34.9103430112203
37.613122840722404
33.73479574422041
36.17330342531204
33.14879411458969
32.6257915298144
31.79562570651372
29.518052799006302
29.749840789784987
32.821112751960754
27.935335392753284
26.78079971174399
29.91729119916757
26.674860616525013
29.873969368636608
30.636856231838465
24.679324235456686
31.142938787738483
27.40523408850034
24.653274753441412
31.53124048312505
26.706375343725085
26.496029148499172
29.464670022328693
24.639831473429997
25.140176830192406
27.292910154908895
30.23281756043434
22.562480070317786
26.673246959845226
21.440790723388393
26.003845291833084
21.916419348369043
25.609229947129887
25.93991399059693
21.270311905692022
23.581811365361016
21.445253858342767
22.30951915681362
20.841861393923562
22.24066420396169
19.4615101882567
20.251133645574253
20.607521512856085
17.82427227248748
21.56130983370046
19.177662576548755
22.407586177190144
22.60873964925607
22.038873276052374
16.37693316489458
17.84101637204488
19.22640809416771
16.008399166166782
19.639967671285074
24.288343109500904
23.91296587139368
22.51896088073651
19.289436675608158
19.54756419857343
18.10949536661307
17.891790131727856
15.753459103405476
16.361117610086996
16.603214831401903
16.395651248594124
18.00473766028881
17.46809308975935
17.747257750481367
24.552332021916907
22.720928519964218
20.274731633563835
16.27573882540067
19.026848976810772
15.284445251027742
18.40730506926775
15.059788779045144
15.121548026800156
16.143633514642715
13.552270223697027
13.695295691490173
13.415460787713528
17.973600675662357
15.03802359600862
17.072342583288748
16.532480157911777
14.985153517453
15.9614259476463
19.9530399851501
15.64135312102735
17.298076627155144
15.206139504909515
15.476515543957552
17.89896873757243
17.903790871302288
16.348627895116806
16.058680462340515
15.23767152428627
16.091923616826534
16.444518988331158
17.248703713218372
17.837555408477783
18.366333027680714
17.145441385606926
17.120617906252544
13.165175879995028
13.52858553826809
12.629473266502222
16.663428641855717
12.950910945733389
11.825708786646524
16.660647154271526
16.576660017172497
16.311439310510952
13.526651577403149
15.877500439062715
15.317262584964434
11.81266995271047
13.128434397280216
17.11458374808232
15.556370516618093
15.205529689788818
12.852283800641695
15.553084080417952
12.317370742559433
10.68870655198892
13.627493853370348
11.685428949693838
14.966952423254648
12.164557799696922
14.465200458963713
17.113965570926666
14.317915995915731
12.991011460622152
15.421063131342331
11.607282454768816
22.30842126905918
18.573139384388924
13.804493774970373
17.94323906302452
13.578281757732233
13.206392640868822
17.230450080086786
12.345952530701956
13.936874195933342
14.467213278015455
15.162907679875692
14.755380739768347
11.030681480964025
14.690032951533794
14.43016724785169
13.67030701537927
13.155438113336762
13.09997209534049
14.89552628993988
13.709333916505178
15.682970022161802
11.184933190544447
12.644247164328894
10.737401962280273
15.018175025780996
13.366946867356697
12.800872325897217
14.987805612385273
13.951478411753973
13.505725773672262
12.337118272980055
14.805337169518074
14.445448237160841
11.588959256807962
14.510563388466835
