-2.99130762865146
-9.181482891241709
-12.723675946394602
-16.48319661617279
-21.099737465381622
-23.59550029039383
-27.294441719849903
-30.776049335797627
-33.10985251267751
-33.9323832988739
-35.54100207487742
-38.241594990094505
-38.331347505251564
-39.78456304470698
-40.99254822731018
-41.33488726615906
-40.95694273710251
-41.399309595425926
-42.14465844631195
-42.23118917147318
-43.92362896601359
-44.64831598599752
-43.935469369093575
-45.25596406062444
-46.28275893131892
-45.33994062741598
-44.477972745895386
-45.84647270043691
-44.91116293271383
-45.83644473552704
-45.886370499928795
-45.82632315158844
-45.734821836153664
-45.33950404326121
-46.795260628064476
-46.81801176071167
-46.7350865205129
-46.92187555631002
-48.491319159666695
-48.09994351863861
-47.76904845237732
-46.79843008518219
-48.04410163561503
-47.322801093260445
-47.773356099923454
-48.75092061360677
-49.08384493986765
-49.25085645914078
-48.12357540925344
-49.580274760723114
-48.90519219636917
-49.154607812563576
-50.22909788290659
-48.941038290659584
-48.685456375281014
-49.78896176815033
-49.700772643089294
-49.174058516820274
-49.68894519408544
-49.89539829889933
-49.63874892393748
-49.00466910998026
-49.83923137187958
-49.8563926021258
-49.03658505280813
-50.33659259478251
-49.85680107275645
-49.929109275341034
-50.26295908292135
-50.171448250611625
-50.61620159943899
-49.88972238699595
-50.16461002826691
-49.60538248221079
-49.838547905286156
-50.18025787671407
-50.00143579641978
-48.580852230389915
-50.02615797519684
-49.51873783270518
-50.76778688033422
-49.35600554943085
-50.35214606920878
-50.33046634991964
-50.03049981594086
-50.2871795296669
-50.3900553782781
-49.99363269408544
-50.80202909310659
-50.53257828950882
-50.11460191011429
-50.54093086719513
-49.93964143594106
-50.07481892903646
-50.37758974234263
-50.1744175752004
-50.47724791367849
-51.350819985071816
-50.60085844993591
-50.24013634522756
-50.10700557629267
-50.564035177230835
-50.112073024113975
-50.80032285054525
-50.60416432221731
-50.36924417813619
-49.99592471122742
-50.71445550521215
-50.54883627096812
-50.916212260723114
-50.73217215140661
-51.5066366593043
-51.07818913459778
-51.25102506081263
-51.585207760334015
-49.682730396588646
-49.97667360305786
-50.54705631732941
-51.455633680025734
-49.38166660070419
-51.71725559234619
-51.363355338573456
-51.02129838864008
-51.25321348508199
-50.38781158129374
-51.44734539588293
-51.20497864484787
-51.22838536898295
-50.83016153176626
-50.40860994656881
-51.20719522237778
-50.4089832107226
-51.656304121017456
-51.2843470176061
-50.7508379817009
-51.14103170235952
-50.227710604667664
-50.959932367006935
-51.45312519868215
-50.717853824297585
-51.01380773385366
-51.096016685167946
-51.28034893671671
-51.31111160914103
-51.025091886520386
-51.42517960071564
-51.32252343495687
-51.57897432645162
-50.92792193094889
-51.34178310632706
-51.565149863561
-51.05694691340128
-51.27580610911051
-51.10728528102239
-51.47350796063741
-51.70287630955378
-51.67422886689504
-50.92487343152364
-50.38020787636439
-50.056126733620964
-51.08781713247299
-50.908669233322144
-51.002959291140236
-51.50581932067871
-51.274206717809044
-51.27940754095713
-51.720306952794395
-51.50590240955353
-51.93135333061218
-51.70110011100769
-51.10710076491038
-51.08925676345825
-50.614786028862
-51.343669970830284
-50.920369823773704
-51.65658384561539
-51.20170005162557
-51.49038048585256
-51.5871728459994
-51.61682256062826
-50.887377659479775
-50.89977604150772
-51.50413856903712
-51.336618860562645
-51.604772667090096
-51.338815013567604
-50.66536992788315
-51.77283008893331
-51.03733762105306
-51.707974314689636
-51.10329671700796
-51.11013785998026
-50.8476771513621
-51.38768970966339
-51.27422024806341
-51.44785483678182
-50.85141146183014
-51.47593226035436
-51.33076447248459
-51.801502088705696
