-7.3846321900685625
-38.733345786730446
-45.68486793835958
-46.928065617879234
-48.84433150291443
-50.50449331601461
-51.14983715613683
-50.83840503295263
-51.78011624018351
-52.10595564047495
-52.17571624120077
-52.152944485346474
-52.37705651919047
-51.01110454400381
-51.42685333887736
-51.024259765942894
-51.703424533208214
-53.138383746147156
-52.261504073937736
-51.29448797305425
-52.008666356404625
-51.473995407422386
-51.21373049418131
-51.74001713593801
-51.97816552718481
-52.683739165465035
-52.1559786995252
-53.073099533716835
-53.0954495271047
-52.849872628847756
-52.83556950092316
-52.96879863739014
-53.02028731505076
-52.81343615055084
-52.39939578374227
-52.08168125152588
-51.74686652421951
-52.49848596254984
-53.202415227890015
-53.50387187798818
-53.32910140355428
-52.50586591164271
-52.78511202335358
-52.65617428223292
-52.80093280474345
-53.221474488576256
-53.3786985874176
-53.514853715896606
-53.87313187122345
-54.02173443635305
-54.51691949367523
-54.570387959480286
-54.47979474067688
-54.54469029108683
-54.86108160018921
-55.14175041516622
-54.676723877588906
-54.11399471759796
-54.82821385065714
-54.948221584161125
-54.89712882041931
-54.89332365989685
-54.94196707010269
-54.43964544932047
-54.932382921377815
-54.674099127451576
-54.82066146532694
-54.70383789141973
-54.72896200418472
-54.899941424528755
-54.53613064686457
-55.041007379690804
-54.77398977677027
-54.38624676068624
-54.80275350809097
-54.343362967173256
-54.575453201929726
-54.729619920253754
-54.45508694648743
-53.903322180112205
-54.36408497889837
-54.538790225982666
-54.31986836592356
-54.19358476003011
-54.04480314254761
-54.52014869451523
-53.645197093486786
-54.28833838303884
-54.40429415305456
-54.06343229611715
-54.59585734208425
-53.591088116168976
-54.68092771371206
-54.443605879942574
-53.930166363716125
-53.69057138760885
-53.65903256336848
-53.81771568457285
-54.10371915499369
-54.262316862742104
-54.393872459729515
-53.772430419921875
-54.54477353890737
-54.665641029675804
-54.26454754670461
-53.85730389753977
-54.28683388233185
-54.47048832972845
-53.5258517464002
-53.33760543664297
-53.60965247948965
-54.07279189427694
-53.7197541197141
-54.177349070707955
-53.9936657945315
-54.42812168598175
-54.7643155058225
-54.83526563644409
-54.738036592801414
-54.79293326536814
-54.37646096944809
-54.619377970695496
-54.259397407372795
-54.53826721509298
-53.91788458824158
-54.496751725673676
-54.286925772825875
-54.519741555054985
-54.65870793660482
-54.83287707964579
-54.67146452267965
-54.62250145276388
-54.49737727642059
-54.90227476755778
-54.808722933133446
-54.59814087549845
-54.54718470573425
-54.65628031889597
-54.775216499964394
-54.41410605112711
-54.89475335677465
-55.07292560736338
-54.979891777038574
-54.864372769991554
-54.57840923468272
-54.989266991615295
-54.55151625474294
-54.72998688618342
-53.736412247021995
-53.628007213274635
-53.88716026147207
-53.45702890555064
-54.684062004089355
-54.79947849114736
-54.38683386643728
-54.880667090415955
-54.91078984737396
-54.7613019545873
-54.80457190672556
-54.23105790217718
-54.18067022164663
-54.177782932917275
-54.371148665746055
-54.57444626092911
-54.28960633277893
-54.16068494319916
-54.20995146036148
-53.77072328329086
-53.72923390070597
-53.57069591681162
-54.0250435868899
-54.29335077603658
-54.224490920702614
-54.01204504569372
-53.48706797758738
-54.59167742729187
-54.070217649141945
-54.57903003692627
-53.973507603009544
-53.6557670434316
-52.314038475354515
-51.64043426513672
-51.81640621026357
-52.35036055246989
-52.70313493410746
-52.16737163066864
-53.2845689256986
-53.33112386862437
-53.453600446383156
-54.14276784658432
-53.83576309680939
-54.29686391353607
-53.715926706790924
-53.60186396042506
-53.22820766766866
-52.85921188195547
-53.65489641825358
-53.33286496003469
-53.09639324744543
-53.625593741734825
