0.5839836386342844
-4.26225021481514
-6.968985676765442
-9.708147411545118
-10.85359879831473
-14.253158211708069
-17.2599374850591
-17.57265019416809
-15.527702540159225
-19.038036694129307
-19.613553295532864
-18.770809531211853
-17.341927359501522
-19.299294243256252
-21.215369790792465
-18.35366690158844
-18.563600033521652
-20.404265175263088
-19.582858552535374
-23.18454420566559
-21.59880204995473
-20.981360455354054
-21.386379420757294
-21.19792342185974
-19.97287870446841
-20.81650008757909
-15.809584558010101
-20.13959805170695
-21.239630341529846
-22.992281138896942
-18.317084570725758
-24.08460646867752
-22.17327610651652
-22.90393392244975
-21.183375696341198
-20.293704907099407
-21.470277070999146
-22.260583360989887
-23.341461102167766
-21.93015245596568
-20.543515225251515
-21.422995865345
-21.77942595879237
-19.400020003318787
-19.649421006441116
-20.585563878218334
-21.32868953545888
-21.775816639264423
-23.643588701883953
-20.08549298842748
-21.72793447971344
-17.113602141539257
-20.86448546250661
-21.662326594193775
-21.302765548229218
-19.40455691019694
-21.43791405359904
-21.628836969534557
-20.48185606797536
-21.098471422990162
-18.514132797718048
-20.925250868002575
-21.55970412492752
-22.210039575894672
-23.343901058038075
-22.864045123259228
-21.22698312004407
-24.226489275693893
-20.183791955312092
-22.528898020585377
-21.812174638112385
-21.69367363055547
-25.478831887245178
-22.529564082622528
-19.272040963172913
-18.378971258799236
-21.950093895196915
-24.410208622614544
-19.38700209061305
-21.5106476744016
-17.313560962677002
-17.017301152149837
-16.630527039368946
-18.55907992521922
-19.826750874519348
-19.387554079294205
-19.116452773412068
-19.668985247612
-21.276279946168263
-19.26614675919215
-20.122055153052013
-19.59381640950839
-20.23111234108607
-21.40042511622111
-20.24082226554553
-23.407332102457683
-21.576623340447743
-20.957553297281265
-23.078243017196655
-23.66435710589091
-20.959777235984802
-22.068160096804302
-21.683449685573578
-20.968867937723797
-19.952753971020382
-22.824399948120117
-22.768828173478443
-21.638975610335667
-22.674608687559765
-21.863577445348103
-21.79454114039739
-21.461764812469482
-17.878856301307678
-20.700132191181183
-20.738735387722652
-19.913536469141643
-20.36493221918742
-22.790794054667156
-22.05722592274348
-19.650972326596577
-21.426783601442974
-23.54900473356247
-17.908706883589428
-18.83774208029111
-23.536087652047474
-20.488216310739517
-22.922407786051433
-21.233964721361797
-17.174371649821598
-20.6605164706707
-20.94747335712115
-23.770891000827152
-19.212093432744343
-23.908083617687225
-22.883985822399456
-21.49808422724406
-20.399136503537495
-24.915071427822113
-22.41891947388649
-20.544545024633408
-22.77223726113637
-18.004874398310978
-22.72992781798045
-19.679283678531647
-21.73530175288518
-20.383618076642353
-23.080396095911663
-22.198692202568054
-24.763849705457687
-23.83248828848203
-25.591935714085896
-21.67794778943062
-21.422572831312817
-21.818961481253307
-20.266659537951153
-18.198552509148914
-25.077503204345703
-18.39197387297948
-20.3966727356116
-25.861793647209804
-21.269565095504124
-19.148793439070385
-24.127016961574554
-24.93053521712621
-25.1303298274676
-22.831853985786438
-19.53250555197398
-23.39364794890086
-26.519606669743855
-22.211057633161545
-24.677941620349884
-26.14087398846944
-21.626969158649445
-22.75691117842992
-25.60861160357793
-24.495122094949085
-21.84284859895706
-20.23325276374817
-24.603128174940746
-26.13244064648946
-20.682588289181393
-23.465177575747173
-22.86018870274226
-22.228941162427265
-22.042400240898132
-23.828155120213825
-23.313003460566204
-24.720113068819046
-22.09887186686198
-22.482411324977875
-26.129937062660854
-22.940973540147144
-23.85365555683772
-21.439027706782024
-22.658199330170948
-23.285313944021862
-24.454550902048748
-23.56452285250028
-18.866162170966465
-22.407842755317688
