163.02421879768372
157.12869811058044
147.54378056526184
136.57847436269125
129.64358512560526
132.00403348604837
135.48787228266397
125.87860186894734
125.51227680842082
112.40450199445088
117.21052277088165
115.26614618301392
111.89521765708923
105.6673453648885
103.3768258492152
98.40347488721211
95.04039239883423
98.71222611268361
93.64721063772838
96.6909138361613
96.13652110099792
94.81224211057027
82.3463803132375
94.66161874930064
82.95623918374379
85.29189554850261
85.85491808255513
85.63301499684651
83.19828208287556
83.35684323310852
82.17747735977173
85.82648328940074
81.57533303896587
81.16003676255544
77.29407199223836
80.18538161118825
81.30773417154948
80.79729588826497
76.41896522045135
69.2817770044009
72.11006877819698
75.90094633897145
78.28368330001831
71.97342801094055
70.53927044073741
71.10319821039836
76.5880062977473
75.04844768842061
73.0416535337766
72.11554298798244
70.17208311955135
73.05277073383331
73.3147182861964
74.15088125069936
74.33354562520981
67.98806860049565
68.215110262235
68.9227151075999
68.79763458172481
72.07297885417938
65.99714398384094
72.0849923491478
72.19249685605367
65.83551613489787
71.49990556637447
70.0574100613594
71.8267743786176
64.8261408607165
67.10329661766689
65.26452837387721
66.03085068861644
64.68468409776688
64.66608822345734
66.70799487829208
73.14412424961726
61.300607085227966
66.4518936475118
68.74966877698898
69.7260149916013
60.31203103065491
59.15644031763077
65.57729526360829
61.28373634815216
57.72672355175018
63.24006505807241
60.19574991861979
64.93200272321701
61.71876569588979
63.468909442424774
67.1396654844284
57.58042275905609
63.15179238716761
60.42914362748464
62.05165809392929
63.8506809870402
62.442029337088265
59.575088699658714
64.91378488143285
58.83090470234553
62.88827739159266
55.850257198015846
61.451516111691795
63.14141152302424
61.39704871177673
58.79016252358755
57.330826818943024
54.82982991139094
65.05843124787013
53.84377268950144
63.251585165659584
61.39614739020666
63.79429066181183
60.07511975367864
61.62679992119471
60.89867913722992
54.93361737330755
63.41885004440943
61.45846541722616
61.813718378543854
60.82104833920797
56.5341748992602
59.61663512388865
62.21130688985189
50.24728242556254
55.16300769646963
57.00602660576502
57.335583905378975
52.90748064716657
63.07645217577616
61.58932592471441
61.29156736532847
56.23962821563085
60.378135681152344
57.57039372126261
63.62617196639379
54.890563209851585
52.284867425759636
69.57959940036137
60.509885827700295
57.17233260472616
60.032656302054725
55.41026544570923
53.8433168331782
56.08710898955663
59.8257090250651
57.19972502191862
58.602919936180115
52.588273445765175
55.17692629496256
54.13004946708679
62.36700522899628
55.757850686709084
61.81148956219355
59.663677314917244
60.89062068859736
47.863529920578
57.270792027314506
56.35596843560537
53.93066471815109
63.75522484381994
56.405635644992195
52.724381605784096
54.94978676239649
56.69961788256963
53.870001673698425
57.779837906360626
62.62391485770544
56.772298077742256
50.243164439996086
65.17113500833511
57.50454409917196
52.454187164704
59.00813637177149
57.46297518412272
50.876689434051514
50.27893024682999
59.072425166765846
57.1538051366806
63.92688834667206
63.22139437993368
54.00869025786718
58.43771741787592
57.51328265666962
55.9921286602815
55.47105824947357
56.28672242164612
50.55755607287089
57.25590282678604
55.18117716908455
54.63661825656891
48.966649224360786
62.6758017539978
51.546094546715416
55.06305679678917
51.73502057790756
57.88283375898997
56.90752728780111
53.32221657037735
57.048870384693146
58.868712186813354
