-6.546781639258067
-22.08725706736247
-33.310597817103066
-39.30650508403778
-40.834643165270485
-42.720703125
-43.07083177566528
-45.25496236483256
-43.389487862586975
-44.41907330354055
-44.88763874769211
-46.37684961160024
-47.09323066473007
-45.53181640307108
-45.58658377329508
-46.5021231174469
-47.169268469015755
-47.58300244808197
-47.14827481905619
-47.55571981271108
-47.981517950693764
-47.421366453170776
-47.49839393297831
-48.95785776774088
-48.582272132237755
-48.81281304359436
-48.2265625
-49.45207313696543
-49.132054229577385
-49.87041564782461
-49.028767784436546
-48.7830641468366
-48.83143397172292
-50.018110156059265
-50.088078598181404
-50.478513876597084
-50.15819126367569
-49.89749924341837
-49.84925653537115
-50.70004244645437
-50.09122927983602
-49.64567257960638
-51.277904530366264
-50.123728930950165
-50.40530184904734
-51.023796717325844
-49.85630238056183
-51.04011849562327
-49.85761408011118
-49.5618999004364
-49.49668355782827
-50.69951146841049
-50.9619554678599
-49.862985809644066
-51.13278442621231
-50.4074739019076
-49.90831826130549
-50.60672724246979
-50.33401997884115
-50.282254457473755
-49.93258160352707
-50.19848636786143
-51.41205298900604
-51.30523020029068
-51.17938373486201
-51.17080773909887
-51.548216104507446
-51.716576298077904
-50.83023023605347
-51.35812226931254
-51.256126622358956
-51.41050398349762
-52.887300888697304
-52.38383865356445
-51.52190498510996
-51.333449840545654
-52.149858474731445
-51.59824822346369
-51.671738704045616
-52.00487265984217
-51.60947406291962
-52.198522547880806
-51.76792538166046
-50.88161108891169
-51.32118417819341
-51.55674421787262
-51.137338081995644
-51.235308388868965
-51.720779498418175
-52.28911171356837
-51.22746384143829
-51.946231047312416
-50.78435615698496
-50.806454141934715
-50.90999718507131
-51.13361871242523
-50.45476690928141
-50.24689873059591
-49.957091212272644
-51.39172542095184
-51.10938270886739
-49.509875098864235
-50.754539807637535
-50.47854228814443
-50.779695312182106
-51.91083562374115
-51.696236411730446
-52.09073102474213
-52.527037819226585
-51.54229986667633
-51.98218846321106
-52.461666921774544
-52.279462258021034
-52.56219846010208
-52.680583794911705
-52.539862076441445
-51.96143392721812
-52.27898772557577
-51.90827582279841
-52.63367176055908
-52.16889715194702
-52.501034677028656
-52.53311381737391
-52.18994617462158
-52.92712718248367
-52.43179589509964
-52.94658784071604
-52.575732032457985
-52.867761294047035
-52.10671079158783
-52.596375147501625
-52.818979938824974
-52.68826041618983
-52.71779549121857
-52.26370698213577
-52.07222058375677
-52.17048160235087
-52.796318451563515
-53.065703431765236
-52.76796988646189
-53.35611687103907
-52.48013285795847
-53.231489300727844
-53.3249808549881
-53.16732529799143
-52.356739123662315
-52.673536698023476
-52.514409263928734
-53.09169030189514
-52.213801185290016
-52.711906711260475
-53.00402444601059
-52.019534866015114
-52.84898000955582
-52.23214614391327
-52.46654027700424
-51.92287425200144
-52.446068485577904
-52.218405187129974
-52.86015156904856
-52.136507312456764
-51.77491052945455
-51.87014619509379
-51.2896608710289
-51.435702403386436
-51.6495473186175
-52.4190998673439
-52.09662250677744
-51.804779171943665
-52.292584121227264
-51.199310978253685
-50.34377392133077
-51.91973479588827
-51.74918615818024
-51.35483276844025
-51.613545755545296
-51.924960136413574
-51.292495012283325
-51.123624086380005
-51.933759689331055
-51.740296483039856
-52.418586790561676
-51.7978200117747
-51.74516439437866
-51.34835104147593
-52.48801589012146
-51.92140440146128
-52.425749599933624
-51.98748870690664
-51.58660916487376
-51.35881702105204
-52.04569709300995
-51.96344208717346
-51.30530309677124
-52.641474505265556
-52.657175838947296
-51.88363587856293
-51.86486033598582
-51.53004693984985
-51.76118824879328
