-0.6321035709697753
-19.70201152563095
-41.730299204587936
-61.8165725171566
-79.04917296767235
-89.9453421831131
-105.73110085725784
-106.74234789609909
-112.68690705299377
-118.77568399906158
-117.16713738441467
-126.98355686664581
-120.95392966270447
-130.00727516412735
-125.22725677490234
-130.59370577335358
-131.35003072023392
-129.5714991092682
-134.3698506951332
-131.5129644870758
-136.15853607654572
-136.26634937524796
-138.1324371099472
-132.94744646549225
-130.88713765144348
-133.314271569252
-132.30095952749252
-136.17423009872437
-134.27879917621613
-138.19667381048203
-137.90661644935608
-135.51109218597412
-138.90580588579178
-138.11597752571106
-138.0479633808136
-136.7476360797882
-136.90321642160416
-140.81635665893555
-142.17833185195923
-142.45621073246002
-139.623963534832
-139.86580055952072
-138.8885303735733
-138.66079580783844
-139.70108383893967
-139.68124973773956
-140.72980785369873
-141.19041430950165
-143.19859439134598
-138.83591812849045
-136.70046335458755
-138.24088501930237
-135.47706496715546
-142.59584522247314
-141.58513206243515
-142.73096692562103
-144.30534529685974
-143.66676580905914
-143.49350702762604
-142.26008582115173
-142.8323837518692
-146.29324805736542
-143.53152322769165
-144.1165738105774
-147.03397971391678
-143.71731305122375
-145.690065741539
-146.77847337722778
-144.73199504613876
-147.23982524871826
-147.19620835781097
-148.95162200927734
-148.49468219280243
-146.57063335180283
-149.5650588274002
-147.13071250915527
-149.59600365161896
-147.47084367275238
-143.38272213935852
-147.4546056985855
-145.76496994495392
-147.67911684513092
-148.27413988113403
-147.60723459720612
-148.36093044281006
-148.0876247882843
-146.9194576740265
-150.15756356716156
-150.40320825576782
-144.6583298444748
-145.14758443832397
-150.15126782655716
-149.1707742214203
-148.96342778205872
-149.418423473835
-153.9437313079834
-148.4713124036789
-143.41016149520874
-148.0780250430107
-152.12459468841553
-150.98392736911774
-150.40582728385925
-148.60451012849808
-149.02843004465103
-148.23219513893127
-151.59188437461853
-150.182182431221
-153.50120621919632
-150.3119250535965
-149.45701384544373
-149.3086358308792
-148.0266517996788
-149.73442935943604
-150.3269643187523
-148.21734726428986
-152.37189137935638
-148.8179508447647
-150.28162491321564
-148.43948113918304
-146.86710733175278
-147.19644004106522
-149.04434567689896
-151.78555142879486
-149.18640780448914
-149.23360067605972
-149.62336242198944
-151.70409965515137
-150.34915554523468
-148.79117631912231
-148.07285749912262
-149.97157227993011
-153.56778997182846
-150.93565666675568
-152.09564435482025
-153.65880119800568
-150.36720669269562
-153.56426435709
-153.7115443944931
-155.31073302030563
-152.38477498292923
-150.7503805756569
-155.1913355588913
-154.65505933761597
-154.82667618989944
-152.9706112742424
-153.07592642307281
-154.39100086688995
-152.41496431827545
-154.15861248970032
-154.52539730072021
-154.4773885011673
-154.78116554021835
-152.74247378110886
-151.74093729257584
-154.75756406784058
-152.24096012115479
-151.15763944387436
-153.8193677663803
-151.70334416627884
-153.3524353504181
-153.1860162615776
-154.31214797496796
-150.98708027601242
-153.8283832669258
-151.78039395809174
-150.90952682495117
-152.80362808704376
-150.66696453094482
-153.85701125860214
-149.3281072974205
-146.7046570777893
-143.68739569187164
-148.13422334194183
-146.9860817193985
-148.47361916303635
-144.0852462053299
-149.70872259140015
-150.30858075618744
-147.3566842675209
-151.53448736667633
-149.53066897392273
-149.79037582874298
-149.98388171195984
-148.095663189888
-147.68810212612152
-145.53262186050415
-144.6358666419983
-149.07757711410522
-150.32592678070068
-150.0357586145401
-150.15111672878265
-149.5594379901886
-148.63785237073898
-153.44389986991882
-152.2021380662918
-150.91123926639557
-145.70185136795044
-149.4658581018448
-149.6089174747467
-146.68382573127747
