158.81725096702576
144.74542673428854
131.06284046173096
141.56951189041138
135.59285688400269
129.8181573152542
122.03472900390625
118.51779051621754
113.50013446807861
114.51248546441396
114.39552676677704
107.24976742267609
102.58863818645477
116.02882277965546
103.12126501401265
106.83302168051402
106.38428517182668
94.58538285891215
90.69929134845734
92.78481300671895
86.88722356160481
91.26052006085713
84.8485289812088
84.43475882212321
86.3339874347051
86.8372966448466
89.16020540396373
87.57973233858745
83.27206679185231
86.97325738271077
84.52674909432729
81.13034987449646
75.05221788088481
81.21319552262624
80.7908935546875
80.10862412055333
77.566523929437
74.51958658297856
81.24100804328918
79.27598232030869
76.99042518933614
78.9851502974828
76.42979125181834
76.05761639277141
73.10623637835185
70.63580256700516
73.43386266628902
78.20180650552113
73.22365824381511
68.53515348831813
70.50009524822235
65.45081963141759
76.5870052377383
68.227809826533
74.99495176474254
73.33337392409642
72.84501614173253
68.34573471546173
67.28569020827611
67.5661285718282
67.41417690118153
68.16643649339676
68.78033397595088
68.81072435776393
67.60749743382137
66.41824464003246
70.96268900235494
69.51258037487666
68.65818746884663
68.81100638707478
61.073230624198914
66.54584379990895
60.793658355871834
61.79017702738444
70.09014211098354
62.88876714309057
64.41429575284322
64.91302418708801
68.31089882055919
67.81573591629665
69.97824217875798
66.53790386517842
62.22047291199366
61.51110396782557
57.912410040696464
60.84725364049276
59.145204186439514
60.765610138575234
61.06683146953583
60.77272776762644
62.21344623963038
65.58966428041458
63.02038298050562
62.262039025624595
57.94952521721522
66.61081306139629
62.795739352703094
60.919430236021675
62.479950308799744
61.12967395782471
54.18853358427683
59.282421012719475
64.11376523971558
58.675592164198555
60.70794393618902
56.28641698757807
57.064610501130424
67.90079190333684
59.083282033602394
57.472875893116
59.02723721663157
61.741135934988655
57.751590053240456
61.71924650669098
53.036465426286064
65.68573747078578
58.57805049419403
62.68483906984329
56.99678111076355
54.006239960590996
57.329700311024986
51.67171867688497
52.98430569966634
50.056443164745964
58.80897984902064
55.45821954806646
59.347671608130135
60.34152601162592
48.59203316768011
59.839856803417206
58.05233007669449
56.37397183974584
58.2653746008873
64.31514926751454
60.46668060620626
59.14831739664078
54.85737929741541
52.9619432191054
59.2803989648819
58.14823923508326
54.844167709350586
54.06754950682322
56.21285821994146
53.40058036645254
52.32472978035609
56.98280996084213
56.85007333755493
58.50310512383779
56.94298074642817
57.304439475138985
52.08143428961436
54.77644536892573
51.984594881534576
57.952901820341744
52.47519807020823
52.281452079614006
57.44778513908386
53.63335233926773
59.171763936678566
61.02138394117355
57.68147486448288
50.08168601989746
56.94925570487976
57.58367455999056
54.421069979667664
52.2201604048411
60.45698622862498
54.633697221676506
53.72395247220993
56.05262762308121
60.75505016247431
58.63861451546351
61.04072284698486
56.65299020210902
52.30453285574913
56.12879010041555
55.947774052619934
54.08329325914383
54.18875449895859
56.01014823714892
52.92737994591395
56.896463910738625
58.62328945597013
55.175302584966026
52.15690169731776
56.38598893086115
54.13772306839625
53.96885379155477
53.953185776869454
57.636175672213234
49.03419989347458
53.14295870065689
52.21073807279269
56.76389619708061
56.16399178902308
56.86471982796987
50.26451085011164
53.65929006536802
54.527807672818504
55.28764923413595
