-0.1262214343296364
-11.270627275109291
-31.26274400949478
-48.41285514831543
-70.38485386967659
-77.21597921848297
-95.22457754611969
-93.54491424560547
-103.31245863437653
-99.07539498806
-94.12049603462219
-108.21456402540207
-97.72399663925171
-107.68769615888596
-110.51569247245789
-113.16292548179626
-111.53423249721527
-116.75719904899597
-118.48199021816254
-111.61360919475555
-124.83029270172119
-124.69696402549744
-126.45516794919968
-121.84507411718369
-121.8176549077034
-120.61375820636749
-124.32071042060852
-123.02875393629074
-125.72092342376709
-127.2084105014801
-119.89474433660507
-129.85072779655457
-132.14447259902954
-126.6798906326294
-128.4541512131691
-129.68687736988068
-129.97959405183792
-133.1641811132431
-137.68228662014008
-133.25103211402893
-136.52598571777344
-135.73792016506195
-139.19826066493988
-140.2070397734642
-139.60594260692596
-138.8114805817604
-142.91779428720474
-145.12715601921082
-142.02554178237915
-134.73924446105957
-137.84464621543884
-134.3902992606163
-140.30326890945435
-139.2457154393196
-136.07902842760086
-139.69875693321228
-138.30779111385345
-142.39488518238068
-138.31438905000687
-139.74098372459412
-144.2703309059143
-142.23277741670609
-146.8740074634552
-147.0983372926712
-143.93969875574112
-142.3575338125229
-147.19600689411163
-149.24560791254044
-149.44335460662842
-144.55014383792877
-146.25253224372864
-145.89146900177002
-147.16427636146545
-143.9312070608139
-148.5441415309906
-144.58338534832
-147.70486390590668
-144.43414103984833
-150.21786165237427
-148.97995787858963
-149.68827402591705
-148.49934607744217
-151.90908896923065
-147.2418600320816
-150.72279012203217
-146.4397121667862
-152.2281168103218
-153.6749283671379
-152.73929065465927
-154.79835039377213
-152.5250642299652
-152.09566450119019
-151.03211748600006
-148.7566454410553
-149.1388019323349
-153.76785349845886
-147.29226624965668
-151.96699970960617
-153.7546979188919
-150.18919336795807
-153.7571457028389
-148.8816133737564
-151.61412596702576
-149.61214089393616
-147.8961536884308
-146.05498701334
-151.51976037025452
-147.95618987083435
-147.5511269569397
-150.9554806947708
-151.2593685388565
-151.90254139900208
-149.4723653793335
-150.56026935577393
-150.22557771205902
-147.67196488380432
-148.522323012352
-152.67811620235443
-151.1117560863495
-146.82411497831345
-151.68534338474274
-150.2959389090538
-151.7178394794464
-150.09944128990173
-152.44973695278168
-153.35193169116974
-151.74251878261566
-151.3122426867485
-153.17726266384125
-149.91220092773438
-152.5739997625351
-152.57609498500824
-149.16075140237808
-154.7868971824646
-152.75509548187256
-150.3397371172905
-148.5377551317215
-148.74965465068817
-151.09082400798798
-151.7523502111435
-150.93136548995972
-151.9338891506195
-149.0480929017067
-152.73861575126648
-148.17963325977325
-148.07330071926117
-149.75282299518585
-150.88901782035828
-146.7877910733223
-149.55367612838745
-150.15039145946503
-154.35589581727982
-149.940123796463
-153.45657193660736
-149.48670959472656
-148.84996342658997
-148.60822713375092
-148.40926158428192
-149.26628816127777
-149.60004299879074
-151.17732244729996
-150.53071463108063
-149.7505464553833
-152.30659699440002
-150.6188952922821
-152.37386572360992
-151.7923508286476
-150.58811163902283
-150.77803146839142
-150.3974665403366
-150.08451282978058
-147.062637925148
-149.84664463996887
-151.04808348417282
-149.58498358726501
-148.71316957473755
-148.94011843204498
-141.9953625202179
-148.6446316242218
-151.8544620871544
-151.5793634057045
-147.3726099729538
-152.85953426361084
-153.26949274539948
-152.05698347091675
-151.1058834195137
-151.6683599948883
-149.82190489768982
-150.48006665706635
-150.79479324817657
-150.2779079079628
-153.68910133838654
-153.41325724124908
-153.47595274448395
-151.5164966583252
-153.73698925971985
-151.8583100438118
-150.92590582370758
-151.14251959323883
-152.22263699769974
