119.3389155069987
54.81842009226481
49.38182030121485
45.24814029534658
41.86752448479334
40.27561096350352
38.49990745385488
38.021823247273765
37.33236690362295
33.861364682515465
34.99933783213297
31.597161332766216
30.643422544002533
30.292932669321697
30.13498193025589
30.09477138519287
31.479262868563335
27.95521165927251
28.586757640043896
28.09100365638733
27.432023028532665
28.719823072354
27.369496424992878
27.749783138434093
26.658511241277058
24.750422994295757
25.569351077079773
26.15605167547862
25.984183112780254
25.548462013403576
23.298625866572063
23.809996982415516
23.003822962443035
22.467034101486206
22.665566106637318
22.42421688636144
22.213611245155334
23.987030227979023
21.289652049541473
21.61828641096751
22.95781083901723
21.317168166240055
20.52750078837077
21.43953548868497
20.771197895208996
19.93330627679825
20.006778359413147
19.794206102689106
20.27990698814392
18.98063201705615
19.549179295698803
19.43320033947627
20.601987848679226
19.21328627069791
19.69492018222809
18.37103487054507
18.376383155584335
18.501000463962555
17.81704769531886
18.386562397082646
17.636589626471203
18.081342488527298
17.49462326367696
17.754643231630325
17.372076133886974
16.909261802832287
16.98404462138812
18.39991174141566
17.92567279934883
17.38599442442258
16.70926750699679
16.201863139867783
17.631911287705105
16.128198842207592
16.66509998838107
16.6383080581824
16.056510309378307
15.978026588757833
16.25102816025416
16.410398413737614
16.1964248418808
15.616553544998169
15.864096184571585
15.75758949915568
16.095669448375702
15.275179465611776
14.868133336305618
15.109564244747162
15.082152108351389
15.009869277477264
14.626363317171732
15.691262741883596
14.66151758035024
14.294761806726456
14.570625881354013
14.850954751173655
14.68819366892179
14.43167464931806
14.574942688147226
14.650583763917288
13.829098721345266
14.523843854665756
13.894007901350657
14.204459408919016
14.278790801763535
13.947993944088617
14.082758724689484
13.521787787477175
13.871406614780426
13.704807326197624
13.643399119377136
13.27218242486318
14.439136743545532
13.392970621585846
13.556126038233439
13.556560526291529
13.773422946532568
13.713270415862402
13.296393344799677
13.09657672047615
12.642344733079275
13.574864407380423
12.704557086030642
13.183240950107574
12.715457772215208
14.047791600227356
12.577526152133942
12.815160542726517
13.520119359095892
12.990140959620476
12.142940873901049
12.3839394201835
13.360108037789663
13.082958022753397
13.114803105592728
12.538673321406046
12.089105129241943
12.393808911244074
12.348198423782984
11.94282771150271
12.042845904827118
11.951189691821734
11.596123983462652
12.843284716208776
11.748103852073351
11.701194028059641
11.670685768127441
11.50175598760446
12.412049601475397
11.839169373114904
11.542604530851046
12.443847517172495
11.620946372548739
12.318731581171354
11.997904469569525
11.753953084349632
11.7045219540596
12.005828276276588
11.351299901803335
11.545396601160368
11.595901772379875
11.6101895570755
11.719666197896004
11.088539282480875
11.51513140896956
12.83412280678749
11.166005859772364
11.345904211203257
11.066551049550375
11.103865270813307
11.638133237759272
11.71436428030332
11.209116806586584
11.392545282840729
11.600105926394463
11.323282887538275
11.00567621489366
11.428420101602873
11.219019934535027
10.905178000529608
11.099451005458832
10.889180570840836
10.76345793902874
11.26264856259028
10.864313304424286
11.593104074398676
11.469893962144852
10.760490184028944
10.977597306172052
11.018651554981867
10.820837338765463
11.074703057607016
11.141798079013824
10.76809691886107
10.5752804428339
10.558458462357521
10.912081827720007
10.643863275647163
11.202534645795822
10.298157860835394
