5198.107704162598
4724.38982963562
4248.124164581299
3988.729497909546
3543.9456787109375
3557.456962585449
3065.495502471924
3360.472848892212
3164.3393955230713
2976.7773361206055
2951.6801166534424
2917.9225368499756
2730.896209716797
2728.177255630493
2796.422842025757
2720.951961517334
2814.5974464416504
2562.3532905578613
2704.4103412628174
2503.4528799057007
2471.88480758667
2519.562078475952
2499.3431816101074
2437.378749847412
2431.389636993408
2374.216173171997
2388.835346221924
2459.365692138672
2298.993495941162
2308.563021659851
2365.833671569824
2212.2962522506714
2254.336730003357
2242.173963546753
2218.359987258911
2156.2550144195557
2175.523808479309
2199.2557487487793
2168.087863922119
2260.5900020599365
2135.79806804657
2139.2340717315674
2082.953172683716
2078.362540245056
2049.985330581665
2115.1206398010254
2195.1001167297363
2114.3702278137207
2031.2630672454834
2144.1381816864014
2070.267406463623
2038.939317703247
2057.6683502197266
2043.8323068618774
2061.397201538086
2017.4329872131348
1990.9975652694702
1997.9549932479858
1996.291708946228
1996.560703277588
1966.6215858459473
1973.8874950408936
1976.1023063659668
1934.5978832244873
1895.3430843353271
1896.4203510284424
1867.548991203308
1947.6038961410522
1897.8995780944824
1892.847674369812
1900.731351852417
1862.423915863037
1892.4049377441406
1834.89204788208
1902.4355735778809
1808.0274276733398
1828.9211473464966
1768.4536714553833
1816.4000978469849
1804.5765962600708
1763.6805934906006
1764.8942108154297
1756.8706369400024
1778.8432350158691
1708.935170173645
1760.6686305999756
1736.2808856964111
1813.3826551437378
1735.6615056991577
1667.0647277832031
1699.5861263275146
1656.4538764953613
1710.8513317108154
1727.6211700439453
1651.5151147842407
1681.3414125442505
1633.1622552871704
1637.6229839324951
1612.4324464797974
1642.716953277588
1590.8132963180542
1600.8361959457397
1613.5031051635742
1583.553189277649
1545.248815536499
1646.8087615966797
1604.8509645462036
1606.8767223358154
1576.0513257980347
1581.6470203399658
1624.1687545776367
1569.9887189865112
1601.5829010009766
1570.1382856369019
1613.521800994873
1579.1248559951782
1558.6008625030518
1547.3659572601318
1544.3567342758179
1518.6646327972412
1586.7749967575073
1516.9591217041016
1529.3874979019165
1628.679123878479
1500.007321357727
1510.693600654602
1511.174373626709
1488.2410354614258
1527.2099170684814
1527.603980064392
1484.1128025054932
1462.2273979187012
1432.8536682128906
1447.3150548934937
1564.4771556854248
1476.1142101287842
1432.4151220321655
1453.999942779541
1416.6617889404297
1461.1662483215332
1396.7028608322144
1459.116798400879
1425.3682441711426
1452.8943099975586
1401.6741790771484
1452.749900817871
1394.6978940963745
1416.3592710494995
1385.6465330123901
1376.7046070098877
1379.3294372558594
1424.6835899353027
1387.6718072891235
1361.3667726516724
1362.3246116638184
1428.2963981628418
1382.4783954620361
1335.8891897201538
1382.1125373840332
1317.4861254692078
1336.4071125984192
1358.2392501831055
1332.6810817718506
1315.2223181724548
1333.0103540420532
1307.9786505699158
1356.0399112701416
1344.60684633255
1285.371603012085
1288.0221400260925
1286.9242434501648
1289.6376371383667
1263.8747816085815
1292.2826137542725
1306.4176292419434
1313.5668506622314
1276.8608899116516
1289.4053897857666
1266.0600180625916
1343.394760131836
1287.6571683883667
1270.496409893036
1283.815336227417
1236.1832737922668
1258.1067953109741
1274.5799179077148
1230.1558828353882
1292.6347723007202
1210.6550831794739
1227.7689409255981
1228.9950489997864
1224.3634791374207
1221.9121494293213
1213.167013168335
1198.050063610077
1216.883776664734
1190.5530352592468
1233.8673276901245
1197.079653263092
1195.1251330375671
