177.49855780601501
167.77310132980347
159.30825702349344
151.22494570414224
152.82814184824625
143.13584280014038
146.0919759273529
130.91977206865946
124.12628650665283
137.0922985871633
125.2743468284607
130.18152594566345
127.06705967585246
124.9534564812978
121.35808817545573
128.8013073603312
122.5459230740865
118.73985926310222
116.09003949165344
121.19569353262584
115.45322565237682
117.70012831687927
119.84311811129253
112.95936230818431
112.53265865643819
107.9236117998759
110.68003710110982
110.69863537947337
100.0954482158025
114.53539228439331
103.23377871513367
100.05136565367381
99.13715593020122
97.81623935699463
97.26108419895172
104.30913774172465
99.95380000273387
95.17336241404216
95.88382661342621
96.40254084269206
94.22067626317342
92.00263075033824
91.3091990550359
93.06462546189626
92.91506564617157
86.84203326702118
92.43870238463084
91.94659888744354
86.77610655625661
83.35419700543086
89.3833514849345
87.80679563681285
82.13100663820903
77.7169330517451
79.70981955528259
78.94902575016022
82.44648623466492
84.25518333911896
81.09744085868199
85.58251011371613
83.46606409549713
78.5776999394099
78.78813044230144
80.62777801354726
82.97160291671753
77.17913524309795
71.19358269373576
80.74057340621948
81.42953222990036
77.47670165697734
73.16284747918446
74.54366636276245
76.09196559588115
79.27517223358154
67.13488187392552
76.04527374108632
75.26134900252025
72.66017391284306
75.57674221197765
76.08228538433711
72.54572784900665
77.22452712059021
73.0907736023267
74.12883851925532
64.86468225717545
75.83815610408783
73.6242012778918
81.49120529492696
70.58271473646164
75.08947964509328
66.24482852220535
74.58259193102519
74.34630088011424
68.36993044614792
76.62356760104497
73.45539782444637
71.90051980813344
72.89281181494395
68.54874225457509
72.22895781199138
68.49912470579147
70.13070789972942
62.27638705571493
71.52057882150014
67.67058485746384
66.27955094973247
70.36397149165471
64.77667391300201
71.85336154699326
66.65255463123322
68.09937506914139
67.94774315754573
66.66490377982457
62.286334455013275
62.09437177578608
63.86823254823685
65.32930235068004
62.05118576685587
64.03610060612361
66.68127173185349
69.92313877741496
59.69076635440191
64.35633424917857
64.76214057207108
67.67892390489578
60.882975121339165
69.5710977713267
61.92335718870163
66.86735896269481
70.10880943139394
69.40523890654246
68.67521343628566
60.961364567279816
62.53244745731354
61.52741229534149
62.71142315864563
66.62781461079915
60.68897980451584
69.31664335727692
61.668387949466705
64.37147722641627
51.0527772406737
65.52115309238434
64.68738490343094
67.50588685274124
56.95144447684288
64.99267003933589
62.00146941343943
62.06417421499888
63.55515835682551
63.582984368006386
60.89982986450195
62.40217675765356
65.49708384275436
62.617320915063225
65.19132876396179
59.97572753826777
63.36731813351313
61.70077645778656
59.809189995129906
67.992334206899
66.5269136428833
61.299844682216644
62.41609772046407
65.57530927658081
64.79183948040009
59.367640693982445
59.07948161164919
64.70632674296697
60.2880667646726
58.712214251359306
54.98096916079521
61.16178995370865
51.351397136847176
59.953653732935585
60.12938048442205
60.996721943219505
54.348448326190315
61.81327750285467
59.45719438791275
60.2741339802742
61.86448727051417
65.00172853469849
64.1152692635854
58.78496245543162
59.32235171397527
57.998736004034676
56.35545194149017
57.99170932173729
61.376609563827515
62.67500948905945
64.8378182053566
58.414408246676125
60.318174600601196
57.66997720797857
59.2912886540095
54.61947000026703
56.00221059719721
61.92309562365214
60.007760425408684
