2768.3919887542725
2166.8023643493652
1960.1623373031616
1783.99587059021
1661.9793004989624
1525.3902969360352
1508.868984222412
1415.1521005630493
1389.1294374465942
1324.0360326766968
1347.0302934646606
1313.410514831543
1265.8181810379028
1220.7428541183472
1194.1705980300903
1203.1639375686646
1153.5959701538086
1151.3133058547974
1137.9365997314453
1190.916072845459
1135.2118434906006
1073.248378753662
1085.5299282073975
1057.8644495010376
1021.7223453521729
1020.379388332367
1006.6430292129517
1061.5061073303223
1028.4742803573608
983.4345722198486
957.4249639511108
951.4157047271729
964.8372163772583
954.031831741333
1021.7787551879883
927.5416116714478
933.4554576873779
934.3631725311279
891.0616126060486
937.8285093307495
900.3985686302185
926.5653991699219
869.6799478530884
863.8482990264893
860.9777636528015
854.0877857208252
832.1146235466003
894.7784566879272
839.8828220367432
870.6160287857056
825.9961709976196
848.5707426071167
841.0505862236023
809.9345178604126
836.5407004356384
814.189028263092
802.8433179855347
790.8917660713196
783.9986453056335
769.8572635650635
760.4374656677246
753.6732816696167
756.8826789855957
771.9862513542175
767.6887888908386
786.1024098396301
734.108738899231
732.1791195869446
714.6211552619934
743.0302767753601
706.6390023231506
710.7255725860596
737.1485843658447
704.9024658203125
701.7428703308105
684.4275488853455
702.1608672142029
680.5270504951477
674.3641953468323
658.9757533073425
660.836874961853
666.8211526870728
691.8288416862488
664.6823334693909
640.5551617145538
677.906491279602
633.2657215595245
634.268970489502
626.9272706508636
631.7105023860931
657.4319369792938
635.4073209762573
624.1843423843384
626.2349607944489
618.5784940719604
627.0127718448639
651.3811359405518
604.3072085380554
616.1419517993927
614.8157162666321
603.9073433876038
627.7224478721619
604.4184970855713
599.6361517906189
596.4385199546814
670.5665240287781
636.9006505012512
597.433146238327
585.4807481765747
603.5048189163208
583.509667634964
605.5935139656067
620.6244788169861
578.5597851276398
573.1483089923859
585.8022036552429
580.5703525543213
569.0242261886597
611.4884223937988
603.3244686126709
560.6621530056
569.6724557876587
562.5731167793274
560.1517245769501
548.1753523349762
578.3511493206024
550.97984790802
545.6305031776428
538.1003541946411
538.553929567337
575.737238407135
565.0742483139038
538.1143357753754
555.1010699272156
549.7555530071259
569.1887011528015
550.0512614250183
544.7493412494659
525.756673336029
526.479484796524
522.3821563720703
542.9492630958557
552.9632983207703
536.7211337089539
515.8886590003967
515.774267911911
519.8132121562958
523.6516194343567
509.960307598114
514.4657611846924
509.358535528183
506.40620589256287
510.4895930290222
554.8842144012451
521.317461013794
496.22733306884766
512.2869715690613
517.6312394142151
505.89920234680176
496.4551079273224
524.419558763504
501.3971333503723
501.09610629081726
483.8750295639038
507.4453959465027
535.045318365097
487.4705924987793
486.15108585357666
480.1262333393097
475.4318470954895
493.90284490585327
513.876923084259
492.2336778640747
482.2440197467804
476.9522936344147
475.26221466064453
477.26871252059937
484.0835847854614
473.4103603363037
485.44487500190735
471.0104441642761
499.6533441543579
502.07775831222534
465.18290519714355
469.21725606918335
465.57628321647644
474.7870020866394
478.6998300552368
468.492712020874
456.57432103157043
491.56602716445923
454.6479654312134
456.77868580818176
444.53368186950684
450.3884587287903
443.62089014053345
447.50285387039185
451.3921911716461
442.3417568206787
442.91633129119873
