-1.767062345519662
-10.508760187774897
-15.383435666561127
-23.936937138438225
-26.50100341439247
-32.32803872227669
-38.48615947365761
-38.98056146502495
-44.37651985883713
-43.90215343236923
-43.12705710530281
-48.95750218629837
-46.66316306591034
-43.918980687856674
-55.660934805870056
-49.895668268203735
-57.400996923446655
-59.37795013189316
-54.68857026100159
-70.04463708400726
-53.585541397333145
-57.3018062710762
-62.77929702401161
-68.54455852508545
-63.915703386068344
-66.7264241874218
-64.8396612405777
-70.59135919809341
-63.86675274372101
-71.13384050130844
-65.96404525637627
-73.05950105190277
-63.91072219610214
-65.19295805692673
-73.85654181241989
-65.22868260741234
-71.78480497002602
-65.80857068300247
-77.23543053865433
-74.25155672430992
-72.78685015439987
-67.45739996433258
-85.43671554327011
-74.93044406175613
-75.92253190279007
-80.7559381723404
-77.20801132917404
-74.75176087021828
-78.2465164065361
-72.75734579563141
-74.80660432577133
-77.42417684197426
-79.46470695734024
-63.048805087804794
-78.86421418190002
-77.25833696126938
-75.59196019172668
-70.22648829221725
-68.30122059583664
-68.84258377552032
-77.00548994541168
-75.45392733812332
-72.90218812227249
-70.45519995689392
-76.65429338812828
-81.63123750686646
-75.4321440756321
-82.19331115484238
-78.48983922600746
-74.17782604694366
-81.03261834383011
-76.27778795361519
-79.49892556667328
-77.98161682486534
-73.77236020565033
-68.82681420445442
-80.29370993375778
-77.71438026428223
-76.22392663359642
-75.05439460277557
-76.37970340251923
-74.51281988620758
-78.72394508123398
-78.21746534109116
-69.25882288813591
-75.15012007951736
-86.25349974632263
-71.34591126441956
-69.36280837655067
-70.94140237569809
-80.40080803632736
-79.24425530433655
-77.20140331983566
-75.76222723722458
-76.60717102885246
-79.47805392742157
-78.97664603590965
-76.76788365840912
-76.20740157365799
-77.3376733660698
-85.30329620838165
-76.29709321260452
-72.20033895969391
-65.53634285926819
-65.8791333436966
-76.70408514142036
-70.79024416208267
-75.70178812742233
-75.38750475645065
-78.16980910301208
-79.62771627306938
-71.4287833571434
-74.49159568548203
-70.64420312643051
-70.33374756574631
-75.44288712739944
-73.05070716142654
-69.51088923215866
-70.53766912221909
-70.49736630916595
-70.51311573386192
-75.40135034918785
-70.33677959442139
-76.50986909866333
-69.85708445310593
-72.10030719637871
-71.78233703970909
-73.73304456472397
-69.87278854846954
-69.74943232536316
-81.03149518370628
-70.90418699383736
-76.72949978709221
-76.18703359365463
-68.19225895404816
-76.52096974849701
-75.7367622256279
-80.8953309059143
-71.48727834224701
-76.65044543147087
-70.92346203327179
-74.86491295695305
-64.69580608606339
-69.95810842514038
-76.0560821890831
-79.83334523439407
-74.9329623579979
-79.77226144075394
-70.0854586660862
-73.35054558515549
-71.04134348034859
-81.09742417931557
-77.95009279251099
-69.89675265550613
-77.71241599321365
-66.48787605762482
-77.29669061303139
-68.44975978136063
-78.23390477895737
-69.66406208276749
-76.06927806138992
-79.87815076112747
-78.50136798620224
-82.32495760917664
-74.71812650561333
-70.5325317978859
-75.6363627910614
-75.13706523180008
-70.07771742343903
-71.98857542872429
-76.74834167957306
-80.13512274622917
-73.57905578613281
-79.41450220346451
-83.5101937353611
-77.58988073468208
-73.80648815631866
-82.62456434965134
-74.37874579429626
-76.61591958999634
-77.03987476229668
-75.2534709572792
-69.30202174186707
-66.51812583208084
-78.56377136707306
-77.37698900699615
-74.53221076726913
-66.77783268690109
-83.32840296626091
-77.70319902896881
-84.77743566036224
-71.38521683216095
-68.60096836090088
-79.74801528453827
-81.29040122032166
-76.63578894734383
-78.65427893400192
-74.6298098564148
-75.72625589370728
-67.06256133317947
