625.7051918506622
524.9325659275055
497.2911822795868
487.1243166923523
473.8162291049957
453.65648198127747
446.8088517189026
441.9256536960602
427.36047291755676
416.9171185493469
421.77130579948425
402.76066732406616
393.1738963127136
386.79910135269165
396.2699098587036
388.38707852363586
389.17230343818665
370.27871537208557
376.89409828186035
374.2821617126465
370.90458250045776
374.43736934661865
368.0780870914459
361.11223793029785
361.25600242614746
353.41491436958313
357.92891001701355
347.4165744781494
342.2238073348999
344.6503973007202
337.47115778923035
340.49903631210327
338.9716191291809
338.4414875507355
338.86194229125977
330.7854036092758
324.40412151813507
327.3706341981888
327.32089281082153
330.20182371139526
321.0856719017029
324.8215341567993
318.77764332294464
326.43493604660034
320.82703280448914
319.7916907072067
323.3281844854355
322.19843649864197
313.1056544780731
312.61486876010895
302.85735726356506
321.3760415315628
311.86091101169586
304.0355169773102
318.2691287994385
309.16653549671173
306.26700949668884
307.8369153738022
304.78119456768036
316.0096529722214
296.0142196416855
300.24421191215515
301.8881355524063
299.9338973760605
302.55481922626495
302.783420085907
303.7262097597122
299.9077876806259
308.1516822576523
287.1780822277069
297.27167546749115
293.685480594635
290.40351605415344
296.5265015363693
289.32290506362915
277.09008967876434
296.87289822101593
286.97766613960266
286.09525513648987
283.36151361465454
278.1985832452774
286.3295977115631
283.8730903863907
281.50210440158844
291.1403896808624
285.3362406492233
279.9166656732559
280.7893661260605
278.16522085666656
280.06586968898773
283.9800474643707
280.47250401973724
281.20673847198486
279.75678408145905
277.69284892082214
284.3213269710541
281.0463935136795
269.6348851919174
276.97527551651
278.1120948791504
280.6336145401001
273.622234582901
276.6309539079666
272.7272119522095
273.46888041496277
278.95713436603546
279.7046855688095
276.1961750984192
265.3410087823868
280.8259519338608
285.54668962955475
277.58284974098206
269.1607403755188
269.71097803115845
276.7406105995178
264.785311460495
269.75012242794037
269.2845196723938
264.0651593208313
271.0356421470642
264.6602226495743
265.6918376684189
264.176185965538
265.1448435783386
257.81728649139404
266.9105318784714
270.05689120292664
258.8679801225662
264.35683846473694
260.22016417980194
254.88407576084137
264.0888111591339
262.452764749527
258.29598438739777
267.77855837345123
260.83337938785553
260.08280622959137
259.84155344963074
255.99387884140015
273.617036819458
267.35675382614136
250.16466772556305
268.25866651535034
258.98212945461273
263.23166370391846
265.54611897468567
256.5104922056198
251.93273329734802
273.1959776878357
254.6928061246872
265.06258594989777
257.5195634365082
266.3368035554886
262.40936946868896
253.65704095363617
260.4126627445221
257.3389310836792
267.2864429950714
258.81366550922394
249.8586242198944
255.941659450531
260.45873749256134
243.8712238073349
262.8065148591995
245.65965735912323
251.22559571266174
252.0776662826538
268.14371132850647
263.2955881357193
264.36481642723083
251.54058420658112
268.05401968955994
258.3556579351425
263.5501778125763
264.4172977209091
247.71549367904663
262.87670481204987
247.30708646774292
252.21341252326965
251.55768847465515
264.0229526758194
246.25709795951843
251.94149696826935
247.90625965595245
258.44138073921204
250.33202362060547
249.39167165756226
260.6108224391937
254.1750444173813
262.91772282123566
249.10023427009583
249.01574039459229
250.35974502563477
252.57735669612885
257.496092915535
255.17843437194824
243.115070104599
252.34603607654572
254.115229845047
246.611452460289
