168.22185653448105
90.6612434387207
70.15389084815979
72.75177532434464
56.608045876026154
55.136000990867615
55.77206218242645
53.95997175574303
47.32462379336357
45.42461460828781
48.628330647945404
64.7554594874382
43.47835439443588
42.555620431900024
41.87408384680748
41.752399772405624
56.494611740112305
40.993614450097084
42.73486268520355
51.24227178096771
39.986928045749664
39.47290349006653
40.83336518704891
38.78865469992161
38.174044355750084
37.494434267282486
37.4540559053421
40.03374317288399
38.19286358356476
36.56252111494541
35.767845034599304
38.66880142688751
41.545456260442734
35.42233982682228
35.45318140089512
51.59203290939331
34.91738113760948
34.62458135187626
34.2136986553669
34.97997087240219
34.166956558823586
33.208825424313545
33.53928381204605
49.8005673289299
43.657072842121124
32.71138636767864
31.593298092484474
31.438372507691383
30.7544334679842
31.530262619256973
32.24671034514904
30.628659680485725
30.637899309396744
31.980518877506256
29.991392225027084
29.315713196992874
29.395518004894257
30.411726087331772
27.95424921810627
28.932327777147293
27.609887316823006
29.439711585640907
27.78585074841976
28.49948301911354
28.829248875379562
38.33800306916237
27.80278880894184
34.00869423151016
27.5994061678648
26.125890597701073
27.419506639242172
26.297132223844528
26.007523119449615
26.956313893198967
26.639539927244186
26.23284263908863
26.70617152750492
26.769393354654312
27.915215626358986
29.45842756330967
26.207050248980522
25.82629644870758
24.726234138011932
25.846377342939377
32.33275297284126
29.62993612885475
24.585390865802765
25.252417027950287
28.26464182138443
25.737005218863487
29.012535512447357
24.360139340162277
25.905673146247864
25.016820341348648
23.674961298704147
23.71735429763794
24.65698854625225
23.724941924214363
23.519877061247826
24.670796364545822
23.349987760186195
24.261180371046066
23.359041035175323
23.00649718940258
26.649179965257645
23.972450152039528
21.823993414640427
23.136632665991783
27.013423815369606
22.296745613217354
21.804260045289993
23.55816775560379
21.664172261953354
23.00439441204071
22.180279448628426
25.14466668665409
26.066451251506805
24.18623587489128
22.13131369650364
21.44024032354355
21.6806922852993
21.241219371557236
22.497411012649536
21.906842842698097
22.59604512155056
21.44704979658127
20.104641765356064
21.05675669014454
20.31252460181713
20.440869569778442
21.05601505190134
19.997816897928715
21.055022843182087
20.367896899580956
20.261030480265617
20.940323263406754
20.83957378566265
20.46359719336033
19.68325273692608
20.0085561722517
20.88907215744257
19.181421771645546
20.187632218003273
19.700304120779037
20.729063391685486
19.819930747151375
30.671553820371628
19.359535828232765
19.57137742638588
23.662500768899918
22.993238359689713
19.918406203389168
19.651989348232746
19.99590677022934
19.761044166982174
20.896049097180367
20.169569738209248
20.050624310970306
25.01334761083126
21.233868464827538
20.81662707030773
19.807481549680233
20.165072061121464
20.19738683849573
18.901431299746037
19.604689449071884
19.662031054496765
19.231923684477806
18.67257483303547
18.302586749196053
18.481487773358822
19.134279265999794
19.270748257637024
18.574352465569973
19.497868359088898
18.727252081036568
17.95492210239172
19.016910292208195
19.015032902359962
23.138010174036026
17.757216960191727
18.25322562456131
18.104447200894356
18.009907841682434
18.09246514737606
17.832650005817413
17.777540870010853
18.07777088880539
19.902964010834694
18.455084696412086
17.070466242730618
19.915897980332375
18.375369288027287
17.38403693586588
17.732975840568542
16.84023478627205
17.952240116894245
16.508251570165157
16.73047610372305
17.24649640917778
