2920.6350440979004
2259.078863143921
2145.322304725647
2162.9000930786133
2064.5358448028564
2177.4174060821533
1882.3462581634521
1832.9899082183838
1864.8695240020752
1785.9905223846436
1729.4942989349365
1673.2440223693848
1696.563042640686
1691.7899646759033
1655.2352628707886
1603.3864040374756
1585.7196493148804
1541.7555961608887
1583.6581115722656
1780.305700302124
1534.2991828918457
1510.0092687606812
1715.07981300354
1579.6974964141846
1472.321696281433
1590.2738571166992
1473.1012802124023
1583.4506845474243
1497.644555091858
1450.504467010498
1464.5592193603516
1547.836576461792
1440.175503730774
1405.033787727356
1445.0191745758057
1382.5238456726074
1459.2824821472168
1416.8335971832275
1387.683572769165
1335.98508644104
1469.5410137176514
1331.9488015174866
1344.6697030067444
1299.6777820587158
1307.3558859825134
1344.0833630561829
1335.8282670974731
1324.6468706130981
1299.3236894607544
1359.0839471817017
1322.7358665466309
1355.8864765167236
1280.2586960792542
1267.9667510986328
1340.4174489974976
1268.3911142349243
1205.7890901565552
1224.9286251068115
1316.0320410728455
1187.673957824707
1205.3870491981506
1177.5453300476074
1189.0811414718628
1183.1645555496216
1149.4587116241455
1162.525647163391
1200.101689338684
1157.9156742095947
1123.644281387329
1157.3166017532349
1239.0591278076172
1103.2903232574463
1120.9967260360718
1163.712107181549
1182.5607285499573
1187.5102887153625
1124.1555156707764
1141.5248293876648
1162.144558429718
1198.491994380951
1198.7870984077454
1114.2009525299072
1080.0741300582886
1166.0464267730713
1033.1330075263977
1091.1474614143372
1086.2863035202026
1120.7191896438599
1042.2747049331665
1069.4352350234985
1072.7752614021301
1220.5199546813965
1023.2724876403809
1211.9376010894775
1009.116358757019
1107.1291737556458
1032.6322493553162
1017.5316586494446
1092.7828631401062
1046.347011566162
1014.7363901138306
1081.6679496765137
1160.4642705917358
1060.4561591148376
1080.4784274101257
1031.7030987739563
1019.8287477493286
1098.4412531852722
1118.2782554626465
1027.567451953888
1052.386570930481
1067.256848335266
1071.2424449920654
1027.737648487091
1025.4370136260986
984.1363105773926
1079.696264743805
1108.8209047317505
1057.9655842781067
1067.777027606964
1004.5128326416016
994.9570870399475
1075.6551446914673
1044.3156933784485
1022.4827499389648
1001.6577696800232
1029.685721874237
952.2881231307983
982.762086391449
1025.6672463417053
1066.4877405166626
984.2901482582092
1015.526288986206
965.15149974823
985.9306268692017
1098.1623468399048
1039.4690408706665
954.4491839408875
979.6359338760376
982.2723684310913
982.1394829750061
939.9292116165161
934.1271376609802
975.2106628417969
1031.6058320999146
954.9299569129944
955.5431318283081
942.6228618621826
953.5853881835938
969.0659394264221
995.649477481842
931.9584212303162
916.6671652793884
970.3042964935303
937.9229555130005
1003.6029419898987
920.075044631958
951.145179271698
929.5785708427429
906.1499543190002
882.132257938385
944.7213077545166
917.658447265625
917.0387449264526
998.5848035812378
940.7628684043884
942.6504220962524
955.549901008606
886.1828064918518
922.8505697250366
898.5245532989502
885.3415746688843
912.559965133667
879.3713994026184
955.9902200698853
927.8401002883911
972.6884984970093
910.6756348609924
856.4304056167603
874.7969646453857
840.3191118240356
871.8629279136658
866.0519089698792
922.8445258140564
871.9784069061279
868.6517577171326
912.6853561401367
838.8605146408081
946.7012929916382
834.4222693443298
900.8547630310059
872.2121047973633
841.5826921463013
849.0026807785034
849.6020755767822
913.418764591217
835.1659121513367
919.8191051483154
865.5920076370239
882.4390468597412
