1804.2621103922527
1712.0046106974285
1738.2862491607666
1534.0564556121826
1494.16255569458
1554.589147567749
1516.0587259928386
1428.2996565500896
1454.6432253519695
1440.7774467468262
1336.631690343221
1351.2822087605794
1442.8603013356526
1350.377873102824
1294.2895838419597
1321.6454683939617
1262.2923539479573
1301.653268178304
1297.229434967041
1236.6682027180989
1258.670031229655
1244.7108154296875
1226.5322265625
1324.889477411906
1237.561766942342
1234.2130076090496
1258.0600547790527
1229.410903930664
1268.2949714660645
1238.5548909505208
1222.5599733988445
1217.901180267334
1238.0858211517334
1182.9073003133137
1201.6513951619465
1202.9043146769206
1211.2224299112956
1223.2231941223145
1172.118818918864
1215.243241628011
1179.8764559427898
1192.4735247294109
1170.5811144510906
1146.2583026885986
1160.1130123138428
1149.4175573984783
1156.3543395996094
1102.9717966715496
1131.2897650400798
1111.0465602874756
1101.802396774292
1147.3813336690266
1125.0930404663086
1104.0185356140137
1151.7293910980225
1170.1762351989746
1115.4088497161865
1118.8526827494304
1146.814116160075
1121.9169387817383
1093.9195035298665
1123.3562825520833
1117.3487396240234
1087.4931602478027
1078.1951859792073
1105.6397349039714
1063.6838251749675
1106.1106821695964
1047.7028935750325
1062.893856684367
1065.0626831054688
1052.648422876994
1041.63920211792
1111.9117590586345
1050.5441926320393
1041.1950276692708
1014.4676615397135
1047.6196168263752
1071.3859125773113
1010.9462572733561
1009.3182894388834
1029.0475959777832
1080.8998832702637
1051.9175701141357
1002.410878499349
1037.5806191762288
998.6357269287109
1016.6034075419108
971.057861328125
999.2377815246582
974.0798117319742
993.2722110748291
971.7124741872152
995.5869534810384
979.7522748311361
1016.9294662475586
1002.017993927002
975.5545692443848
1000.61896387736
994.2089246114095
967.5813236236572
972.099469502767
1029.0397669474285
986.4819749196371
961.022871017456
961.3148320515951
960.3294410705566
965.0818881988525
930.1690998077393
966.1894111633301
974.4838816324869
962.6897773742676
940.7378546396891
965.8811047871908
946.2347927093506
954.3009122212728
930.616917292277
920.2557436625162
946.5947125752767
930.9528319040934
907.4122778574625
893.4087702433268
914.4996433258057
938.2229347229004
896.0220152537028
919.9142087300619
897.2753899892172
915.7953154246012
897.2489204406738
918.6955045064291
922.9298540751139
901.9670492808024
944.4875062306722
902.9435024261475
893.8806304931641
890.602434794108
916.6856079101562
881.1780497233073
909.5340105692545
895.0647214253744
956.4461104075114
892.5408166249593
876.5809853871664
896.8575407663981
929.8685315450033
909.974562327067
869.0851027170817
864.2836672465006
905.2405738830566
861.9100761413574
873.001228650411
911.8903198242188
887.832799911499
858.1168562571207
876.00048828125
847.036101659139
867.7070722579956
863.8386739095052
884.4806054433187
856.2998072306315
848.0949204762777
862.780699412028
864.2395407358805
849.586433728536
865.8539505004883
820.7168550491333
827.2056115468343
845.005400021871
847.3294741312662
838.1118342081705
852.8934167226156
845.7492027282715
838.8526922861735
846.7957747777303
814.2401313781738
849.6408093770345
838.4357293446859
845.6577695210775
856.1013978322347
846.2080879211426
845.7632363637289
822.6854066848755
832.8925043741862
833.7147391637167
862.9070281982422
824.0151147842407
831.2670764923096
831.086415608724
827.4779955546061
825.0848395029703
803.8329073588053
801.2469755808512
825.4648876190186
804.1625057856241
811.107180595398
795.6729723612467
808.0841217041016
794.687816619873
783.3763357798258
780.0801843007406
