739.763744354248
653.4592339992523
602.3967282772064
584.358998298645
595.9573440551758
602.0209984779358
636.4212071895599
602.7675423622131
574.2836375236511
578.2054104804993
563.0721423625946
595.4103298187256
584.9306716918945
535.8657188415527
536.4085829257965
538.351015329361
551.4402730464935
515.0135006904602
519.8311424255371
551.4759724140167
528.2976140975952
551.7866697311401
521.6407699584961
537.0706732273102
517.3756625652313
503.7293174266815
516.3062932491302
493.9443061351776
496.5611181259155
532.3801953792572
501.74413442611694
519.5685949325562
501.10509157180786
480.8167300224304
485.50273537635803
497.24831080436707
497.26886010169983
491.7276816368103
495.1715021133423
495.53933453559875
463.80110597610474
465.3543508052826
487.9861783981323
455.4852485656738
457.26735615730286
464.6456820964813
476.44972229003906
458.6039066314697
454.4811534881592
460.2110631465912
459.16377425193787
447.15996265411377
462.4176547527313
446.0320076942444
461.956262588501
465.08040046691895
449.02402567863464
453.00684213638306
456.94118642807007
436.99108242988586
449.2333867549896
442.10302233695984
442.29763627052307
450.78921031951904
428.4174723625183
464.20673298835754
442.51271891593933
444.6411828994751
454.59369111061096
438.8144094944
437.8948485851288
434.47258472442627
435.76771426200867
461.2077040672302
444.47404861450195
421.3777666091919
451.1023654937744
425.70653653144836
419.62898111343384
431.2719712257385
431.66365694999695
445.1040256023407
432.6465983390808
434.5473277568817
426.25371193885803
419.30619597435
435.5823676586151
442.9947006702423
426.9764025211334
421.1570429801941
432.47023701667786
448.81023240089417
456.782594203949
444.68248295783997
431.43519711494446
437.473023891449
434.2402970790863
431.3518314361572
433.0800676345825
430.8358829021454
420.85678148269653
404.10668659210205
427.7427704334259
442.90517020225525
435.429899930954
413.2616403102875
435.2088942527771
408.09333086013794
411.3250906467438
426.2973892688751
445.8218004703522
407.20423126220703
411.07285809516907
422.71093249320984
421.4673373699188
415.9336130619049
407.5128333568573
417.98568201065063
416.84825825691223
441.23084568977356
409.9644854068756
408.45544171333313
446.2140100002289
412.0553159713745
422.6278085708618
400.27533054351807
426.63693618774414
409.98229479789734
396.5581238269806
411.7301938533783
430.46587467193604
414.6791388988495
411.33472061157227
405.74494910240173
413.09877705574036
408.4585039615631
408.8249261379242
402.05078983306885
391.4678211212158
406.31561517715454
397.2979791164398
399.7609131336212
410.2672047615051
402.5187900066376
387.81834650039673
401.23836731910706
389.4028584957123
410.8374276161194
411.14083194732666
407.5731112957001
402.7904839515686
401.6139762401581
399.4108498096466
410.37450432777405
405.78645062446594
406.796226978302
395.86879563331604
410.1568832397461
407.6255724430084
410.5512282848358
400.92654180526733
404.49623680114746
391.74874210357666
396.75193190574646
389.6876072883606
392.5189378261566
397.0128676891327
399.2705907821655
395.2265696525574
381.9315369129181
392.7009401321411
392.9676377773285
391.5441355705261
393.49813199043274
402.3928349018097
393.1843321323395
388.31725120544434
399.3948132991791
391.9119277000427
392.6766436100006
384.9947118759155
384.20654559135437
391.57612800598145
389.5057258605957
389.0947802066803
393.0938346385956
385.9060127735138
399.93094849586487
377.781142950058
392.64239478111267
383.9261484146118
385.1225607395172
399.5540099143982
395.1721341609955
386.3545112609863
393.0232014656067
375.84350538253784
389.953982591629
377.0226321220398
384.1805567741394
