656.9901270866394
576.7871060371399
545.8183076381683
517.5898587703705
487.69276666641235
476.16549730300903
463.0291373729706
446.9818284511566
454.04667687416077
440.0637261867523
424.64913415908813
414.77475357055664
414.99164938926697
419.5627398490906
413.5858356952667
385.99731612205505
396.9875638484955
379.68291997909546
391.9495208263397
383.5343418121338
375.8484613895416
376.96787428855896
373.64203095436096
362.8851990699768
389.8793201446533
357.8776979446411
358.71066975593567
363.35416626930237
351.89132499694824
348.0697600841522
349.58142280578613
348.529500246048
341.136346578598
353.4488408565521
333.5847820043564
357.57957196235657
335.0635658502579
336.00891411304474
341.8705608844757
339.5989770889282
341.53194069862366
330.2267850637436
331.8997597694397
334.31395971775055
328.7727611064911
329.55691826343536
324.7723367214203
326.1015740633011
323.6925114393234
311.85676085948944
316.0899362564087
328.075656414032
319.3496994972229
313.0515413284302
310.9934083223343
318.93146085739136
320.9742423295975
322.3085364103317
306.5633625984192
300.2111315727234
311.8472114801407
310.24096155166626
301.3665863275528
306.4268910884857
304.48715829849243
310.1663796901703
311.5387101173401
302.3557126522064
310.7930123806
302.0782769918442
312.5098054409027
305.2936980724335
302.2665649652481
299.70038080215454
297.7358478307724
296.06958186626434
296.14289450645447
298.3435026407242
301.26629769802094
303.62845957279205
290.7427809238434
306.4186512231827
291.03998017311096
287.63379311561584
296.0803601741791
289.4447100162506
294.6221659183502
280.9617384672165
281.17516911029816
284.4637416601181
291.2981357574463
297.76850509643555
287.98911464214325
281.76650536060333
280.6764658689499
282.1569621562958
285.42704033851624
284.19263195991516
274.06595838069916
275.96956872940063
286.218389749527
276.81245255470276
276.55034828186035
289.71594059467316
282.91480815410614
268.14435601234436
270.50982189178467
283.51521027088165
273.10916697978973
278.74438869953156
284.8900388479233
286.5800573825836
267.35510182380676
274.0924105644226
263.6740175485611
264.6721291542053
280.8621952533722
275.77586138248444
276.44927394390106
281.03696501255035
273.264032125473
272.6550073623657
270.2539629936218
271.87487947940826
282.096079826355
287.1926077604294
267.69013595581055
275.12273621559143
275.5593886375427
272.90707874298096
262.1756111383438
271.46316826343536
272.8222625255585
272.8000612258911
279.11377239227295
280.46960294246674
270.7467633485794
262.8698147535324
273.60660099983215
264.83043932914734
268.8457317352295
264.61013877391815
261.4680907726288
269.79551219940186
268.59744787216187
269.2016576528549
258.7941235303879
266.7936829328537
268.77139163017273
259.531561255455
271.1104254722595
271.06948804855347
265.818941116333
267.0460162162781
258.03363835811615
253.75875997543335
263.7312332391739
258.7012084722519
269.17679703235626
259.7944713830948
266.42391645908356
253.36056697368622
261.3219892978668
254.86439275741577
258.31032860279083
258.07270216941833
256.33489644527435
265.68146228790283
257.35702252388
263.6723051071167
256.62927520275116
260.79296576976776
259.55805373191833
249.79044890403748
262.0926282405853
263.4043382406235
266.5828310251236
257.71584951877594
263.4617352485657
264.1456843614578
256.76947379112244
260.4976804256439
259.58142352104187
256.75122117996216
264.9271821975708
264.1418162584305
257.14016699790955
263.30501663684845
245.79473876953125
251.68058133125305
249.38550686836243
251.71896016597748
253.68615245819092
258.97930896282196
251.62447369098663
244.39704406261444
249.85983300209045
254.7818933725357
258.04516208171844
263.1729370355606
