2.1674664113670588
-15.154049098491669
-30.01308986544609
-42.5262570977211
-54.83069282770157
-67.8939516544342
-79.18729144334793
-87.52729427814484
-98.56369733810425
-106.74478560686111
-113.10008895397186
-118.75752204656601
-124.29632323980331
-129.4640383720398
-131.8114128112793
-133.8111616373062
-138.0818898677826
-139.81780183315277
-142.4873570203781
-142.57882153987885
-144.83789443969727
-142.43809914588928
-145.38484823703766
-146.36277318000793
-148.7986707687378
-147.66684770584106
-149.38509130477905
-150.69865477085114
-149.77446019649506
-149.91713678836823
-148.3396760225296
-150.98235595226288
-152.20328640937805
-152.0423572063446
-152.52401661872864
-152.4715554714203
-153.24275851249695
-152.58358943462372
-151.98317724466324
-151.42781233787537
-152.82411694526672
-153.69633388519287
-152.90332239866257
-151.21424067020416
-151.92429947853088
-151.70967012643814
-150.3093866109848
-150.41320085525513
-148.16212606430054
-150.68292045593262
-147.8900090456009
-148.27466368675232
-150.44932329654694
-149.54220277071
-147.4234694838524
-150.94462180137634
-151.6487978696823
-150.14827609062195
-151.20733046531677
-151.79575556516647
-153.29677093029022
-153.1386420726776
-152.58661139011383
-153.88144880533218
-155.56021559238434
-154.80780911445618
-154.75736260414124
-155.14941096305847
-155.5394446849823
-154.52004843950272
-155.5251105427742
-155.26011526584625
-156.08543145656586
-155.67803156375885
-156.1189147233963
-154.81421566009521
-156.44227403402328
-156.96653294563293
-156.38599514961243
-155.60703575611115
-155.35315120220184
-156.68682074546814
-154.41153001785278
-157.15693628787994
-155.2955527305603
-155.98471975326538
-155.30421566963196
-154.55590897798538
-156.72902739048004
-157.26684480905533
-157.49930369853973
-156.04326510429382
-155.22217965126038
-156.26425063610077
-155.7102254629135
-156.28054904937744
-154.82447016239166
-155.00268495082855
-155.30635118484497
-156.37758404016495
-155.90556466579437
-155.27124613523483
-158.10134774446487
-157.2332608103752
-156.89827704429626
-155.63481760025024
-156.10205221176147
-153.62805783748627
-154.84497916698456
-151.04993695020676
-151.79560446739197
-151.20978832244873
-149.42281538248062
-147.23776024580002
-145.30062633752823
-143.20524269342422
-144.6578966975212
-144.2099723815918
-147.89500534534454
-146.67171776294708
-148.3598828315735
-150.8248012661934
-149.07894706726074
-149.15439522266388
-152.80458503961563
-151.2310729622841
-150.80661916732788
-153.52243041992188
-153.02125924825668
-153.0335384607315
-151.58698880672455
-152.60291987657547
-150.74119383096695
-150.31307339668274
-151.01338136196136
-150.3838375210762
-150.4045882821083
-148.59424555301666
-151.426704287529
-151.93195509910583
-153.35670638084412
-152.19573152065277
-154.44317996501923
-154.29450982809067
-154.02330946922302
-155.88060331344604
-154.9479976296425
-154.76545137166977
-155.87538540363312
-156.78791522979736
-154.99431413412094
-155.45217061042786
-157.35162073373795
-157.46189188957214
-156.45506697893143
-154.83851218223572
-155.8642343878746
-156.17316889762878
-156.34448355436325
-154.86784529685974
-155.83841681480408
-154.65332674980164
-154.90767467021942
-154.52175080776215
-155.84448087215424
-156.90833008289337
-156.34836173057556
-155.6219642162323
-156.98033320903778
-155.2541720867157
-155.2892569899559
-155.01237535476685
-156.10894227027893
-156.5936740040779
-156.01987516880035
-156.06810557842255
-157.66391968727112
-158.82067388296127
-156.9551703929901
-157.60055935382843
-157.38514429330826
-157.54753410816193
-156.8714320063591
-158.06581962108612
-158.43100279569626
-158.40715956687927
-158.19096887111664
-154.83653783798218
-156.88195848464966
-156.04068636894226
-156.3541235923767
-156.82611274719238
-154.81153619289398
-158.5239581465721
-157.94389379024506
-157.87667542696
-157.1695680618286
-155.85257971286774
-156.5537942647934
-156.510519862175
