141.2084192832311
114.16422629356384
108.13439627488454
103.77629506587982
97.24529878298442
92.88626801967621
85.52444692452748
85.01190209388733
79.65784319241841
83.96835088729858
82.1882940530777
73.38912310202916
72.57960172494252
72.01079001029332
65.54945439100266
62.16444758574168
64.65728191534679
58.241770366827645
64.58763617277145
61.43650257587433
59.75980565945307
58.89627095063528
56.63752386967341
51.73166632652283
52.885255773862205
53.2101602156957
50.097344974676766
46.61282730102539
46.29442079861959
46.19422188401222
45.30644672115644
42.41308355331421
45.688801328341164
46.7371040781339
38.97113042076429
39.6051202515761
41.95304919282595
42.596384793519974
38.87310076256593
40.01388101776441
43.44581603010496
37.47647681335608
34.407432516415916
35.03988362352053
34.26533195376396
35.70757266630729
35.91806917389234
31.979161217808723
32.71903446316719
33.994381760557495
35.272020330031715
33.5364630818367
28.91655257344246
29.2859891106685
30.842734607557457
38.517689188321434
32.191137274106346
32.66970999042193
30.07265458504359
26.73675615588824
31.41542520870765
28.1159359763066
26.788457008699577
26.03962292522192
24.791202308532473
24.514842351820942
27.56984992076953
26.2767569112281
24.279614120100934
27.611310591300327
26.474651277065277
24.972774407515924
24.143394471456606
23.896050074448187
25.241093570987385
24.258114497177303
24.38601843624686
26.50651345650355
28.068993121385574
25.551545271029074
25.046702705168475
23.623179487884045
23.68710903202494
24.804282345498603
24.67204490552346
24.71517936132538
21.37122130145629
25.50097705175479
20.859278889993828
21.888775259256363
27.062495631476242
19.790886412064236
24.153814279784758
20.918947954972584
21.903813771903515
21.141786487152178
26.513439516226452
20.287340433647234
19.372627794742584
19.79393873922527
18.240402586758137
22.418112941086292
22.44019586686045
16.58382556339105
17.993483404318493
17.457426433761913
18.141659686962765
19.398177931706112
21.48829209556182
16.474520077308018
17.61731408536434
23.49281460326165
15.432218586405119
17.479744255542755
18.076947018504143
15.758473262190819
16.63918912410736
20.98662407199542
18.358504672845203
17.537045006950695
16.202127054333687
20.48759450763464
13.479018832246462
15.250684430201849
19.357183689872425
17.085453636944294
15.392468452453613
15.779226760069529
15.868343189358711
16.91779714822769
18.741217367351055
16.847390328844387
13.86050627877315
12.721040288607279
16.79709295431773
18.51878649989764
14.805151090025902
16.689431418975193
12.063695579767227
14.100046982367834
12.211843038598696
13.38196445008119
13.915870060523352
10.92464325328668
10.159253587325415
16.742189443980653
14.161173557241758
10.474748849868774
12.590234557787577
16.913437262177467
10.094339231650034
14.139741460482279
13.875907902916273
10.830592796206474
11.636483858029047
12.160541087388992
12.730164229869843
12.201393261551857
11.63326104482015
12.885703792174658
10.834598511457443
8.815654009580612
14.121352707346281
10.313370789090792
16.386781240502994
9.346977482239405
11.692472025752068
10.111647546291351
10.836315840482712
9.882860879103342
14.728806937734285
10.675493915875753
10.828054582079252
13.427969927589098
8.901770701011023
11.311274434129396
8.737209354837736
15.20026309788227
9.650994082291922
10.60934861501058
10.105079809824625
8.489149123430252
13.69496738910675
12.009608109365217
14.566911242902279
12.230262130498886
12.777737458546957
8.692298839489618
12.016203433275223
11.463805049657822
10.746775043507418
14.038321485122045
12.764169484376907
8.413814554611841
7.954016521573067
6.621176580588023
8.21801581978798
9.689443970719973
8.42002186179161
11.589545746644339
