133.2441504796346
107.56006022294362
98.63348126411438
92.21116352081299
87.22458028793335
73.4205065369606
67.01889810959499
59.30324180920919
66.97462687889735
58.57490585247675
60.14153371254603
57.55282253026962
55.56297154227892
50.28282022476196
50.898953795433044
47.60021301110586
45.09011197090149
46.03217799464861
49.87182738383611
44.60486884911855
43.65831198294958
41.338819881280266
41.02538653214773
41.659685711065926
41.56828432281812
40.58697625994682
41.0559678375721
35.25491641958555
36.005796790122986
42.9726815422376
37.923476884762444
38.89096882939339
39.312125931183495
37.1856105128924
32.74539719025294
33.994624108076096
31.341078964372475
32.59823658068975
34.20452498396238
33.842193921407066
33.997519652048744
30.798810956378777
31.470425019661587
30.092884595195454
35.13529096047083
31.629397628208
32.61482988794645
31.278157715996105
29.54648985962073
30.366782086590927
30.291177560885746
25.14704207579295
27.56700069674601
25.893345662703116
25.896274233857792
26.27561901261409
24.465679733703535
25.444314037760098
26.909250162541866
28.652941038211186
27.282617695629597
24.851002232482035
26.796618424045544
27.847976179172594
27.878515775005024
26.92131032546361
22.21790574118495
27.404231786727905
21.563936684901517
21.963015475698437
20.93521833171447
25.661571477850277
22.85027559598287
21.142502664277952
21.723476737737656
23.47068531004091
21.867346589763958
25.019575983285904
24.315255389859278
22.3950024570028
18.353834534063935
22.884905623892944
19.305971560378868
20.328061413951218
19.3756337997814
18.349549392859142
17.949184246361256
15.462523137529692
13.949029306570688
14.398759506642818
15.44438123703003
19.919176248212654
17.999175295233727
19.933969584604103
16.088626156250637
16.208877076705296
15.657222956418991
16.747884062429268
19.911409813910723
18.880022058884304
16.13453037540118
17.86638995508353
15.953474054733912
14.347790881991386
16.592950517932575
14.9586184968551
21.27836632914841
17.660976144174736
16.577696477994323
16.18225862768789
19.313557527959347
20.019656936327618
16.068188063800335
20.421817516287167
14.054026938974857
15.821332335472107
17.26343123614788
16.862327605485916
16.408544197678566
11.676404371857643
11.880244925618172
13.367196629444758
11.644385476907095
12.543423131108284
13.513902381062508
13.247339924176535
11.146230389674505
13.55535013973713
15.371380259593328
13.233843197425207
13.23373556137085
17.23175782461961
12.655235946178436
13.767955924073854
14.671333685517311
13.325993905464808
14.306674520174662
11.521880606810251
15.17994804183642
11.712460398674011
11.517203787962595
16.622900906329352
11.053583641846975
12.352943157156309
11.223885506391525
11.384197091062864
8.571006918946901
10.519983480374018
13.945626974105835
9.034930994113287
11.06434485812982
14.756942888100943
10.326667562127113
9.787078266342482
14.451494296391806
13.177708437045416
10.07963297267755
14.681424533327421
14.581006253759066
15.002122829357782
14.613389054934183
9.25947501262029
11.29203055302302
11.823125258088112
12.395155395070711
9.06455465654532
15.324618766705195
11.515584339698156
10.004336525996527
11.52715510626634
9.762103736400604
10.20287017027537
9.02262852092584
10.573564524451891
7.292202075322469
8.506803780794144
8.928684622049332
7.509259154399236
6.887175997098287
12.113514592250189
12.648320361971855
9.010534246762594
13.0837751266857
9.32085126141707
12.259964992602667
12.68298465013504
10.966506054004034
10.98601214090983
13.873000209530195
13.783791691064835
11.925043960412344
11.088353196779886
9.46798867980639
13.608904338131348
9.826468522349993
10.451090966661772
12.413742492596308
11.39113558207949
10.661209801832834
15.28045305609703
