-1.7958404906094074
-6.746628955006599
-13.73831331729889
-20.692075915634632
-25.86915785074234
-33.37062847614288
-41.2121496796608
-43.27492642402649
-53.41810995340347
-54.40198814868927
-60.432229816913605
-71.31068533658981
-74.79391714930534
-77.8318738937378
-72.91603875160217
-81.83822131156921
-90.19969010353088
-96.98863399028778
-101.47823238372803
-95.82161521911621
-106.236563205719
-101.11046040058136
-104.17665731906891
-94.26339423656464
-92.82500386238098
-103.32722592353821
-103.29513275623322
-105.32692438364029
-102.97659850120544
-100.62108492851257
-108.73868191242218
-110.16579031944275
-115.59761428833008
-107.50513982772827
-113.59575009346008
-111.10596096515656
-117.84089243412018
-115.07392954826355
-112.49342131614685
-114.08357429504395
-110.83471024036407
-111.62609994411469
-114.56833624839783
-107.95855402946472
-114.66016340255737
-114.7468633055687
-116.34824788570404
-118.03342121839523
-119.41907846927643
-119.90263164043427
-125.83749032020569
-117.54518401622772
-126.22832989692688
-120.75903367996216
-127.31359469890594
-121.0972912311554
-118.57695013284683
-127.76930558681488
-125.20046210289001
-121.64645105600357
-123.20167022943497
-126.32714784145355
-128.95959341526031
-124.57979273796082
-126.92684483528137
-125.24285006523132
-124.13435649871826
-127.5651422739029
-128.58344054222107
-126.93415796756744
-127.39075529575348
-130.34208768606186
-130.78751385211945
-126.1794245839119
-131.92926907539368
-134.72663283348083
-132.39276653528214
-130.8562935590744
-131.77613651752472
-132.18899607658386
-126.53981292247772
-132.35351133346558
-134.52806013822556
-134.8336100578308
-132.77731037139893
-134.33420169353485
-135.72734332084656
-136.16397559642792
-135.1213002204895
-131.83050149679184
-133.06945288181305
-137.6832536458969
-135.29405534267426
-137.34928727149963
-137.93838727474213
-139.1494157910347
-131.7642501592636
-138.70743465423584
-142.3300843834877
-137.5716427564621
-137.452174782753
-137.98035216331482
-138.82804089784622
-135.24822235107422
-134.10193419456482
-139.16532135009766
-141.6009771823883
-139.87498730421066
-140.36586368083954
-139.9942034482956
-142.6377295255661
-141.81104338169098
-143.2020092010498
-142.91965782642365
-144.450439453125
-139.6323041319847
-142.817777633667
-143.39521288871765
-140.74735534191132
-142.50048238039017
-141.56944811344147
-142.35584151744843
-142.6432899236679
-144.1591430902481
-144.35399878025055
-144.29176664352417
-144.7037397623062
-146.4402258992195
-144.00570833683014
-142.88693004846573
-145.8218834400177
-145.50930243730545
-146.79461061954498
-144.32483690977097
-144.87121653556824
-145.67840099334717
-146.14244240522385
-145.82800793647766
-145.64143240451813
-143.25737142562866
-146.23556900024414
-144.09775710105896
-147.8612198829651
-144.00450962781906
-145.51759266853333
-145.44368571043015
-147.81325137615204
-147.97770619392395
-145.13936471939087
-145.5741435289383
-145.5761883854866
-146.40201830863953
-147.60505878925323
-149.3519505262375
-149.83500003814697
-148.73295331001282
-146.23653602600098
-148.89186787605286
-146.93428540229797
-148.972513794899
-147.94116067886353
-149.84430766105652
-144.8588466644287
-147.59198379516602
-146.7508728504181
-148.01229751110077
-146.14472901821136
-151.41669154167175
-148.13146328926086
-149.9470340013504
-147.33983182907104
-148.74158602952957
-149.16485118865967
-151.50418722629547
-150.15417897701263
-146.8016920685768
-148.99082684516907
-152.5399826169014
-150.69442403316498
-150.54066693782806
-147.3724890947342
-150.0564489364624
-151.40810918807983
-151.75744724273682
-148.46424102783203
-150.53893435001373
-150.31597447395325
-150.7404786348343
-150.0526614189148
-150.71531581878662
-151.70889449119568
-151.8931834101677
-151.01675587892532
-151.3213790655136
-149.91409468650818
-151.4232794046402
-150.43823271989822
-150.54828226566315
-150.95516842603683
-152.82658487558365
