193.8569337526957
185.14516146977743
194.67238330841064
185.36511476834616
189.60936029752096
169.1639784971873
167.73204032580057
162.01140101750693
169.49730443954468
167.33433357874551
156.87078849474588
147.18203004201254
153.67101327578226
146.33481995264688
149.9671061038971
144.37000528971353
133.97659603754678
138.56538422902426
130.03102119763693
122.07866871356964
129.22288489341736
120.2165949344635
113.57482381661733
116.3632759253184
114.76792327562968
108.14645743370056
115.02153933048248
106.19979588190715
99.90959680080414
103.97777450084686
102.80923453966777
102.03305506706238
104.93362589677174
107.2599995136261
98.54657419522603
104.81261579195659
95.83684841791789
104.65469749768575
92.49437077840169
94.32007320721944
97.00500484307607
98.91990888118744
94.16764716307323
85.27705315748851
94.87451545397441
94.72681347529094
89.9330100218455
94.3688930273056
91.82881824175517
84.99427497386932
87.5569448073705
86.16447424888611
81.52256429195404
82.7884787718455
81.79594437281291
85.28262702624004
88.75045518080394
74.02238694826762
78.01518885294597
81.02279365062714
73.42492632071178
75.55097909768422
84.31163732210796
80.86801632245381
77.78695036967595
74.84704434871674
76.46296846866608
81.11100153128307
78.47234423955281
72.22946918010712
72.91214102506638
72.60848718881607
71.8529381553332
73.70596144596736
70.29360381762187
66.88907925287883
72.67523497343063
71.33385668198268
76.40632186333339
74.54165275891621
70.29932604233424
72.20912373065948
71.66179651021957
71.94487359126408
72.92747952540715
71.26252311468124
69.69543174902599
66.93353466192882
74.61023670434952
74.56940146287282
76.8641608953476
72.51963643232982
69.85139908393224
71.59165692329407
68.70123412211736
71.1298800309499
71.12114020188649
68.3649239341418
73.89653462171555
67.6784131526947
70.18499612808228
66.65566442410152
63.954411804676056
63.78418588638306
69.7621444662412
74.60220392545064
69.07320723930995
68.6150454878807
64.72564818461736
68.5974958340327
61.34275106588999
63.85378326972326
70.70002182324727
68.11020876963933
63.679756462574005
66.59066100915273
67.24130014578502
69.05057456096013
68.05866978565852
65.68511432409286
65.65954277912776
62.33375175793966
68.25353598594666
67.38337788979213
64.26181773344676
58.06035033861796
58.73301029205322
58.55824466546377
66.28276288509369
67.58562324444453
63.41649047533671
58.1780711611112
61.953597803910576
63.60432684421539
64.32413802544276
66.35795919100444
62.112412412961326
62.83462941646576
63.835856099923454
59.556512931982674
60.27768464883169
62.11573147773743
64.6189352075259
65.27200657129288
57.7929296096166
57.73918743928274
58.984468181928
54.70921238263448
55.99415062864622
58.94254664580027
62.81232031186422
59.64336186647415
56.203423857688904
59.08006171385447
58.019941210746765
58.55783919493357
60.67439877986908
61.70580472548803
53.71309268474579
60.67710489034653
62.93911729256312
59.98366435368856
63.020451525847115
61.24813109636307
55.73058303197225
58.76017473141352
55.84524464607239
54.458401342233024
62.51266187429428
57.28572326898575
58.22925694783529
55.615514278411865
54.365145444869995
47.058391054471336
54.44078048070272
48.69998787840208
53.816633462905884
52.14212570587794
52.22674492994944
57.83243431647619
54.678913712501526
58.983438869317375
57.24671165148417
51.2933409512043
54.246523121992745
57.79591111342112
51.36552927891413
49.71062791347504
54.310840368270874
52.6576281885306
54.86429546276728
56.48916584253311
53.20152999957403
57.79853687683741
50.32105793555578
50.283188025156655
57.3078955411911
52.44865868488947
50.80866212646166
54.426784435908
