862.5463600158691
850.4881935119629
837.891393661499
810.3316431045532
797.8495969772339
791.5156588554382
772.7418208122253
769.3879337310791
791.6918992996216
787.4308614730835
793.4395565986633
771.196352481842
782.961187839508
786.9795022010803
773.0108151435852
753.2610869407654
762.9760694503784
792.179844379425
772.3273696899414
737.9669299125671
753.4258842468262
742.7303376197815
767.6239981651306
762.8617992401123
755.9931764602661
745.8560872077942
745.7410917282104
744.2168979644775
740.7420520782471
728.1127762794495
726.8653936386108
726.0032095909119
723.4293093681335
718.8771162033081
731.04358959198
736.1635880470276
701.933132648468
730.8628363609314
729.9700298309326
718.114294052124
724.0434513092041
698.8087530136108
707.0063915252686
713.1814150810242
701.279100894928
684.8302345275879
707.6476907730103
693.2555270195007
677.4481210708618
702.9751029014587
686.7430114746094
690.6190118789673
692.7818455696106
693.3335337638855
665.2199594974518
680.8129677772522
704.5683584213257
684.0181746482849
689.2362456321716
674.2442841529846
673.1213657855988
683.09974193573
694.0414772033691
698.356990814209
673.3769426345825
665.1306304931641
680.1086506843567
664.8897604942322
669.286866903305
669.2750208377838
642.6764132976532
689.5844554901123
657.0704305171967
646.000483751297
656.7187554836273
664.9141778945923
649.1179330348969
640.8547382354736
645.685072183609
656.1849572658539
644.2894525527954
666.6453151702881
636.9664888381958
627.895102262497
654.3029236793518
649.8621802330017
629.516119480133
644.6754167079926
636.8226840496063
638.330438375473
628.3842964172363
636.7833180427551
630.4323360919952
622.2629427909851
606.9720494747162
614.011956691742
636.0268621444702
622.0345635414124
613.4398400783539
587.7315812110901
601.0747637748718
595.7193751335144
590.3589096069336
595.551999092102
595.6208996772766
603.7904541492462
595.0509588718414
603.1071698665619
597.9442193508148
604.4585480690002
593.600581407547
601.7088506221771
588.8684005737305
600.7889673709869
586.2879729270935
592.6116364002228
601.4116110801697
581.4334230422974
591.4187698364258
601.0870530605316
572.5741777420044
561.9376196861267
570.1618111133575
577.3988707065582
577.1831030845642
566.6143980026245
552.8929471969604
566.5027468204498
581.0389974117279
571.8373444080353
562.1994822025299
576.0322215557098
551.6481835842133
565.8701105117798
575.8600103855133
565.097416639328
551.2427580356598
555.6888604164124
572.9354827404022
562.0344834327698
563.1663870811462
565.1601121425629
537.7506132125854
541.7263381481171
549.6235539913177
531.7741119861603
548.2499341964722
525.232545375824
545.6373529434204
552.6776630878448
529.0567696094513
542.734946012497
530.8536646366119
522.4276065826416
532.1379554271698
506.92743277549744
542.9143695831299
506.7675108909607
534.0415053367615
510.21366834640503
528.7786288261414
526.1789815425873
516.4575119018555
513.6921002864838
522.0297963619232
522.7852046489716
530.3704741001129
527.396990776062
498.9036977291107
516.1518511772156
515.0251452922821
505.3651623725891
510.73751425743103
509.93834805488586
499.83377504348755
499.2573068141937
498.2133219242096
513.2319571971893
510.90368151664734
506.10944986343384
510.4854025840759
504.1944971084595
499.6739740371704
496.86863231658936
487.4439187049866
515.1448550224304
485.8260040283203
505.62392234802246
493.4104676246643
481.68467593193054
488.0685770511627
501.0964689254761
493.16907382011414
493.32814955711365
463.1404662132263
490.2061069011688
477.79066467285156
474.1924424171448
480.57509446144104
477.8085949420929
