1.9776241770014167
-18.669110916554928
-31.900633484125137
-43.56201219558716
-54.37164771556854
-63.183957010507584
-71.02199792861938
-82.03737825155258
-89.43773424625397
-95.88716143369675
-100.62835776805878
-107.84370964765549
-112.42504453659058
-116.38602232933044
-122.16089868545532
-122.89950489997864
-126.76650995016098
-127.05364608764648
-131.97091162204742
-132.96189141273499
-135.76095753908157
-136.6265161037445
-137.54754769802094
-139.99005329608917
-141.36077201366425
-141.94610464572906
-142.45510268211365
-142.58983153104782
-146.2804148197174
-145.11353707313538
-147.8310809135437
-146.5777953863144
-148.1453239917755
-149.4751757979393
-148.61461353302002
-147.49362921714783
-150.2445958852768
-148.31554067134857
-152.4951468706131
-152.01955151557922
-151.49257284402847
-150.9709531068802
-152.23731362819672
-153.51093691587448
-153.71299493312836
-152.1741144657135
-153.1493397951126
-153.18499886989594
-153.24327224493027
-154.25793409347534
-152.87173289060593
-156.1484996676445
-155.7144159078598
-154.34414041042328
-154.2349672317505
-154.63998985290527
-154.66078090667725
-155.5902135372162
-154.53396958112717
-155.67210853099823
-153.6979455947876
-157.04266607761383
-156.31648010015488
-155.94841599464417
-155.96979129314423
-153.48382997512817
-156.1161647439003
-156.32251393795013
-155.49296700954437
-155.12882137298584
-157.04153788089752
-155.19265514612198
-156.0564106106758
-155.12924444675446
-156.44592052698135
-154.73410362005234
-154.5857961177826
-156.04576325416565
-154.87107878923416
-154.99936079978943
-155.06727421283722
-154.20007371902466
-155.37307596206665
-156.42566335201263
-154.44247484207153
-154.84445536136627
-151.1757208108902
-154.98618507385254
-153.71019458770752
-154.27302372455597
-152.63119530677795
-153.60684370994568
-154.1390906572342
-151.6508527994156
-153.14847350120544
-152.64752393960953
-152.35964238643646
-154.02060985565186
-155.71580600738525
-155.21158266067505
-154.6148270368576
-153.85731345415115
-155.38362258672714
-156.88297587633133
-154.74122536182404
-155.81798839569092
-156.17580807209015
-155.20825850963593
-156.48408782482147
-156.27069747447968
-155.67724585533142
-157.4741005897522
-157.8404220342636
-157.22477918863297
-156.76609671115875
-156.03026062250137
-156.56281983852386
-156.25441920757294
-156.3275706768036
-155.1473862528801
-156.1087105870247
-156.83630681037903
-156.35758876800537
-153.500994682312
-155.50211346149445
-156.03729170560837
-155.68705713748932
-156.21255505084991
-157.45584797859192
-157.20943772792816
-157.01697945594788
-157.28256905078888
-157.8105348944664
-157.20317220687866
-158.1143622994423
-157.64545553922653
-156.70608067512512
-158.05391311645508
-158.03836011886597
-158.11832106113434
-158.68616664409637
-158.5255799293518
-156.30023205280304
-159.0456383228302
-158.61431461572647
-158.4874126315117
-155.73881316184998
-157.93042594194412
-157.64327973127365
-157.55512928962708
-156.76543188095093
-157.2897713780403
-154.95924937725067
-157.48942190408707
-156.11126917600632
-158.02498292922974
-156.76613700389862
-156.50306570529938
-157.64131546020508
-157.896539747715
-157.8429000377655
-156.0757309794426
-154.4439253807068
-154.41041189432144
-155.9584287405014
-155.58441138267517
-154.79657751321793
-156.14086419343948
-153.0691169500351
-153.24330246448517
-154.9699672460556
-155.14963257312775
-152.95960128307343
-154.51204025745392
-154.94192349910736
-155.90623956918716
-155.24854117631912
-156.14781469106674
-155.86819314956665
-155.5948874950409
-155.054813683033
-157.48707485198975
-155.836915910244
-157.58994221687317
-156.77107286453247
-156.43122375011444
-157.15970641374588
-158.43280589580536
-158.2177836894989
-156.6317607164383
-156.14742183685303
-156.94749462604523
-156.7040660381317
-156.82448089122772
-156.88681375980377
-154.99647986888885
-157.2762632369995
-156.09155595302582
-156.95787000656128
-157.54649657011032
