925.7480206489563
911.1634187698364
895.5557036399841
837.9547338485718
875.3946671485901
872.5537872314453
842.4435868263245
852.7358031272888
830.010778427124
851.3743114471436
849.0605411529541
848.1562914848328
849.1492657661438
846.958468914032
830.6621508598328
845.9874138832092
858.8624753952026
840.5567584037781
850.7326092720032
824.2037887573242
827.5212512016296
835.0143308639526
853.0851411819458
859.5554299354553
858.7210478782654
834.6458940505981
832.4004602432251
830.0916862487793
844.0229816436768
832.014778137207
829.7087440490723
819.2694592475891
845.9173851013184
824.2933192253113
818.6495151519775
831.1099643707275
836.6009783744812
821.6418957710266
820.5029006004333
824.1921844482422
845.0744609832764
809.955792427063
822.2902059555054
832.9633498191833
848.2855505943298
821.704752445221
834.3129954338074
827.3284101486206
825.4085416793823
848.9660949707031
818.2415914535522
845.5709481239319
815.6503653526306
847.301682472229
818.4308867454529
820.3954801559448
830.4671339988708
833.1402349472046
837.4443054199219
837.2599258422852
833.0159721374512
822.0572333335876
836.6296668052673
802.4213724136353
827.7844433784485
839.4963340759277
817.7861223220825
828.0358700752258
812.6575818061829
813.7812657356262
832.6939525604248
837.9956712722778
824.3935675621033
822.5450978279114
816.9404582977295
839.3968915939331
830.0689611434937
811.112596988678
830.4266800880432
828.9961266517639
829.4806065559387
823.9377760887146
818.3689165115356
818.8759603500366
816.4687914848328
833.7337470054626
852.0849947929382
836.7955923080444
825.7561068534851
831.406599521637
819.0954751968384
811.355562210083
827.2597513198853
836.9984259605408
829.5898804664612
813.3812394142151
816.9525461196899
841.8211445808411
820.7790670394897
845.3430523872375
816.6384239196777
831.0222067832947
819.8999600410461
810.548095703125
815.9868097305298
827.3254284858704
836.5718064308167
824.8504066467285
817.239511013031
801.854211807251
814.3402066230774
819.7046208381653
807.7594351768494
824.2767186164856
826.1247854232788
832.5656604766846
820.2412395477295
843.0358901023865
818.666196346283
829.6094627380371
815.7308702468872
818.0227212905884
826.2862787246704
818.856297492981
825.2208580970764
814.3630123138428
816.2592692375183
833.9117603302002
820.0955410003662
827.365882396698
820.3642935752869
836.6340184211731
807.1430368423462
822.9637393951416
838.2936763763428
806.5231733322144
822.5541234016418
813.0623626708984
817.2032475471497
829.1543965339661
816.856568813324
810.446638584137
830.997064113617
820.2540526390076
816.3218841552734
822.9271535873413
822.6904740333557
833.518180847168
797.1604299545288
842.2621083259583
840.4072723388672
835.9622578620911
815.0968236923218
832.7054762840271
818.2560968399048
811.7086071968079
814.8561954498291
829.6639385223389
814.3614811897278
828.0829319953918
819.3963007926941
799.718777179718
832.5052213668823
819.6849579811096
818.09250831604
836.4098296165466
834.4447526931763
821.7040271759033
824.3643956184387
801.421145439148
818.5251717567444
813.576578617096
827.5808844566345
839.3599834442139
834.3497424125671
826.8391757011414
807.4872174263
817.5906219482422
811.9123272895813
822.0714163780212
829.0656719207764
827.0831079483032
827.397955417633
819.7051043510437
834.9023170471191
810.5598611831665
814.293869972229
832.1595902442932
833.2798895835876
797.4267649650574
821.1976280212402
812.6024613380432
824.0695333480835
833.9692177772522
831.358892917633
819.1470499038696
817.6984453201294
814.7159767150879
809.5068507194519
827.8954901695251
