895.228123664856
895.8533864021301
895.3587527275085
949.4988179206848
915.4996428489685
884.8684573173523
872.4399199485779
846.6154971122742
896.6195931434631
877.8195648193359
890.1704177856445
843.2335662841797
869.6645560264587
852.4963836669922
864.4771075248718
846.5594902038574
852.0539693832397
832.6390738487244
849.4550070762634
830.7427363395691
844.3430671691895
855.475709438324
863.7426514625549
867.5670771598816
835.6977763175964
831.0837740898132
849.2934331893921
843.6891965866089
829.5802102088928
830.4573831558228
843.5734758377075
842.5270733833313
859.0372653007507
827.9367499351501
836.5804290771484
853.7383670806885
853.1303496360779
830.7850437164307
838.8387565612793
849.2268695831299
824.7636966705322
823.2918028831482
844.2253317832947
847.4988751411438
829.1116862297058
835.5315284729004
827.6273016929626
811.9136972427368
840.2855076789856
844.2038154602051
839.2753686904907
833.1347551345825
825.3000736236572
819.1032919883728
831.095136642456
838.6190805435181
843.2622547149658
806.2182378768921
815.7831702232361
827.4546070098877
840.5787582397461
832.283450126648
848.7965431213379
844.4577403068542
816.3676567077637
832.2011723518372
821.8039531707764
825.9603910446167
840.1971859931946
828.3940725326538
816.2595109939575
833.3704676628113
825.0344638824463
827.1621623039246
822.0930132865906
829.3797941207886
827.0893936157227
827.6699314117432
846.6630425453186
838.0644106864929
830.4548850059509
805.7804975509644
822.9385161399841
818.8969931602478
820.566563129425
815.0106778144836
826.3472819328308
828.5674924850464
834.0976710319519
825.3802561759949
820.2497816085815
810.1195421218872
829.9394602775574
831.3256916999817
828.9103837013245
833.455807685852
803.7416849136353
830.4244236946106
821.3420372009277
832.1652312278748
824.523551940918
825.8877835273743
814.5493259429932
814.2821044921875
824.4082341194153
838.1920580863953
818.5781970024109
836.3609948158264
830.8264646530151
834.9434156417847
846.015296459198
846.2757487297058
826.30473279953
823.038200378418
831.5322322845459
821.9971165657043
827.6528472900391
833.1741614341736
818.10475730896
826.9474020004272
820.5065269470215
827.2308211326599
835.1197366714478
812.5815091133118
821.7996015548706
816.3695907592773
826.4493837356567
831.7974390983582
826.3404321670532
830.3509297370911
820.2184338569641
839.2857642173767
821.7190160751343
823.432746887207
825.3049087524414
831.7037181854248
803.4188594818115
803.2240037918091
812.9478507041931
830.3711566925049
821.8014550209045
812.1320033073425
806.240882396698
829.4186363220215
824.4216113090515
820.760048866272
820.7664957046509
828.6445322036743
820.1514673233032
818.9963550567627
823.8077111244202
834.7071390151978
811.7484970092773
827.6768617630005
815.2912764549255
807.2621421813965
833.8022446632385
817.9166707992554
802.7001175880432
805.7920212745667
821.5492224693298
815.234302520752
809.4865431785583
831.4613976478577
822.5619401931763
824.4550542831421
821.4166593551636
817.0988893508911
815.2518701553345
835.9679794311523
827.5170607566833
820.8523192405701
812.886766910553
838.0469236373901
823.4472522735596
835.2534279823303
815.5929884910583
813.8980340957642
829.5327453613281
817.4051141738892
816.0818200111389
827.7111911773682
817.8410816192627
821.565661907196
818.4163007736206
818.237401008606
811.6602559089661
826.1970705986023
799.7714800834656
818.5734424591064
828.6729788780212
813.5627179145813
833.9505219459534
824.3480367660522
816.137423992157
811.6017508506775
824.1499576568604
820.138090133667
830.6382975578308
822.2418546676636
