-3.6376522729794183
-9.90633675456047
-15.735066394011179
-16.392170945803326
-16.269461780786514
-20.3720080157121
-17.818822731574375
-18.813403069972992
-20.047537922859192
-16.951989491780598
-20.429546644290287
-20.262907018264134
-22.612742692232132
-20.715643127759297
-17.779944856961567
-21.073656777540844
-21.452021569013596
-19.015092353026073
-23.29664201537768
-21.3787256081899
-21.367715577284496
-23.401737848917644
-24.294891119003296
-22.37761922677358
-23.121518512566883
-23.418275952339172
-22.891201148430508
-23.039957026640575
-23.15386639038722
-23.788418392340343
-21.718546052773792
-22.752159496148426
-21.84768616159757
-24.89837638537089
-23.18829091389974
-23.244532505671184
-23.22609092791875
-24.90458442767461
-23.16961661974589
-22.976550320784252
-21.80141431093216
-23.60414992769559
-27.270338118076324
-23.983188033103943
-25.663605113824207
-23.934942732254665
-23.440550923347473
-23.00673669576645
-22.806751658519108
-23.667622337738674
-19.510861520965893
-24.192213157812755
-24.86570754647255
-20.69349733988444
-22.908885816733044
-23.87635721762975
-22.769437074661255
-23.83584580818812
-24.142728944619495
-23.06614179412524
-24.04287000497182
-23.347747027873993
-23.08343266447385
-24.918774525324505
-24.30897906422615
-24.65207189321518
-24.569766958554585
-22.51344884435336
-21.352682928244274
-23.01428856452306
-24.413658271233242
-22.831021358569462
-24.035941302776337
-25.35492538412412
-22.21739825606346
-22.613268216451008
-24.760806282361347
-25.710739334424336
-24.655808647473652
-25.388514359792072
-23.8846169312795
-21.20507291952769
-26.00491275389989
-24.752601206302643
-25.326024462779362
-26.123698711395264
-25.410359005133312
-26.863982796669006
-25.141348371903103
-26.879795789718628
-26.80277266105016
-23.990544388691585
-21.399490396181744
-21.96609455347061
-25.079199979702633
-21.939796189467113
-24.544234097003937
-27.579573293526966
-25.23557464281718
-26.052883803844452
-26.702566126982372
-24.07695968945821
-23.527823666731518
-26.703998744487762
-23.682428687810898
-23.845239023367565
-24.690915564695995
-24.442542095979054
-25.920336584250133
-26.76186290383339
-24.43764779965083
-23.64205076297124
-24.22916038831075
-22.88638291756312
-20.72792907555898
-23.679749180873234
-24.233759423096974
-24.784369707107544
-23.619702736536663
-23.1977255543073
-20.056632667779922
-24.002976715564728
-24.093412270148594
-24.312580327192943
-20.08137948314349
-24.798984815677006
-25.415725698073704
-24.809089918931324
-24.347947637240093
-24.389122237761814
-25.010926961898804
-23.970453997453053
-28.765699764092762
-25.841982076565426
-22.65122451384862
-27.203431367874146
-25.516858687003452
-27.193938076496124
-24.19746603568395
-25.6072319149971
-23.99875311056773
-29.329147676626842
-30.6065255800883
-26.097747544447582
-24.08693156639735
-23.99081301689148
-27.830713540315628
-25.89233821630478
-24.70756636063258
-25.90341341495514
-28.288807769616444
-23.278791775306065
-27.661449631055195
-25.440454125404358
-27.018401910861332
-24.368030309677124
-25.980870485305786
-25.610718697309494
-25.443319757779438
-27.536419292291004
-27.352014134327572
-28.153722922007244
-28.188136239846546
-27.698881427447002
-26.42885312438011
-26.009798109531403
-28.757319907347362
-27.374193509419758
-29.15344438950221
-26.90856679280599
-29.046566913525265
-29.534864475329716
-30.402034898598988
-25.98627672592799
-30.81291353702545
-27.588607519865036
-27.839008967081707
-27.04329530398051
-26.87941014766693
-23.583807567755382
-26.996606548627216
-28.424056102832157
-26.258932401736576
-26.514997442563374
-26.027434666951496
-27.095992585023243
-27.842657446861267
-25.690171142419178
-27.606836597124737
-28.149418652057648
-26.97088462114334
-27.803367733955383
-27.640752633412678
-29.654055039087932
-30.351021607716877
-29.047395984331768
-28.2866933743159
-29.840649624665577
-30.813130418459576
-29.84714678923289
