836.406042098999
632.9040539264679
539.6124601364136
476.8565983772278
444.9439425468445
450.15854835510254
387.9262504577637
375.0002589225769
354.06266045570374
368.19803857803345
338.53694105148315
341.202064037323
325.51126527786255
349.97983741760254
320.76675486564636
331.7998740673065
312.1891356706619
307.71251153945923
300.8864983320236
290.4447556734085
292.8863949775696
283.35802829265594
273.80214166641235
266.79974699020386
274.52211248874664
265.4439768791199
284.57732689380646
275.9136424064636
261.63258588314056
253.46548926830292
252.1592389345169
256.94303476810455
248.39938235282898
245.67281293869019
246.918301820755
251.8218275308609
232.23252487182617
239.3675229549408
238.07104361057281
240.70767962932587
225.42353534698486
220.02767264842987
227.79347372055054
218.7506546974182
213.90029525756836
213.4567527770996
210.08505630493164
214.4706188440323
206.07774186134338
198.8136659860611
202.62342512607574
195.84924852848053
211.8335396051407
213.2149157524109
201.88469803333282
190.67527794837952
191.24201548099518
189.4606533050537
190.59473276138306
182.57619547843933
187.61983919143677
193.67104315757751
180.19938719272614
180.61484563350677
176.30686676502228
186.2549226284027
184.6272168159485
183.30172669887543
185.4956260919571
179.6856950521469
174.62377858161926
182.2799632549286
188.05665278434753
184.17031729221344
177.9576804637909
177.43790411949158
172.51463496685028
195.61986196041107
171.89972746372223
174.60459923744202
184.92123293876648
172.29739665985107
171.89986848831177
184.46731507778168
184.63444936275482
177.81045079231262
166.50631254911423
191.79207181930542
176.47170436382294
165.8719637989998
173.59155917167664
168.58685839176178
163.33885997533798
163.84942942857742
170.04217171669006
157.67983531951904
166.13924568891525
161.72102588415146
164.39095377922058
160.85998010635376
163.54873478412628
162.20670449733734
154.866545855999
158.58757030963898
158.95075899362564
169.51280570030212
160.60921823978424
159.4823511838913
159.65878301858902
151.6108421087265
157.1240372657776
166.37955158948898
154.98089665174484
151.42488104104996
159.78976464271545
152.18708872795105
155.92764508724213
148.66953253746033
147.10013031959534
150.29811471700668
154.37822806835175
149.00562435388565
147.16198974847794
155.0177342891693
179.3607542514801
148.2003739476204
150.48641276359558
168.7055910229683
156.45769608020782
153.93649876117706
146.02502936124802
150.0103338956833
145.9751872420311
164.01923310756683
145.5157694220543
144.34922409057617
163.81819248199463
147.3546394109726
159.8140813112259
140.95768344402313
140.38816571235657
164.60887706279755
140.0936862230301
153.11047744750977
143.37810862064362
143.23206758499146
142.4518188238144
145.33906561136246
137.22773414850235
146.8651430606842
134.06817895174026
139.80408215522766
151.82723426818848
141.5877410173416
140.61698818206787
153.2316175699234
135.80583357810974
133.71411657333374
139.790533721447
139.62123370170593
141.80639964342117
132.97656804323196
137.4893045425415
146.60761201381683
130.62971740961075
129.15664505958557
136.00943279266357
138.86550307273865
138.3185694217682
137.63358277082443
149.76257383823395
128.66963678598404
130.235382437706
127.52890902757645
132.4913125038147
152.95841264724731
138.59425234794617
140.20638501644135
133.93976598978043
139.43231111764908
131.45897221565247
132.04559421539307
128.59167033433914
140.96441233158112
135.58883702754974
128.54664319753647
132.3693967461586
127.82349932193756
139.22086489200592
124.24598753452301
124.44980835914612
123.97657012939453
121.22955214977264
124.13122373819351
128.9353271126747
134.1450373530388
125.67395216226578
127.58651757240295
129.01140987873077
129.9659348130226
