-3.65632235010465
-19.625676294167835
-29.92559117078781
-29.351242244243622
-33.540733337402344
-37.78231139977773
-34.80791564782461
-36.81011974811554
-37.664537151654564
-38.60008347034454
-40.43060326576233
-38.35862020651499
-36.852828641732536
-40.24069792032242
-42.98301990826925
-38.849000016848244
-41.86333165566126
-43.02774500846863
-42.48092780510584
-43.23622167110443
-43.23161506652832
-44.40698870023092
-42.95503795146942
-42.00748829046885
-45.46333853403727
-45.96415364742279
-47.00522383054098
-45.47154148419698
-46.502131938934326
-48.76505263646444
-48.677280724048615
-48.372039437294006
-50.56793487071991
-49.38067654768626
-49.74894320964813
-50.28639849026998
-50.761767427126564
-50.32737455765406
-50.170092145601906
-50.55452422300974
-51.135900934537254
-49.9043695529302
-50.45127381881078
-49.443895975748696
-49.551033775011696
-49.919591744740806
-50.68089131514231
-51.07354368766149
-51.00921563307444
-50.86448093255361
-51.4608268737793
-49.96159676710764
-50.0870506366094
-49.722858468691506
-49.26380733648936
-50.589308659235634
-51.054927825927734
-50.98871544996897
-51.71388550599416
-51.09549836317698
-51.228483279546104
-52.40962223211924
-51.93954567114512
-50.93504782517751
-50.89392423629761
-50.78019744157791
-50.7661908864975
-51.56012888749441
-51.70502575238546
-51.65631306171417
-51.911503513654075
-52.19010889530182
-52.052900314331055
-52.25738290945689
-51.00086466471354
-50.76619803905487
-50.19199991226196
-51.16723690430323
-51.79201316833496
-51.31447943051656
-51.52179900805155
-51.77078773578008
-51.983198285102844
-52.11442391077677
-51.98693843682607
-51.4133371313413
-51.602854788303375
-51.109415451685585
-51.58611671129862
-52.529648184776306
-52.69786298274994
-52.7655344804128
-52.15715233484904
-52.9896959066391
-52.91292858123779
-52.53930495182673
-53.45979988574982
-52.94052529335022
-52.966644287109375
-53.72897181908289
-52.93615333239237
-53.297251423199974
-53.41193687915802
-53.316815535227455
-52.68079980214437
-53.493380427360535
-53.914783358573914
-53.5263196627299
-52.90786818663279
-52.42366178830465
-52.198223213354744
-52.84885718425115
-51.904626866181694
-52.65078888336817
-52.10975042978922
-52.79596596956253
-52.50043239196142
-52.47504506508509
-53.2229696114858
-53.488626738389335
-53.5391459663709
-53.77216760317484
-53.64484786987305
-53.15860068798065
-51.819198628266655
-53.74151738484701
-53.45985730489095
-53.38938254117966
-53.49496189753214
-53.45166691144308
-53.81266705195109
-53.62138716379801
-53.40425578753153
-53.57760457197825
-52.855427185694374
-52.68290491898855
-53.410929799079895
-53.156554679075875
-53.24282459417979
-52.867071986198425
-53.84790629148483
-52.417476654052734
-52.93932352463404
-53.207969069480896
-53.86850825945536
-53.63512412707011
-53.35712822278341
-53.762094378471375
-53.956558068593345
-53.84836985667547
-53.66518942515055
-53.8512312968572
-53.283018887043
-53.920849084854126
-53.54431815942129
-53.33827177683512
-53.847657203674316
-53.578630129496254
-53.970482309659324
-53.620241940021515
-54.008482257525124
-53.748385548591614
-54.30170281728109
-54.298799554506935
-54.250654220581055
-54.25397755702337
-54.39750881989797
-54.3317521015803
-54.27394473552704
-53.73123037815094
-53.91048093636831
-53.95309841632843
-53.54668378829956
-54.486942211786904
-54.32163246472677
-54.49465684096018
-54.556419809659324
-53.50565389792124
-54.49971145391464
-54.47278571128845
-54.46813541650772
-53.80497235059738
-54.0615117152532
-54.61130082607269
-54.24723923206329
-54.21541134516398
-54.301503578821816
-53.86765867471695
-54.11355988184611
-54.32369351387024
-53.89208515485128
-54.11902463436127
-54.286171654860176
-53.615479707717896
-53.97846547762553
-53.86000661055247
-54.48978507518768
-54.04843898614248
-54.04746067523956
-53.285862843195595
