806.0807590484619
781.6113004684448
740.5876502990723
751.2821493148804
707.9958200454712
714.6716017723083
694.9554777145386
699.8645033836365
689.8002634048462
659.4661965370178
657.0876355171204
674.3339354991913
680.7879862785339
646.5269889831543
596.5179369449615
592.8415064811707
614.4409937858582
629.3255751132965
592.2586719989777
624.7426385879517
596.411120891571
597.1572215557098
591.717903137207
585.37828373909
597.0886433124542
559.1958196163177
585.1137619018555
580.9962065219879
546.3950176239014
565.4662563800812
533.181295633316
547.5513789653778
528.2190029621124
540.9107728004456
535.5289521217346
527.2603983879089
549.8053548336029
523.7302305698395
523.3335485458374
532.2753939628601
527.4967153072357
517.9740097522736
517.3269083499908
504.4296455383301
509.24885869026184
516.6274666786194
492.67645478248596
512.4763071537018
489.6740412712097
494.5290343761444
494.2504906654358
501.49089455604553
487.2887513637543
484.7532501220703
496.74775409698486
492.27791929244995
482.2778253555298
461.0561227798462
468.408056974411
470.88336086273193
469.50518798828125
470.7959659099579
458.0813500881195
460.7113780975342
462.73085021972656
469.34204268455505
467.26410579681396
451.8809823989868
447.0704321861267
443.07701873779297
457.9998781681061
448.24170184135437
435.2401211261749
457.9588198661804
440.8926284313202
452.016930103302
438.6891393661499
450.3866455554962
441.2888672351837
445.70172810554504
430.458863735199
438.3362958431244
426.44566655158997
440.8419804573059
428.6042695045471
435.4625370502472
428.4587724208832
427.55516743659973
437.12944769859314
429.42728900909424
432.6882610321045
420.6607573032379
417.23498797416687
429.00062918663025
436.4399583339691
414.73160004615784
396.12795853614807
411.7307982444763
412.86213779449463
409.04863142967224
421.37059450149536
420.03686451911926
420.7977526187897
420.856942653656
401.41658210754395
426.0736839771271
405.12085485458374
418.5582015514374
408.1572754383087
424.2800123691559
416.32795810699463
407.7503590583801
411.77419352531433
406.54834604263306
420.0312638282776
415.62513184547424
403.8342270851135
403.7135100364685
410.59216570854187
404.93631410598755
409.4750897884369
428.92024517059326
401.16785502433777
399.55328464508057
414.56160497665405
397.99202156066895
403.6774480342865
399.87276577949524
392.92311429977417
397.1787931919098
395.65411591529846
392.8320527076721
404.0476174354553
379.8475158214569
388.5839891433716
390.72256660461426
394.1522443294525
391.7497091293335
383.7433805465698
380.5541296005249
377.52705693244934
395.0137836933136
371.3503007888794
372.2556383609772
375.56923270225525
369.5380139350891
384.8099293708801
399.38550567626953
380.8382337093353
381.55141520500183
385.11248755455017
363.00067806243896
359.06468176841736
362.9286346435547
364.77637910842896
380.31966614723206
375.71960520744324
377.25036668777466
372.64611530303955
370.5472664833069
368.2410309314728
371.96621561050415
368.271532535553
375.0312440395355
367.9464910030365
367.43537759780884
364.8479793071747
360.0180079936981
348.02704977989197
369.4207217693329
374.95831418037415
347.4702847003937
370.80248069763184
358.07114338874817
361.93175196647644
361.9205102920532
370.0308747291565
359.36993956565857
356.3186106681824
357.6475055217743
363.35303807258606
365.1008162498474
348.7125098705292
351.61757612228394
359.0601689815521
356.39673829078674
347.1213495731354
349.9780242443085
361.04615783691406
347.9332482814789
349.5144965648651
355.6387915611267
350.3730139732361
355.2631423473358
346.12217020988464
345.94826674461365
353.0602979660034
361.2990753650665
354.6364290714264
339.3612096309662
