857.3296589851379
840.2739033699036
816.2511301040649
811.0946264266968
789.917004108429
761.6902475357056
799.1784515380859
758.5854501724243
771.4422187805176
753.4111371040344
760.2063465118408
743.0481667518616
760.4698610305786
753.2296586036682
720.9060974121094
736.4256520271301
734.7646241188049
728.7821192741394
745.7777581214905
718.4114933013916
722.2520360946655
739.4255270957947
695.6552820205688
692.5041480064392
724.2215452194214
723.5560703277588
710.9993214607239
724.0759272575378
677.3304662704468
693.1958131790161
690.0005989074707
686.5903825759888
692.7745928764343
711.6586718559265
678.1530022621155
686.6388144493103
676.4536156654358
684.982702255249
690.5551881790161
670.0214841365814
671.0014841556549
652.4521572589874
668.592179775238
676.148841381073
674.1924676895142
679.3173818588257
675.8150160312653
657.225597858429
657.247879743576
654.0202298164368
648.4628939628601
658.9174900054932
651.3082866668701
637.5947332382202
653.1802470684052
650.344363451004
629.3542635440826
628.433292388916
647.2183318138123
598.1355695724487
613.6714427471161
636.0367338657379
633.7036230564117
619.2141926288605
628.0621559619904
612.9710743427277
619.0908968448639
615.688618183136
620.0569958686829
592.5245637893677
603.2507328987122
608.5107083320618
597.2563014030457
616.8850708007812
605.4348411560059
586.0880806446075
577.555125951767
601.2717549800873
591.5390033721924
583.7081899642944
599.7887001037598
585.8579285144806
568.0969290733337
567.9676699638367
580.7314429283142
560.1537392139435
563.119083404541
547.7330589294434
573.743311882019
564.7032730579376
566.7472431659698
565.9335312843323
552.3275191783905
557.9791400432587
533.858898639679
561.3655030727386
548.0936789512634
567.2236242294312
545.4011166095734
557.1533403396606
538.36048412323
535.8371109962463
527.054703950882
549.1986267566681
534.4368979930878
541.5858776569366
545.0493206977844
524.7723619937897
526.5024516582489
517.6688325405121
540.4168643951416
528.8310496807098
530.014407157898
520.8913652896881
528.4970631599426
506.6008198261261
518.9629144668579
512.7891802787781
514.0581195354462
510.4796407222748
501.59021615982056
508.7017638683319
518.1768836975098
516.5291121006012
496.31718587875366
514.5523905754089
506.4621322154999
493.5355362892151
499.16475439071655
488.65479612350464
516.7671616077423
512.7622647285461
490.7432897090912
518.342164516449
496.96988797187805
501.3341155052185
493.7946991920471
490.88927030563354
490.26908445358276
498.61850571632385
499.36041593551636
489.59845209121704
492.5585985183716
472.4507887363434
489.42418599128723
483.42379117012024
489.84754180908203
476.57616090774536
495.62060499191284
483.58689618110657
486.35649824142456
490.81738805770874
482.2998251914978
470.6723074913025
472.69181990623474
480.4774651527405
479.0899443626404
475.4193160533905
474.55608439445496
473.6883399486542
480.5871822834015
468.83669114112854
474.93540024757385
466.94490671157837
472.31149673461914
465.62282133102417
471.920939207077
474.54395627975464
460.1462321281433
459.05139780044556
470.2550358772278
463.86424469947815
462.9074935913086
471.7105305194855
445.14850878715515
477.6510503292084
458.559504032135
456.0555922985077
467.5755686759949
453.98595571517944
472.0399236679077
445.989337682724
454.7673931121826
456.10426592826843
461.2144732475281
449.2768223285675
448.5423662662506
459.7079679965973
455.557332277298
446.55589389801025
461.5905656814575
449.6853504180908
461.84517550468445
458.47545337677
455.26980328559875
467.1734471321106
448.9913079738617
438.98690271377563
451.9974284172058
453.9898238182068
