1851.0041605631511
1832.6346028645833
1466.6142444610596
1458.1796811421711
1389.2668902079265
1274.3036613464355
1230.2839520772297
1202.3828201293945
1164.7635294596355
1142.855624516805
1136.8701604207356
1083.9393831888835
1065.119119008382
1043.244758605957
1018.7842178344727
992.232095082601
1003.0262222290039
1023.0245164235433
980.806199391683
993.030413309733
986.0994764963785
994.2221495310465
994.3254458109537
982.4819850921631
976.00204149882
953.2973117828369
949.0263532002767
1008.729902267456
964.0339806874593
940.7008043924967
933.9505818684896
911.1446406046549
919.0877825419108
905.0886599222819
888.4370142618815
891.4120941162109
909.220682144165
877.4900182088217
887.9078699747721
869.3760623931885
858.7106755574545
873.8553447723389
838.344342549642
845.9358151753744
843.9829483032227
861.0986531575521
840.817411740621
834.5453987121582
843.3688793182373
824.6040283838907
816.2811034520468
827.3810577392578
829.1098728179932
801.5791009267172
815.3895317713419
785.3189388910929
837.4972985585531
796.9568017323812
822.4887793858846
809.4107449849447
791.5948321024576
786.1888160705566
779.4986527760824
797.0624183019003
774.5179595947266
811.4957733154297
793.9502474466959
775.4325981140137
773.2984663645426
770.0928688049316
768.8079865773519
757.1501789093018
764.4913721084595
767.4775822957357
755.8217751185099
755.6765960057577
749.3722232182821
761.5373888015747
757.2593536376953
718.8485145568848
738.1680615743002
740.7983798980713
754.5750487645468
733.8659108479818
723.8621603647867
734.006991704305
735.4644082387289
735.7915121714274
745.0607271194458
711.7996660868326
716.3389021555582
727.5753100713094
704.9730097452799
714.9235502878824
720.5085312525431
702.3001387914022
692.2035427093506
690.4768797556559
698.6963221232096
692.4502944946289
681.949179649353
686.3107096354166
660.7990347544352
658.467072168986
677.3365100224813
671.0910110473633
665.7821299235026
690.1299985249838
667.3037687937418
670.9404360453287
658.2623233795166
666.3754539489746
679.013508160909
659.185492515564
639.2781988779703
654.7406698862711
647.892822265625
643.6353975931803
656.1030394236246
647.920457204183
654.7211221059164
639.4992287953695
624.2929255167643
637.9747263590494
643.1688330968221
620.606058438619
633.6564178466797
623.5239677429199
651.570718129476
646.7962706883749
633.2814003626505
606.8911819458008
611.5796257654825
625.4642136891683
609.7733147939047
613.3128776550293
618.1195964813232
613.9584321975708
609.0922145843506
601.8225876490275
621.8450247446696
618.1353464126587
597.8084634145101
597.7168753941854
615.6724224090576
591.0967553456625
603.0462532043457
587.7237421671549
586.9642422993978
598.8797343571981
593.0920368830363
604.0740540822347
604.6359564463297
601.9843114217123
584.5057179133097
595.5028978983561
578.2060616811117
593.8199672698975
576.079072634379
610.7219123840332
576.0150890350342
577.8395306269327
594.4015455245972
583.3384272257487
594.1942539215088
568.0126158396403
565.9632113774618
600.2674872080485
579.9766642252604
589.8590161005656
590.868870417277
589.055580774943
588.6555360158285
596.2510751088461
580.726211865743
565.1112623214722
588.8513809839884
573.6742328008016
572.273764292399
583.7558838526407
580.2211303710938
589.8138332366943
571.5746364593506
555.7395076751709
568.5120102564493
562.0844863255819
560.6969582239786
567.3859577178955
574.8174285888672
563.2888479232788
565.1248757044474
558.7580293019613
569.9131097793579
552.090493520101
547.2313146591187
558.3151378631592
560.5433584849039
558.9720013936361
557.2347819010416
560.1455504099528
