843.7110352516174
799.7624545097351
781.0786304473877
749.2972483634949
776.936375617981
768.9151387214661
755.7643136978149
724.2413692474365
733.8634366989136
740.0483722686768
738.7832608222961
720.3386950492859
714.3093700408936
737.9870762825012
728.117208480835
715.6138072013855
723.6277914047241
687.5649027824402
705.5872006416321
696.693142414093
699.4696345329285
694.6237072944641
679.9673843383789
667.3827126026154
673.2993388175964
669.7871012687683
675.8483381271362
671.1232891082764
658.5453462600708
649.9940180778503
671.4074738025665
655.8040699958801
669.939689874649
682.0431051254272
663.6568832397461
645.7720239162445
650.924135684967
637.853049993515
639.731457233429
635.1977181434631
631.4139478206635
635.1833739280701
638.0970628261566
630.4646105766296
633.1597516536713
605.025869846344
649.9083154201508
628.528342962265
617.5301575660706
619.5960872173309
624.8594875335693
628.8181283473969
598.2009243965149
634.8308124542236
595.4656920433044
584.8770017623901
576.5140421390533
578.5197744369507
595.7465727329254
576.9656028747559
582.7247247695923
586.0344913005829
580.575630903244
591.5514538288116
572.3217437267303
579.1632091999054
578.4470460414886
594.8360776901245
570.1397306919098
582.9198222160339
559.4422097206116
565.4874906539917
544.5545258522034
573.6811401844025
543.8008501529694
552.2856550216675
555.6534430980682
558.6769297122955
545.0257091522217
551.177604675293
551.777845621109
543.2170486450195
555.3174419403076
550.7976038455963
542.9782738685608
521.962306022644
532.5857689380646
523.538759469986
524.0344407558441
525.2449958324432
527.0775096416473
521.4161379337311
545.161616563797
531.1692373752594
519.1408874988556
511.5800757408142
503.20430302619934
509.70968675613403
498.1995418071747
511.54800271987915
518.7713627815247
511.8155868053436
517.1667447090149
493.29498863220215
511.76002311706543
513.4148459434509
488.5220718383789
496.6358208656311
490.8993434906006
517.2379016876221
504.1680247783661
505.68274974823
500.5643630027771
476.1369700431824
483.42290472984314
487.1513934135437
476.5400586128235
471.93371200561523
485.19050693511963
476.4075357913971
473.0663409233093
487.36127829551697
463.06459498405457
479.9427402019501
482.0728964805603
473.10820508003235
461.23296761512756
459.08117413520813
463.8999037742615
457.497145652771
467.29029607772827
461.3542890548706
460.0554928779602
470.401983499527
454.6702070236206
466.8133509159088
461.2934470176697
442.6344835758209
448.2549178600311
471.61882424354553
480.2565803527832
466.7785782814026
456.7768323421478
445.0775935649872
457.1460750102997
459.55425119400024
439.98801612854004
446.90914034843445
444.7654860019684
442.57533383369446
453.3151218891144
452.7013828754425
437.41713786125183
462.90753388404846
455.33942914009094
461.64939308166504
446.6026737689972
443.16743564605713
447.82471227645874
430.96006512641907
444.0753116607666
437.1581361293793
433.9646544456482
437.1764290332794
456.3055281639099
448.9775278568268
443.06984663009644
439.98342275619507
424.02769923210144
450.3618655204773
436.8094024658203
428.67079281806946
411.3283140659332
439.63537406921387
438.80538392066956
418.7002737522125
441.29100275039673
423.6362552642822
430.9963285923004
426.79311084747314
430.7395832538605
434.7670843601227
433.13470458984375
443.66077995300293
430.4045088291168
433.1023495197296
438.4171633720398
416.04022765159607
420.15254497528076
424.4477107524872
432.7184000015259
423.1155924797058
436.03848147392273
442.9845871925354
422.21569442749023
416.35515570640564
420.3700451850891
428.10987758636475
419.5443663597107
424.97473978996277
