242.65271719296774
244.6112563610077
253.56900930404663
232.87495279312134
236.56520128250122
236.76378258069357
226.0129694143931
231.13679162661234
243.1725967725118
232.2285329500834
233.2319761912028
238.01653877894083
238.2486220995585
229.7320438226064
222.85962637265524
222.88420391082764
227.37795416514078
224.1151728630066
222.9339997768402
209.88702591260275
223.14127922058105
223.77260144551596
223.23126117388406
225.33009974161783
223.2516369819641
220.69093068440756
218.60139918327332
210.65906627972922
215.37012481689453
216.68047881126404
218.26428937911987
221.83774598439535
218.03909548123679
217.97262485822043
211.80055991808572
225.3677702744802
221.30412673950195
214.35257260004678
225.51525084177652
212.9211699962616
220.8879512945811
217.18883609771729
216.19407320022583
215.11159213383993
218.93292530377707
213.05339447657266
216.40293685595194
217.1857945919037
213.17568715413412
213.69798946380615
214.42866985003153
218.22352965672812
209.13707359631857
216.22032594680786
214.28483502070108
213.8620723883311
212.54153108596802
226.8324371178945
220.54564134279886
212.33551200230917
215.967338959376
221.652357339859
221.76447240511575
209.2665786743164
218.5769236087799
216.92647663752237
212.103245417277
218.6899560292562
210.12631980578104
222.218442996343
216.69082506497702
219.86862540245056
218.09073177973428
219.69605334599814
216.70184048016867
213.95189174016318
214.20718304316202
212.59123158454895
212.38721505800882
213.52712305386862
213.79908084869385
213.51997590065002
213.75702246030173
210.9549239476522
217.12546634674072
206.16071422894797
216.20866783459982
211.6173247496287
208.7436753908793
209.20797538757324
218.82244078318277
219.40372117360434
212.24714597066244
214.58651113510132
211.646848042806
211.894021431605
208.00361935297647
224.1627804438273
213.5518307685852
207.61684075991312
214.1438321272532
207.48835945129395
207.3316076596578
217.61073279380798
216.80419619878134
208.6560701529185
211.43721508979797
208.74264232317606
218.93966857592264
212.81951133410135
216.46600778897604
218.20147983233133
211.0372302532196
222.12555845578513
205.6223844687144
217.7050219376882
217.7862733999888
212.3812743028005
217.48916856447855
207.0874960422516
212.2060468196869
210.9126148223877
217.1326845486959
213.77903040250143
206.942636013031
213.51723941167197
214.61302463213602
211.48150531450906
221.07321532567343
212.2651345729828
210.0405354499817
218.63107124964395
211.0523924032847
209.68191766738892
209.11603617668152
217.65711879730225
208.43378162384033
211.8239160378774
215.12687420845032
207.2864511013031
214.51191639900208
208.29093114535013
211.70390605926514
214.1148113409678
210.0335981051127
210.56828554471335
214.9111044406891
211.493488073349
211.8205250898997
208.19587906201681
212.7816867828369
214.4723700682322
213.4086856842041
207.73696176211038
215.5906195640564
215.9605847199758
206.12031984329224
216.67942134539285
209.9298902352651
212.6034464041392
211.7049049536387
209.57350381215414
213.82983803749084
211.66500536600748
215.26496728261313
205.7907484372457
211.46737019220987
216.55998611450195
217.01456133524576
208.1506327788035
213.58041135470071
205.85006062189737
211.60500359535217
215.317608833313
207.2440229256948
208.61503386497498
214.15256492296854
213.17916576067606
211.03974302609763
211.2172871430715
206.3725361029307
205.28549917538962
210.43387786547342
213.56308674812317
211.82231601079306
211.94605366388956
208.40046135584512
209.6376682917277
210.10953227678934
213.61832586924234
204.03169949849448
203.433198928833
207.46897069613138
208.8435997168223
209.52694384256998
208.75496904055277
209.0552190144857
214.058739900589
209.3988879521688
216.7753926118215
