957.6697020530701
865.0796451568604
847.7714958190918
890.2476186752319
847.5897755622864
837.490400314331
821.5802478790283
852.4924349784851
841.4969491958618
860.2326703071594
848.455424785614
867.6711130142212
854.328978061676
834.5704660415649
854.9575448036194
853.4758195877075
833.3087391853333
821.959644317627
830.6612644195557
824.9015784263611
824.4566659927368
857.3658418655396
831.5557632446289
841.055582523346
845.1216840744019
812.5927910804749
826.5354490280151
830.2647032737732
823.2565870285034
825.980456829071
845.2192730903625
818.8755574226379
842.0309891700745
838.096483707428
812.5695824623108
846.775378704071
833.3283214569092
812.9684000015259
824.5927748680115
827.4934492111206
828.7635569572449
808.7806949615479
811.9401292800903
838.6123113632202
838.0624766349792
817.6707239151001
826.1087489128113
863.4316720962524
818.1795406341553
826.46977186203
833.027012348175
827.551390171051
848.4840326309204
825.9744129180908
830.5234632492065
837.5538210868835
837.546971321106
831.3848414421082
836.4020128250122
826.8473954200745
826.4824237823486
819.0981345176697
830.9155116081238
843.9186234474182
832.8683395385742
820.0899806022644
813.8618512153625
823.5263872146606
823.8590440750122
812.2939801216125
832.6029715538025
829.403486251831
809.9688472747803
835.5451474189758
832.0634517669678
829.9977235794067
816.4596047401428
818.3647260665894
825.3665566444397
825.1989388465881
810.0663557052612
830.7627215385437
830.8307356834412
818.9463920593262
824.2939639091492
817.8239169120789
822.0756874084473
835.3145117759705
817.834876537323
839.1944608688354
816.1605520248413
816.5969223976135
812.5538682937622
824.4473180770874
810.8658442497253
811.740035533905
813.0137696266174
839.2688412666321
851.5870571136475
820.232213973999
834.9048957824707
794.5104570388794
811.5281763076782
814.4371509552002
814.1634020805359
847.5545597076416
832.8189406394958
813.6805338859558
815.3832244873047
827.4194717407227
826.388783454895
800.2040629386902
810.2453360557556
824.1103096008301
830.905035495758
818.8997330665588
824.0215044021606
825.7100925445557
809.6566591262817
806.7546148300171
813.819221496582
816.6420502662659
801.8570322990417
797.2145028114319
826.0577383041382
834.7951383590698
826.5766282081604
819.7762613296509
806.320339679718
831.9833498001099
828.2914066314697
833.6637988090515
826.9996213912964
823.2547335624695
822.2764258384705
801.6554880142212
819.0120692253113
824.817850112915
807.2179007530212
813.2673721313477
813.3392543792725
815.4285135269165
829.7126927375793
807.4697303771973
815.1990060806274
822.6117420196533
828.4393615722656
825.4264316558838
814.3715543746948
845.6517753601074
813.477216720581
818.4590110778809
800.8666367530823
820.5029006004333
836.1592087745667
823.9372119903564
828.6359901428223
811.8859758377075
817.1391015052795
812.459502696991
817.5712008476257
815.2318043708801
789.13121509552
804.1793446540833
809.3198118209839
812.9243197441101
809.3088521957397
821.984384059906
810.9507813453674
816.4861173629761
820.600811958313
820.6770458221436
814.2906465530396
823.4258971214294
808.6823806762695
821.6473755836487
810.3060169219971
812.581428527832
839.9606676101685
842.9118690490723
831.5769572257996
816.1349258422852
797.5534453392029
824.2853412628174
824.9737830162048
827.6730742454529
809.6795454025269
826.5298886299133
824.8359818458557
819.8500776290894
815.1720905303955
798.9043803215027
818.7105989456177
820.483157157898
808.3031454086304
808.340537071228
824.3635091781616
812.1207213401794
832.4158520698547
812.8238296508789
