5707.685150146484
4690.247051239014
4020.2887058258057
3850.337797164917
3843.1976013183594
4208.5641078948975
3770.5336742401123
3889.258327484131
3553.4886112213135
3681.9405765533447
3960.414016723633
3459.423759460449
3380.9212532043457
3475.6062908172607
3430.44393157959
3379.9310188293457
3230.1058502197266
3067.4727478027344
3089.1154289245605
3328.9126739501953
3163.604133605957
3438.418025970459
3224.5535106658936
3400.301094055176
3309.4593391418457
3164.0492877960205
3071.5925998687744
3238.4983444213867
3101.8356857299805
2998.877742767334
3089.677270889282
2869.0887031555176
2844.6177940368652
2994.632822036743
2869.480348587036
2912.002727508545
2746.137825012207
2689.1780738830566
3059.883529663086
2786.3467559814453
2693.3712587356567
2801.3691787719727
2852.0474529266357
2688.775146484375
2836.744915008545
2759.6961708068848
2624.5469074249268
2585.583505630493
2674.471707344055
2751.3326873779297
2861.2690105438232
2649.5164794921875
2631.3765268325806
2585.8007640838623
2627.303253173828
2604.905002593994
2758.014835357666
2786.194610595703
2695.8792400360107
2496.9800930023193
2692.277391433716
2638.054323196411
2439.0666933059692
2440.9324083328247
2556.284236907959
2547.276391983032
2415.918836593628
2502.4373416900635
2389.9996452331543
2500.8681812286377
2447.9726781845093
2567.0378856658936
2501.5583152770996
2398.1067056655884
2300.4820709228516
2511.8916301727295
2490.9020137786865
2408.9573793411255
2404.3192014694214
2378.642894744873
2412.0689458847046
2359.0902786254883
2264.358501434326
2403.5120573043823
2366.725591659546
2419.0408792495728
2530.7173652648926
2324.387914657593
2215.964503288269
2363.6149921417236
2420.6164865493774
2352.1542863845825
2436.7166595458984
2275.187578201294
2171.4822854995728
2381.6168212890625
2247.2647094726562
2232.271297454834
2308.2382621765137
2293.3847465515137
2328.1817178726196
2200.4980545043945
2285.664496421814
2172.669309616089
2219.6532230377197
2228.369026184082
2223.495538711548
2167.8148403167725
2131.216300010681
2218.641230583191
2309.7651958465576
2394.556915283203
2137.927942276001
2262.5340461730957
2272.2023696899414
2217.458074569702
2236.0428590774536
2206.753744125366
2216.3408374786377
2187.0483379364014
2269.64474773407
2240.752113342285
2240.9568004608154
2158.5207557678223
2127.733717918396
2131.917716026306
2077.766046524048
2065.4469442367554
2093.591100692749
2147.630756378174
2167.7445697784424
2097.1450815200806
2199.695906639099
2072.948968887329
2124.0037384033203
2110.413158416748
2279.600761413574
2190.6253662109375
2158.749457359314
2086.467505455017
2059.7750158309937
2202.8337440490723
2148.764594078064
2120.0864782333374
2130.4952211380005
2144.179280281067
2073.957576751709
2051.3723678588867
2012.0871076583862
2091.2262392044067
2048.764944076538
2229.9452781677246
2045.9048042297363
1960.1267185211182
2020.894778251648
2045.5270195007324
2144.9695014953613
1968.5989923477173
1965.5960550308228
2012.067928314209
1954.6549644470215
2063.602342605591
2001.3507041931152
2025.5998420715332
1988.0637702941895
1981.8728713989258
1969.1529369354248
1906.0280742645264
1885.5877285003662
1887.2593936920166
2000.6483211517334
2041.8320140838623
2170.011278152466
1900.1737003326416
2032.9827613830566
1872.1077117919922
1969.4195137023926
2013.1129608154297
1949.4546222686768
1947.53733253479
1918.8137664794922
1938.168948173523
1905.8374090194702
1815.9188413619995
1996.9328470230103
1844.447229385376
1871.6403160095215
1917.1535444259644
1834.7888984680176
1921.337703704834
2011.2087259292603
1852.4190673828125
1812.7755241394043
1961.7116737365723
1913.194863319397
1848.779182434082
1903.8356657028198
1908.7028675079346
1830.0280694961548
1823.7683506011963
