4311.487560272217
3259.3306579589844
3692.5456256866455
3596.9161262512207
3469.7657775878906
3658.4170303344727
3385.246437072754
3271.055522918701
3089.401023864746
3171.656234741211
3059.3313579559326
3046.225902557373
3420.115774154663
3532.6920776367188
3251.7723846435547
3240.466564178467
3035.1018829345703
3423.8633213043213
3092.2099113464355
3407.8222980499268
3183.026523590088
3331.6893272399902
2925.3212509155273
2939.4072704315186
3317.0163230895996
3079.563148498535
3050.8553771972656
2910.394241333008
3145.0714073181152
3327.6368446350098
2934.7523307800293
3249.023775100708
2909.491683959961
2953.4181842803955
2923.5232276916504
2967.237627029419
2835.5906085968018
2959.3534660339355
2975.4209213256836
2914.7339305877686
2895.079132080078
3072.5057945251465
2823.929244995117
3372.7066917419434
2917.0673637390137
2807.025312423706
2762.9099197387695
2852.493574142456
2858.1484184265137
2821.5229625701904
2885.106840133667
2969.7457695007324
3069.5460510253906
3300.7967224121094
2768.7804107666016
3435.530809402466
3082.9271087646484
3240.7437782287598
3262.691394805908
2882.4285011291504
3315.3610973358154
3010.737991333008
3198.4177055358887
2892.0958576202393
2949.672248840332
2763.737049102783
2831.681568145752
2802.0770416259766
2926.867847442627
2987.4629707336426
3104.3396377563477
3028.030345916748
3262.4838066101074
2857.4353981018066
2946.488800048828
2738.333282470703
3207.316276550293
3094.3502616882324
3009.562732696533
3154.198196411133
2733.77117729187
2776.8492736816406
3048.306941986084
2715.434757232666
2755.297492980957
2936.734088897705
2969.216484069824
2876.1076984405518
2799.0196285247803
2688.933094024658
2966.6225986480713
2602.1560707092285
3022.9766693115234
3480.9832763671875
3111.5839500427246
2875.097801208496
2767.3646850585938
2721.7397651672363
2721.760395050049
3000.5255546569824
3118.0514183044434
2501.7484970092773
2761.4055500030518
2670.0075941085815
2964.6701736450195
3091.046901702881
2827.6419792175293
2971.3001022338867
2857.3299922943115
2737.856861114502
2896.954517364502
2867.511806488037
2973.921709060669
2827.7876777648926
3086.1788940429688
2902.2260971069336
2983.104263305664
3275.973171234131
3015.90545463562
2571.7705097198486
2900.5344467163086
2549.175308227539
3108.303476333618
2633.685139656067
2596.8454875946045
2648.981714248657
2569.3900146484375
2619.671485900879
2545.5965070724487
3308.4339694976807
3082.2198905944824
2754.784969329834
2624.446014404297
2852.2921104431152
2842.255350112915
3352.633815765381
2557.8318004608154
3147.194351196289
2905.087526321411
2887.7387619018555
2638.6954612731934
3175.800262451172
2819.6601486206055
2806.0860080718994
2795.4809589385986
2929.213207244873
3427.1225204467773
2744.865219116211
2990.467842102051
2732.149797439575
2587.9841470718384
2868.9481620788574
2978.289119720459
2716.825984954834
3299.0702590942383
2517.985987663269
2718.2852268218994
3102.0464973449707
2652.7013788223267
2888.484661102295
2863.497360229492
3099.880359649658
2572.286256790161
2864.466320037842
3193.7460041046143
2734.4870986938477
2974.264358520508
2845.609317779541
2630.4831562042236
2767.457197189331
2679.3374586105347
2731.674343109131
2686.7642164230347
2937.2965755462646
3169.9423427581787
2999.330310821533
3057.3853797912598
2777.3792037963867
2625.057819366455
2743.590679168701
2853.449962615967
2857.8015785217285
2525.6580476760864
2903.603464126587
2502.9514770507812
2910.9741344451904
3018.0790061950684
2843.5324687957764
2742.9111824035645
2700.062915802002
2824.1516609191895
2600.9693689346313
2707.6447200775146
2680.1526613235474
2574.208059310913
2752.157238006592
2724.051923751831
3073.1907711029053
2854.9952697753906
2509.925666809082
