-1.013163608809312
-5.495674952864647
-10.249458322922388
-14.976571609576544
-19.34752009312312
-23.418442517518997
-26.241384863853455
-27.405999700228374
-29.007004578908283
-31.31203571955363
-32.94537206490835
-33.959790329138436
-34.836987356344856
-34.5697388847669
-34.549050291379295
-36.29294127225876
-34.28527190287908
-38.28117469946543
-35.71380748351415
-37.19977386792501
-38.02901039520899
-38.293833096822105
-39.57748285929362
-38.850180427233376
-39.70349478721619
-38.59448325634003
-39.158324678738914
-38.67265737056732
-41.92810249328613
-41.49296349287033
-41.493768771489464
-41.878730754057564
-42.256542444229126
-42.237403988838196
-41.37699760993322
-44.60605597496033
-43.009650905927025
-44.518218636512756
-44.844280103842415
-42.825525760650635
-44.18447069327036
-44.1216459274292
-44.6421545346578
-45.91517170270284
-43.91032499074936
-44.89164169629415
-46.434147437413536
-45.38926752408346
-46.451844135920204
-45.335494796435036
-46.276092529296875
-45.34918721516927
-47.58794846137365
-47.45686276753744
-46.591114004453026
-47.90674622853597
-47.45786825815836
-47.48902726173401
-48.54427868127823
-48.823504626750946
-48.473498463630676
-48.86561103661855
-48.9171869357427
-48.354270895322166
-48.29671931266785
-48.97467998663584
-48.47676960627238
-49.48245354493459
-49.751394748687744
-50.22081198294958
-47.181078592936196
-49.10460613171259
-49.73497861623764
-49.72867570320765
-49.826332132021584
-49.829660932223
-49.558609902858734
-48.645240445931755
-49.66346979141235
-48.515948017438255
-49.8487699230512
-50.136090795199074
-50.58547019958496
-49.9674684604009
-51.3726886510849
-50.12059032917023
-51.41254993279775
-50.33732376495997
-49.31785293420156
-50.79145632187525
-50.71159408489863
-51.03135828177134
-51.51701503992081
-50.96120973428091
-50.412744204203285
-51.14927897850672
-50.80902248620987
-51.00854162375132
-51.647221744060516
-50.983032743136086
-51.403653939565025
-51.70411076148351
-50.894744515419006
-51.62188947200775
-51.185705264409386
-51.09079456329346
-50.93704799811045
-51.10337722301483
-51.63459503650665
-51.992590149243675
-51.74772973855337
-51.65476075808207
-51.7407488822937
-52.317583998044334
-51.80444061756134
-50.90183969338735
-51.66289299726486
-52.27585502465566
-51.540648341178894
-51.41360072294871
-51.94149680932363
-51.257556001345314
-51.971809685230255
-51.76458696524302
-52.218413750330605
-51.65367619196574
-51.49912977218628
-51.20946151018143
-51.790981471538544
-51.041360100110374
-51.96963826815287
-52.43852154413859
-52.26247090101242
-51.877958714962006
-51.36785008509954
-52.4383841753006
-52.42216372489929
-51.302502512931824
-52.90948635339737
-52.19868439435959
-52.35003397862116
-51.99861548344294
-51.81042355298996
-52.011300126711525
-52.324671824773155
-52.01941440502802
-52.2725605169932
-51.88671632607778
-51.61051185925802
-51.838992873827614
-52.246955374876656
-52.81364377339681
-52.17336229483286
-52.6236652135849
-51.80694023768107
-51.40813716252645
-52.06731331348419
-52.24397253990173
-52.29733898242315
-51.62034511566162
-52.512809137503304
-52.4423398176829
-52.74990671873093
-52.22438943386078
-52.2161188920339
-52.60004460811615
-52.65446670850118
-51.56678227583567
-52.94103890657425
-52.70571539799372
-52.09867219130198
-52.53051199515661
-52.326431115468345
-53.384211937586464
-53.16330405076345
-53.03925665219625
-52.74591569105784
-53.33078018824259
-52.80159072081248
-52.800448497136436
-52.20940351486206
-52.7719167470932
-52.50243238608042
-52.762505292892456
-52.1415247519811
-52.228294014930725
-52.38920285304388
-52.371554493904114
-52.516067703564964
-52.062148650487266
-52.32064972321192
-52.37900177637736
-52.59146783749262
-52.23150328795115
-51.878634889920555
-52.162992000579834
-52.275586207707725
-52.100305795669556
-52.28205585479736
-52.57899145285288
