258.20192098617554
149.65404534339905
111.78455114364624
106.52389073371887
143.15471559762955
93.74853360652924
90.64683878421783
91.80201148986816
85.97864282131195
89.5346382856369
79.9128931760788
85.15165448188782
76.86505967378616
73.21089598536491
71.95501661300659
67.33226078748703
67.55187636613846
63.05068877339363
67.45573788881302
67.58162751793861
60.702594101428986
74.78785812854767
58.87812876701355
66.22618982195854
61.062957257032394
61.558160066604614
68.4259921014309
60.40682524442673
78.79769590497017
61.54985472559929
59.39509469270706
66.25096985697746
60.57634687423706
66.82730209827423
64.42454528808594
66.89965778589249
52.70024946331978
52.72009363770485
57.41977334022522
55.19195753335953
56.26819172501564
53.61484932899475
56.49153941869736
52.865268379449844
55.586866676807404
55.35725346207619
49.91815161705017
66.9520987868309
52.47104421257973
56.06727197766304
54.78390288352966
50.41913643479347
57.23876827955246
51.543439865112305
58.93512284755707
56.59446722269058
50.639572978019714
52.805065989494324
50.664640098810196
51.84173205494881
52.88934329152107
51.58952468633652
57.14490634202957
49.202965557575226
60.38824525475502
59.40546503663063
50.21653950214386
49.03186243772507
57.88926434516907
49.41138982772827
58.331587970256805
56.70930153131485
48.137363612651825
52.19551742076874
49.4354043006897
53.16830503940582
52.36867043375969
53.564780563116074
52.44245147705078
49.61470699310303
47.71631455421448
51.182059317827225
47.584335684776306
50.605455100536346
54.28324544429779
49.68367809057236
48.50636452436447
47.61077779531479
50.740848779678345
47.573245108127594
47.16601645946503
51.72652503848076
52.43945470452309
45.05460134148598
47.44081798195839
47.76247996091843
46.80951637029648
48.80074328184128
45.878391444683075
45.68719232082367
49.31060257554054
48.034944504499435
47.334586173295975
43.61863860487938
40.82878440618515
49.24532833695412
47.605580031871796
41.221658766269684
47.43348470330238
46.36039838194847
43.179523289203644
46.68596875667572
47.849688559770584
48.35723102092743
44.794421046972275
40.82554587721825
41.74080553650856
43.416384160518646
44.301021337509155
43.11403751373291
43.81110191345215
52.186572432518005
42.5073698759079
40.68600456416607
43.3286517560482
41.633082896471024
40.94475446641445
45.26700955629349
39.06678792834282
45.457755386829376
40.85013200342655
42.23844102025032
42.62304025888443
56.837724566459656
41.651768654584885
37.177733331918716
45.80377432703972
41.243965834379196
44.719899624586105
40.99846217036247
41.155120342969894
38.43714587390423
37.85504421591759
38.88117690384388
39.5402427315712
39.132593527436256
38.147894367575645
39.89129826426506
36.818926483392715
35.28974145650864
37.496307879686356
42.508080035448074
37.00162383913994
37.79912292957306
33.7770160138607
37.9710873067379
36.210042744874954
35.72825741767883
32.53495705127716
32.86473298072815
32.374602019786835
36.0711964815855
42.89532348513603
35.18487960100174
38.65323583781719
36.462637931108475
34.27490332722664
33.88964933156967
33.750266671180725
36.556658521294594
33.33020478487015
34.041144996881485
34.468776881694794
36.27059265971184
32.390739262104034
30.658657625317574
33.02523910999298
34.075980588793755
32.36486880481243
36.550065621733665
33.314792811870575
37.29786865413189
32.796900153160095
37.09723599255085
31.48467642068863
31.850856840610504
31.391650557518005
32.076498702168465
31.169627487659454
31.932850047945976
34.2979910671711
37.203052282333374
33.15427157282829
37.69218096137047
36.31295292079449
30.819408029317856
32.10451474785805
30.842168390750885
36.30757384002209
32.2258789986372
