-2.959528853495916
-14.754520058631897
-25.923770745595295
-34.527700781822205
-40.54864390691122
-44.04805278778076
-46.30271714925766
-47.07690787315369
-48.26409510771433
-48.412532885869346
-49.25117723147074
-48.91140270233154
-49.52867102622986
-49.627793629964195
-50.05200823148092
-49.780709306399025
-49.65969979763031
-50.32179617881775
-50.33039172490438
-50.44168519973755
-50.51918303966522
-50.64943460623423
-50.81212055683136
-50.87922330697378
-50.76740809281667
-50.23969014485677
-50.58024183909098
-51.05981401602427
-50.998466889063515
-51.158074617385864
-50.63676802317301
-50.67747835318247
-50.47614792982737
-50.393253445625305
-49.892137229442596
-50.46543304125468
-50.27338266372681
-50.32624554634094
-50.316803336143494
-50.470809618631996
-50.742472648620605
-51.51653051376343
-51.4648211201032
-52.19840900103251
-52.25753800074259
-52.16898639996847
-52.94862918059031
-52.798362692197166
-51.96238879362742
-52.13257165749868
-52.48150873184204
-51.94359999895096
-52.1641318599383
-52.69149057070414
-51.81405500570933
-52.16182917356491
-52.540124237537384
-52.123114903767906
-52.421538968880974
-53.216333985328674
-52.82292707761129
-52.82837198177973
-52.51443942387899
-52.65411984920502
-53.132372975349426
-52.37759220600128
-53.335681875546776
-52.92120544115702
-53.37722406784693
-53.675310929616295
-53.021662513415016
-53.58893064657847
-52.94835102558136
-52.231997430324554
-52.96387485663096
-52.633758902549744
-52.74008868137995
-52.07875144481659
-51.942679703235626
-52.867393692334495
-53.16977985699972
-52.4402596950531
-52.07446257273356
-51.96875989437103
-52.236061811447144
-52.55355215072632
-52.35608859856924
-52.68698179721832
-52.95622448126475
-53.15068777402242
-52.48606697718302
-52.438859820365906
-52.33982547124227
-51.999394158522286
-52.45478777090708
-52.864698807398476
-52.34147063891093
-51.63813396294912
-51.93993258476257
-51.63262567917506
-52.33189558982849
-52.135332107543945
-52.24646327892939
-52.412945012251534
-52.5343226591746
-52.383906284968056
-51.601556499799095
-52.51498055458069
-53.072083036104836
-52.784456968307495
-52.61839238802592
-53.163938681284584
-52.93627311786016
-53.05121179421743
-52.76209716002146
-53.41491095225016
-53.8123566309611
-53.70498915513357
-53.28402155637741
-53.09573300679525
-53.064902901649475
-53.277744928995766
-52.56100869178772
-53.33332574367523
-53.3224221666654
-52.46088437239329
-52.23672354221344
-52.3461237748464
-52.59696533282598
-52.30905020236969
-52.301748394966125
-52.538851956526436
-52.79173535108566
-52.562968711058296
-52.35774985949198
-51.92717897891998
-52.01049037774404
-52.13195057710012
-52.52493327856064
-52.508254051208496
-52.989573657512665
-53.00530342260996
-53.24030160903931
-53.59656927982966
-53.90832285086314
-53.86076541741689
-54.136380314826965
-53.45185204346975
-53.315484841664635
-53.546276688575745
-54.241305549939476
-53.878412087758385
-53.83068982760111
-54.16546416282654
-54.126258273919426
-53.96809724966685
-54.02566742897034
-54.10269661744436
-53.654411951700844
-53.51021736860275
-53.159404595692955
-53.06678247451782
-53.80514111121496
-53.625858088334404
-53.6656703154246
-53.17810074488322
-53.64679545164108
-53.33885900179545
-52.92953944206238
-53.581758896509804
-53.942898074785866
-53.56768560409546
-53.78038473924001
-53.42590812842051
-53.70609180132548
-53.856096069018044
-52.793576300144196
-53.882217248280845
-53.97910559177399
-53.64623375733694
-53.918113589286804
-54.232691526412964
-54.05028700828552
-53.95928966999054
-52.98949964841207
-53.440134863058724
-53.131087164084114
-52.83762788772583
-53.348939418792725
-53.27468715111414
-52.39598329861959
-53.21450426181158
-52.557932674884796
-53.405345578988396
-53.07811025778452
-52.48291154702505
-52.519011636575065
-52.93992201487223
-53.14065877596537
-53.18374596039454
