-2.971410190065702
-18.276064316431682
-31.402089476585388
-29.766094783941906
-34.67247782150904
-37.43237725893656
-34.91638032595316
-38.47438641389211
-39.169300158818565
-36.95546988646189
-39.30731681982676
-36.62486982345581
-40.488726218541466
-37.834741950035095
-40.281991402308144
-43.097206910451256
-43.23193375269572
-43.086524069309235
-42.76151831944784
-44.98397282759348
-47.97079269091288
-47.067349116007485
-46.228107968966164
-44.64169148604075
-46.456164161364235
-48.28414857387543
-48.605594754219055
-47.20989147822062
-47.661166508992515
-48.79840189218521
-46.559893329938255
-49.773615062236786
-48.10623170932134
-48.667377948760986
-47.89266562461853
-49.51909524202347
-49.31328270832697
-47.1964485446612
-48.37469736735026
-49.70383916298548
-48.914118786652885
-51.513505021731056
-51.47792915503184
-51.45183912913004
-51.9822111527125
-51.5904226899147
-51.91652127106985
-50.649936278661094
-51.621332705020905
-51.01934405167898
-52.73083508014679
-52.627781907717385
-52.12561158339182
-52.48508793115616
-52.672793885072075
-52.01546102762222
-51.54678110281626
-52.63768458366394
-52.38595175743103
-53.56692083676656
-53.40286501248678
-53.78004129727682
-53.88864950338999
-54.01925551891327
-53.482563296953835
-52.31087716420492
-52.16652590036392
-53.08311347166697
-52.45786039034525
-52.133857011795044
-52.53002186616262
-51.75135771433512
-52.65436259905497
-53.07382353146871
-51.57760810852051
-52.34256964921951
-53.39499692122141
-51.1989976366361
-53.1937655210495
-52.878621995449066
-52.23190871874491
-53.31054902076721
-53.20262845357259
-53.27253246307373
-54.111429711182915
-53.41896879673004
-54.21534558137258
-52.779141426086426
-54.06613248586655
-52.747096141179405
-53.09293325742086
-53.22701116402944
-54.36170248190562
-54.32744167248408
-54.75019486745199
-53.77356688181559
-54.48118315140406
-54.49755630890528
-53.669316490491234
-54.528767824172974
-54.14145123958588
-54.53446082274119
-55.02003711462021
-54.86362365881602
-55.13682587941488
-54.326696356137596
-54.29414224624634
-55.36704393227895
-55.25958959261576
-55.00691199302673
-55.3349681297938
-55.53023978074392
-55.2570325533549
-55.404884258906044
-55.17996525764465
-55.420691768328346
-55.41291173299154
-55.004511872927345
-55.19048384825388
-55.133426229159035
-55.26805599530538
-55.64040299256643
-55.44337751468023
-55.61809996763865
-55.390994350115456
-55.5609393119812
-55.190668086210884
-55.55720839897791
-55.42156708240509
-55.32776244481405
-55.6690833568573
-55.48627616961797
-54.71794295310974
-55.67285362879435
-55.62711123625437
-55.23422785600027
-55.394866387049355
-55.26108121871948
-55.48972914616267
-55.56082979838053
-55.785609682401024
-55.49304370085398
-55.72834219535192
-55.67550081014633
-55.55087157090505
-55.45482591787974
-55.575466791788735
-55.446223735809326
-55.61045102278391
-55.68430173397064
-55.692944486935936
-55.27164069811503
-55.806928873062134
-55.58340084552765
-55.039477825164795
-55.06353066364924
-55.27092444896698
-55.23753078778585
-54.53215761979421
-55.03070608774821
-55.20106979211172
-55.001912673314415
-55.275163650512695
-55.26698269446691
-55.21730355421702
-55.04215443134308
-55.274591743946075
-54.96972680091858
-55.08456871906916
-54.972469409306846
-55.16221841176351
-54.92745155096054
-54.65190577507019
-54.638075510660805
-54.37895651658376
-54.58726187547048
-53.792080561319985
-54.7396537065506
-54.790995717048645
-54.359479546546936
-54.088663498560585
-53.31868322690328
-53.25866790612539
-52.19701009988785
-52.884424368540444
-53.27574429909388
-54.23592253526052
-54.18837865193685
-54.44995015859604
-54.58383858203888
-54.33911987145742
-54.27116028467814
-54.967399060726166
-55.0762034257253
-55.2214812040329
-55.35971071322759
-55.31685980161031
-55.40008302529653
-55.41438261667887
-55.57619887590408
