212.81155244509378
204.29683327674866
196.02643314997354
197.34527595837912
187.85716907183328
182.11794726053873
185.02798223495483
185.99157667160034
174.7895474433899
174.2272073427836
165.68694710731506
173.14132825533548
166.18882568677267
174.07372721036276
172.79527791341147
168.19365906715393
167.2052252292633
157.07788467407227
165.4015556971232
161.39265735944113
159.81477880477905
156.24211875597635
148.75353201230368
150.02977283795676
154.40360760688782
148.03303543726602
146.85321990648904
148.59758718808493
148.8210393587748
142.6307852268219
148.09652892748514
140.39105010032654
142.91543825467429
133.61831967035928
140.70150566101074
132.66145527362823
141.44828160603842
131.5110506216685
129.5466095606486
134.04429491360983
137.89811340967813
122.91366529464722
126.47132198015849
129.2086352109909
127.88378794987996
130.0701084136963
124.06404574712117
124.61945021152496
118.51235338052113
119.3848340511322
122.50855958461761
117.68481842676799
123.30430996417999
118.87296760082245
117.74604904651642
110.80891553560893
113.9822705189387
104.24078472455342
109.39947287241618
114.25421261787415
109.25756800174713
111.39294405778249
110.27651091416676
107.9350217183431
107.24004085858662
101.80674223105113
104.40904891490936
99.24817045529683
99.43387949466705
101.02703007062276
97.5904445250829
97.54266798496246
94.01132583618164
102.65797650814056
95.19996285438538
92.37282983462016
97.43426926930745
89.30240265528361
85.54690555731456
90.71840373675029
96.2395312388738
95.80542250474294
91.99851560592651
87.82012248039246
88.7942750453949
96.2686779499054
88.42328361670177
98.92865657806396
88.38959284623463
85.95711994171143
84.49724264939626
84.1035635471344
84.2988048394521
91.21448791027069
91.57012442747752
79.84719101587932
84.77369813124339
88.63175717989604
84.12014945348103
85.73690597216289
85.39979378382365
82.35696089267731
84.49150586128235
77.75815534591675
74.18975257873535
77.12680510679881
81.08177387714386
80.82557598749797
80.29240675767262
77.6014074087143
80.9370470046997
79.96393314997356
78.83702564239502
79.16890104611714
74.910624563694
77.67305254936218
74.13210612535477
77.06569369633992
85.66000684102376
73.42202558120091
67.37293620904286
69.95486640930176
73.6963687936465
72.90625774860382
68.69530665874481
71.22226639588673
72.37643770376842
69.64205133914948
68.1975549062093
71.1190917690595
76.77080162366231
65.5442746480306
64.39720992247264
68.30347909530003
73.17107699314754
60.76245246330897
73.45510292053223
64.75593252976735
69.12083798646927
65.75940257310867
64.47932155927022
71.31383697191875
65.44836924473445
72.82066063086192
72.44479258855183
65.70543038845062
65.31791933377583
66.3652999997139
74.96011281013489
62.541402061780296
63.0711105465889
66.52877185742061
62.76949075857798
66.44488708178203
63.40411603450775
60.48469614982605
66.93063412110011
62.80308083693186
57.16082773605982
62.40287266174952
55.37286778291067
60.44213328758875
53.46937017639478
55.88912425438563
57.29354878266653
61.706333676973976
56.804083079099655
52.81204092502594
56.38172777493795
56.23910218477249
55.58760440349579
54.954878310362496
56.86262967189153
60.02439753214518
54.401635785897575
52.9431581000487
53.93352748950323
52.86371260881424
56.05936578909556
58.46572810411453
56.15152484178543
54.88276300827662
47.69129476944605
50.600861539443336
51.63832960526148
49.80827451745669
50.52668591340383
49.64361683527628
46.558400362730026
52.24112882216772
49.32185614109039
47.37680675586065
44.69499431053797
48.28717413544655
47.832505325476326
44.687279691298805
47.966175039609276
48.787138233582176
47.951677630345024
45.01804213722547
