250.82603979110718
232.55944776535034
233.42918825149536
240.69190295537314
226.3947225411733
228.16258064905801
228.81982469558716
216.57017970085144
230.30193829536438
211.91996065775552
225.64976771672568
227.2938662370046
222.49022205670676
224.1048169930776
228.30979816118875
231.64271879196167
215.17046078046164
225.72646911938986
222.9752266407013
225.62303614616394
218.81542905171713
216.88292161623636
209.93422428766885
219.2141054471334
224.62223569552103
224.2860028743744
216.62312006950378
216.93323747316995
221.46233781178793
221.00627525647482
223.2112189133962
219.28767625490823
228.1696650981903
221.49002742767334
221.2842895189921
226.1438721815745
221.68238170941672
218.63954059282938
224.78595757484436
218.1184867223104
213.8704400062561
220.2590273221334
216.46679139137268
221.2917447090149
214.91382265090942
218.89159949620566
214.75173131624857
217.70052313804626
213.68113978703818
218.27480491002402
217.50436568260193
215.66560077667236
221.42209561665854
216.31136894226074
220.12202350298563
229.50144243240356
214.58427770932516
214.11076124509177
219.68321013450623
216.22947653134665
221.60716652870178
222.39965995152792
217.4168425401052
207.85191822052002
218.6160977681478
216.83734448750815
207.86827063560486
216.82332261403403
213.56808352470398
215.87091898918152
212.47953701019287
224.9078919092814
216.03108008702597
216.47961711883545
212.83999363581339
213.9155305226644
216.37224086125693
209.01882298787436
210.82365282376608
218.2272164026896
216.6041251818339
209.47477491696677
210.28386314709982
215.25974297523499
212.58358502388
215.52773729960123
207.33997813860574
215.57236448923746
215.552116950353
212.20989926656088
217.51110196113586
223.66031877199808
220.31338707605997
210.40595245361328
208.6286457379659
216.67416620254517
222.50480993588766
213.40994946161905
216.59842348098755
215.14313085873923
209.39408715566
214.7274207274119
211.13628323872885
206.55782755215964
210.27134656906128
220.91786042849222
214.63846723238626
213.19741566975912
211.10733230908713
215.46668934822083
212.74429742495218
213.1637570063273
210.33878032366434
211.89794818560281
209.92305207252502
216.63194648424783
212.63743797938028
211.9454243183136
205.9546604156494
214.17128896713257
211.69902300834656
207.12606159845987
215.9981373945872
222.52021551132202
206.8526841799418
220.29240155220032
214.53251568476358
207.25559449195862
212.9137564500173
204.1820604801178
212.86690139770508
211.71635715166727
218.37351322174072
217.1783730983734
207.93111125628153
206.98808566729227
207.16316215197244
209.83229430516562
208.37908856074014
211.57534662882486
219.49542689323425
211.7474791208903
213.50109068552652
213.9486881097158
216.3107987244924
203.3857556184133
213.01519544919333
211.8356269200643
211.54092065493265
213.26792804400125
209.7054680188497
213.81720368067423
218.21542167663574
212.79499499003092
208.3734231789907
211.08090694745383
209.5116637547811
207.84243488311768
213.27166692415872
209.7626121044159
215.19975996017456
215.47761289278665
211.92941689491272
204.5696652730306
216.1554126739502
214.037335395813
208.73209484418234
209.49948978424072
213.68868962923685
212.73403747876486
212.11957081158957
205.79089625676474
214.57932424545288
222.16502340634665
215.57881124814352
212.2309209505717
210.65033841133118
214.07942978541055
205.66897900899252
207.44060476620993
214.73014171918234
206.74779550234476
213.1753310362498
208.55656353632608
213.44237128893533
210.2370331287384
213.4972207546234
207.02078572909036
220.42828623453775
208.99462628364563
220.55508335431418
209.23175024986267
209.09955755869547
211.02358174324036
212.99580319722494
209.33773732185364
213.1214338938395
211.95253817240396
215.04202111562094
212.3803748289744
