241.95618343353271
227.01348598798117
236.57404470443726
227.3983682791392
218.71518683433533
225.55385518074036
220.3655215104421
219.19353993733725
225.32345533370972
218.53133090337118
217.61352888743082
221.53061151504517
224.65007861455283
217.6002984046936
214.86359469095865
215.2968947092692
210.75785144170126
217.3972905476888
209.08209943771362
223.56345319747925
222.15487043062845
225.53840374946594
224.59147985776266
222.30793992678323
220.1425779660543
223.1111443042755
217.33433437347412
218.09667150179544
217.5835146109263
225.17726373672485
219.1738166809082
215.77592651049295
216.5590499242147
220.46541810035706
214.44214264551798
215.33318305015564
217.05579574902853
217.19560480117798
217.56633202234903
223.29918146133423
220.85351792971292
218.69947727521262
216.90259726842245
217.69804668426514
216.77941163380942
212.7282636165619
214.9870944817861
216.93692207336426
217.28239210446677
216.22711118062338
210.7007774511973
215.64576697349548
214.49353488286337
207.70596607526144
214.44599072138467
214.7875096797943
220.8138039112091
221.69150606791177
217.4690229098002
216.52012054125467
211.38823413848877
212.78974302609763
213.54651625951132
212.4782907962799
217.44412032763162
212.783385515213
218.32455142339072
207.41716210047403
209.64271767934164
215.7241141796112
208.0755704243978
211.82385126749674
214.72103667259216
214.0401254494985
215.8312203089396
211.18001572291055
214.944273074468
211.36722540855408
218.3415016333262
210.52079017957053
211.0343471368154
208.7276386419932
212.40383871396384
208.339795033137
217.21851579348245
219.80680576960245
214.25257595380148
209.0535454750061
203.52238702774048
213.62208914756775
204.98900095621744
215.59260400136313
221.81655661265054
210.2033154964447
208.12177435557047
213.14472691218057
214.38778956731161
215.12803403536478
216.6383762359619
211.60246737798056
210.3365344206492
218.68650221824646
221.13300395011902
213.0696190992991
209.7431427637736
212.2573163509369
206.1756587823232
215.86175497372946
204.0166595776876
210.40331824620566
211.04225524266562
207.4873904387156
207.95718065897623
209.13262430826822
214.6808405717214
212.29564754168192
209.69155542055765
209.7367091178894
207.27450426419577
206.9206722577413
214.0901127656301
216.72160601615906
217.43953847885132
215.44140283266702
214.49431204795837
210.20809920628867
213.84624656041464
210.1334814230601
208.51175355911255
208.73538581530252
211.7430613040924
205.2880084514618
214.0060602823893
214.98904299736023
211.75231210390726
213.20685283342996
209.32895588874817
210.81974228223166
213.95079716046652
213.99817689259848
211.32424680391946
214.4112065633138
203.92257070541382
205.26869670550028
217.09584283828735
205.5232264995575
219.6280959447225
206.38249691327414
206.60829091072083
211.1028184890747
208.9884064992269
209.84083406130472
209.48934388160706
205.36930330594382
212.9864900112152
217.6056653658549
215.0920692284902
212.75960087776184
215.93691889444986
213.97177306811014
208.66398564974466
205.03644212086996
209.00134181976318
209.1150999069214
211.01489082972208
206.34500996271768
207.88262915611267
211.23887491226196
210.3354947566986
215.82486287752786
210.26548059781393
223.51575128237405
214.0704972743988
202.93931261698404
210.90146080652872
211.82181644439697
213.49447099367777
207.17332927385965
207.7284586429596
209.9193590482076
208.94953799247742
217.27809397379556
204.34587478637695
206.79898977279663
218.02326122919717
207.80438423156738
213.3597481250763
212.2203337351481
212.48760350545248
215.34062576293945
214.01867516835532
202.18513695398966
208.78695503870645
219.49489108721414
208.089231411616
209.62427059809366
210.63854670524597
207.9980342388153
214.75186840693155
208.51435232162476
