4552.001049041748
3864.849308013916
3070.1475410461426
2773.7976627349854
2859.9664268493652
2665.441620826721
2767.5400390625
2561.039747238159
2670.752848625183
2498.974744796753
2590.9675827026367
2370.826747894287
2401.3478536605835
2206.9068565368652
2449.8775577545166
2165.5158977508545
2209.4208011627197
2254.3239974975586
2147.0724601745605
2110.062289237976
2048.9522247314453
2030.6789836883545
2126.5183277130127
1991.6370916366577
1936.7140579223633
2035.8098611831665
2023.5864944458008
1986.1221437454224
1966.3353462219238
1922.6032180786133
1922.6264266967773
1891.666130065918
1886.0183773040771
1829.8280563354492
1972.9014511108398
1801.4917840957642
1875.5788507461548
1858.605131149292
1778.8651542663574
1802.9552164077759
1804.7398624420166
1777.97806930542
1730.7852783203125
1739.92125415802
1734.3226585388184
1700.8674354553223
1767.73646068573
1688.1578159332275
1685.2641525268555
1601.1873874664307
1684.447982788086
1728.5936756134033
1616.9444274902344
1649.1117334365845
1637.2516460418701
1639.3832931518555
1601.7993535995483
1708.4213571548462
1611.1835327148438
1696.4078350067139
1607.8492279052734
1597.486741065979
1581.2882537841797
1600.154281616211
1562.088279724121
1550.5131425857544
1611.132441520691
1626.2228784561157
1557.3722562789917
1565.5071992874146
1559.1852684020996
1516.6657905578613
1547.4494438171387
1548.971381187439
1504.237253189087
1602.7131929397583
1498.6431703567505
1565.4177494049072
1490.0751609802246
1486.2215633392334
1505.6160707473755
1474.5021781921387
1493.7032804489136
1480.7599630355835
1450.4148559570312
1483.3114604949951
1502.0395259857178
1433.6284170150757
1391.3851861953735
1389.6498584747314
1475.8544025421143
1374.6674060821533
1428.9346351623535
1353.0350399017334
1366.5846824645996
1349.2388191223145
1337.1582498550415
1327.4836406707764
1396.389060974121
1424.4953422546387
1338.560920715332
1315.1888751983643
1284.2243881225586
1298.240942955017
1345.3415441513062
1262.4634881019592
1312.21639919281
1243.8683886528015
1289.8825364112854
1230.3654856681824
1293.3291773796082
1262.921374797821
1245.9939918518066
1242.116379737854
1203.3510570526123
1213.573486328125
1258.8082113265991
1180.5095057487488
1180.5505237579346
1209.3952097892761
1217.3830842971802
1225.9550423622131
1147.260178565979
1239.7661848068237
1194.7942490577698
1143.9166870117188
1231.8713059425354
1128.2939023971558
1204.4749021530151
1178.6556367874146
1191.0008487701416
1181.9595608711243
1166.481104850769
1171.6534838676453
1092.597113609314
1101.264404296875
1175.1529083251953
1168.6643266677856
1108.0946683883667
1107.7597551345825
1134.9738745689392
1091.9994111061096
1147.2593727111816
1128.3071184158325
1054.6083931922913
1177.8621921539307
1072.1923866271973
1079.7880516052246
1066.636743068695
1124.3415069580078
1123.9643669128418
1120.9035692214966
1053.9812769889832
1119.625644683838
1083.7575311660767
1096.1609258651733
1074.6073722839355
1062.6017475128174
1030.459261894226
1106.5497641563416
1109.4569659233093
1112.8459882736206
1006.0301766395569
1018.2413749694824
1023.4445376396179
998.0974225997925
1044.7814774513245
990.5950756072998
1031.693428516388
980.768159866333
1009.1706733703613
1007.5145611763
1016.4245753288269
1023.949405670166
992.7753963470459
1010.8955249786377
975.8706579208374
954.2819690704346
953.0185499191284
1042.2735767364502
1048.646598815918
974.6058688163757
978.0127811431885
960.7408146858215
970.4664344787598
941.4831414222717
922.123366355896
940.6931619644165
978.0885314941406
934.1366467475891
1033.0168838500977
941.4046511650085
984.3625946044922
938.98974609375
935.1370348930359
930.6808190345764
890.3893685340881
923.1600179672241
909.9262704849243
1001.0969753265381
