163.2494503657023
147.89506856600443
138.6442973613739
138.69205578168234
148.58445858955383
137.56027642885843
135.47556523482004
119.97322217623393
129.47373175621033
121.15624396006267
121.31719195842743
115.45003112157185
117.48226869106293
110.9367009003957
112.33832999070485
109.01342988014221
108.45675241947174
100.23663298288982
109.74797821044922
96.3034948905309
93.54826247692108
93.21712712446849
92.98949189980824
91.5185797214508
91.69365894794464
92.85155363877614
90.76071790854137
83.19007555643718
85.83140575885773
81.47633786996205
88.63218593597412
85.24218380451202
79.68529880046844
87.75909066200256
82.30395058790843
78.63556408882141
78.26778843005498
79.04919703801473
75.78840005397797
83.66660141944885
84.98295430342357
72.09838791688283
77.70369935035706
72.87676417827606
78.04956249396007
72.97918279965718
76.2000703016917
78.2766741514206
75.83777415752411
78.44981878995895
70.03211357196172
76.91046124696732
80.67276016871135
71.4032895763715
76.07648360729218
75.39335056145985
76.61285134156545
70.47082726160686
72.99411350488663
73.87863183021545
69.62974786758423
76.0886577765147
66.82333830992381
77.28154651323955
71.49666827917099
74.17721273501714
71.62550348043442
68.4718342423439
72.82372609774272
62.19542423884074
69.88399569193523
62.07336473464966
67.72239901622136
68.97489976882935
72.07777096827824
65.8392098347346
69.29331266880035
65.19534170627594
61.630685885747276
65.46766998370488
59.712133944034576
65.36372566223145
67.79051198561986
63.1173304716746
66.34073255459468
62.8898632923762
64.61904519796371
70.76059933503468
68.92374928792317
62.012767136096954
65.29830525318782
61.0662575562795
67.56688610712688
64.05837891499202
70.26657845576604
68.51882942517598
62.45734532674154
65.07203255097072
65.34027045965195
59.209492882092796
60.71778686841329
58.24739776055018
58.435836831728615
60.31827793518702
60.92068386077881
61.79394121964773
64.67268240451813
61.09629901250204
62.23924984534582
58.57805999120077
57.36451228459676
57.47102953990301
55.44191072384516
62.1091964840889
62.000175416469574
59.46344715356827
63.601165533065796
61.794731756051384
58.49441505471865
63.41297972202301
64.67337652047475
63.94891965389252
62.567797084649406
57.96899346510569
70.75384533405304
62.58405669530233
63.09999509652456
53.283533771832786
61.52164067824682
57.126986384391785
59.52809468905131
53.05701929330826
55.70425945520401
66.06557263930638
56.71710250775019
61.614097793896995
59.22414986292521
56.05761175354322
56.41323061784109
55.3097890218099
52.702567944924034
59.21347184975942
64.51569364468257
60.11152344942093
60.08334080378214
58.936844865481056
56.333731989065804
60.53671453396479
56.30479339758555
57.994190295537315
61.23045802116394
58.13845572868983
58.80374685923258
52.72542674342791
56.6826478044192
53.85578838984171
54.214797258377075
55.05226305127144
57.66178699334463
56.347941060860954
56.14617409308752
55.827270567417145
53.99278446038564
57.92907931407293
56.63881677389145
53.83498850464821
59.70201963186264
55.88637466231982
56.28853551546732
52.679860293865204
55.72119518121084
49.48225200176239
53.33736664056778
60.61030236879984
56.29424339532852
56.40167611837387
55.93496251106262
51.687265664339066
54.744249691565834
49.199525674184166
56.09840484460195
55.75089351336161
55.1776228249073
65.09263853232066
51.40532720088959
57.736962735652924
62.91221042474111
53.194003999233246
49.52224758267403
48.821927626927696
52.55237317085266
55.52685570716858
56.17303196589152
57.810263047615685
54.701822171608605
50.06892136732737
59.76213928063711
50.49071932335695
56.82039999961853
50.72275801499685
