914.9670569101969
797.6277812321981
674.4563674926758
635.2279510498047
553.0197792053223
521.1723546981812
512.6363741556803
500.15421867370605
482.3975238800049
487.26875591278076
463.85576661427814
457.50381787618
461.5060141881307
455.6685291926066
445.7071825663249
429.426526705424
423.40474128723145
411.6292972564697
406.0950457255046
401.29771582285565
406.6994671821594
391.7509748140971
395.1848638852437
389.01468483606976
383.35011704762775
377.0904833475749
374.21457958221436
371.5975136756897
384.9942987759908
364.97305885950726
368.47628450393677
363.2134885787964
365.9938847223918
356.794242699941
352.1335202852885
352.5749767621358
349.48558712005615
361.0856768290202
336.57870356241864
336.96471405029297
346.3554048538208
334.8174715042114
330.1089307467143
338.22150707244873
336.4473735491435
329.4520085652669
337.4945141474406
325.5699308713277
319.2122251192729
325.89716561635333
323.0481735865275
329.99308411280316
312.0926823616028
317.0311350822449
312.1694278717041
310.80627425511676
310.2916137377421
308.7521047592163
308.625653107961
304.01142597198486
293.4829289118449
301.8578685124715
303.58409611384076
294.49896844228107
302.3265053431193
301.7150050799052
300.2596815427144
287.58715041478473
292.29981724421185
298.87509632110596
296.6537906328837
293.87174495061237
294.87822103500366
295.4073994954427
283.61630328496295
283.8934981028239
284.61079931259155
285.72717301050824
278.6376886367798
288.90405718485516
277.58971786499023
278.3369388580322
270.13986444473267
272.5255268414815
270.178585211436
272.77886088689166
271.98363574345905
274.68496386210126
270.9766221046448
281.0526412328084
268.85835965474445
271.4266088803609
275.32843764623004
271.7340672810872
267.7168396313985
268.6762309074402
267.53092098236084
268.16289138793945
272.47808535893756
262.2646972338359
266.55615520477295
259.0966447194417
276.25571425755817
258.7589313189189
258.90723816553754
256.1553457578023
269.9174706141154
265.60018905003864
263.61514488856
264.3973862330119
259.0384740829468
263.11120812098187
260.3880977630615
265.2628075281779
253.6956384976705
255.8282206853231
257.6418743133545
254.29882367451987
249.0367291768392
247.3449683189392
254.43843428293863
244.60833883285522
252.76925818125406
248.0474729537964
253.88163073857626
253.2045259475708
255.05462487538657
253.52302487691244
261.98050848642987
245.65110794703165
247.53926213582358
245.74975220362344
246.26881965001425
241.9626750946045
246.23268381754556
246.32882261276245
252.743821144104
247.20734055836996
243.62446387608847
249.51837396621704
244.1894048055013
245.14665619532266
237.18590021133423
238.7589848836263
241.55540307362875
233.77354907989502
242.40285094579062
248.0024463335673
242.1346697807312
236.6176274617513
241.65158096949258
245.60217746098837
242.05996370315552
238.93644777933756
238.50456619262695
235.23047558466592
235.35301303863525
233.3896048863729
236.30645322799683
243.5800657272339
240.04389492670694
235.45595518747965
234.5333013534546
234.5955204963684
233.3102887471517
237.87225850423178
244.34005896250406
237.81447966893515
229.1272028287252
225.22765064239502
230.48595142364502
243.47568289438883
233.28914165496826
244.22210295995077
231.47453292210898
232.94371922810873
232.78485298156738
226.63263575236002
225.28206888834634
231.41054932276407
227.14171425501505
237.85005458196005
236.13922468821207
231.30070718129477
227.83206256230673
231.5048344930013
230.221968015035
227.11807600657144
231.16156323750815
222.1673043568929
226.9794600804647
222.00824213027954
224.28614203135172
234.96890370051065
223.4602157274882
223.29401858647665
224.08662748336792
219.57050625483194
220.4043197631836
223.64404360453287
