810.6662340164185
593.9769155979156
572.1872868537903
520.5013315677643
624.2020308971405
544.4120910167694
322.1078382730484
493.0602431297302
337.9181452989578
287.98679780960083
356.4370713233948
308.5094213485718
441.2094099521637
266.3746384382248
325.0060749053955
294.4913555383682
383.4374780654907
460.35780930519104
250.18713092803955
295.8839935064316
531.5429122447968
332.1397433280945
408.006822347641
264.7626266479492
359.733500957489
341.058420419693
273.4746825695038
342.7188036441803
281.2007751464844
445.28050780296326
288.637727022171
322.3435709476471
363.4472424983978
364.194149017334
354.53259468078613
449.94668912887573
254.5531313419342
272.16049456596375
279.86045730113983
291.3848457336426
297.936163187027
314.57730650901794
356.0630338191986
309.1472957134247
309.85241866111755
277.1119283437729
390.423433303833
372.51903200149536
318.0235848426819
255.7871367931366
336.08146119117737
372.8427438735962
293.84445559978485
447.68989276885986
318.12973606586456
300.95042276382446
318.54320001602173
293.11437129974365
384.72599959373474
391.82570123672485
399.2822756767273
308.9318302869797
291.8863493204117
369.76993894577026
298.1656504869461
357.4803309440613
314.5525869131088
343.3406414985657
309.27057135105133
231.62029683589935
407.403196811676
295.96401488780975
278.40574836730957
364.600017786026
349.656044960022
339.44376945495605
378.3093001842499
253.99354577064514
245.27278661727905
254.31955432891846
315.69847214221954
292.6509644985199
331.00691294670105
362.1759259700775
328.5113015174866
393.7863862514496
256.1189475059509
363.4737148284912
267.5776789188385
263.3239743709564
373.6137454509735
281.0322709083557
266.5533971786499
331.70903408527374
298.255845785141
320.2188138961792
252.0147693157196
322.01276755332947
337.0363185405731
289.08934819698334
477.6788926124573
309.427148938179
281.26069045066833
304.4752719402313
407.4442551136017
256.73264622688293
336.18033957481384
275.42368268966675
314.7507667541504
279.003732919693
437.8334424495697
256.1170537471771
248.58994686603546
436.8843469619751
306.00833010673523
407.3787794113159
392.1662151813507
274.5625059604645
326.25128173828125
343.7276129722595
270.24243927001953
328.29895877838135
281.53508400917053
326.21848344802856
303.8580274581909
247.32181346416473
263.5329123735428
298.6923974752426
330.9694205522537
349.24320554733276
373.1605327129364
345.2184443473816
540.6833605766296
354.1228578090668
241.97875440120697
345.45681619644165
315.8739470243454
259.4599812030792
327.3572973012924
350.9047975540161
291.9027283191681
279.4081108570099
434.2543189525604
278.29065215587616
418.6880247592926
260.9189410209656
296.4589104652405
243.73297941684723
251.3886604309082
473.8526940345764
381.54428339004517
372.47789311408997
356.37155532836914
252.27933144569397
319.2775754928589
582.0604586601257
233.33519613742828
415.2091898918152
318.66083467006683
369.11272406578064
245.14018321037292
273.67292284965515
407.4923646450043
409.40921115875244
348.76138496398926
443.31966161727905
311.6084568500519
249.05746352672577
225.12152111530304
449.3645396232605
365.0751094818115
335.85056364536285
378.3622045516968
538.6958003044128
278.3364851474762
326.84842014312744
365.7144343852997
279.40790939331055
296.99776542186737
269.04207825660706
294.1385724544525
339.8345687389374
372.9580616950989
257.0358692407608
321.2613482475281
295.6746324300766
283.1601103544235
322.7677729129791
292.35042095184326
247.76142740249634
255.77948117256165
279.4949618577957
260.20378518104553
331.25759422779083
252.8873085975647
271.11961221694946
378.5415072441101
331.5476415157318
325.69203865528107
273.38547444343567
