749.0068182945251
698.3848733901978
673.0490806102753
673.8241114616394
660.5203754901886
624.3356819152832
612.3631777763367
628.2027776241302
608.401515007019
598.561544418335
592.6954855918884
605.4356873035431
580.1390590667725
576.4107315540314
592.0246517658234
551.7157142162323
548.5434668064117
552.3047134876251
546.8277616500854
571.4235782623291
576.1148216724396
540.8028688430786
546.9346582889557
547.250875711441
509.1808042526245
512.7706859111786
571.0759325027466
544.9792516231537
512.1605732440948
526.3261306285858
543.0437092781067
539.4033408164978
507.9473226070404
510.90670347213745
536.1898739337921
513.2301037311554
527.6360476016998
504.1696767807007
518.6134152412415
498.14047265052795
517.8523659706116
520.1127886772156
514.1839537620544
496.38544178009033
510.32249903678894
515.0411012172699
511.12972378730774
479.3673598766327
501.28254079818726
487.6399025917053
486.8790144920349
481.71666836738586
485.6957778930664
496.15279150009155
497.3597605228424
486.63214087486267
492.6036055088043
489.78017234802246
474.48408126831055
479.60347533226013
468.3425006866455
477.22277879714966
480.1513760089874
471.6299047470093
471.91332387924194
460.0430827140808
482.41731882095337
477.2182660102844
466.56575202941895
464.432452917099
441.28032517433167
482.3101804256439
476.4352169036865
466.65246200561523
455.9951934814453
454.5716106891632
457.09538674354553
451.9230077266693
447.0408573150635
474.9195249080658
465.8903651237488
467.236585855484
452.07257437705994
453.73444843292236
453.54515314102173
441.06604838371277
455.6594340801239
450.00031876564026
440.14294171333313
453.26971197128296
467.3867971897125
466.9588077068329
466.38612699508667
450.90110325813293
453.1100721359253
455.4138095378876
445.0823884010315
444.05842900276184
446.3808219432831
432.3967833518982
444.43633460998535
446.7636432647705
456.28308510780334
444.00334882736206
447.9972457885742
436.6691837310791
427.1420862674713
451.9789340496063
443.6403112411499
441.1938166618347
451.35492038726807
438.9526135921478
423.7282032966614
438.4859833717346
430.1271336078644
429.9644718170166
429.1181228160858
449.7701666355133
432.36595940589905
434.1067669391632
417.5070445537567
442.65458965301514
435.90418577194214
444.8335807323456
431.51989245414734
436.62800455093384
433.4917788505554
434.3120584487915
433.736718416214
440.72041726112366
446.75622940063477
417.6198642253876
416.823881149292
423.56828141212463
414.3948333263397
432.5040829181671
426.38176226615906
427.3530993461609
438.9804961681366
423.6218707561493
430.42675042152405
423.38805198669434
425.06777572631836
421.0860068798065
432.43542408943176
411.1006600856781
422.8494186401367
419.1989769935608
418.36854362487793
430.0858335494995
434.8527467250824
430.8007073402405
433.24885392189026
434.6822278499603
409.1402168273926
413.79527735710144
425.98979449272156
406.14372634887695
435.91478276252747
419.1120252609253
423.44828963279724
425.88261580467224
420.23292899131775
422.7960307598114
400.55431747436523
401.8415093421936
421.1812992095947
409.5837593078613
402.3690621852875
426.2474262714386
412.3162920475006
429.8886811733246
425.26964235305786
430.58381152153015
425.02945733070374
405.68845868110657
403.8905563354492
407.47669076919556
413.59300780296326
413.13080978393555
413.22638416290283
398.2354300022125
410.75684213638306
405.8135676383972
414.7325670719147
413.19838070869446
388.7536618709564
417.0695056915283
408.9922618865967
393.76869773864746
424.64760303497314
412.4976496696472
413.21876883506775
414.02837085723877
398.51357078552246
414.37214851379395
398.9414393901825
411.292937040329
398.98455262184143
396.35186529159546
