268.2711418469747
169.711332321167
198.89902941385904
140.3308527469635
178.99955320358276
180.21907393137613
172.5562730630239
122.94923663139343
163.76093212763467
110.86777830123901
144.6690707206726
132.4219547112783
165.00729401906332
125.71561463673909
117.45250761508942
144.45326296488443
132.1225802898407
129.86246033509573
128.63664348920187
134.61733893553415
127.09361656506856
122.2818660736084
105.21639760335286
108.88112429777782
110.61109471321106
160.83863711357117
113.26809962590535
124.74888372421265
122.48107504844666
132.47980991999307
123.59240992863973
124.14939244588216
115.7646295229594
139.45117457707724
124.89274994532268
169.86796617507935
140.20198710759482
141.60491446654
128.08539724349976
109.17382295926411
151.08495577176413
135.96465031305948
115.34451111157735
117.8028248945872
123.3038444519043
130.19893940289816
162.53592236836752
131.91850272814432
164.02519822120667
128.0837108294169
122.343337059021
107.32502683003743
148.21989997227988
102.23024837176006
131.65303325653076
119.76203592618306
133.09357873598734
136.44488620758057
130.12166587511697
112.37582643826802
184.57765992482504
126.89551051457723
134.12228282292685
116.00613903999329
98.75227729479472
125.58867073059082
136.59616621335348
125.23547013600667
111.88416417439778
110.40530172983806
131.9636812210083
113.81897775332133
124.01233696937561
141.50487351417542
108.97433400154114
137.65225172042847
152.28996594746908
109.56011446317036
129.73597685496011
122.94599906603496
128.4867824713389
139.07419355710348
136.66274412473044
122.13077243169148
122.08330647150676
143.37207690874735
121.88563855489095
106.20122194290161
116.88449788093567
142.23170538743338
151.94846645991007
124.92251761754353
107.27242434024811
146.12825485070547
121.91183519363403
129.30058224995932
140.6345159212748
111.86786127090454
108.98725334803264
107.64006114006042
143.37527676423392
119.07537293434143
133.20720704396567
123.59534533818562
99.19257092475891
125.65344373385112
133.08664091428122
155.0923626422882
129.54264322916666
112.4745663801829
151.12005138397217
162.15538795789084
113.20725178718567
119.37557729085286
99.39473529656728
115.49371878306071
135.8533150355021
120.82172679901123
129.85776154200235
104.60912624994914
112.91367157300313
92.54886937141418
121.34869956970215
114.74507252375285
120.88769833246867
131.80478143692017
122.86598896980286
130.57605489095053
111.20938571294148
121.68968836466472
155.6145388285319
117.16203570365906
132.10017855962118
124.82908074061076
123.24394822120667
109.32142321268718
146.72023479143778
150.34733136494955
101.56336164474487
139.7860220273336
123.95947170257568
124.96259832382202
127.03680181503296
131.29806550343832
125.93374752998352
107.2797023455302
106.28423531850179
109.84164837996165
138.09780855973563
118.1069118976593
105.31204827626546
143.0998241106669
103.76204164822896
105.45820903778076
127.22850116093953
113.33941713968913
101.64582856496175
139.18942634264627
118.54083021481831
102.2227548758189
96.79724570115407
147.86173351605734
104.71316520373027
141.18212540944418
175.74753363927206
142.4104595979055
148.56202165285745
157.60795418421426
114.18924693266551
128.7909381786982
96.7864960829417
139.42442027727762
127.28321917851765
115.58386500676473
151.38597710927328
140.04038095474243
107.67378234863281
124.85941886901855
105.05478791395824
125.6131859223048
116.86806114514668
123.1517162322998
131.0502393245697
113.46362360318501
118.07558155059814
107.20855851968129
105.81890281041463
101.3760168949763
123.9603951772054
110.90987054506938
164.0360949834188
111.4535726706187
115.90960057576497
110.94624908765157
112.3868842124939
126.68812958399455
132.9389843940735
128.07194781303406
95.92994546890259
115.35386117299397
