937.4826151529948
773.1734714508057
796.42178662618
704.7920398712158
654.0981426239014
665.9968023300171
661.4585027694702
633.6776158014933
598.260411898295
645.5768102010092
586.8064047495524
632.4871088663737
576.165709177653
650.3453118006388
602.0851252873739
589.6905581156412
594.4215370814005
580.6761439641317
553.6568571726481
569.3264198303223
552.5696970621744
549.6068913141886
532.619337717692
539.2834266026815
543.3237489064535
571.7794065475464
537.9917593002319
530.2934023539225
525.2367213567098
524.9953409830729
531.4202299118042
511.1975574493408
494.353235244751
506.87444496154785
499.59910011291504
496.65071201324463
498.25029373168945
535.9073766072592
492.66415150960285
484.8076426188151
487.30574798583984
475.9379170735677
476.12222385406494
474.5810550053914
478.20031992594403
453.9549674987793
480.05475521087646
470.1298592885335
447.00359503428143
484.19480578104657
438.8451671600342
463.8415295283
464.1227563222249
461.21352163950604
455.96349779764813
438.3326133092244
464.48662694295246
447.5036573410034
478.66699345906574
456.64672406514484
469.1992079416911
447.6233008702596
506.29845746358234
443.53200848897296
451.93580627441406
447.5833044052124
433.48752148946124
453.98152351379395
423.5477294921875
427.6972351074219
414.3390130996704
421.6009060541789
437.60242144266766
434.94945367177326
427.52003224690753
410.53401406606037
420.6973977088928
407.3894187609355
410.80086787541705
406.4310474395752
425.95568402608234
388.6270251274109
424.7559407552083
400.92040157318115
413.0105285644531
404.29112609227496
406.26039759318036
389.1217505137126
404.7355972925822
410.71495962142944
407.52802960077923
391.5952259699504
397.8072980244954
399.07258145014447
389.6946687698364
403.0491902033488
411.39588991800946
385.894802570343
391.09602959950763
411.6825319925944
379.25907850265503
388.53196779886883
397.78749624888104
393.23360856374103
372.10557349522907
386.25873136520386
401.35808149973553
413.27675978342694
373.05136919021606
401.2437349955241
411.1700798670451
373.0619074503581
382.1869424184163
383.3989281654358
397.0853147506714
383.48430665334064
390.1102393468221
374.686236222585
392.92225615183514
377.70492188135785
375.9383242925008
376.8500747680664
391.29133860270184
383.8076853752136
382.2232157389323
392.0795316696167
363.3190568288167
361.6979290644328
370.8494704564412
381.6600201924642
368.404847462972
369.45318365097046
372.1691319147746
360.707053343455
352.3581434885661
394.41249148050946
359.18938970565796
357.3172442118327
366.5663725535075
360.8221762975057
367.72205273310345
371.73672755559284
384.828510761261
361.57569042841595
359.58632310231525
389.74441464742023
357.7844729423523
358.09603055318195
362.61273686091107
357.23273436228436
350.65337626139325
365.67341407140094
352.323792775472
361.06941254933673
351.52318382263184
360.10972754160565
343.8483684857686
346.6780818303426
346.20968135197955
359.94213485717773
352.35512765248615
338.67763662338257
347.10018968582153
344.2194817860921
346.88494873046875
336.2997652689616
337.75236622492474
332.26263840993244
331.33161973953247
328.6497627894084
338.9292736053467
331.42200152079266
357.6848786671956
349.65681107838947
328.98353083928424
358.5288600921631
345.15795580546063
348.89059527715045
340.3024989763896
345.2154523531596
336.8185675938924
349.57772095998126
336.4348158836365
352.3761299451192
332.55635356903076
330.96217981974286
350.57207107543945
340.4442472457886
334.772652943929
345.5572557449341
347.55398925145465
333.70393498738605
329.559996287028
339.36590639750165
357.70384454727173
342.7076425552368
332.6281162897746
351.53093067804974
315.38764492670697
326.3498430252075
