2.4452939815819263
-2.0100338626652956
-4.892977511510253
-11.896334491670132
-14.46395156532526
-19.867654979228973
-23.749303922057152
-26.685717925429344
-30.031483501195908
-36.663658410310745
-40.34743222594261
-43.51021084189415
-51.453194200992584
-51.067421436309814
-56.432364493608475
-59.72154143452644
-63.64189910888672
-70.27649158239365
-72.75336688756943
-71.5697374343872
-74.84623223543167
-75.1841271519661
-82.22717720270157
-80.08755213022232
-88.62134289741516
-84.69197475910187
-87.47206300497055
-85.54447847604752
-91.44262039661407
-96.0546281337738
-98.32396560907364
-95.45154654979706
-99.6701762676239
-99.05842167139053
-89.01654416322708
-101.48627078533173
-96.1523380279541
-96.76395159959793
-99.20301216840744
-95.60187876224518
-99.67261397838593
-95.10706377029419
-93.09100645780563
-107.88581556081772
-94.7441873550415
-103.18070137500763
-102.62814688682556
-101.03426682949066
-106.39638435840607
-107.53189420700073
-101.64941608905792
-106.26922047138214
-111.14933609962463
-109.63464134931564
-111.54801261425018
-104.78997325897217
-101.1642713546753
-112.38764280080795
-114.13398051261902
-111.19016271829605
-108.5608297586441
-107.21164751052856
-110.04142677783966
-107.26546853780746
-112.48391222953796
-113.69635099172592
-102.50144636631012
-104.2956417798996
-111.80407297611237
-108.66035282611847
-112.11343055963516
-108.49119383096695
-116.11791443824768
-108.52079892158508
-115.30715399980545
-110.69795668125153
-112.18112236261368
-120.01420223712921
-105.94915509223938
-124.6339864730835
-107.67783451080322
-119.15463721752167
-119.24670612812042
-124.77286547422409
-119.12661361694336
-115.52806901931763
-115.17435920238495
-120.11497437953949
-119.55988144874573
-121.4443628191948
-119.9465104341507
-116.75113499164581
-118.67084228992462
-119.80024778842926
-112.00172901153564
-121.38728815317154
-118.68888336420059
-121.3844878077507
-122.31288290023804
-123.22879731655121
-118.67499244213104
-121.84691751003265
-122.11641550064087
-122.95103931427002
-125.3400764465332
-127.60335993766785
-123.25758647918701
-121.9502683877945
-125.08188056945801
-128.7356060743332
-130.53677213191986
-125.70105910301208
-134.25436162948608
-130.3742009997368
-126.44541710615158
-130.93738269805908
-130.92575824260712
-128.8526564836502
-126.20518171787262
-133.22663486003876
-133.69616615772247
-132.1273078918457
-134.930433511734
-133.2930977344513
-131.6515715122223
-133.6564576625824
-137.14343166351318
-138.76949554681778
-136.8340740799904
-130.62269639968872
-139.0540932416916
-134.17952793836594
-133.38373625278473
-135.5757418870926
-137.61288237571716
-136.82108974456787
-137.41935634613037
-141.60801833868027
-135.5931886434555
-138.43459236621857
-140.49513286352158
-139.42899703979492
-138.32326352596283
-141.0276215672493
-136.32980036735535
-139.9712768793106
-134.57970535755157
-140.3513280749321
-142.3258637189865
-141.55272662639618
-141.31337767839432
-142.66252970695496
-142.43029242753983
-145.73981720209122
-144.5493984222412
-141.78830820322037
-144.85728532075882
-144.11273592710495
-142.64864885807037
-140.71403324604034
-143.66706800460815
-143.84056854248047
-147.00186640024185
-143.7439767718315
-144.6421926021576
-148.41881096363068
-147.37071621418
-143.7532138824463
-145.46883845329285
-145.23308563232422
-146.78937256336212
-149.12145590782166
-146.57386684417725
-148.21948277950287
-147.62020885944366
-148.02805197238922
-148.1743347644806
-150.88752698898315
-148.0535169839859
-143.3406766653061
-148.69601494073868
-148.77008306980133
-146.97307723760605
-147.78207486867905
-145.55359423160553
-147.243572473526
-150.12611508369446
-148.73339653015137
-142.64492177963257
-148.48244327306747
-148.6614739894867
-149.7250612974167
-148.07450950145721
-148.31122934818268
-152.24478793144226
-150.12899601459503
-149.17393720149994
-148.44201958179474
-150.47814267873764
-148.99936890602112
