-0.020856101560639217
-12.504562214016914
-26.046591967344284
-32.95515996217728
-43.610348373651505
-56.48498177528381
-62.33556818962097
-65.68187016248703
-72.39354264736176
-73.25357103347778
-64.15782245993614
-75.42423158884048
-72.30452591180801
-79.35613816976547
-83.72701400518417
-87.06801748275757
-93.60196876525879
-95.93163454532623
-97.74371993541718
-91.53114354610443
-91.56641983985901
-92.50376999378204
-80.39287540316582
-92.04076611995697
-90.06150615215302
-86.12325346469879
-84.11973223090172
-81.39987659454346
-77.53103822469711
-68.45864936709404
-68.26991313695908
-65.18062847852707
-71.31938353180885
-67.23872119188309
-72.46811947226524
-75.6505760550499
-70.03235787153244
-75.3378238081932
-77.118168592453
-80.75822478532791
-78.14655011892319
-68.91385155916214
-76.63843315839767
-89.30464732646942
-81.83885088562965
-83.05847182869911
-83.80444657802582
-82.83294832706451
-87.11478728055954
-79.25456017255783
-74.49128341674805
-78.45702582597733
-83.85131207108498
-76.41961336135864
-66.32862907648087
-69.41669487953186
-70.41735500097275
-68.03393870592117
-72.85956847667694
-74.24580493569374
-74.21090638637543
-73.65880519151688
-83.25787556171417
-67.7605776488781
-72.2679451406002
-79.95494872331619
-74.11841440200806
-68.34788966178894
-65.83144184947014
-70.74260807037354
-67.49632275104523
-77.61785900592804
-78.9247036576271
-77.19520831108093
-71.54014241695404
-67.68196147680283
-61.461477637290955
-58.372404515743256
-64.80954745411873
-61.05249625444412
-70.69229251146317
-77.20168536901474
-83.89164006710052
-81.63474297523499
-68.04103526473045
-88.24523031711578
-81.90737876296043
-76.3099969625473
-64.84904944896698
-84.30301886796951
-89.61500215530396
-87.67264026403427
-75.89540985226631
-80.68083250522614
-90.96599757671356
-85.368288397789
-89.60029530525208
-91.30451703071594
-83.64457505941391
-87.9720858335495
-89.15451657772064
-89.8788390159607
-86.05917793512344
-95.0220662355423
-100.54596918821335
-104.16162812709808
-109.44843852519989
-100.30513948202133
-97.05960965156555
-111.62656331062317
-107.26517641544342
-110.28703117370605
-105.5927557349205
-109.78582978248596
-101.87386679649353
-109.43747889995575
-103.11911392211914
-112.86356049776077
-112.0643640756607
-117.69655376672745
-117.90489745140076
-109.67690843343735
-104.85369622707367
-107.0753573179245
-103.96989512443542
-101.53005892038345
-99.54043364524841
-100.02166998386383
-103.65134072303772
-92.92210936546326
-96.31409323215485
-88.2843444943428
-89.78415107727051
-82.57919472455978
-71.80835103988647
-80.2348422408104
-83.04137259721756
-77.158511698246
-68.03868317604065
-60.65644884109497
-76.07153445482254
-76.7089958190918
-78.02859815955162
-64.85626184940338
-84.16518747806549
-84.61253762245178
-75.7043064236641
-71.46693050861359
-81.01878786087036
-73.02091068029404
-84.58451402187347
-74.81851083040237
-67.44269815087318
-72.03947019577026
-85.88804459571838
-74.34878814220428
-77.49323356151581
-75.87115865945816
-81.43372249603271
-82.72817713022232
-86.2554035782814
-87.5953084230423
-80.42852944135666
-72.35597974061966
-90.1658542752266
-82.26180881261826
-73.49514615535736
-62.510841608047485
-89.48910748958588
-90.23198473453522
-95.98937404155731
-85.68354886770248
-95.73115801811218
-97.64192032814026
-94.68816030025482
-96.49529975652695
-96.61125218868256
-96.01350939273834
-97.7621740102768
-91.2386081814766
-89.1857031583786
-93.17516791820526
-94.99539244174957
-100.71186447143555
-100.15008294582367
-99.97714650630951
-86.76825964450836
-113.07973104715347
-97.28797882795334
-100.26574325561523
-99.50203466415405
-99.96090853214264
-103.87976026535034
-104.95808464288712
-93.55434274673462
-103.3720012307167
-103.6130827665329
-99.33669340610504
-103.78291666507721
-99.03752988576889
