237.00785223642984
238.59608928362528
238.0133953889211
251.96087185541788
253.32177289326987
244.74807612101236
241.29224030176798
226.60343869527182
240.88533798853555
222.54682381947836
223.26192021369934
234.8523544470469
229.651433467865
239.0105036099752
236.67050870259604
222.49057714144388
234.05728181203207
236.5996135075887
245.20768960316977
228.85797866185507
223.01166025797525
242.585812886556
240.31430538495383
235.1158934434255
223.6966020266215
227.58865086237589
226.8159871896108
230.9460743268331
221.10565630594888
224.64085618654886
226.8394134839376
221.19173955917358
226.20451052983603
223.18126662572226
217.01341724395752
219.9462013244629
212.5482006072998
225.4290943145752
224.23490198453268
219.38429021835327
218.5792737007141
225.32166918118796
227.63497837384543
217.6894322236379
217.13087264696756
212.85630623499551
226.69676566123962
211.00759649276733
216.63769801457724
218.956036567688
224.37105147043863
214.26550205548605
216.28445227940878
217.07023890813193
213.5356024901072
217.67819937070212
218.05463083585104
216.20455733935037
217.23173705736795
212.1164546807607
210.12738784154257
215.2020841439565
212.35146355628967
218.21911446253458
217.02040314674377
225.47997983296713
211.03767784436545
215.36079216003418
213.1310112476349
218.75225655237833
208.95055969556174
214.48332405090332
212.7967823346456
214.53039971987405
216.05661431948343
217.550332625707
214.02818202972412
208.59110355377197
212.35368609428406
212.96214063962302
211.22562654813132
214.6902333100637
214.12984116872153
219.0445696512858
217.06105399131775
213.1571625073751
210.10004925727844
210.25259248415628
212.41951449712118
210.78737624486288
213.8017052014669
219.72855297724405
212.62916986147562
215.81785265604654
207.26251085599264
209.52025691668192
220.4568064212799
220.7071509361267
212.64154823621115
213.4373153845469
210.31914114952087
213.2213229338328
207.70224769910178
217.4006278514862
215.54267048835754
216.49480470021567
216.22672311464945
212.0583111445109
213.45083030064902
218.39941692352295
209.14892919858298
217.0957780679067
213.31485191980997
213.36972498893738
213.70013920466104
213.97112321853638
214.5952647527059
220.46234305699667
218.53971552848816
212.2993246714274
216.75387740135193
218.89734737078348
214.48717506726584
215.70581030845642
213.3986709912618
218.62235260009766
212.41905172665915
209.6327699025472
213.69252316157022
213.2045975526174
210.6811199982961
208.1525604724884
208.3490277926127
212.5706396897634
214.20300769805908
210.378359635671
209.94491314888
211.7600994904836
211.53626855214438
208.49620016415915
215.16559688250223
207.12842297554016
214.01073988278708
213.07133388519287
214.46019252141318
210.35269618034363
218.98171838124594
212.909543911616
210.39319141705832
206.9385608037313
211.25557152430216
213.88175217310587
215.79691497484842
215.16761151949564
216.63789788881937
212.5391936302185
210.56981698671976
210.65437006950378
214.75804003079733
209.099231561025
210.41491071383157
209.84422024091086
213.8608779112498
215.55480813980103
211.0973040262858
210.27005195617676
214.06381471951804
212.60557794570923
208.31703583399454
208.270529905955
208.7017820676168
203.62741859753928
208.02513098716736
220.05985188484192
210.3831960360209
210.66646107037863
213.47233788172403
222.6930104891459
213.8107476234436
217.2546534538269
211.24984526634216
208.66216270128885
219.30806334813437
215.0917035738627
209.28231541315714
209.9317411581675
215.3535763422648
212.8002858956655
212.778857866923
210.08530926704407
211.44951836268106
216.6498548189799
220.14153854052225
210.63480440775552
211.01240730285645
212.83258454004923
217.5000581741333
212.51983936627707
206.76823735237122
205.87026953697205
