4.4738511722534895
-8.48690890520811
-22.37300717830658
-33.42923930287361
-43.394409507513046
-51.318430095911026
-60.15657711029053
-67.38479244709015
-75.61660927534103
-79.98821038007736
-87.15817248821259
-90.66575622558594
-95.11586773395538
-97.92519843578339
-103.98212397098541
-105.96064859628677
-107.75705003738403
-112.85941034555435
-117.728475689888
-121.38343012332916
-121.66703057289124
-124.56375622749329
-128.37806844711304
-128.5760971903801
-131.33118379116058
-134.38883864879608
-135.3206888437271
-137.92664194107056
-137.07417851686478
-140.96949928998947
-140.80067270994186
-140.96562111377716
-142.82114207744598
-144.07160711288452
-145.85636395215988
-146.5728393793106
-145.04248082637787
-145.25076407194138
-146.81969285011292
-147.50231230258942
-146.43656933307648
-147.06058299541473
-149.44663846492767
-148.62194681167603
-151.4712277650833
-150.37858939170837
-151.27112394571304
-152.27740490436554
-152.09007388353348
-152.833202958107
-152.35998487472534
-152.90208339691162
-151.81756401062012
-151.7953828573227
-153.3138349056244
-153.64934247732162
-154.07850044965744
-153.36033272743225
-153.27035903930664
-153.9018570780754
-154.08221745491028
-153.37022459506989
-155.2691811323166
-156.08796989917755
-156.51872950792313
-153.66562074422836
-153.5661278963089
-156.18023020029068
-155.5413082242012
-155.620523750782
-155.23657423257828
-154.4876832962036
-156.25069212913513
-156.66157734394073
-156.02106380462646
-155.0011437535286
-156.17460936307907
-153.22436487674713
-155.15396404266357
-156.4241120815277
-156.64977157115936
-157.31108623743057
-156.25512433052063
-157.017251431942
-157.36643838882446
-157.68056058883667
-156.72939002513885
-156.94356608390808
-155.21503776311874
-156.4175141453743
-156.06705796718597
-156.38830190896988
-158.11588335037231
-157.27521562576294
-157.77524852752686
-157.48032581806183
-157.25909852981567
-156.99318659305573
-157.2600957751274
-157.31656605005264
-156.39053815603256
-155.33368980884552
-157.13620567321777
-156.38350707292557
-158.60618555545807
-157.59608685970306
-158.55618226528168
-154.88752830028534
-157.07377207279205
-156.48417848348618
-158.28970623016357
-154.94272935390472
-158.6167221069336
-157.8174450993538
-156.45408987998962
-159.32251995801926
-158.99027609825134
-157.27697843313217
-157.89437401294708
-156.4689176082611
-158.80277383327484
-158.38070738315582
-158.4353342652321
-158.56752467155457
-157.39307188987732
-158.4160441160202
-157.2831130027771
-155.70605516433716
-156.91542160511017
-158.43089199066162
-157.87634301185608
-158.26800858974457
-158.44362449645996
-158.70673608779907
-156.4961857199669
-157.03335845470428
-158.11665898561478
-157.2206391096115
-158.42805135250092
-158.17980778217316
-157.02737498283386
-156.34976190328598
-155.78938055038452
-156.66972655057907
-158.7668730020523
-158.38945090770721
-157.9397234916687
-158.92228209972382
-159.27258718013763
-157.8942128419876
-158.20455759763718
-159.17493772506714
-158.04942047595978
-159.56807398796082
-158.83835232257843
-158.87865513563156
-159.80682861804962
-156.78131729364395
-157.86461782455444
-157.70856404304504
-158.55652475357056
-158.92872893810272
-157.76734107732773
-159.6365716457367
-159.8872126340866
-158.62544548511505
-160.0392371416092
-157.6726027727127
-158.96413618326187
-159.9213506579399
-158.91670155525208
-159.59509027004242
-159.48642075061798
-159.32585418224335
-159.82288527488708
-158.72788977622986
-158.26039326190948
-159.84603345394135
-160.195472240448
-160.3138120174408
-160.0267060995102
-158.3415629863739
-159.8108981847763
-158.45492660999298
-159.9837338924408
-159.45980739593506
-159.70285320281982
-160.30419212579727
-158.6138814687729
-160.49282258749008
-159.18329846858978
-159.87506437301636
-160.01981604099274
-159.61040151119232
-160.10980987548828
-159.79496240615845
-159.36270189285278
-158.8754921555519
-160.55210328102112
-160.66740095615387
