111.67863190174103
88.47802237669627
81.58408077557881
71.5938514272372
73.33053044478099
69.37957751750946
69.21259804566701
66.75636066993077
60.35288639863332
54.681566615899406
53.934868931770325
54.221484849850334
50.38028428951899
53.6303528547287
49.597919384638466
46.64403483271599
45.81904649734497
44.2330350180467
41.37298003832499
42.46931583682696
43.953245470921196
42.13454165061315
38.07785261670748
42.294385969638824
38.16318000853062
38.74220489462217
33.5083569586277
37.30685261140267
36.54294573267301
34.71598456799984
37.14813860257467
34.09893051286539
35.0729232331117
31.878194242715836
31.926255727807682
31.605440974235535
29.14300053815047
29.34041142463684
32.011289884646736
27.348169565200806
25.354898711045582
28.285465121269226
25.607093398769695
29.958414648969967
30.09129322320223
24.057071525603533
30.43895760178566
26.938364644845326
24.127740280081827
30.650158991416294
26.375157824407022
25.78121392428875
28.434307545423508
22.904187131673098
23.609070462485153
26.810154362736892
29.593226060271263
21.45933247481783
26.49804017196099
19.981832429145772
25.258150295664866
21.367782925566036
24.248102659980457
25.177469797432423
20.51242482289672
23.084244969611365
19.992451859017212
20.270647682249546
19.946765810251236
21.190582965811092
17.95301440358162
19.09346204002698
19.575769059360027
17.61923824250698
21.82171723805368
18.413304211571813
21.450906050701935
22.06542531152566
21.19357960236569
15.901458164056143
17.241534618039925
18.814082264900208
15.231304377317429
19.438163278624415
23.72933380305767
23.048529873291653
22.03250541786353
18.900227405130863
18.98672880232334
16.864266524712246
17.350977569818497
14.782386663059393
15.548749623199305
15.842294365167618
16.39201941092809
17.761388912796974
16.858533091843128
16.358445134634774
23.13473067432642
22.68344882627328
20.73417892927925
16.09984667102496
18.816619977355003
14.585213129719099
18.224377709130447
15.16662790067494
14.053936953345934
15.875808507204056
13.140675524870554
13.434100821614265
12.95556714758277
16.570227166016895
14.474517598748207
16.63763984106481
15.990622475743294
14.845223686968287
15.463486043115457
19.780955619799595
14.983839321881533
17.28221573928992
15.72270299618443
15.80887246504426
17.496842095007498
18.46556991835435
16.061414410670597
15.637577767173449
15.258535171548525
15.598852396011353
15.805341504514217
16.94018056492011
18.599758858482044
18.307150041063625
17.090463392436504
16.5336278428634
12.651070470611254
12.996871143579483
12.572948535283407
16.04750068982442
12.043620268503824
12.477422540386518
16.872602296993136
15.942102751384178
15.260363173981508
12.544110213716825
15.559967513661832
15.276342188318571
11.726404304305712
13.442381928364435
16.35020820548137
15.599088778098425
14.467683096726736
12.423168366154036
14.993828261892
12.041656956076622
10.002764816085497
12.563842043280602
10.955933616807064
14.20187804599603
11.92764699459076
14.185716087619463
16.812998329599697
14.668035690983137
12.479768758018812
15.238246365139881
11.459741661945978
20.245607530077297
18.132943386832874
13.382048065463701
17.250071326891582
13.13919429977735
12.462654148538908
17.240744818001986
11.76693831384182
13.567677872876326
13.867909759283066
15.644655351837477
14.399238104621569
10.900248756011328
14.362132427593073
14.141622979193926
14.091796323657036
12.781433615833521
12.343624617904425
13.746487379074097
12.620184009273848
15.05234611655275
10.907227238019308
12.239109049240747
10.413958922028542
14.627297307054201
12.884836776802937
12.261214757959047
14.892658288280169
13.717270930608114
13.093220820029577
12.519620050986608
14.108276836884519
14.514289299647013
11.487816944718361
14.605011423428854
