798.8316922187805
745.1611180305481
697.8800053596497
687.1647152900696
702.630277633667
673.3772246837616
646.4154586791992
651.8758502006531
643.438107252121
616.6573765277863
644.0742893218994
624.9956769943237
640.6875233650208
638.4902393817902
617.986029624939
593.6423246860504
579.3301420211792
601.2982273101807
598.9650762081146
595.5086843967438
570.5721926689148
594.5677683353424
595.5431749820709
572.1787045001984
558.4935977458954
593.976190328598
574.9647459983826
579.5182688236237
563.5247104167938
563.2264635562897
550.3193290233612
560.1678416728973
555.3021306991577
561.9987437725067
541.8051910400391
556.0294146537781
543.2391290664673
549.8051936626434
557.7601490020752
548.6127300262451
558.3196539878845
531.0313153266907
524.6654250621796
551.0659937858582
542.1822504997253
549.8928706645966
528.373767375946
536.4728901386261
522.9045517444611
514.0617861747742
539.776129245758
512.9959626197815
524.7402486801147
513.4393439292908
528.1171832084656
496.3770205974579
508.99586057662964
514.6496572494507
534.8405103683472
502.2113287448883
486.12336444854736
494.4779028892517
506.5536370277405
493.15412521362305
505.3269245624542
495.1447880268097
507.8678653240204
502.3733055591583
500.5709307193756
498.1887836456299
504.10468459129333
501.1966769695282
502.8962650299072
484.9284026622772
503.2564015388489
500.8234050273895
491.90126276016235
484.5670976638794
490.7153265476227
489.2739746570587
474.2814893722534
481.53265142440796
479.454674243927
478.306129693985
468.7087616920471
465.1466820240021
471.77979373931885
477.1865153312683
476.54187178611755
487.79289412498474
491.17921686172485
482.9582488536835
446.26477885246277
469.167857170105
460.03123664855957
469.6298134326935
455.02627396583557
477.7606062889099
440.79584527015686
473.3263096809387
454.81139278411865
443.2858157157898
465.07028698921204
457.45141339302063
463.60935282707214
460.8224651813507
469.4935030937195
443.88311529159546
446.90055799484253
464.8238162994385
454.3372278213501
463.88201379776
455.7431221008301
459.58434987068176
440.878928899765
439.82019686698914
454.3127701282501
443.4084668159485
439.42770528793335
427.87662291526794
456.6848843097687
441.841965675354
426.73436403274536
451.9077367782593
448.05188274383545
435.41422605514526
455.5863027572632
444.20179057121277
445.3738257884979
452.97231125831604
445.25697684288025
447.588073015213
445.450825214386
438.1737549304962
434.04773807525635
440.9057638645172
426.4153664112091
434.4729070663452
444.53102254867554
446.2256546020508
437.78565526008606
436.82898473739624
429.1080496311188
444.65387511253357
431.617803812027
431.03412318229675
427.82613611221313
424.309627532959
451.3743817806244
431.0454857349396
431.95739102363586
431.5218667984009
441.8932180404663
440.32921504974365
444.050128698349
428.5323066711426
435.33086037635803
439.3641233444214
430.27206659317017
435.454035282135
436.0965030193329
441.388108253479
431.5547456741333
432.07532787323
439.7503695487976
428.35477685928345
425.78260922431946
432.6228256225586
430.75860142707825
433.82955288887024
425.2346682548523
434.3412706851959
430.1958327293396
426.2288513183594
439.72333312034607
449.6599659919739
423.2000057697296
444.8573534488678
429.52358865737915
430.8484139442444
423.00897789001465
424.17541241645813
424.8035762310028
425.16359186172485
416.72395515441895
426.48616075515747
431.39961862564087
415.8570165634155
411.9046211242676
430.65734577178955
419.92916202545166
423.1361014842987
427.83943271636963
408.8696913719177
415.5660626888275
426.8420262336731
412.9581151008606
427.45983481407166
412.2222487926483
399.73186206817627
