23.197575608889263
9.053172598282496
7.070887933174769
6.285416165987651
5.950277782976627
6.273581070204576
5.691797246535619
5.62350457906723
5.586137356857459
5.3621005316575365
5.1031686787803965
5.032960812250773
5.1395794202884035
4.76405385384957
4.729918355743091
4.598095312714577
4.646141439676285
4.583925763765971
4.559333908061187
3.9805796245733895
4.471946003536384
3.938129519422849
4.021193427344163
3.91741980612278
4.077736891806126
3.774902674059073
3.8607161194086075
3.802904432018598
4.114971871177356
3.461373448371887
3.4823838273684182
3.805170769492785
3.5848500033219657
3.6157571797569594
3.667339307566484
3.483795334895452
3.723423220217228
3.2547356113791466
3.517644226551056
3.3312527053058147
4.254358713825543
3.3264827355742455
3.312332014242808
3.2445624694228172
3.6352653006712594
3.2897838267187276
3.132499692340692
3.129355099052191
3.2059449019531407
3.049970972041289
3.3638834779461226
3.124353767683109
2.9071348582704863
2.9360875822603703
2.8559245094656944
2.921462766826153
2.803820189088583
2.9276963050166764
2.6787797237435975
2.7188427671790123
2.920076996088028
2.7055013167361417
2.862953924884399
2.7874548186858497
2.630390619238218
2.7622680763403573
2.7650421435634294
3.048940919339657
2.6719375190635524
2.7143259420990944
2.561117651561896
2.6226321334640184
3.132058821618557
2.8193377082546554
2.551609537253777
2.9383883737027645
2.7614528151849904
2.549260096003612
2.6431283565859
2.6513652205467224
2.5760018763442836
2.656718331078688
2.5585164688527584
2.53288497030735
2.5819206051528454
2.401646200567484
2.3757574881116548
2.387787585457166
2.302314266562462
2.382869410018126
2.463443694015344
2.288957506418228
2.3177546771864095
2.3047390431165695
2.2382292834421
2.2803775928914547
2.2448277361691
2.3416912804047265
2.763766891012589
2.2490010211865106
2.218355767428875
2.1830120558540025
2.3087690820296607
2.233137845993042
2.205545876175165
2.3079052877922854
2.179581083357334
2.4305213019251823
2.1437143882115683
2.202932368963957
2.360836153229078
2.373429703215758
2.1378945087393126
2.0988574599226317
2.152769641329845
2.1789403346677623
2.1561388423045478
2.205469307800134
2.237083981434504
2.315354607999325
2.032373081892729
2.065441098064184
1.9507819438974063
2.3128932416439056
2.1249526577691236
1.933390375226736
2.0333258186777434
2.283570679525534
2.052332146714131
2.160318652788798
2.025989383459091
2.0555109369258084
1.9049323697884877
1.9073802791535854
2.0417634869615235
1.940249680231015
2.1746327988803387
1.8481019400060177
1.9973237179219723
1.9254654260973136
1.874513328075409
1.8947828859090805
1.814360937724511
1.9263425543904305
1.87935937444369
1.7368487839897473
1.8876063463588555
1.8188544834653537
1.7861844561994076
1.8095898466805618
1.8844897039234638
2.0975414738059044
1.8386480659246445
1.8131423170367877
1.834127193937699
1.7974518835544586
1.9971502100427945
2.01533334578077
1.7834880650043488
1.8022256505986054
1.8737316417197387
1.7938658110797405
1.6842602665225666
1.823703692605098
1.768310612688462
1.7096817654867966
1.717407964169979
1.6222859329233568
1.6634837078551452
1.7200479333599408
2.002608018616835
1.771004597345988
1.7520506357153256
1.7138386443257332
1.7765815382202466
1.6472676520546277
1.6982141149540741
1.7368453455468018
1.7263230507572491
1.8333663456141949
1.7654814943671227
1.7521578172842662
1.8039746781190236
1.7274972672263782
1.6829397156834602
1.683423104385535
1.6790181609491508
1.9777580102284749
1.6009176031996806
1.7495127767324448
1.56842552870512
1.6308352189759414
1.6376105174422264
1.6458624005317688
1.5677298462639253
1.5903453845530748
1.576593892648816
1.7473464955886204
1.6901868985344966
1.71799802283446
